5.4645038116662175416077573313176162e-05	-4.1008623695813829454932854611953247e+00	4.9096309930159472712486455018423462e-02	1.6645967278564847571353676528603164e-01
1.8674316011130964746959936922803390e-04	-3.6371044550884325208380335517634807e+00	1.0839212885922769115475368464566026e-02	8.8552906239822220412447483733747411e-02
3.7159082279778750753843250406090243e-04	-3.3431657698165816968255726292558341e+00	5.3081785485579859681143780723281384e-03	6.2636215878478529180811225175631863e-02
5.9884236038025056798529707469862953e-04	-3.1223761833458087340864361540999416e+00	3.2664979801416330473590639380879854e-03	4.9302669489106326489751677753317706e-02
8.6106198543469154875192210193951637e-04	-2.9430540723551717378194547055280975e+00	2.2633333067869547865432662843189771e-03	4.1101320787044905307340838879039792e-02
1.1525964412744454635593774392152399e-03	-2.7906501792794042821527183579531967e+00	1.6875257010416252944000182769265256e-03	3.5518137507122163435479717798831261e-02
1.4689117340508148541966684720790095e-03	-2.6572157759858324453357015342161354e+00	1.3225900579646198279572757738772383e-03	3.1458624526939686937917248304664067e-02
1.8062403721725781582981216638550735e-03	-2.5379106974823043882341468493765003e+00	1.0747841173399033927841680946920373e-03	2.8367183173064285490240002055813895e-02
2.1613725013403623428382419922521696e-03	-2.4295586478066831123733234130003341e+00	8.9773402803469143850170532638154797e-04	2.5930799702473666965309698870628970e-02
2.5315221605982459891913163652916009e-03	-2.3299574428709666000067426833621380e+00	7.6619683802713867015861649441278289e-04	2.3959240689780500645842419388525355e-02
2.9142365275381460519143385637074677e-03	-2.2375144829514754547802927263991055e+00	6.6540130143063307598022944595070670e-04	2.2330012540982515693986308053807461e-02
3.3073315327046904645656212740676820e-03	-2.1510388403509446637711399511934648e+00	5.8619907197204336360633109365125631e-04	2.0960559266161523551742427834398346e-02
3.7088445450629287244701231338402777e-03	-2.0696153972574706634484579105127274e+00	5.2265877844658139175588180655536844e-04	1.9793147170335632698447436421291492e-02
4.1169985956625619592780017178042664e-03	-1.9925249148963828122949543758605962e+00	4.7078680731219862441073141165834965e-04	1.8786148818304570471050365002548841e-02
4.5301746794818826233792245141231911e-03	-1.9191912310842169586865785058334140e+00	4.2780767694546588010392452197875742e-04	1.7908768512548941529291926822567684e-02
4.9468898814590983866707309959263737e-03	-1.8491452071468822618880198975304602e+00	3.9173973394430736775443503236829073e-04	1.7137719003003283726757008715978853e-02
5.3657798072620931761772282060485634e-03	-1.7819994093659025305515492374239986e+00	3.6113482165724492312772360524929119e-04	1.6455054638330659461323732713535413e-02
5.7855842642911426050412315142710283e-03	-1.7174298929266172900877801439905792e+00	3.3491300523764249225803437688146901e-04	1.5846716299088794404773511483813433e-02
6.2051354425351019377878545367788515e-03	-1.6551628165265645249118315341985294e+00	3.1225448757602031160110520113242344e-04	1.5301528947072026549818863974125075e-02
6.6233480495622152093223655012656018e-03	-1.5949644225099308303112773527129277e+00	2.9252706523550445106455603148726185e-04	1.4810495291966244103652037385773182e-02
7.0392109951072549163864407050838429e-03	-1.5366334120195728294186860856200013e+00	2.7523630673644156394560390502021088e-04	1.4366288099217295729837024957073366e-02
7.4517803202554488446078626169204695e-03	-1.4799950569186383126616527239829829e+00	2.5999062886584517239875420993062491e-04	1.3962878743278176191672331570777731e-02
7.8601731377757083030090034040381858e-03	-1.4248965925286248512759992163127760e+00	2.4647636305520095911398596310363250e-04	1.3595261083140267102595449093120345e-02
8.2635624024883034671745668283593148e-03	-1.3712035693423427724177868789723833e+00	2.3443965739597180062695022750433281e-04	1.3259243229791440959355338641931546e-02
8.6611723694287013456579187314189521e-03	-1.3187969326393631211840364133056280e+00	2.2367314200889786594755406449862500e-04	1.2951288455389672631077606592825663e-02
9.0522746268595134251319414523771194e-03	-1.2675706615246831375124406782856093e+00	2.1400596915694344531316819409053045e-04	1.2668392197813296371275494914663194e-02
9.4361846135347697199271442012885769e-03	-1.2174298428131259984923894068123817e+00	2.0529628070113774425910678474243717e-04	1.2407985935200130469064068463693790e-02
9.8122585468792359023885263737327463e-03	-1.1682890864538683001256678273456717e+00	1.9742544579939008273808998879354641e-04	1.2167861309986227152594508044021640e-02
1.0179890702214869197755755835543467e-02	-1.1200712117825360785226025122068917e+00	1.9029360616858693742139722344149038e-04	1.1946109686560272938528479411655130e-02
1.0538510993783168325280302453335716e-02	-1.0727061504249212129437627989538277e+00	1.8381619857162112354313287798659256e-04	1.1741073595410872143193638962234191e-02
1.0887582816757201287875244938610806e-02	-1.0261300239261637109107856068534744e+00	1.7792121563535330249748343377883388e-04	1.1551307420886942244330808542628291e-02
1.1226601116211990911857940684706270e-02	-9.8028436335475711073387464566547296e-01	1.7254703017264190903415514917045751e-04	1.1375545342305357556968393140150997e-02
1.1555090654500179458170076947124438e-02	-9.3511544507459980344309891805379996e-01	1.6764065364843019874470436024798798e-04	1.1212675014681221509681542307202840e-02
1.1872604452942564307477644290514751e-02	-8.9057372218382751307810044723949635e-01	1.6315633208462481106706754471785992e-04	1.1061715827132661142158580239448622e-02
1.2178722387403830325728007524215938e-02	-8.4661333520916816340017637053424365e-01	1.5905440641445770314807089570226972e-04	1.0921800839337952125504352681702371e-02
1.2473049920346465647780479962010570e-02	-8.0319168882386465063023280538792149e-01	1.5530038170163898195559036158022566e-04	1.0792161693911207552186169769407179e-02
1.2755216954467210684480437075384551e-02	-7.6026908384786900600738544711719837e-01	1.5186416253799408711399458449521938e-04	1.0672115952571066340555060994942514e-02
1.3024876795119329799584310174436661e-02	-7.1780839575440616039074085436202069e-01	1.4871942158043204499566078898722022e-04	1.0561056418880538171613944827107243e-02
1.3281705210488215684192845046364424e-02	-6.7577479246847321462910069738808029e-01	1.4584307546634350214797886231099543e-04	1.0458442099050887744023723517227113e-02
1.3525399579978846672224654897918732e-02	-6.3413548549128080307735727856152589e-01	1.4321484788275619988791813089672138e-04	1.0363790521313614111954338080280183e-02
1.3755678122540440513421774215325051e-02	-5.9285950938871605570612514620648523e-01	1.4081690380859866494882031568756542e-04	1.0276671188433406159893508034543463e-02
1.3972279197735613579994881957016918e-02	-5.5191752549387318028460879715958740e-01	1.3863354222704224558469365331977551e-04	1.0196699980587271761945437065693775e-02
1.4174960673290213245561944715322163e-02	-5.1128164633362649071588028392030066e-01	1.3665093715418751425887519366060596e-04	1.0123534359703443254029651515137904e-02
1.4363499353661533307994199954966609e-02	-4.7092527782804140337300029787156364e-01	1.3485691882678392752450455409992764e-04	1.0056869253419288732126667870415642e-02
1.4537690464857921342519309070166239e-02	-4.3082297675315805302840350418864321e-01	1.3324078846556215432051647313510844e-04	9.9964335185824286117154174278710391e-03
1.4697347191349164278381829597562154e-02	-3.9095032132111358558389155269796897e-01	1.3179316127969618469710143726460650e-04	9.9419869018307723428963153786189186e-03
1.4842300261438816483497564361524994e-02	-3.5128379303144118272621671988730348e-01	1.3050583337549751803324511925091196e-04	9.8933174291275846338444170887562414e-03
1.4972397577938727363113756445585792e-02	-3.1180066819533812045815419687190307e-01	1.2937166903459666379728992590286984e-04	9.8502391678803042737804366975887530e-03
1.5087503891402406593519870673847019e-02	-2.7247891773995910986450595766200805e-01	1.2838450547638390591235921728892800e-04	9.8125903149695888352776803188770483e-03
1.5187500513545940026371713245923318e-02	-2.3329711406970295262923038755962471e-01	1.2753907274935516795486394591849828e-04	9.7802315720765254589632787176154681e-03
1.5272285068820073564846933903320992e-02	-1.9423434390186892661015935449394502e-01	1.2683092683187164474186017929971539e-04	9.7530447764523919909431516537496245e-03
1.5341771282400922637474929994108453e-02	-1.5527012610962970738274154041011270e-01	1.2625639438477224814742195326029771e-04	9.7309317609911007211337604832145907e-03
1.5395888803144815408948599002685786e-02	-1.1638433369971696756900473004082843e-01	1.2581252790215245134070795467490964e-04	9.7138134223524134157148249193661902e-03
1.5434583060309641458059513515848273e-02	-7.7557119128493050687265003471263982e-02	1.2549707026513528787248077390179667e-04	9.7016289801175756911897562065807247e-03
1.5457815153084820064525803999017956e-02	-3.8768842220506838868303855742266160e-02	1.2530842792689710028627524666443357e-04	9.6943354136813131874656813129995603e-03
1.5465561772198265022448993381252191e-02	0.0000000000000000000000000000000000e+00	1.2524565215405266592332300148416618e-04	9.6919070669153076613712666375764921e-03
1.5457815153084820064525803999017956e-02	3.8768842220506838868303855742266160e-02	1.2530842792689710028627524666443357e-04	9.6943354136813131874656813129995603e-03
1.5434583060309641458059513515848273e-02	7.7557119128493050687265003471263982e-02	1.2549707026513528787248077390179667e-04	9.7016289801175756911897562065807247e-03
1.5395888803144815408948599002685786e-02	1.1638433369971696756900473004082843e-01	1.2581252790215245134070795467490964e-04	9.7138134223524134157148249193661902e-03
1.5341771282400922637474929994108453e-02	1.5527012610962970738274154041011270e-01	1.2625639438477224814742195326029771e-04	9.7309317609911007211337604832145907e-03
1.5272285068820073564846933903320992e-02	1.9423434390186892661015935449394502e-01	1.2683092683187164474186017929971539e-04	9.7530447764523919909431516537496245e-03
1.5187500513545940026371713245923318e-02	2.3329711406970295262923038755962471e-01	1.2753907274935516795486394591849828e-04	9.7802315720765254589632787176154681e-03
1.5087503891402406593519870673847019e-02	2.7247891773995910986450595766200805e-01	1.2838450547638390591235921728892800e-04	9.8125903149695888352776803188770483e-03
1.4972397577938727363113756445585792e-02	3.1180066819533812045815419687190307e-01	1.2937166903459666379728992590286984e-04	9.8502391678803042737804366975887530e-03
1.4842300261438816483497564361524994e-02	3.5128379303144118272621671988730348e-01	1.3050583337549751803324511925091196e-04	9.8933174291275846338444170887562414e-03
1.4697347191349164278381829597562154e-02	3.9095032132111358558389155269796897e-01	1.3179316127969618469710143726460650e-04	9.9419869018307723428963153786189186e-03
1.4537690464857921342519309070166239e-02	4.3082297675315805302840350418864321e-01	1.3324078846556215432051647313510844e-04	9.9964335185824286117154174278710391e-03
1.4363499353661533307994199954966609e-02	4.7092527782804140337300029787156364e-01	1.3485691882678392752450455409992764e-04	1.0056869253419288732126667870415642e-02
1.4174960673290213245561944715322163e-02	5.1128164633362649071588028392030066e-01	1.3665093715418751425887519366060596e-04	1.0123534359703443254029651515137904e-02
1.3972279197735613579994881957016918e-02	5.5191752549387318028460879715958740e-01	1.3863354222704224558469365331977551e-04	1.0196699980587271761945437065693775e-02
1.3755678122540440513421774215325051e-02	5.9285950938871605570612514620648523e-01	1.4081690380859866494882031568756542e-04	1.0276671188433406159893508034543463e-02
1.3525399579978846672224654897918732e-02	6.3413548549128080307735727856152589e-01	1.4321484788275619988791813089672138e-04	1.0363790521313614111954338080280183e-02
1.3281705210488215684192845046364424e-02	6.7577479246847321462910069738808029e-01	1.4584307546634350214797886231099543e-04	1.0458442099050887744023723517227113e-02
1.3024876795119329799584310174436661e-02	7.1780839575440616039074085436202069e-01	1.4871942158043204499566078898722022e-04	1.0561056418880538171613944827107243e-02
1.2755216954467210684480437075384551e-02	7.6026908384786900600738544711719837e-01	1.5186416253799408711399458449521938e-04	1.0672115952571066340555060994942514e-02
1.2473049920346465647780479962010570e-02	8.0319168882386465063023280538792149e-01	1.5530038170163898195559036158022566e-04	1.0792161693911207552186169769407179e-02
1.2178722387403830325728007524215938e-02	8.4661333520916816340017637053424365e-01	1.5905440641445770314807089570226972e-04	1.0921800839337952125504352681702371e-02
1.1872604452942564307477644290514751e-02	8.9057372218382751307810044723949635e-01	1.6315633208462481106706754471785992e-04	1.1061715827132661142158580239448622e-02
1.1555090654500179458170076947124438e-02	9.3511544507459980344309891805379996e-01	1.6764065364843019874470436024798798e-04	1.1212675014681221509681542307202840e-02
1.1226601116211990911857940684706270e-02	9.8028436335475711073387464566547296e-01	1.7254703017264190903415514917045751e-04	1.1375545342305357556968393140150997e-02
1.0887582816757201287875244938610806e-02	1.0261300239261637109107856068534744e+00	1.7792121563535330249748343377883388e-04	1.1551307420886942244330808542628291e-02
1.0538510993783168325280302453335716e-02	1.0727061504249212129437627989538277e+00	1.8381619857162112354313287798659256e-04	1.1741073595410872143193638962234191e-02
1.0179890702214869197755755835543467e-02	1.1200712117825360785226025122068917e+00	1.9029360616858693742139722344149038e-04	1.1946109686560272938528479411655130e-02
9.8122585468792359023885263737327463e-03	1.1682890864538683001256678273456717e+00	1.9742544579939008273808998879354641e-04	1.2167861309986227152594508044021640e-02
9.4361846135347697199271442012885769e-03	1.2174298428131259984923894068123817e+00	2.0529628070113774425910678474243717e-04	1.2407985935200130469064068463693790e-02
9.0522746268595134251319414523771194e-03	1.2675706615246831375124406782856093e+00	2.1400596915694344531316819409053045e-04	1.2668392197813296371275494914663194e-02
8.6611723694287013456579187314189521e-03	1.3187969326393631211840364133056280e+00	2.2367314200889786594755406449862500e-04	1.2951288455389672631077606592825663e-02
8.2635624024883034671745668283593148e-03	1.3712035693423427724177868789723833e+00	2.3443965739597180062695022750433281e-04	1.3259243229791440959355338641931546e-02
7.8601731377757083030090034040381858e-03	1.4248965925286248512759992163127760e+00	2.4647636305520095911398596310363250e-04	1.3595261083140267102595449093120345e-02
7.4517803202554488446078626169204695e-03	1.4799950569186383126616527239829829e+00	2.5999062886584517239875420993062491e-04	1.3962878743278176191672331570777731e-02
7.0392109951072549163864407050838429e-03	1.5366334120195728294186860856200013e+00	2.7523630673644156394560390502021088e-04	1.4366288099217295729837024957073366e-02
6.6233480495622152093223655012656018e-03	1.5949644225099308303112773527129277e+00	2.9252706523550445106455603148726185e-04	1.4810495291966244103652037385773182e-02
6.2051354425351019377878545367788515e-03	1.6551628165265645249118315341985294e+00	3.1225448757602031160110520113242344e-04	1.5301528947072026549818863974125075e-02
5.7855842642911426050412315142710283e-03	1.7174298929266172900877801439905792e+00	3.3491300523764249225803437688146901e-04	1.5846716299088794404773511483813433e-02
5.3657798072620931761772282060485634e-03	1.7819994093659025305515492374239986e+00	3.6113482165724492312772360524929119e-04	1.6455054638330659461323732713535413e-02
4.9468898814590983866707309959263737e-03	1.8491452071468822618880198975304602e+00	3.9173973394430736775443503236829073e-04	1.7137719003003283726757008715978853e-02
4.5301746794818826233792245141231911e-03	1.9191912310842169586865785058334140e+00	4.2780767694546588010392452197875742e-04	1.7908768512548941529291926822567684e-02
4.1169985956625619592780017178042664e-03	1.9925249148963828122949543758605962e+00	4.7078680731219862441073141165834965e-04	1.8786148818304570471050365002548841e-02
3.7088445450629287244701231338402777e-03	2.0696153972574706634484579105127274e+00	5.2265877844658139175588180655536844e-04	1.9793147170335632698447436421291492e-02
3.3073315327046904645656212740676820e-03	2.1510388403509446637711399511934648e+00	5.8619907197204336360633109365125631e-04	2.0960559266161523551742427834398346e-02
2.9142365275381460519143385637074677e-03	2.2375144829514754547802927263991055e+00	6.6540130143063307598022944595070670e-04	2.2330012540982515693986308053807461e-02
2.5315221605982459891913163652916009e-03	2.3299574428709666000067426833621380e+00	7.6619683802713867015861649441278289e-04	2.3959240689780500645842419388525355e-02
2.1613725013403623428382419922521696e-03	2.4295586478066831123733234130003341e+00	8.9773402803469143850170532638154797e-04	2.5930799702473666965309698870628970e-02
1.8062403721725781582981216638550735e-03	2.5379106974823043882341468493765003e+00	1.0747841173399033927841680946920373e-03	2.8367183173064285490240002055813895e-02
1.4689117340508148541966684720790095e-03	2.6572157759858324453357015342161354e+00	1.3225900579646198279572757738772383e-03	3.1458624526939686937917248304664067e-02
1.1525964412744454635593774392152399e-03	2.7906501792794042821527183579531967e+00	1.6875257010416252944000182769265256e-03	3.5518137507122163435479717798831261e-02
8.6106198543469154875192210193951637e-04	2.9430540723551717378194547055280975e+00	2.2633333067869547865432662843189771e-03	4.1101320787044905307340838879039792e-02
5.9884236038025056798529707469862953e-04	3.1223761833458087340864361540999416e+00	3.2664979801416330473590639380879854e-03	4.9302669489106326489751677753317706e-02
3.7159082279778750753843250406090243e-04	3.3431657698165816968255726292558341e+00	5.3081785485579859681143780723281384e-03	6.2636215878478529180811225175631863e-02
1.8674316011130964746959936922803390e-04	3.6371044550884325208380335517634807e+00	1.0839212885922769115475368464566026e-02	8.8552906239822220412447483733747411e-02
5.4645038116662175416077573313176162e-05	4.1008623695813829454932854611953247e+00	4.9096309930159472712486455018423462e-02	1.6645967278564847571353676528603164e-01
0.0000000000000000000000000000000000e+00	0.0000000000000000000000000000000000e+00	2.1688349569069653260476980852718441e-04	1.1868985967334516805045818564656867e-02