4.9644993313561127986642565405808271e-05	-4.1230588192299269883734371874404865e+00	4.8652043327822706658691798658223280e-02	1.6567794558619058318855705894700478e-01
1.6987626428376214473194853784518715e-04	-3.6615820378485433966844126310178967e+00	1.0725159515408709285163399821584899e-02	8.8081998391300982789208386639530017e-02
3.3841036065783382623331673703916470e-04	-3.3692779248000630826473394055441833e+00	5.2462369511474537780112616607983370e-03	6.2268213372417940136715353337545181e-02
5.4592406654450189639531673751417779e-04	-3.1498362383994374713050019246712953e+00	3.2250635022689328458803900044071255e-03	4.8988207317881534825243115691741164e-02
7.8571101609452566985112101459566151e-04	-2.9716969090999629929591430377884996e+00	2.2325067993050407097939923374308041e-03	4.0819993147348520866304229864720160e-02
1.0526700162948707696080681706785772e-03	-2.8203679566141903617764704840145869e+00	1.6630540193594143921821131235601952e-03	3.5259348951860354547647772056243050e-02
1.3427079120874786119405133470793787e-03	-2.6879326814291708118230592728053268e+00	1.3022944130967709054467094483497155e-03	3.1216093452706558199165502067812183e-02
1.6524219143285705137983250199929008e-03	-2.5695708497900887897085021027209663e+00	1.0574133504780391794826099323553021e-03	2.8136842887309591882032844292125683e-02
1.9789114839032877859209451110932799e-03	-2.4621195215869273969053527814745149e+00	8.8250928796182086743195306231239505e-04	2.5709845578140726120192258700390944e-02
2.3196578615281821384205198425889183e-03	-2.3633859659206881305485983711821941e+00	7.5260316085581891007803490154510106e-04	2.3745643370648749677574725679743040e-02
2.6724423126958504863678009468396072e-03	-2.2717845641721768025427140330974608e+00	6.5308186288842049020919569052167404e-04	2.2122246783243896412125662757329928e-02
3.0352881219303136670999927339130438e-03	-2.1861297233834117056616647355847265e+00	5.7489715810739458384109090539589747e-04	2.0757442538312210425599247543011495e-02
3.4064179629232263343854379275756405e-03	-2.1055105196171359927518243034298219e+00	5.1218390944140128178205183624214120e-04	1.9593738392343751679614854023920173e-02
3.7842216616001257503183311936535901e-03	-2.0292110915787123127916412153975247e+00	4.6099394380307555465648999503588325e-04	1.8589682048212692135359331824254668e-02
4.1672312358170389652242307229129458e-03	-1.9566580547230066274592267568804095e+00	4.1858391496511126310055389064576183e-04	1.7714607941569260006902269452024102e-02
4.5541011815045851381256649347940785e-03	-1.8873845975134287250519185233511137e+00	3.8299548808826394865983731801882272e-04	1.6945327474298648920584145908580145e-02
4.9435926366213933876737898086140526e-03	-1.8210052687798766624547920148398470e+00	3.5279780485536499261670173287964617e-04	1.6263971044939608258618766598337477e-02
5.3345604730341358527755938468681665e-03	-1.7571978386233251455918915593945840e+00	3.2692401014051179878394762349575681e-04	1.5656538983582237946382394933486648e-02
5.7259426403656834451928744147907480e-03	-1.6956899701468767984505620918273499e+00	3.0456436259834178934900820592064374e-04	1.5111903261444655144028163936781550e-02
6.1167512701955795576631515701187792e-03	-1.6362492428044385146558141741987435e+00	2.8509450307675913891127681323753035e-04	1.4621104105371465004483881725256473e-02
6.5060651761655667718645701140490303e-03	-1.5786755608110144110697305161008432e+00	2.6802619793710323657352438799725794e-04	1.4176844435177943015884451474211181e-02
6.8930234752049446424364100423368849e-03	-1.5227952910657906392091262532412586e+00	2.5297281619097516802359654060072412e-04	1.3773119981591194694850444362705818e-02
7.2768201195443688711715596889013922e-03	-1.4684566765171056649415034889746947e+00	2.3962468530635004967273269372414037e-04	1.3404944328882316468978276579981393e-02
7.6566991763286689731731257871123351e-03	-1.4155262044653386838341442333938321e+00	2.2773120556758561517211288932773599e-04	1.3068141564461185751169441712715758e-02
8.0319507266603541077938672241725643e-03	-1.3638856996981870547408719843232249e+00	2.1708767348724256666463333467080832e-04	1.2759187862579198512384691952294950e-02
8.4019072822911965565892132538890544e-03	-1.3134299746890280120307319460029486e+00	2.0752544108069034704538710459558045e-04	1.2475089009867188852448517542814101e-02
8.7659406383151068214733691719321883e-03	-1.2640649128097825708101663451872967e+00	1.9890447422692627878009689438266938e-04	1.2213284685709543861779612833227004e-02
9.1234590957626021621067974742122303e-03	-1.2157058916520507790218970393527159e+00	1.9110766045359224278555506153806195e-04	1.1971572904614666404951645016298466e-02
9.4739050001307084370760292365115048e-03	-1.1682764760494106249662058415195125e+00	1.8403640875076385464215341290399996e-04	1.1748049824870946744757962378611138e-02
9.8167525514456186353926260649574259e-03	-1.1217073268614365911292054026161976e+00	1.7760721488026156372041013116006329e-04	1.1541061391255917024195168057984489e-02
1.0151505849062382033061552964701574e-02	-1.0759352837786163122531519260896809e+00	1.7174895606052311802982191600379528e-04	1.1349164180024413498400261258624893e-02
1.0477697140508067632761725732418336e-02	-1.0309025895445066305821625734829959e+00	1.6640074224558814195921405671361146e-04	1.1171093464268228630511453274362517e-02
1.0794885248608666142965919575410845e-02	-9.8655622990635392917856291530082561e-01	1.6151019616207743345825784368640039e-04	1.1005736992262031954809180168345064e-02
1.1102654155158668030688554404784382e-02	-9.4284736888886028698871966031681469e-01	1.5703206654501534539259126109897583e-04	1.0852113321685312212608542113027601e-02
1.1400611722688220860541876493216035e-02	-8.9973086305890948151324621338316688e-01	1.5292710245253417426516456974105370e-04	1.0709353813806094201816800394339888e-02
1.1688388538603631351901472704168341e-02	-8.5716484161542085310059076814489775e-01	1.4916113373915712556627631329473539e-04	1.0576687588340242102932973378694480e-02
1.1965636868236925586247487201285669e-02	-8.1511034161921252846680707067509404e-01	1.4570431551237804037709017988043681e-04	1.0453428889045181073893483483128209e-02
1.2232029705228267352133402283049693e-02	-7.7353098963553789889152879243030068e-01	1.4253050392847763885619406705446820e-04	1.0338966424492677707452123153395252e-02
1.2487259909251237718199012337273229e-02	-7.3239272261764898450842783013864037e-01	1.3961673787323552655725867115672608e-04	1.0232754336769717446071527082507985e-02
1.2731039422430682639093521458361295e-02	-6.9166354210386811925069346415806825e-01	1.3694280654110600603234654928912013e-04	1.0134304519537255280737620028359143e-02
1.2963098556940171875719770591741236e-02	-6.5131329680160020830100118104000338e-01	1.3449088711713802728297453703992304e-04	1.0043180060674292942910943003358735e-02
1.3183185347236475712551201221233503e-02	-6.1131348944154990982239002070034506e-01	1.3224524000143047714374540617744639e-04	9.9589896271596358847761934438503520e-03
1.3391064961220417517091982192933202e-02	-5.7163710444404124459911547573938983e-01	1.3019195153148758475755583328844981e-04	9.8813826435164703459190837240708051e-03
1.3586519165330185385652224563019189e-02	-5.3225845347759398309979405192545400e-01	1.2831871612681824690409525545597539e-04	9.8100451420373711066063453920810692e-03
1.3769345839193614184487813682820919e-02	-4.9315303643174449550538911066777538e-01	1.2661465133124995792055288821351284e-04	9.7446961846141426411978712287176636e-03
1.3939358536005621404560743707904503e-02	-4.5429741569023567420529691839107484e-01	1.2507014045805153282394285740952738e-04	9.6850847734590358828621849557298420e-03
1.4096386085268726498900109171385031e-02	-4.1566910189186530571143390609976862e-01	1.2367669852371347783562933931378187e-04	9.6309871821984182126781297638111983e-03
1.4240272234949054151284334552362826e-02	-3.7724644961611228686054631930327752e-01	1.2242685794326500781375479452493003e-04	9.5822046504255315670882972335128844e-03
1.4370875330466307612610164678524621e-02	-3.3900856163839663309213417567616991e-01	1.2131407109546609644583087297114286e-04	9.5385613943440671757702198431929366e-03
1.4488068028261362757126071693133723e-02	-3.0093520057284158583700331799346303e-01	1.2033262738254335477714449903733024e-04	9.4999028940331856194796271750951611e-03
1.4591737041975681045384478862910544e-02	-2.6300670686459152106172835591372028e-01	1.1947758283147680449432823866579865e-04	9.4660944244441647564560932974675943e-03
1.4681782919538029246277578761155890e-02	-2.2520392221382979816493999284489143e-01	1.1874470063180299401339120608416861e-04	9.4370198027586893154885364984177216e-03
1.4758119849690613493776209974937438e-02	-1.8750811761343936907868507556534905e-01	1.1813040129389270008756811022387684e-04	9.4125803294066272269544515435811509e-03
1.4820675496702643667681252469035086e-02	-1.4990092526481311159440471152030013e-01	1.1763172135390111260415944102807710e-04	9.3926939040244999543870340484655288e-03
1.4869390862217987237564282105589819e-02	-1.1236427370410340660668528791291268e-01	1.1724627975683947353828036669694782e-04	9.3772943010711064710583152588183581e-03
1.4904220173367979932073366311212284e-02	-7.4880325526160023908275677247084288e-02	1.1697225122537214948309111828659800e-04	9.3663305928161021365678063086118989e-03
1.4925130796453329811740523898596815e-02	-3.7431417137091176158339442025464161e-02	1.1680834607546702038276853653294204e-04	9.3597667100743117934544725806838778e-03
1.4932103175662812138264426329691306e-02	0.0000000000000000000000000000000000e+00	1.1675379607630489110025412425908848e-04	9.3575811334524516145551286596411416e-03
1.4925130796453329811740523898596815e-02	3.7431417137091176158339442025464161e-02	1.1680834607546702038276853653294204e-04	9.3597667100743117934544725806838778e-03
1.4904220173367979932073366311212284e-02	7.4880325526160023908275677247084288e-02	1.1697225122537214948309111828659800e-04	9.3663305928161021365678063086118989e-03
1.4869390862217987237564282105589819e-02	1.1236427370410340660668528791291268e-01	1.1724627975683947353828036669694782e-04	9.3772943010711064710583152588183581e-03
1.4820675496702643667681252469035086e-02	1.4990092526481311159440471152030013e-01	1.1763172135390111260415944102807710e-04	9.3926939040244999543870340484655288e-03
1.4758119849690613493776209974937438e-02	1.8750811761343936907868507556534905e-01	1.1813040129389270008756811022387684e-04	9.4125803294066272269544515435811509e-03
1.4681782919538029246277578761155890e-02	2.2520392221382979816493999284489143e-01	1.1874470063180299401339120608416861e-04	9.4370198027586893154885364984177216e-03
1.4591737041975681045384478862910544e-02	2.6300670686459152106172835591372028e-01	1.1947758283147680449432823866579865e-04	9.4660944244441647564560932974675943e-03
1.4488068028261362757126071693133723e-02	3.0093520057284158583700331799346303e-01	1.2033262738254335477714449903733024e-04	9.4999028940331856194796271750951611e-03
1.4370875330466307612610164678524621e-02	3.3900856163839663309213417567616991e-01	1.2131407109546609644583087297114286e-04	9.5385613943440671757702198431929366e-03
1.4240272234949054151284334552362826e-02	3.7724644961611228686054631930327752e-01	1.2242685794326500781375479452493003e-04	9.5822046504255315670882972335128844e-03
1.4096386085268726498900109171385031e-02	4.1566910189186530571143390609976862e-01	1.2367669852371347783562933931378187e-04	9.6309871821984182126781297638111983e-03
1.3939358536005621404560743707904503e-02	4.5429741569023567420529691839107484e-01	1.2507014045805153282394285740952738e-04	9.6850847734590358828621849557298420e-03
1.3769345839193614184487813682820919e-02	4.9315303643174449550538911066777538e-01	1.2661465133124995792055288821351284e-04	9.7446961846141426411978712287176636e-03
1.3586519165330185385652224563019189e-02	5.3225845347759398309979405192545400e-01	1.2831871612681824690409525545597539e-04	9.8100451420373711066063453920810692e-03
1.3391064961220417517091982192933202e-02	5.7163710444404124459911547573938983e-01	1.3019195153148758475755583328844981e-04	9.8813826435164703459190837240708051e-03
1.3183185347236475712551201221233503e-02	6.1131348944154990982239002070034506e-01	1.3224524000143047714374540617744639e-04	9.9589896271596358847761934438503520e-03
1.2963098556940171875719770591741236e-02	6.5131329680160020830100118104000338e-01	1.3449088711713802728297453703992304e-04	1.0043180060674292942910943003358735e-02
1.2731039422430682639093521458361295e-02	6.9166354210386811925069346415806825e-01	1.3694280654110600603234654928912013e-04	1.0134304519537255280737620028359143e-02
1.2487259909251237718199012337273229e-02	7.3239272261764898450842783013864037e-01	1.3961673787323552655725867115672608e-04	1.0232754336769717446071527082507985e-02
1.2232029705228267352133402283049693e-02	7.7353098963553789889152879243030068e-01	1.4253050392847763885619406705446820e-04	1.0338966424492677707452123153395252e-02
1.1965636868236925586247487201285669e-02	8.1511034161921252846680707067509404e-01	1.4570431551237804037709017988043681e-04	1.0453428889045181073893483483128209e-02
1.1688388538603631351901472704168341e-02	8.5716484161542085310059076814489775e-01	1.4916113373915712556627631329473539e-04	1.0576687588340242102932973378694480e-02
1.1400611722688220860541876493216035e-02	8.9973086305890948151324621338316688e-01	1.5292710245253417426516456974105370e-04	1.0709353813806094201816800394339888e-02
1.1102654155158668030688554404784382e-02	9.4284736888886028698871966031681469e-01	1.5703206654501534539259126109897583e-04	1.0852113321685312212608542113027601e-02
1.0794885248608666142965919575410845e-02	9.8655622990635392917856291530082561e-01	1.6151019616207743345825784368640039e-04	1.1005736992262031954809180168345064e-02
1.0477697140508067632761725732418336e-02	1.0309025895445066305821625734829959e+00	1.6640074224558814195921405671361146e-04	1.1171093464268228630511453274362517e-02
1.0151505849062382033061552964701574e-02	1.0759352837786163122531519260896809e+00	1.7174895606052311802982191600379528e-04	1.1349164180024413498400261258624893e-02
9.8167525514456186353926260649574259e-03	1.1217073268614365911292054026161976e+00	1.7760721488026156372041013116006329e-04	1.1541061391255917024195168057984489e-02
9.4739050001307084370760292365115048e-03	1.1682764760494106249662058415195125e+00	1.8403640875076385464215341290399996e-04	1.1748049824870946744757962378611138e-02
9.1234590957626021621067974742122303e-03	1.2157058916520507790218970393527159e+00	1.9110766045359224278555506153806195e-04	1.1971572904614666404951645016298466e-02
8.7659406383151068214733691719321883e-03	1.2640649128097825708101663451872967e+00	1.9890447422692627878009689438266938e-04	1.2213284685709543861779612833227004e-02
8.4019072822911965565892132538890544e-03	1.3134299746890280120307319460029486e+00	2.0752544108069034704538710459558045e-04	1.2475089009867188852448517542814101e-02
8.0319507266603541077938672241725643e-03	1.3638856996981870547408719843232249e+00	2.1708767348724256666463333467080832e-04	1.2759187862579198512384691952294950e-02
7.6566991763286689731731257871123351e-03	1.4155262044653386838341442333938321e+00	2.2773120556758561517211288932773599e-04	1.3068141564461185751169441712715758e-02
7.2768201195443688711715596889013922e-03	1.4684566765171056649415034889746947e+00	2.3962468530635004967273269372414037e-04	1.3404944328882316468978276579981393e-02
6.8930234752049446424364100423368849e-03	1.5227952910657906392091262532412586e+00	2.5297281619097516802359654060072412e-04	1.3773119981591194694850444362705818e-02
6.5060651761655667718645701140490303e-03	1.5786755608110144110697305161008432e+00	2.6802619793710323657352438799725794e-04	1.4176844435177943015884451474211181e-02
6.1167512701955795576631515701187792e-03	1.6362492428044385146558141741987435e+00	2.8509450307675913891127681323753035e-04	1.4621104105371465004483881725256473e-02
5.7259426403656834451928744147907480e-03	1.6956899701468767984505620918273499e+00	3.0456436259834178934900820592064374e-04	1.5111903261444655144028163936781550e-02
5.3345604730341358527755938468681665e-03	1.7571978386233251455918915593945840e+00	3.2692401014051179878394762349575681e-04	1.5656538983582237946382394933486648e-02
4.9435926366213933876737898086140526e-03	1.8210052687798766624547920148398470e+00	3.5279780485536499261670173287964617e-04	1.6263971044939608258618766598337477e-02
4.5541011815045851381256649347940785e-03	1.8873845975134287250519185233511137e+00	3.8299548808826394865983731801882272e-04	1.6945327474298648920584145908580145e-02
4.1672312358170389652242307229129458e-03	1.9566580547230066274592267568804095e+00	4.1858391496511126310055389064576183e-04	1.7714607941569260006902269452024102e-02
3.7842216616001257503183311936535901e-03	2.0292110915787123127916412153975247e+00	4.6099394380307555465648999503588325e-04	1.8589682048212692135359331824254668e-02
3.4064179629232263343854379275756405e-03	2.1055105196171359927518243034298219e+00	5.1218390944140128178205183624214120e-04	1.9593738392343751679614854023920173e-02
3.0352881219303136670999927339130438e-03	2.1861297233834117056616647355847265e+00	5.7489715810739458384109090539589747e-04	2.0757442538312210425599247543011495e-02
2.6724423126958504863678009468396072e-03	2.2717845641721768025427140330974608e+00	6.5308186288842049020919569052167404e-04	2.2122246783243896412125662757329928e-02
2.3196578615281821384205198425889183e-03	2.3633859659206881305485983711821941e+00	7.5260316085581891007803490154510106e-04	2.3745643370648749677574725679743040e-02
1.9789114839032877859209451110932799e-03	2.4621195215869273969053527814745149e+00	8.8250928796182086743195306231239505e-04	2.5709845578140726120192258700390944e-02
1.6524219143285705137983250199929008e-03	2.5695708497900887897085021027209663e+00	1.0574133504780391794826099323553021e-03	2.8136842887309591882032844292125683e-02
1.3427079120874786119405133470793787e-03	2.6879326814291708118230592728053268e+00	1.3022944130967709054467094483497155e-03	3.1216093452706558199165502067812183e-02
1.0526700162948707696080681706785772e-03	2.8203679566141903617764704840145869e+00	1.6630540193594143921821131235601952e-03	3.5259348951860354547647772056243050e-02
7.8571101609452566985112101459566151e-04	2.9716969090999629929591430377884996e+00	2.2325067993050407097939923374308041e-03	4.0819993147348520866304229864720160e-02
5.4592406654450189639531673751417779e-04	3.1498362383994374713050019246712953e+00	3.2250635022689328458803900044071255e-03	4.8988207317881534825243115691741164e-02
3.3841036065783382623331673703916470e-04	3.3692779248000630826473394055441833e+00	5.2462369511474537780112616607983370e-03	6.2268213372417940136715353337545181e-02
1.6987626428376214473194853784518715e-04	3.6615820378485433966844126310178967e+00	1.0725159515408709285163399821584899e-02	8.8081998391300982789208386639530017e-02
4.9644993313561127986642565405808271e-05	4.1230588192299269883734371874404865e+00	4.8652043327822706658691798658223280e-02	1.6567794558619058318855705894700478e-01
0.0000000000000000000000000000000000e+00	0.0000000000000000000000000000000000e+00	2.0218083342667713533454726631113876e-04	1.1459627153934064533913237672726714e-02