2.7970768334091235392081127371967742e-05	-4.2535538751452923781597821445148228e+00	4.6153580228223564700141845143457674e-02	1.6121946432193508217817672664890951e-01
9.6409920767747328270225096717874348e-05	-3.8050600049510679945297257802308501e+00	1.0089630547299491037097881333860594e-02	8.5411809199275504511341727915521773e-02
1.9327125332233517221253864601310131e-04	-3.5220034676799317877589570549356452e+00	4.9035581343948358542573515924423199e-03	6.0192232288233503976151605534279749e-02
3.1354518283738164895577959693625717e-04	-3.3101496041009341458718614659222758e+00	2.9972750892890199111024385595860594e-03	4.7222352836932257797859807793825202e-02
4.5361172631371407231934905494804562e-04	-3.1386391079672595143367876882529912e+00	2.0640072047229731594888715235217289e-03	3.9246811959028745477677283149655445e-02
6.1071014147736329007259244243729582e-04	-2.9933100223432162359408080268905955e+00	1.5300069201211918765814497596950999e-03	3.3817874511914460156787558263296021e-02
7.8261974858219718230035857198645495e-04	-2.8664300486426418637057664361107688e+00	1.1925134268477034172961705364810615e-03	2.9870206728241070717101966604843009e-02
9.6748986764574204198870453428254938e-04	-2.7532935828241805734047818058613933e+00	9.6391348181598212774308835819067739e-04	2.6863186086929202962769556669686065e-02
1.1637390324463134506288851767590315e-03	-2.6508143885917207656450762414061147e+00	8.0095000364988012363616509409775978e-04	2.4492334414460357226241666195751836e-02
1.3699904092984329579271970450601198e-03	-2.5568539247537323981199657473703648e+00	6.8011948402328015938812374511527685e-04	2.2572663241419933240084974376075450e-02
1.5850279486094709570551502702672979e-03	-2.4698664964059391803086290617760677e+00	5.8769200765572965268810313935585833e-04	2.0985090957704102902829623010930350e-02
1.8077652601608762518767728460769439e-03	-2.3886969283282462220333322682900665e+00	5.1517783329189883120521835984393626e-04	1.9649382584174291141692390083927837e-02
2.0372227288718175814784010523965006e-03	-2.3124581218338523862726427275134907e+00	4.5708096966804686646149596478480247e-04	1.8509441048652025372210307095942775e-02
2.2725102020940263372310557613998171e-03	-2.2404533180223141971593785199161584e+00	4.0970628223531561790178545773705902e-04	1.7524827434257910643015613297484370e-02
2.5128135787611047746081502517114814e-03	-2.1721247592585425904590887020334457e+00	3.7048924326700321441376702397577766e-04	1.6665630535685645380302021364043018e-02
2.7573842123389023001092599263481893e-03	-2.1070186452487767040183624194403337e+00	3.3760119992623149596295973549614479e-04	1.5909235017882173565940728687081307e-02
3.0055303938853336500153688815472754e-03	-2.0447605297809892582248274298903306e+00	3.0970745648988774965445068054447519e-04	1.5238214616715652873869861507204036e-02
3.2566104058931303255525071982685628e-03	-1.9850376240198386536019085119322674e+00	2.8581385426250113369025504530514634e-04	1.4638917669166541068843405803589796e-02
3.5100267843872279511716148617106276e-03	-1.9275857962171720316763103960128968e+00	2.6516654384907738474412077256259487e-04	1.4100492811080219263444154468869737e-02
3.7652215255588338398239930269966358e-03	-1.8721798427810830873086181677223942e+00	2.4718478120609097506222905140525041e-04	1.3614202597066418668199235503270945e-02
4.0216720413946660143610298975108832e-03	-1.8186260869249319811176369875504709e+00	2.3141481785931398681807772641388138e-04	1.3172930230560996201096590945914213e-02
4.2788877168365316087214249081574114e-03	-1.7667566648986269944174551441478432e+00	2.1749760926116426569665244035926638e-04	1.2770818722865248097634717545741066e-02
4.5364069555716121299155886687261088e-03	-1.7164250565723990202626588367796245e+00	2.0514578103503327540227245188855310e-04	1.2403002688610698258186470787613411e-02
4.7937946268384187660912409582708707e-03	-1.6675025475694968879445284801712771e+00	1.9412692450604155246100146319649410e-04	1.2065406108978083564896941873662987e-02
5.0506398444191606126343071418189003e-03	-1.6198753984050496226221023244455610e+00	1.8425129909500737257429873709864327e-04	1.1754587835694126061222421670058071e-02
5.3065540231443484510528976073005072e-03	-1.5734425569425923000968309844059305e+00	1.7536265436441904180744237862992933e-04	1.1467622155260783247822221635249962e-02
5.5611691690385534249151549397302820e-03	-1.5281137931557360411752778286498206e+00	1.6733129414652978633700409214592160e-04	1.1202005447857485855893994622869683e-02
5.8141363675779206715184625280003958e-03	-1.4838081655770343712166264043451050e+00	1.6004877452548624641149001899796001e-04	1.0955582507678603597693181187840930e-02
6.0651244410404106200602001760363436e-03	-1.4404527507725247984107324435967502e+00	1.5342380770566339424558461551650643e-04	1.0726487845562640374032635273798759e-02
6.3138187510611184349588008553041695e-03	-1.3979815832492114651060398958851770e+00	1.4737906641891261616552753280753981e-04	1.0513098527854810081526237482048343e-02
6.5599201265864313632273607575340338e-03	-1.3563347651047936315605342520589426e+00	1.4184866819526942139488276107899376e-04	1.0313995984143404014876537525590841e-02
6.8031439006945174521993475496807413e-03	-1.3154577136432401283008663810629262e+00	1.3677617810551819848279174677028487e-04	1.0127934850600770388085435100300122e-02
7.0432190423961532362115381830035060e-03	-1.2753005219256006147872050004414292e+00	1.3211301062940923871827483202375135e-04	9.9538173786078987402773897859619877e-03
7.2798873716850139364709804708026583e-03	-1.2358174123794868750483865886588562e+00	1.2781714148160478349458065429691145e-04	9.7906722800305294118625463094687405e-03
7.5129028478734994380930665443558811e-03	-1.1969662675639708091533898986906313e+00	1.2385206213094513586817573574493104e-04	9.6376371352739662111574407563206774e-03
7.7420309227081344511505768094035607e-03	-1.1587082252754828857916817021388696e+00	1.2018592581286904135415599817728293e-04	9.4939436819975500610408631900132767e-03
7.9670479509688169617526521150695611e-03	-1.1210073276004647514809130984276207e+00	1.1679084573211250129310275219623761e-04	9.3589054479875063817327089634388458e-03
8.1877406522664631908945973731660372e-03	-1.0838302154308115999807963569673553e+00	1.1364231504518459573757723559866663e-04	9.2319073031950238167850459587036388e-03
8.4039056186014411015295802972853207e-03	-1.0471458614764486479726781204070083e+00	1.1071872491610759834813599245939843e-04	9.1123965920075789380952270817174957e-03
8.6153488629602958280921406961679771e-03	-1.0109253360240609636705694930058786e+00	1.0800096203431930491416902687718881e-04	8.9998755737361728993733913065093046e-03
8.8218854048343058827960793145756355e-03	-9.7514160066876833581398521171842189e-01	1.0547207088627424410006726655995387e-04	8.8938949516938038065751893464324551e-03
9.0233388890593321805049796528361578e-03	-9.3976932603721053318408143849903398e-01	1.0311696908313641739235400892189245e-04	8.7940483125349210003412854463818105e-03
9.2195412348175253296028054108934300e-03	-9.0478473016504724918862356372241727e-01	1.0092220638583637496251048862300163e-04	8.6999673302773245035027922858920757e-03
9.4103323120201423723411914561010026e-03	-8.7016543471937433580261577365086585e-01	9.8875759897536894524928350210993696e-05	8.6113176155592434486887688250219004e-03
9.5955596426171044701183613801918459e-03	-8.3589033669040979868408209100922934e-01	9.6966859332361700502002483571361362e-05	8.5277951116516926608235872935943833e-03
9.7750781246612893873646813969526487e-03	-8.0193949353531377830444115281841358e-01	9.5185837407944079709056776204324021e-05	8.4491229556610252395405849137374109e-03
9.9487497772007222362909781460758162e-03	-7.6829402005458282719235721438408025e-01	9.3524001315626942626913298399620896e-05	8.3750487370724790913349259551147224e-03
1.0116443504285452018952872495632428e-02	-7.3493599552950344369304403877694553e-01	9.1973521947319368567791262491571699e-05	8.3053420969622373814385220856453136e-03
1.0278034876562673494442875263185219e-02	-7.0184837985673808042297951685125960e-01	9.0527338141264890252930635078307191e-05	8.2397926203561261851100692820841567e-03
1.0433405929097491335719547552514706e-02	-6.6901493759050822278220852746277522e-01	8.9179073680394389038461734667726119e-05	8.1782079817387890900428301591937935e-03
1.0582444974200909826780181247542650e-02	-6.3642016894986940712525698355092344e-01	8.7922965159769969555113311999239273e-05	8.1204123099335272700259462741542398e-03
1.0725046428173929403504374500825716e-02	-6.0404924697295548557321259891608114e-01	8.6753799151939826809002702844621425e-05	8.0662447437294008103669781689497085e-03
1.0861110650989375101661557634674778e-02	-5.7188796010562771318965762746738612e-01	8.5666857354930536382116196850288950e-05	8.0155581539268298508217120704083194e-03
1.0990543798033250447994878032045792e-02	-5.3992265960181348422900015977818023e-01	8.4657868618185574675073345231901098e-05	7.9682180110640379627721880263765025e-03
1.1113257683116687757293931863868737e-02	-5.0814021118950792931450333559592814e-01	8.3722966915765161068912395491956776e-05	7.9241013811011672817538522435275427e-03
1.1229169652049390779036662214463284e-02	-4.7652795052203140955005067628356472e-01	8.2858654480491078608431525934971794e-05	7.8830960338790406468882510643086825e-03
1.1338202466137071392962418880640906e-02	-4.4507364199041138180006240394332435e-01	8.2061769432980050981900078663278052e-05	7.8450996513181297468394748270228165e-03
1.1440284195029829572521730135879444e-02	-4.1376544052111374481499249559803789e-01	8.1329457340086790489415031930963992e-05	7.8100191241475996240308203144531981e-03
1.1535348118406631269227681356445580e-02	-3.8259185602496896333124051702936428e-01	8.0659146221732317379871103351684348e-05	7.7777699275092700080540021005064788e-03
1.1623332636033796266017378063123135e-02	-3.5154172019900539136690487579734429e-01	8.0048524596299482515158523264405339e-05	7.7482755671119950186896951247732955e-03
1.1704181185783408288473059889415003e-02	-3.2060415541383620658323395749141689e-01	7.9495522215068146043583101559742710e-05	7.7214670887553888348381231683669286e-03
1.1777842169241406320026008622750513e-02	-2.8976854544593230041533925790261759e-01	7.8998293187437813633402935302911573e-05	7.6972826450286705884204099357410147e-03
1.1844268884575338713590805133813191e-02	-2.5902450783712467058981428782837112e-01	7.8555201242501668141753202679657312e-05	7.6756671138461278413566384846588884e-03
1.1903419466368827138771239472017211e-02	-2.2836186768349663049280971628058483e-01	7.8164806910172791206473805888625613e-05	7.6565717642265524198908674121653410e-03
1.1955256832164109229195388718147229e-02	-1.9777063267285095007459196481385101e-01	7.7825856437579282911904050594501698e-05	7.6399539653778088297504764907500907e-03
1.1999748635485975465034906211170199e-02	-1.6724096920450687417623530340148826e-01	7.7537272284720079139372694987727233e-05	7.6257769357244911267857171526164637e-03
1.2036867225150317657064821449872394e-02	-1.3676317943757842006324906665184414e-01	7.7298145068144209041225431963171717e-05	7.6140095290291779305076807369888979e-03
1.2066589610688661562022092660164021e-02	-1.0632767912434281326166443627419539e-01	7.7107726843304299365671595757364670e-05	7.6046260552170320535145650363363102e-03
1.2088897433746735902360446883409133e-02	-7.5924976094020187628834923035949878e-02	7.6965425635768970709297259754817050e-05	7.5976061339288411526248702476518236e-03
1.2103776945340583289110718093721433e-02	-4.5545649259411365723168764072922571e-02	7.6870801149113096466100946156935579e-05	7.5929345792072850662165888662951574e-03
1.2111218988878175866374413020489580e-02	-1.5180328024507377642134367778276428e-02	7.6823561593435961325905986896966043e-05	7.5906013140725106068404851901544708e-03
1.2111218988878175866374413020489580e-02	1.5180328024507377642134367778276428e-02	7.6823561593435961325905986896966043e-05	7.5906013140725106068404851901544708e-03
1.2103776945340583289110718093721433e-02	4.5545649259411365723168764072922571e-02	7.6870801149113096466100946156935579e-05	7.5929345792072850662165888662951574e-03
1.2088897433746735902360446883409133e-02	7.5924976094020187628834923035949878e-02	7.6965425635768970709297259754817050e-05	7.5976061339288411526248702476518236e-03
1.2066589610688661562022092660164021e-02	1.0632767912434281326166443627419539e-01	7.7107726843304299365671595757364670e-05	7.6046260552170320535145650363363102e-03
1.2036867225150317657064821449872394e-02	1.3676317943757842006324906665184414e-01	7.7298145068144209041225431963171717e-05	7.6140095290291779305076807369888979e-03
1.1999748635485975465034906211170199e-02	1.6724096920450687417623530340148826e-01	7.7537272284720079139372694987727233e-05	7.6257769357244911267857171526164637e-03
1.1955256832164109229195388718147229e-02	1.9777063267285095007459196481385101e-01	7.7825856437579282911904050594501698e-05	7.6399539653778088297504764907500907e-03
1.1903419466368827138771239472017211e-02	2.2836186768349663049280971628058483e-01	7.8164806910172791206473805888625613e-05	7.6565717642265524198908674121653410e-03
1.1844268884575338713590805133813191e-02	2.5902450783712467058981428782837112e-01	7.8555201242501668141753202679657312e-05	7.6756671138461278413566384846588884e-03
1.1777842169241406320026008622750513e-02	2.8976854544593230041533925790261759e-01	7.8998293187437813633402935302911573e-05	7.6972826450286705884204099357410147e-03
1.1704181185783408288473059889415003e-02	3.2060415541383620658323395749141689e-01	7.9495522215068146043583101559742710e-05	7.7214670887553888348381231683669286e-03
1.1623332636033796266017378063123135e-02	3.5154172019900539136690487579734429e-01	8.0048524596299482515158523264405339e-05	7.7482755671119950186896951247732955e-03
1.1535348118406631269227681356445580e-02	3.8259185602496896333124051702936428e-01	8.0659146221732317379871103351684348e-05	7.7777699275092700080540021005064788e-03
1.1440284195029829572521730135879444e-02	4.1376544052111374481499249559803789e-01	8.1329457340086790489415031930963992e-05	7.8100191241475996240308203144531981e-03
1.1338202466137071392962418880640906e-02	4.4507364199041138180006240394332435e-01	8.2061769432980050981900078663278052e-05	7.8450996513181297468394748270228165e-03
1.1229169652049390779036662214463284e-02	4.7652795052203140955005067628356472e-01	8.2858654480491078608431525934971794e-05	7.8830960338790406468882510643086825e-03
1.1113257683116687757293931863868737e-02	5.0814021118950792931450333559592814e-01	8.3722966915765161068912395491956776e-05	7.9241013811011672817538522435275427e-03
1.0990543798033250447994878032045792e-02	5.3992265960181348422900015977818023e-01	8.4657868618185574675073345231901098e-05	7.9682180110640379627721880263765025e-03
1.0861110650989375101661557634674778e-02	5.7188796010562771318965762746738612e-01	8.5666857354930536382116196850288950e-05	8.0155581539268298508217120704083194e-03
1.0725046428173929403504374500825716e-02	6.0404924697295548557321259891608114e-01	8.6753799151939826809002702844621425e-05	8.0662447437294008103669781689497085e-03
1.0582444974200909826780181247542650e-02	6.3642016894986940712525698355092344e-01	8.7922965159769969555113311999239273e-05	8.1204123099335272700259462741542398e-03
1.0433405929097491335719547552514706e-02	6.6901493759050822278220852746277522e-01	8.9179073680394389038461734667726119e-05	8.1782079817387890900428301591937935e-03
1.0278034876562673494442875263185219e-02	7.0184837985673808042297951685125960e-01	9.0527338141264890252930635078307191e-05	8.2397926203561261851100692820841567e-03
1.0116443504285452018952872495632428e-02	7.3493599552950344369304403877694553e-01	9.1973521947319368567791262491571699e-05	8.3053420969622373814385220856453136e-03
9.9487497772007222362909781460758162e-03	7.6829402005458282719235721438408025e-01	9.3524001315626942626913298399620896e-05	8.3750487370724790913349259551147224e-03
9.7750781246612893873646813969526487e-03	8.0193949353531377830444115281841358e-01	9.5185837407944079709056776204324021e-05	8.4491229556610252395405849137374109e-03
9.5955596426171044701183613801918459e-03	8.3589033669040979868408209100922934e-01	9.6966859332361700502002483571361362e-05	8.5277951116516926608235872935943833e-03
9.4103323120201423723411914561010026e-03	8.7016543471937433580261577365086585e-01	9.8875759897536894524928350210993696e-05	8.6113176155592434486887688250219004e-03
9.2195412348175253296028054108934300e-03	9.0478473016504724918862356372241727e-01	1.0092220638583637496251048862300163e-04	8.6999673302773245035027922858920757e-03
9.0233388890593321805049796528361578e-03	9.3976932603721053318408143849903398e-01	1.0311696908313641739235400892189245e-04	8.7940483125349210003412854463818105e-03
8.8218854048343058827960793145756355e-03	9.7514160066876833581398521171842189e-01	1.0547207088627424410006726655995387e-04	8.8938949516938038065751893464324551e-03
8.6153488629602958280921406961679771e-03	1.0109253360240609636705694930058786e+00	1.0800096203431930491416902687718881e-04	8.9998755737361728993733913065093046e-03
8.4039056186014411015295802972853207e-03	1.0471458614764486479726781204070083e+00	1.1071872491610759834813599245939843e-04	9.1123965920075789380952270817174957e-03
8.1877406522664631908945973731660372e-03	1.0838302154308115999807963569673553e+00	1.1364231504518459573757723559866663e-04	9.2319073031950238167850459587036388e-03
7.9670479509688169617526521150695611e-03	1.1210073276004647514809130984276207e+00	1.1679084573211250129310275219623761e-04	9.3589054479875063817327089634388458e-03
7.7420309227081344511505768094035607e-03	1.1587082252754828857916817021388696e+00	1.2018592581286904135415599817728293e-04	9.4939436819975500610408631900132767e-03
7.5129028478734994380930665443558811e-03	1.1969662675639708091533898986906313e+00	1.2385206213094513586817573574493104e-04	9.6376371352739662111574407563206774e-03
7.2798873716850139364709804708026583e-03	1.2358174123794868750483865886588562e+00	1.2781714148160478349458065429691145e-04	9.7906722800305294118625463094687405e-03
7.0432190423961532362115381830035060e-03	1.2753005219256006147872050004414292e+00	1.3211301062940923871827483202375135e-04	9.9538173786078987402773897859619877e-03
6.8031439006945174521993475496807413e-03	1.3154577136432401283008663810629262e+00	1.3677617810551819848279174677028487e-04	1.0127934850600770388085435100300122e-02
6.5599201265864313632273607575340338e-03	1.3563347651047936315605342520589426e+00	1.4184866819526942139488276107899376e-04	1.0313995984143404014876537525590841e-02
6.3138187510611184349588008553041695e-03	1.3979815832492114651060398958851770e+00	1.4737906641891261616552753280753981e-04	1.0513098527854810081526237482048343e-02
6.0651244410404106200602001760363436e-03	1.4404527507725247984107324435967502e+00	1.5342380770566339424558461551650643e-04	1.0726487845562640374032635273798759e-02
5.8141363675779206715184625280003958e-03	1.4838081655770343712166264043451050e+00	1.6004877452548624641149001899796001e-04	1.0955582507678603597693181187840930e-02
5.5611691690385534249151549397302820e-03	1.5281137931557360411752778286498206e+00	1.6733129414652978633700409214592160e-04	1.1202005447857485855893994622869683e-02
5.3065540231443484510528976073005072e-03	1.5734425569425923000968309844059305e+00	1.7536265436441904180744237862992933e-04	1.1467622155260783247822221635249962e-02
5.0506398444191606126343071418189003e-03	1.6198753984050496226221023244455610e+00	1.8425129909500737257429873709864327e-04	1.1754587835694126061222421670058071e-02
4.7937946268384187660912409582708707e-03	1.6675025475694968879445284801712771e+00	1.9412692450604155246100146319649410e-04	1.2065406108978083564896941873662987e-02
4.5364069555716121299155886687261088e-03	1.7164250565723990202626588367796245e+00	2.0514578103503327540227245188855310e-04	1.2403002688610698258186470787613411e-02
4.2788877168365316087214249081574114e-03	1.7667566648986269944174551441478432e+00	2.1749760926116426569665244035926638e-04	1.2770818722865248097634717545741066e-02
4.0216720413946660143610298975108832e-03	1.8186260869249319811176369875504709e+00	2.3141481785931398681807772641388138e-04	1.3172930230560996201096590945914213e-02
3.7652215255588338398239930269966358e-03	1.8721798427810830873086181677223942e+00	2.4718478120609097506222905140525041e-04	1.3614202597066418668199235503270945e-02
3.5100267843872279511716148617106276e-03	1.9275857962171720316763103960128968e+00	2.6516654384907738474412077256259487e-04	1.4100492811080219263444154468869737e-02
3.2566104058931303255525071982685628e-03	1.9850376240198386536019085119322674e+00	2.8581385426250113369025504530514634e-04	1.4638917669166541068843405803589796e-02
3.0055303938853336500153688815472754e-03	2.0447605297809892582248274298903306e+00	3.0970745648988774965445068054447519e-04	1.5238214616715652873869861507204036e-02
2.7573842123389023001092599263481893e-03	2.1070186452487767040183624194403337e+00	3.3760119992623149596295973549614479e-04	1.5909235017882173565940728687081307e-02
2.5128135787611047746081502517114814e-03	2.1721247592585425904590887020334457e+00	3.7048924326700321441376702397577766e-04	1.6665630535685645380302021364043018e-02
2.2725102020940263372310557613998171e-03	2.2404533180223141971593785199161584e+00	4.0970628223531561790178545773705902e-04	1.7524827434257910643015613297484370e-02
2.0372227288718175814784010523965006e-03	2.3124581218338523862726427275134907e+00	4.5708096966804686646149596478480247e-04	1.8509441048652025372210307095942775e-02
1.8077652601608762518767728460769439e-03	2.3886969283282462220333322682900665e+00	5.1517783329189883120521835984393626e-04	1.9649382584174291141692390083927837e-02
1.5850279486094709570551502702672979e-03	2.4698664964059391803086290617760677e+00	5.8769200765572965268810313935585833e-04	2.0985090957704102902829623010930350e-02
1.3699904092984329579271970450601198e-03	2.5568539247537323981199657473703648e+00	6.8011948402328015938812374511527685e-04	2.2572663241419933240084974376075450e-02
1.1637390324463134506288851767590315e-03	2.6508143885917207656450762414061147e+00	8.0095000364988012363616509409775978e-04	2.4492334414460357226241666195751836e-02
9.6748986764574204198870453428254938e-04	2.7532935828241805734047818058613933e+00	9.6391348181598212774308835819067739e-04	2.6863186086929202962769556669686065e-02
7.8261974858219718230035857198645495e-04	2.8664300486426418637057664361107688e+00	1.1925134268477034172961705364810615e-03	2.9870206728241070717101966604843009e-02
6.1071014147736329007259244243729582e-04	2.9933100223432162359408080268905955e+00	1.5300069201211918765814497596950999e-03	3.3817874511914460156787558263296021e-02
4.5361172631371407231934905494804562e-04	3.1386391079672595143367876882529912e+00	2.0640072047229731594888715235217289e-03	3.9246811959028745477677283149655445e-02
3.1354518283738164895577959693625717e-04	3.3101496041009341458718614659222758e+00	2.9972750892890199111024385595860594e-03	4.7222352836932257797859807793825202e-02
1.9327125332233517221253864601310131e-04	3.5220034676799317877589570549356452e+00	4.9035581343948358542573515924423199e-03	6.0192232288233503976151605534279749e-02
9.6409920767747328270225096717874348e-05	3.8050600049510679945297257802308501e+00	1.0089630547299491037097881333860594e-02	8.5411809199275504511341727915521773e-02
2.7970768334091235392081127371967742e-05	4.2535538751452923781597821445148228e+00	4.6153580228223564700141845143457674e-02	1.6121946432193508217817672664890951e-01
0.0000000000000000000000000000000000e+00	0.0000000000000000000000000000000000e+00	1.3303173743638490426436879770962304e-04	9.2956230295828972230026280792748151e-03