1.8866524549483423764170672788341027e-05	-4.3410299059779093281949412604260974e+00	4.4581022667882337164868350688008798e-02	1.5835639469848217750383205230830441e-01
6.5326826515113525591830586335783840e-05	-3.9008491203000971341635913302824586e+00	9.6947019125967430368944507139525629e-03	8.3710788524285646515527955863016001e-02
1.3147308925756803511953439665285918e-04	-3.6236654217354505174208007553020564e+00	4.6927128306779776514372113956917879e-03	5.8879036080839213649026175847803945e-02
2.1403132796921024441725452635306431e-04	-3.4165975922501329752497053756698300e+00	2.8583282260436470904047905658533292e-03	4.6112286012115963971599916616361724e-02
3.1062888466024338800576477937688944e-04	-3.2492430287752423731872520521125340e+00	1.9620315686979271384982021095496401e-03	3.8263489394331076900400713482760837e-02
4.1945350817390069730272998167848019e-04	-3.1076547099338671817623343160001961e+00	1.4500760365260122676730569814659329e-03	3.2921659829973404509314654894900652e-02
5.3904539737418756125734188882743592e-04	-2.9842203256063617802281356124807517e+00	1.1270175704278936056262997664977559e-03	2.9037635099630683404996905956427438e-02
6.6818628609532159162025373219940375e-04	-2.8743087742771684911618863467945537e+00	9.0850218636873224366693139802272815e-04	2.6079100204705308526059419346666712e-02
8.0583367711436150760319312300494399e-04	-2.7748835981699653308104071337066643e+00	7.5292640460537458501381873360371696e-04	2.3746313117531373030626150602679206e-02
9.5107868567487044971192351790101982e-04	-2.6838413566289684627303405192935111e+00	6.3770763158825787821606815271789033e-04	2.1857196665022837665984808860029704e-02
1.1031174082018959031693084268783274e-03	-2.5996621527156594749184284936845100e+00	5.4966619683779637533082416831265016e-04	2.0294564036515784625275968294106678e-02
1.2612305937695315309531333474405752e-03	-2.5212104081429876012703666266707370e+00	4.8065975120655555792229613025610966e-04	1.8979470083967939914308543500051555e-02
1.4247686940405564451491677639789418e-03	-2.4476143180705956806202042762670378e+00	4.2542157869940744730711858093065375e-04	1.7856728113174838804016310001009672e-02
1.5931405503778840177217852089764147e-03	-2.3781893319780109535178849233107305e+00	3.8041349513501904158376189753524190e-04	1.6886561194133128661451936952068185e-02
1.7658046285599593281303270419976273e-03	-2.3123876272484265914516949609842908e+00	3.4318175344940263455143429283416954e-04	1.6039551638284758799688827133414654e-02
1.9422620909513183784878520753271892e-03	-2.2497636248027332442987465245630475e+00	3.1197795544669367357729377143666536e-04	1.5293459887262096851104617229119035e-02
2.1220512271876888333277616296085942e-03	-2.1899497822094233958190554748986884e+00	2.8552686262950976136025235212165326e-04	1.4631151028152780456720722780959866e-02
2.3047429108484098456129466338259783e-03	-2.1326391845314118660773829103145234e+00	2.6287923190238054194648537062714414e-04	1.4039202849593985261179288306835865e-02
2.4899368453983380761176461953931259e-03	-2.0775727570284214670779534585952249e+00	2.4331572888531303451304571340384174e-04	1.3506947161579901889983567258102624e-02
2.6772584271793355455079599897229015e-03	-2.0245296969055832992949913234146090e+00	2.2628253567884138462721666186419947e-04	1.3025794492884709469218609306864415e-02
2.8663560977385129512414424711428704e-03	-1.9733201951654072628299989176875337e+00	2.1134719353768931645271193575832537e-04	1.2588748831865465746419992992142775e-02
3.0568990891693346522837352933078952e-03	-1.9237798186926176659167944167532390e+00	1.9816769437256165961087566036382918e-04	1.2190052680565680893220258546949246e-02
3.2485754887113569983919518106540256e-03	-1.8757651164004646787099341042274319e+00	1.8647044452502889031852247322033984e-04	1.1824923256690324078059200458349998e-02
3.4410905653657347489411346149022016e-03	-1.8291501416470058962180945870892268e+00	1.7603429141659834009090510417983398e-04	1.1489353597318748661019363595617629e-02
3.6341653135522059638672411101798317e-03	-1.7838236699979219555801772213555178e+00	1.6667876968214862957048990870030811e-04	1.1179960627666773036954431835747271e-02
3.8275351780783850535256567892756983e-03	-1.7396869513010655835509351676722570e+00	1.5825533300775595933841772000898340e-04	1.0893867717325320805759922498249382e-02
4.0209489317485587894205091175361049e-03	-1.6966518770331270589275126129605691e+00	1.5064073087071793725158136052598502e-04	1.0628612902627192147206931751194067e-02
4.2141676823881719913071992618371753e-03	-1.6546394737859852945097202829325908e+00	1.4373194766683853120370909594348006e-04	1.0382076445874008075314330568538450e-02
4.4069639903131892717953873470949989e-03	-1.6135786553629080217442218306513538e+00	1.3744229450777694223956351349257146e-04	1.0152423128248422956440017705717015e-02
4.5991210806258526284201211416021603e-03	-1.5734051817633573262815325780510221e+00	1.3169836147283153604491315000373076e-04	9.9380558865500963151871823259765418e-03
4.7904321373848665350024094293695182e-03	-1.5340607850435834073690905386852844e+00	1.2643761920781590348277978943413733e-04	9.7375782684418992477897447790121832e-03
4.9806996688369536424855391122736346e-03	-1.4954924308088347076015676868128936e+00	1.2160651553272599307595390123135714e-04	9.5497638047280740121173907663580279e-03
5.1697349346258835849811041002378813e-03	-1.4576516907281207819098194555782046e+00	1.1715895296801029070967708578783515e-04	9.3735308526155379250378671563300397e-03
5.3573574273031894763364573431575679e-03	-1.4204942065316046434378985183906467e+00	1.1305506196786237800530979107095078e-04	9.2079218000261661790517928547146641e-03
5.5433944016192760327281816950347248e-03	-1.3839792298583190652510132458974093e+00	1.0926020560227362308983074603251162e-04	9.0520857716155277507994574622030676e-03
5.7276804460262090635251460270229625e-03	-1.3480692253594916634223220102259034e+00	1.0574416679197939696749153361272221e-04	8.9052641657546448300139596940879715e-03
5.9100570916141704058755565679637156e-03	-1.3127295268426566607022147465886087e+00	1.0248048057431007211056768774028088e-04	8.7667784949452132451888684024785034e-03
6.0903724543635687363605878407480410e-03	-1.2779280381201369506175404172165082e+00	9.9445882376453022449416562279523578e-05	8.6360201117985031504929994005558985e-03
6.2684809071486326437330433967018963e-03	-1.2436349717183984321217361111138572e+00	9.6619849677688301014991130580117545e-05	8.5124414873367767826211139883144622e-03
6.4442427783953787519463316391168490e-03	-1.2098226197991093643796699682038237e+00	9.3984219308871865683801674286336629e-05	8.3955487741720356947977313036510362e-03
6.6175240746925991699627770637441311e-03	-1.1764651526041211207257225473839263e+00	9.1522866363778564468957805479699363e-05	8.2848954386296600563881301155845394e-03
6.7881962249913379116519355982707808e-03	-1.1435384405149937871303226184130157e+00	8.9221433570883939577076489242066358e-05	8.1800767864819972683848880870080266e-03
6.9561358443162156300748389741403772e-03	-1.1110198964514438945364611837369088e+00	8.7067102206024929643457745084722943e-05	8.0807252391529412264397063122319243e-03
7.1212245151590180240397139964665684e-03	-1.0788883358517892272500840228825064e+00	8.5048397370934424089693334105912324e-05	7.9865062429397347560878639383823414e-03
7.2833485849377913417094103754275243e-03	-1.0471238519051168696644951043036606e+00	8.3155021834764593043395855175248097e-05	7.8971147144051810467869294066218578e-03
7.4423989780887018130606905357643989e-03	-1.0157077040575070030873886229905178e+00	8.1377713721284148930816793398725273e-05	7.8122719417151521574400952398860629e-03
7.5982710215175722075922162645117413e-03	-9.8462221810737443520824624901272247e-01	7.9708124188129183827634048805790570e-05	7.7317228751721732442627585590500045e-03
7.7508642822769956702825631233670728e-03	-9.5385069644905698381684706184312982e-01	7.8138711935339881797911532501663268e-05	7.6552337511747195016634169976626055e-03
7.9000824164563086487001261184453646e-03	-9.2337733722810977350415118509189840e-01	7.6662651935844189273908082302291640e-05	7.5825900028181299306211433167953237e-03
8.0458330283780378343491808082662084e-03	-8.9318716134349724539780744149039668e-01	7.5273756229285481150932881127918723e-05	7.5135944177411847684199264505070032e-03
8.1880275392878625974638377875309100e-03	-8.6326594637675050266837326906909948e-01	7.3966404984826058589657636628538334e-05	7.4480655099225722573943251924843407e-03
8.3265810648074558531919133477493194e-03	-8.3360016665081336569044985867804547e-01	7.2735486335529836988585439529600412e-05	7.3858360771888372738936050621992947e-03
8.4614123004923033305238577828507394e-03	-8.0417693872549871664453445624794342e-01	7.1576343730098398255627069203598943e-05	7.3267519204047013487846703456673610e-03
8.5924434149010420463860610773820282e-03	-7.7498397172528370914883206327832302e-01	7.0484729747673452896403301095734574e-05	7.2706707038333135845775100789301917e-03
8.7195999496400984617133852557263104e-03	-7.4600952197109757113140947369971975e-01	6.9456765486464043043086244482178155e-05	7.2174609391026821350009087889860132e-03
8.8428107258983792258423650262362570e-03	-7.1724235145286080059136726623283503e-01	6.8488904773718664587994219006813175e-05	7.1670010776956424070291799429783327e-03
8.9620077570322716304245493334738063e-03	-6.8867168973552002501129902164344071e-01	6.7577902558305129203123316859943465e-05	7.1191786989754492081345669532891902e-03
9.0771261668019326351715826432622864e-03	-6.6028719893959632037915332092452122e-01	6.6720786942095347605232572549477418e-05	7.0738897825333929751681100035069118e-03
9.1881041128963748735592362572172248e-03	-6.3207894147899571990583605704902607e-01	6.5914834385861018346571010206287571e-05	7.0310380551525174699150736932243256e-03
9.2948827154177049848677917972060457e-03	-6.0403735027499366009291705581417140e-01	6.5157547692198036243318441059209300e-05	6.9905344039665804187819223011476439e-03
9.3974059900244751301386424177816059e-03	-5.7615320119671524444430023029365847e-01	6.4446636424321966250382499042381029e-05	6.9522963484920162669685927843398879e-03
9.4956207854608556564281738057750829e-03	-5.4841758750577409731903633525601676e-01	6.3779999467210479029997274806260408e-05	6.9162475651526506384639789313642488e-03
9.5894767252225590213620060325088374e-03	-5.2082189610657936308116194476413838e-01	6.3155709477976927939873457867548817e-05	6.8823174587269501766111127848921080e-03
9.6789261531324333527596185532116224e-03	-4.9335778542465828050206133998099309e-01	6.2571999006742538955816813955817447e-05	6.8504407758461497352510967076603406e-03
9.7639240826186531711585980903022929e-03	-4.6601716475358115443680431937020948e-01	6.2027248098619347499177132608939805e-05	6.8205572562757394293960393330994265e-03
9.8444281495066884538549903803902893e-03	-4.3879217492706450094479724764637565e-01	6.1519973212535406726425399258119311e-05	6.7926113182367702956451837277054921e-03
9.9203985681529281573815847334054065e-03	-4.1167517018686249672581298567037710e-01	6.1048817314200869127861423948768387e-05	6.7665517744791972831283880826139349e-03
9.9917980907631442121475325064424786e-03	-3.8465870112938862681999392185325850e-01	6.0612541019086955470169775172608422e-05	6.7423315762170692327904996062808172e-03
1.0058591969753060565052370335078478e-02	-3.5773549862485368849876064732605514e-01	6.0210014677334862071736086049391972e-05	6.7199075823832730537965201186047300e-03
1.0120747923021275514582054571431069e-02	-3.3089845861224697657550611692244593e-01	5.9840211306417139488239347844738073e-05	6.6992403519669162919383704977414561e-03
1.0178236102016795849916927561214880e-02	-3.0414062768188201019709262899442171e-01	5.9502200289466016889474904261941140e-05	6.6802939574653788879157017537730538e-03
1.0231029062494586706810462222680566e-02	-2.7745518936461154264892239478906934e-01	5.9195141767735847911782965782910479e-05	6.6630358177207697065473939149718773e-03
1.0279101737862918890668399616814033e-02	-2.5083545105330461312146325411431911e-01	5.8918281664911944208767297751763490e-05	6.6474365486214226769097962086003535e-03
1.0322431415035993252911695947746994e-02	-2.2427483148787040382434325093027378e-01	5.8670947289111892913207237503026016e-05	6.6334698303369688192740628420202604e-03
1.0360997712714418660388587328734829e-02	-1.9776684874009487065699939567980780e-01	5.8452543465615168377960330497310159e-05	6.6211122899237059602635694517854166e-03
1.0394782562024687983213765858576991e-02	-1.7130510863889952128280301775844100e-01	5.8262549159745392267242899687984278e-05	6.6103433982882994914242091289225536e-03
1.0423770189456900848527706754971425e-02	-1.4488329358039971888284960902622115e-01	5.8100514555039862686376845653158028e-05	6.6011453806347590313522360785809094e-03
1.0447947102047682741299391849704373e-02	-1.1849515167038563487226848382417426e-01	5.7966058556979256711078493684481183e-05	6.5935031396443138667931494407687793e-03
1.0467302074762602804999939496404028e-02	-9.2134486149617467974794659624248938e-02	5.7858866697209297996602933713686124e-05	6.5874041907521651959986084352990350e-03
1.0481826140039448881085170768317493e-02	-6.5795145054655598477710705007898180e-02	5.7778689417446989856568272237393579e-05	6.5828386089908240761973137418568184e-03
1.0491512579460526081863781021009541e-02	-3.9471011068867333165837137810103825e-02	5.7725340716198867328707285075768022e-05	6.5797989869683749734139440638045576e-03
1.0496356917528749922139945353030938e-02	-1.3155991519790395138804687669001116e-02	5.7698697145092329967671213513382210e-05	6.5782804036429189971565620404951533e-03
1.0496356917528749922139945353030938e-02	1.3155991519790395138804687669001116e-02	5.7698697145092329967671213513382210e-05	6.5782804036429189971565620404951533e-03
1.0491512579460526081863781021009541e-02	3.9471011068867333165837137810103825e-02	5.7725340716198867328707285075768022e-05	6.5797989869683749734139440638045576e-03
1.0481826140039448881085170768317493e-02	6.5795145054655598477710705007898180e-02	5.7778689417446989856568272237393579e-05	6.5828386089908240761973137418568184e-03
1.0467302074762602804999939496404028e-02	9.2134486149617467974794659624248938e-02	5.7858866697209297996602933713686124e-05	6.5874041907521651959986084352990350e-03
1.0447947102047682741299391849704373e-02	1.1849515167038563487226848382417426e-01	5.7966058556979256711078493684481183e-05	6.5935031396443138667931494407687793e-03
1.0423770189456900848527706754971425e-02	1.4488329358039971888284960902622115e-01	5.8100514555039862686376845653158028e-05	6.6011453806347590313522360785809094e-03
1.0394782562024687983213765858576991e-02	1.7130510863889952128280301775844100e-01	5.8262549159745392267242899687984278e-05	6.6103433982882994914242091289225536e-03
1.0360997712714418660388587328734829e-02	1.9776684874009487065699939567980780e-01	5.8452543465615168377960330497310159e-05	6.6211122899237059602635694517854166e-03
1.0322431415035993252911695947746994e-02	2.2427483148787040382434325093027378e-01	5.8670947289111892913207237503026016e-05	6.6334698303369688192740628420202604e-03
1.0279101737862918890668399616814033e-02	2.5083545105330461312146325411431911e-01	5.8918281664911944208767297751763490e-05	6.6474365486214226769097962086003535e-03
1.0231029062494586706810462222680566e-02	2.7745518936461154264892239478906934e-01	5.9195141767735847911782965782910479e-05	6.6630358177207697065473939149718773e-03
1.0178236102016795849916927561214880e-02	3.0414062768188201019709262899442171e-01	5.9502200289466016889474904261941140e-05	6.6802939574653788879157017537730538e-03
1.0120747923021275514582054571431069e-02	3.3089845861224697657550611692244593e-01	5.9840211306417139488239347844738073e-05	6.6992403519669162919383704977414561e-03
1.0058591969753060565052370335078478e-02	3.5773549862485368849876064732605514e-01	6.0210014677334862071736086049391972e-05	6.7199075823832730537965201186047300e-03
9.9917980907631442121475325064424786e-03	3.8465870112938862681999392185325850e-01	6.0612541019086955470169775172608422e-05	6.7423315762170692327904996062808172e-03
9.9203985681529281573815847334054065e-03	4.1167517018686249672581298567037710e-01	6.1048817314200869127861423948768387e-05	6.7665517744791972831283880826139349e-03
9.8444281495066884538549903803902893e-03	4.3879217492706450094479724764637565e-01	6.1519973212535406726425399258119311e-05	6.7926113182367702956451837277054921e-03
9.7639240826186531711585980903022929e-03	4.6601716475358115443680431937020948e-01	6.2027248098619347499177132608939805e-05	6.8205572562757394293960393330994265e-03
9.6789261531324333527596185532116224e-03	4.9335778542465828050206133998099309e-01	6.2571999006742538955816813955817447e-05	6.8504407758461497352510967076603406e-03
9.5894767252225590213620060325088374e-03	5.2082189610657936308116194476413838e-01	6.3155709477976927939873457867548817e-05	6.8823174587269501766111127848921080e-03
9.4956207854608556564281738057750829e-03	5.4841758750577409731903633525601676e-01	6.3779999467210479029997274806260408e-05	6.9162475651526506384639789313642488e-03
9.3974059900244751301386424177816059e-03	5.7615320119671524444430023029365847e-01	6.4446636424321966250382499042381029e-05	6.9522963484920162669685927843398879e-03
9.2948827154177049848677917972060457e-03	6.0403735027499366009291705581417140e-01	6.5157547692198036243318441059209300e-05	6.9905344039665804187819223011476439e-03
9.1881041128963748735592362572172248e-03	6.3207894147899571990583605704902607e-01	6.5914834385861018346571010206287571e-05	7.0310380551525174699150736932243256e-03
9.0771261668019326351715826432622864e-03	6.6028719893959632037915332092452122e-01	6.6720786942095347605232572549477418e-05	7.0738897825333929751681100035069118e-03
8.9620077570322716304245493334738063e-03	6.8867168973552002501129902164344071e-01	6.7577902558305129203123316859943465e-05	7.1191786989754492081345669532891902e-03
8.8428107258983792258423650262362570e-03	7.1724235145286080059136726623283503e-01	6.8488904773718664587994219006813175e-05	7.1670010776956424070291799429783327e-03
8.7195999496400984617133852557263104e-03	7.4600952197109757113140947369971975e-01	6.9456765486464043043086244482178155e-05	7.2174609391026821350009087889860132e-03
8.5924434149010420463860610773820282e-03	7.7498397172528370914883206327832302e-01	7.0484729747673452896403301095734574e-05	7.2706707038333135845775100789301917e-03
8.4614123004923033305238577828507394e-03	8.0417693872549871664453445624794342e-01	7.1576343730098398255627069203598943e-05	7.3267519204047013487846703456673610e-03
8.3265810648074558531919133477493194e-03	8.3360016665081336569044985867804547e-01	7.2735486335529836988585439529600412e-05	7.3858360771888372738936050621992947e-03
8.1880275392878625974638377875309100e-03	8.6326594637675050266837326906909948e-01	7.3966404984826058589657636628538334e-05	7.4480655099225722573943251924843407e-03
8.0458330283780378343491808082662084e-03	8.9318716134349724539780744149039668e-01	7.5273756229285481150932881127918723e-05	7.5135944177411847684199264505070032e-03
7.9000824164563086487001261184453646e-03	9.2337733722810977350415118509189840e-01	7.6662651935844189273908082302291640e-05	7.5825900028181299306211433167953237e-03
7.7508642822769956702825631233670728e-03	9.5385069644905698381684706184312982e-01	7.8138711935339881797911532501663268e-05	7.6552337511747195016634169976626055e-03
7.5982710215175722075922162645117413e-03	9.8462221810737443520824624901272247e-01	7.9708124188129183827634048805790570e-05	7.7317228751721732442627585590500045e-03
7.4423989780887018130606905357643989e-03	1.0157077040575070030873886229905178e+00	8.1377713721284148930816793398725273e-05	7.8122719417151521574400952398860629e-03
7.2833485849377913417094103754275243e-03	1.0471238519051168696644951043036606e+00	8.3155021834764593043395855175248097e-05	7.8971147144051810467869294066218578e-03
7.1212245151590180240397139964665684e-03	1.0788883358517892272500840228825064e+00	8.5048397370934424089693334105912324e-05	7.9865062429397347560878639383823414e-03
6.9561358443162156300748389741403772e-03	1.1110198964514438945364611837369088e+00	8.7067102206024929643457745084722943e-05	8.0807252391529412264397063122319243e-03
6.7881962249913379116519355982707808e-03	1.1435384405149937871303226184130157e+00	8.9221433570883939577076489242066358e-05	8.1800767864819972683848880870080266e-03
6.6175240746925991699627770637441311e-03	1.1764651526041211207257225473839263e+00	9.1522866363778564468957805479699363e-05	8.2848954386296600563881301155845394e-03
6.4442427783953787519463316391168490e-03	1.2098226197991093643796699682038237e+00	9.3984219308871865683801674286336629e-05	8.3955487741720356947977313036510362e-03
6.2684809071486326437330433967018963e-03	1.2436349717183984321217361111138572e+00	9.6619849677688301014991130580117545e-05	8.5124414873367767826211139883144622e-03
6.0903724543635687363605878407480410e-03	1.2779280381201369506175404172165082e+00	9.9445882376453022449416562279523578e-05	8.6360201117985031504929994005558985e-03
5.9100570916141704058755565679637156e-03	1.3127295268426566607022147465886087e+00	1.0248048057431007211056768774028088e-04	8.7667784949452132451888684024785034e-03
5.7276804460262090635251460270229625e-03	1.3480692253594916634223220102259034e+00	1.0574416679197939696749153361272221e-04	8.9052641657546448300139596940879715e-03
5.5433944016192760327281816950347248e-03	1.3839792298583190652510132458974093e+00	1.0926020560227362308983074603251162e-04	9.0520857716155277507994574622030676e-03
5.3573574273031894763364573431575679e-03	1.4204942065316046434378985183906467e+00	1.1305506196786237800530979107095078e-04	9.2079218000261661790517928547146641e-03
5.1697349346258835849811041002378813e-03	1.4576516907281207819098194555782046e+00	1.1715895296801029070967708578783515e-04	9.3735308526155379250378671563300397e-03
4.9806996688369536424855391122736346e-03	1.4954924308088347076015676868128936e+00	1.2160651553272599307595390123135714e-04	9.5497638047280740121173907663580279e-03
4.7904321373848665350024094293695182e-03	1.5340607850435834073690905386852844e+00	1.2643761920781590348277978943413733e-04	9.7375782684418992477897447790121832e-03
4.5991210806258526284201211416021603e-03	1.5734051817633573262815325780510221e+00	1.3169836147283153604491315000373076e-04	9.9380558865500963151871823259765418e-03
4.4069639903131892717953873470949989e-03	1.6135786553629080217442218306513538e+00	1.3744229450777694223956351349257146e-04	1.0152423128248422956440017705717015e-02
4.2141676823881719913071992618371753e-03	1.6546394737859852945097202829325908e+00	1.4373194766683853120370909594348006e-04	1.0382076445874008075314330568538450e-02
4.0209489317485587894205091175361049e-03	1.6966518770331270589275126129605691e+00	1.5064073087071793725158136052598502e-04	1.0628612902627192147206931751194067e-02
3.8275351780783850535256567892756983e-03	1.7396869513010655835509351676722570e+00	1.5825533300775595933841772000898340e-04	1.0893867717325320805759922498249382e-02
3.6341653135522059638672411101798317e-03	1.7838236699979219555801772213555178e+00	1.6667876968214862957048990870030811e-04	1.1179960627666773036954431835747271e-02
3.4410905653657347489411346149022016e-03	1.8291501416470058962180945870892268e+00	1.7603429141659834009090510417983398e-04	1.1489353597318748661019363595617629e-02
3.2485754887113569983919518106540256e-03	1.8757651164004646787099341042274319e+00	1.8647044452502889031852247322033984e-04	1.1824923256690324078059200458349998e-02
3.0568990891693346522837352933078952e-03	1.9237798186926176659167944167532390e+00	1.9816769437256165961087566036382918e-04	1.2190052680565680893220258546949246e-02
2.8663560977385129512414424711428704e-03	1.9733201951654072628299989176875337e+00	2.1134719353768931645271193575832537e-04	1.2588748831865465746419992992142775e-02
2.6772584271793355455079599897229015e-03	2.0245296969055832992949913234146090e+00	2.2628253567884138462721666186419947e-04	1.3025794492884709469218609306864415e-02
2.4899368453983380761176461953931259e-03	2.0775727570284214670779534585952249e+00	2.4331572888531303451304571340384174e-04	1.3506947161579901889983567258102624e-02
2.3047429108484098456129466338259783e-03	2.1326391845314118660773829103145234e+00	2.6287923190238054194648537062714414e-04	1.4039202849593985261179288306835865e-02
2.1220512271876888333277616296085942e-03	2.1899497822094233958190554748986884e+00	2.8552686262950976136025235212165326e-04	1.4631151028152780456720722780959866e-02
1.9422620909513183784878520753271892e-03	2.2497636248027332442987465245630475e+00	3.1197795544669367357729377143666536e-04	1.5293459887262096851104617229119035e-02
1.7658046285599593281303270419976273e-03	2.3123876272484265914516949609842908e+00	3.4318175344940263455143429283416954e-04	1.6039551638284758799688827133414654e-02
1.5931405503778840177217852089764147e-03	2.3781893319780109535178849233107305e+00	3.8041349513501904158376189753524190e-04	1.6886561194133128661451936952068185e-02
1.4247686940405564451491677639789418e-03	2.4476143180705956806202042762670378e+00	4.2542157869940744730711858093065375e-04	1.7856728113174838804016310001009672e-02
1.2612305937695315309531333474405752e-03	2.5212104081429876012703666266707370e+00	4.8065975120655555792229613025610966e-04	1.8979470083967939914308543500051555e-02
1.1031174082018959031693084268783274e-03	2.5996621527156594749184284936845100e+00	5.4966619683779637533082416831265016e-04	2.0294564036515784625275968294106678e-02
9.5107868567487044971192351790101982e-04	2.6838413566289684627303405192935111e+00	6.3770763158825787821606815271789033e-04	2.1857196665022837665984808860029704e-02
8.0583367711436150760319312300494399e-04	2.7748835981699653308104071337066643e+00	7.5292640460537458501381873360371696e-04	2.3746313117531373030626150602679206e-02
6.6818628609532159162025373219940375e-04	2.8743087742771684911618863467945537e+00	9.0850218636873224366693139802272815e-04	2.6079100204705308526059419346666712e-02
5.3904539737418756125734188882743592e-04	2.9842203256063617802281356124807517e+00	1.1270175704278936056262997664977559e-03	2.9037635099630683404996905956427438e-02
4.1945350817390069730272998167848019e-04	3.1076547099338671817623343160001961e+00	1.4500760365260122676730569814659329e-03	3.2921659829973404509314654894900652e-02
3.1062888466024338800576477937688944e-04	3.2492430287752423731872520521125340e+00	1.9620315686979271384982021095496401e-03	3.8263489394331076900400713482760837e-02
2.1403132796921024441725452635306431e-04	3.4165975922501329752497053756698300e+00	2.8583282260436470904047905658533292e-03	4.6112286012115963971599916616361724e-02
1.3147308925756803511953439665285918e-04	3.6236654217354505174208007553020564e+00	4.6927128306779776514372113956917879e-03	5.8879036080839213649026175847803945e-02
6.5326826515113525591830586335783840e-05	3.9008491203000971341635913302824586e+00	9.6947019125967430368944507139525629e-03	8.3710788524285646515527955863016001e-02
1.8866524549483423764170672788341027e-05	4.3410299059779093281949412604260974e+00	4.4581022667882337164868350688008798e-02	1.5835639469848217750383205230830441e-01
0.0000000000000000000000000000000000e+00	0.0000000000000000000000000000000000e+00	9.9919008342518882485468727305025640e-05	8.0561007668263042874278179364635682e-03