1.4841534899166913457908311030209566e-05	-4.3935502222543651130273502811170487e+00	4.3673746408518697140317728415421587e-02	1.5668346286018824458066838246044468e-01
5.1525216345600687899711312298447611e-05	-3.9582183356413641154080179789534792e+00	9.4686191857174574354788396783501796e-03	8.2721690334460536375045804774134370e-02
1.0392938720799113097290592204590557e-04	-3.6844431311330581340989775030618067e+00	4.5727321192727662848611050386588364e-03	5.8118693251491196714139481916150279e-02
1.6952667294104932145399569022444881e-04	-3.4801416405276729290823458635682462e+00	2.7796707278424412172588063634250005e-03	4.5471961673767791528395507217284332e-02
2.4648241242213564490793937284195182e-04	-3.3151805254072150859101722458110891e+00	1.9045739699655430598016993481501979e-03	3.7698204635362827790574799661636841e-02
3.3339409647233046913919408348048957e-04	-3.1757394365957307029447162080482216e+00	1.4052352406437357515639888255220940e-03	3.2408078557288609516888670724501779e-02
4.2913110577023723747294028227746916e-04	-3.0542767462446120947379938665078277e+00	1.0904254550043209160151083906370216e-03	2.8561947036841755644051393631548967e-02
5.3274918237588928180946587438798696e-04	-2.9462052158796457582645256722814571e+00	8.7766549231272107093349864801071507e-04	2.5632389017913354127279536677250463e-02
6.4343970139875393914537214482159811e-04	-2.8485176745674164009656326510993813e+00	7.2630184338681305119349896062158692e-04	2.3322452688169503936292392487005798e-02
7.6049714702291452318572260641010199e-04	-2.7591313154745856544499720023643650e+00	6.1428032750982906565780870431002976e-04	2.1451776131242041357441106101241151e-02
8.8329701957555313756621305751595043e-04	-2.6765413914014242555653043946421262e+00	5.2873664712120623777701110531994552e-04	1.9904289018065899038209360698602001e-02
1.0112801469918851467763132248566033e-03	-2.5996238179031957145748234091784464e+00	4.6172735465892387792470021702653676e-04	1.8601806336573675022779605350074317e-02
1.1439411455628862967281086167572176e-03	-2.5275157466712330291439752139844616e+00	4.0811688084959971414614909817830323e-04	1.7489678033181824732018174959036386e-02
1.2808196869373613842322656698545233e-03	-2.4595397639310483902771086768408226e+00	3.6445673779511413111312018791600408e-04	1.6528517530487593009780597550158429e-02
1.4214937309171737397950543273513572e-03	-2.3951538425156145896308277148198131e+00	3.2835643661356949769900715940245827e-04	1.5689198284337054268036041115756924e-02
1.5655741762006953992658682354899189e-03	-2.3339171871341039186835313333039225e+00	2.9811337135549083706484272519401410e-04	1.4949702556083230794293662988701573e-02
1.7127005595612719582204189448765218e-03	-2.2754662609370890700879099869189544e+00	2.7248620544679293294963484011296849e-04	1.4293067552178386961388722725413063e-02
1.8625375468872189514917177842749099e-03	-2.2194975456874795140609885822405133e+00	2.5055129018951782113054124926668624e-04	1.3706006749332131607618321380140396e-02
2.0147720334210423775184587711215338e-03	-2.1657548798469320053107514627895913e+00	2.3160894814544896790820864763338789e-04	1.3177960416698339966513762822651615e-02
2.1691107202956017664564514525329621e-03	-2.1140199848798708257172324332275685e+00	2.1512068912704110594951959323929409e-04	1.2700426838849027291155338280960363e-02
2.3252780688044369778433319083902516e-03	-2.0641052595749203929640256112271097e+00	2.0066616894626054947668890672831867e-04	1.2266481775810469252687935731664723e-02
2.4830145580632107358694748375052407e-03	-2.0158482184806769783591800865489406e+00	1.8791307109989820085410408410985283e-04	1.1870426990345420088080608896672516e-02
2.6420751891350345665676110236010854e-03	-1.9691071424432115966661273256231685e+00	1.7659564011397115824501606706960483e-04	1.1507529046459833853970671160974129e-02
2.8022281914341021528647652483716130e-03	-1.9237576364066190418186284030112255e+00	1.6649912542761318040254548794541885e-04	1.1173822381891951658057941787945747e-02
2.9632538966900896773720271994084893e-03	-1.8796898756852425076627135884881655e+00	1.5744833767457179541085925722288874e-04	1.0865958888883030830663239100017279e-02
3.1249437528908762635847370826786926e-03	-1.8368063812358172623596852885724956e+00	1.4929911415772275196180476946299043e-04	1.0581091645212881625904288418221619e-02
3.2870994560672718525288430494780477e-03	-1.7950202060517868668222174224613946e+00	1.4193187374435770668976957350221196e-04	1.0316784059095492101671000675320296e-02
3.4495321819891795310747552913939351e-03	-1.7542534444220351937893734040302773e+00	1.3524669336771220005854833969188667e-04	1.0070938159908228809876445794582449e-02
3.6120619031253806162867859118754217e-03	-1.7144359971903720109834516956915266e+00	1.2915950684696473295023979101059519e-04	9.8417374763289764469047733167983846e-03
3.7745167788067935916524457989446374e-03	-1.6755045418073760881570935111131873e+00	1.2359914131105809396366683872081920e-04	9.6276011451243124665193313930045733e-03
3.9367326085914081795566459991684166e-03	-1.6374016675605284488283311395032811e+00	1.1850498558220289645777664953650082e-04	9.4271467500460813569484837391572884e-03
4.0985523404802304668894145126977425e-03	-1.6000751450513717923442566161239423e+00	1.1382514020649098015889564928251345e-04	9.2391600080898734609580016348807467e-03
4.2598256269684395382999365595632243e-03	-1.5634773055582971928216270281430125e+00	1.0951493804023952487891754614669596e-04	9.0625698713711158372946692085663700e-03
4.4204084230030079808257431847490830e-03	-1.5275645109426414880910988448756097e+00	1.0553575243699162113671558868812720e-04	8.8964279457103321163234505082982291e-03
4.5801626208093143271274696185784382e-03	-1.4922966986246496990494845682277432e+00	1.0185403049093290141143371979878439e-04	8.7398913751510009024663982213616884e-03
4.7389557172846918218288201554936531e-03	-1.4576369891632082638815175656283639e+00	9.8440503754340692774132152790722770e-05	8.5922085283789658639662714304725049e-03
4.8966605102672971044395397475609409e-03	-1.4235513463293668653414765255915891e+00	9.5269539921972961438025421304924347e-05	8.4527069648117385124568369908570744e-03
5.0531548204982288583645560971046251e-03	-1.3900082814232350351318283258501029e+00	9.2318607249198452148400072216552582e-05	8.3207832666986084086413278247246678e-03
5.2083212365224045652089815996926155e-03	-1.3569785950617359712734021615289967e+00	8.9567829705339977011098710331044108e-05	8.1958944073588878044513994766841499e-03
5.3620468801342885881222464109921660e-03	-1.3244351508469753745790624088732326e+00	8.6999615600119409774034843191560439e-05	8.0775503908243533697458979119724180e-03
5.5142231902800864843694568981903545e-03	-1.2923526762766348016869087610631977e+00	8.4598346047039916350753905757993911e-05	7.9653079491482097211391613359502125e-03
5.6647457235880419827159814507242855e-03	-1.2607075870283062770403755770043617e+00	8.2350112423602523516069635206719237e-05	7.8587651238318174968391420059724785e-03
5.8135139699207065272239809634131961e-03	-1.2294778313769929616644556126437950e+00	8.0242494159248959226543001220518237e-05	7.7575565896911563661992800594432602e-03
5.9604311815337510633927610040015874e-03	-1.1986427520184136433786644333143645e+00	7.8264369878617225709952399208493833e-05	7.6613496049096921403986890206635026e-03
6.1054042145901552361003455541502580e-03	-1.1681829629930480160762762263843237e+00	7.6405756261951997092883715839977789e-05	7.5698404914214374525067870795426859e-03
6.2483433819206192898800047724164274e-03	-1.1380802397548674823582341666851617e+00	7.4657670039951015442746650780906749e-05	7.4827515662197286207318380732931335e-03
6.3891623160442398742111205457599524e-03	-1.1083174207184390856920158888489301e+00	7.3012009379911940904918935257388929e-05	7.3998284575247091582022544864986375e-03
6.5277778415707194000583283565644090e-03	-1.0788783188596704578433856907448960e+00	7.1461451591499621175158687183878494e-05	7.3208377506080434855248258234598982e-03
6.6641098561990049330523140965712857e-03	-1.0497476421477169544364718385912105e+00	6.9999364620197666717045439811412324e-05	7.2455649169663933948143522129188890e-03
6.7980812196092504918580059339773030e-03	-1.0209109217555666934224083983458044e+00	6.8619730232498386753455925218979953e-05	7.1738124878461948100058344403999141e-03
6.9296176496170194668572329909525463e-03	-9.9235444714023750905517844386824649e-01	6.7317077150712938419179290078015643e-05	7.1053984391583200424603987310015156e-03
7.0586476250220821589722101144648852e-03	-9.6406520720495202149264544040190470e-01	6.6086422683718177953903240825586538e-05	7.0401547598249827832286092472348933e-03
7.1851022946401908156854287730570416e-03	-9.3603083685882771187434478144324290e-01	6.4923221636092860163866009392124430e-05	6.9779261797655117918597291080343613e-03
7.3089153920558251553412923294094024e-03	-9.0823956837756354203802924373419428e-01	6.3823321472211991595530660333809873e-05	6.9185690372062483291719180947064788e-03
7.4300231556779401694092460751055443e-03	-8.8068018704380741105799113363820823e-01	6.2782922872072462417835793035216372e-05	6.8619502679161866816434993595956684e-03
7.5483642537199354603856393354142771e-03	-8.5334199061039070524861215711818010e-01	6.1798544948342263083062510094238447e-05	6.8079465014234422477536563713522283e-03
7.6638797137600177951805659770258180e-03	-8.2621475218510091074947644759747756e-01	6.0866994504476983918703988678447105e-05	6.7564432513385667843974544873569857e-03
7.7765128565693746800684863367325963e-03	-7.9928868618352445729552529666748295e-01	5.9985338805823660738758960509697470e-05	6.7073341886644059631105877103784246e-03
7.8862092339235715664787522541621758e-03	-7.7255441703788757431137379583703348e-01	5.9150881412720597558025005577492794e-05	6.6605204884618273459656844068469042e-03
7.9929165701377213719062767432220393e-03	-7.4600295038571826522663907059967825e-01	5.8361140689353619210557333926881484e-05	6.6159102415097913249570051857679257e-03
8.0965847070885920412540665494500521e-03	-7.1962564649335490589583813068672124e-01	5.7613830656690709234648391331147371e-05	6.5734179236826695736086542846108730e-03
8.1971655525072105809776220943038840e-03	-6.9341419569651385266522584726768573e-01	5.6906843903932644334692781682889033e-05	6.5329639166969260226619977447148765e-03
8.2946130313439466945197870626452856e-03	-6.6736059566386990112759337601612208e-01	5.6238236312010047028474402526087919e-05	6.4944740746776570845334159699399147e-03
8.3888830400247393345069532231974724e-03	-6.4145713031038066113502525504974082e-01	5.5606213375892135381761133188522928e-05	6.4578793316832833731207105267672442e-03
8.4799334034322605243124140438191619e-03	-6.1569635020530620672320265361117057e-01	5.5009117940806230113893763143849169e-05	6.4231153459207466069656590066139116e-03
8.5677238344595638574355347293051470e-03	-5.9007105433588440920005473900110278e-01	5.4445419191688407239918623112321420e-05	6.3901221768979657255023345483319511e-03
8.6522158959962904828875393144469883e-03	-5.6457427310171432800892417461220123e-01	5.3913702755946609268503929158308315e-05	6.3588439922068330005586288586863929e-03
8.7333729652189354535614205179756372e-03	-5.3919925242732585519846076518121102e-01	5.3412661797458869207435797790034302e-05	6.3292288010185861822524300912251493e-03
8.8111602000671287992407405969223800e-03	-5.1393943889138806345583493416669042e-01	5.2941088995100989956553895505379936e-05	6.3012282117123184646876143917021807e-03
8.8855445077974618231928770684340996e-03	-4.8878846578071529898440133330798909e-01	5.2497869312375486717786766525026017e-05	6.2747972113537315746334024073526104e-03
8.9564945155151814086416096596317589e-03	-4.6374013998582694514368921955834380e-01	5.2081973476211017392886118412597435e-05	6.2498939650009683910093858836114400e-03
9.0239805425921648371554326932605806e-03	-4.3878842966243990657840863005274125e-01	5.1692452092982561207764664157451364e-05	6.2264796330425509108449635335639635e-03
9.0879745748870471326465811020136439e-03	-4.1392745259003945240236089594466824e-01	5.1328430338489157206645672245989333e-05	6.2045182049734156108037752570759348e-03
9.1484502406902668377947682343198032e-03	-3.8915146516468537274947205585991513e-01	5.0989103166205349017090200774832343e-05	6.1839763481924689975945491370150403e-03
9.2053827883231821843037142131810715e-03	-3.6445485196855405760348689777927061e-01	5.0673730984753080229029769164424666e-05	6.1648232705621387929318436896714782e-03
9.2587490653263396557758164399566223e-03	-3.3983211586346900961590220160994234e-01	5.0381635761357137998062074742372619e-05	6.1470305956097814222508183239372972e-03
9.3085274991774975610819618713836980e-03	-3.1527786855989830252168444626874075e-01	5.0112197513163809814451186600731610e-05	6.1305722493748578338537052614520935e-03
9.3546980794851604554515149106870965e-03	-2.9078682161665476968337384848004037e-01	4.9864851152816892810396045037015075e-05	6.1154243580165218323704666489108929e-03
9.3972423416082040655787453875698555e-03	-2.6635377782987293042856037913631750e-01	4.9639083658681212448169117186254842e-05	6.1015651553954226305468218474209264e-03
9.4361433516566992664689424512465849e-03	-2.4197362297279900891217163905989197e-01	4.9434431543653198985752867847414689e-05	6.0889748999326216988159221699036241e-03
9.4713856928333090003723560362618496e-03	-2.1764131785055438597042228230991970e-01	4.9250478599662740689046351763796172e-05	6.0776358001288842592607060700682585e-03
9.5029554530786624893098559170026886e-03	-1.9335189063635102168946593737126102e-01	4.9086853897804033823082263895174421e-05	6.0675319482003838108908355362450094e-03
9.5308402139879329669508343846868433e-03	-1.6910042945767803522084131774702475e-01	4.8943230026582000280488814554678685e-05	6.0586492613530695080868933603914621e-03
9.5550290409694826661970673531719856e-03	-1.4488207520276615304754817905249013e-01	4.8819321553065645946011041071644941e-05	6.0509754302784876432899866969907594e-03
9.5755124746199143671378320710524710e-03	-1.2069201451919218449011348567298612e-01	4.8714883693836115143973847895628180e-05	6.0444998745095156893639664599151547e-03
9.5922825232932032977919318843817785e-03	-9.6525472977827094428932330458994688e-02	4.8629711184536619029612597509134274e-05	6.0392137043259709834636001306307028e-03
9.6053326568447961082699360206922423e-03	-7.2377708376473964831129651496767721e-02	4.8563637338601860369234075640928329e-05	6.0351096889480352958770624349160060e-03
9.6146578015346733873276613554260043e-03	-4.8244004158499083353511836448307324e-02	4.8516533287391143000888789064199189e-05	6.0321822308004706836450972097160717e-03
9.6202543360763961798355800888667182e-03	-2.4119662922541268630368366132029791e-02	4.8488307395494777220677979119493568e-05	6.0304273456732214550254954713342040e-03
9.6221200888221118261346305953855654e-03	0.0000000000000000000000000000000000e+00	4.8478904846448502354351338794503880e-05	6.0298426486446921818987769255043661e-03
9.6202543360763961798355800888667182e-03	2.4119662922541268630368366132029791e-02	4.8488307395494777220677979119493568e-05	6.0304273456732214550254954713342040e-03
9.6146578015346733873276613554260043e-03	4.8244004158499083353511836448307324e-02	4.8516533287391143000888789064199189e-05	6.0321822308004706836450972097160717e-03
9.6053326568447961082699360206922423e-03	7.2377708376473964831129651496767721e-02	4.8563637338601860369234075640928329e-05	6.0351096889480352958770624349160060e-03
9.5922825232932032977919318843817785e-03	9.6525472977827094428932330458994688e-02	4.8629711184536619029612597509134274e-05	6.0392137043259709834636001306307028e-03
9.5755124746199143671378320710524710e-03	1.2069201451919218449011348567298612e-01	4.8714883693836115143973847895628180e-05	6.0444998745095156893639664599151547e-03
9.5550290409694826661970673531719856e-03	1.4488207520276615304754817905249013e-01	4.8819321553065645946011041071644941e-05	6.0509754302784876432899866969907594e-03
9.5308402139879329669508343846868433e-03	1.6910042945767803522084131774702475e-01	4.8943230026582000280488814554678685e-05	6.0586492613530695080868933603914621e-03
9.5029554530786624893098559170026886e-03	1.9335189063635102168946593737126102e-01	4.9086853897804033823082263895174421e-05	6.0675319482003838108908355362450094e-03
9.4713856928333090003723560362618496e-03	2.1764131785055438597042228230991970e-01	4.9250478599662740689046351763796172e-05	6.0776358001288842592607060700682585e-03
9.4361433516566992664689424512465849e-03	2.4197362297279900891217163905989197e-01	4.9434431543653198985752867847414689e-05	6.0889748999326216988159221699036241e-03
9.3972423416082040655787453875698555e-03	2.6635377782987293042856037913631750e-01	4.9639083658681212448169117186254842e-05	6.1015651553954226305468218474209264e-03
9.3546980794851604554515149106870965e-03	2.9078682161665476968337384848004037e-01	4.9864851152816892810396045037015075e-05	6.1154243580165218323704666489108929e-03
9.3085274991774975610819618713836980e-03	3.1527786855989830252168444626874075e-01	5.0112197513163809814451186600731610e-05	6.1305722493748578338537052614520935e-03
9.2587490653263396557758164399566223e-03	3.3983211586346900961590220160994234e-01	5.0381635761357137998062074742372619e-05	6.1470305956097814222508183239372972e-03
9.2053827883231821843037142131810715e-03	3.6445485196855405760348689777927061e-01	5.0673730984753080229029769164424666e-05	6.1648232705621387929318436896714782e-03
9.1484502406902668377947682343198032e-03	3.8915146516468537274947205585991513e-01	5.0989103166205349017090200774832343e-05	6.1839763481924689975945491370150403e-03
9.0879745748870471326465811020136439e-03	4.1392745259003945240236089594466824e-01	5.1328430338489157206645672245989333e-05	6.2045182049734156108037752570759348e-03
9.0239805425921648371554326932605806e-03	4.3878842966243990657840863005274125e-01	5.1692452092982561207764664157451364e-05	6.2264796330425509108449635335639635e-03
8.9564945155151814086416096596317589e-03	4.6374013998582694514368921955834380e-01	5.2081973476211017392886118412597435e-05	6.2498939650009683910093858836114400e-03
8.8855445077974618231928770684340996e-03	4.8878846578071529898440133330798909e-01	5.2497869312375486717786766525026017e-05	6.2747972113537315746334024073526104e-03
8.8111602000671287992407405969223800e-03	5.1393943889138806345583493416669042e-01	5.2941088995100989956553895505379936e-05	6.3012282117123184646876143917021807e-03
8.7333729652189354535614205179756372e-03	5.3919925242732585519846076518121102e-01	5.3412661797458869207435797790034302e-05	6.3292288010185861822524300912251493e-03
8.6522158959962904828875393144469883e-03	5.6457427310171432800892417461220123e-01	5.3913702755946609268503929158308315e-05	6.3588439922068330005586288586863929e-03
8.5677238344595638574355347293051470e-03	5.9007105433588440920005473900110278e-01	5.4445419191688407239918623112321420e-05	6.3901221768979657255023345483319511e-03
8.4799334034322605243124140438191619e-03	6.1569635020530620672320265361117057e-01	5.5009117940806230113893763143849169e-05	6.4231153459207466069656590066139116e-03
8.3888830400247393345069532231974724e-03	6.4145713031038066113502525504974082e-01	5.5606213375892135381761133188522928e-05	6.4578793316832833731207105267672442e-03
8.2946130313439466945197870626452856e-03	6.6736059566386990112759337601612208e-01	5.6238236312010047028474402526087919e-05	6.4944740746776570845334159699399147e-03
8.1971655525072105809776220943038840e-03	6.9341419569651385266522584726768573e-01	5.6906843903932644334692781682889033e-05	6.5329639166969260226619977447148765e-03
8.0965847070885920412540665494500521e-03	7.1962564649335490589583813068672124e-01	5.7613830656690709234648391331147371e-05	6.5734179236826695736086542846108730e-03
7.9929165701377213719062767432220393e-03	7.4600295038571826522663907059967825e-01	5.8361140689353619210557333926881484e-05	6.6159102415097913249570051857679257e-03
7.8862092339235715664787522541621758e-03	7.7255441703788757431137379583703348e-01	5.9150881412720597558025005577492794e-05	6.6605204884618273459656844068469042e-03
7.7765128565693746800684863367325963e-03	7.9928868618352445729552529666748295e-01	5.9985338805823660738758960509697470e-05	6.7073341886644059631105877103784246e-03
7.6638797137600177951805659770258180e-03	8.2621475218510091074947644759747756e-01	6.0866994504476983918703988678447105e-05	6.7564432513385667843974544873569857e-03
7.5483642537199354603856393354142771e-03	8.5334199061039070524861215711818010e-01	6.1798544948342263083062510094238447e-05	6.8079465014234422477536563713522283e-03
7.4300231556779401694092460751055443e-03	8.8068018704380741105799113363820823e-01	6.2782922872072462417835793035216372e-05	6.8619502679161866816434993595956684e-03
7.3089153920558251553412923294094024e-03	9.0823956837756354203802924373419428e-01	6.3823321472211991595530660333809873e-05	6.9185690372062483291719180947064788e-03
7.1851022946401908156854287730570416e-03	9.3603083685882771187434478144324290e-01	6.4923221636092860163866009392124430e-05	6.9779261797655117918597291080343613e-03
7.0586476250220821589722101144648852e-03	9.6406520720495202149264544040190470e-01	6.6086422683718177953903240825586538e-05	7.0401547598249827832286092472348933e-03
6.9296176496170194668572329909525463e-03	9.9235444714023750905517844386824649e-01	6.7317077150712938419179290078015643e-05	7.1053984391583200424603987310015156e-03
6.7980812196092504918580059339773030e-03	1.0209109217555666934224083983458044e+00	6.8619730232498386753455925218979953e-05	7.1738124878461948100058344403999141e-03
6.6641098561990049330523140965712857e-03	1.0497476421477169544364718385912105e+00	6.9999364620197666717045439811412324e-05	7.2455649169663933948143522129188890e-03
6.5277778415707194000583283565644090e-03	1.0788783188596704578433856907448960e+00	7.1461451591499621175158687183878494e-05	7.3208377506080434855248258234598982e-03
6.3891623160442398742111205457599524e-03	1.1083174207184390856920158888489301e+00	7.3012009379911940904918935257388929e-05	7.3998284575247091582022544864986375e-03
6.2483433819206192898800047724164274e-03	1.1380802397548674823582341666851617e+00	7.4657670039951015442746650780906749e-05	7.4827515662197286207318380732931335e-03
6.1054042145901552361003455541502580e-03	1.1681829629930480160762762263843237e+00	7.6405756261951997092883715839977789e-05	7.5698404914214374525067870795426859e-03
5.9604311815337510633927610040015874e-03	1.1986427520184136433786644333143645e+00	7.8264369878617225709952399208493833e-05	7.6613496049096921403986890206635026e-03
5.8135139699207065272239809634131961e-03	1.2294778313769929616644556126437950e+00	8.0242494159248959226543001220518237e-05	7.7575565896911563661992800594432602e-03
5.6647457235880419827159814507242855e-03	1.2607075870283062770403755770043617e+00	8.2350112423602523516069635206719237e-05	7.8587651238318174968391420059724785e-03
5.5142231902800864843694568981903545e-03	1.2923526762766348016869087610631977e+00	8.4598346047039916350753905757993911e-05	7.9653079491482097211391613359502125e-03
5.3620468801342885881222464109921660e-03	1.3244351508469753745790624088732326e+00	8.6999615600119409774034843191560439e-05	8.0775503908243533697458979119724180e-03
5.2083212365224045652089815996926155e-03	1.3569785950617359712734021615289967e+00	8.9567829705339977011098710331044108e-05	8.1958944073588878044513994766841499e-03
5.0531548204982288583645560971046251e-03	1.3900082814232350351318283258501029e+00	9.2318607249198452148400072216552582e-05	8.3207832666986084086413278247246678e-03
4.8966605102672971044395397475609409e-03	1.4235513463293668653414765255915891e+00	9.5269539921972961438025421304924347e-05	8.4527069648117385124568369908570744e-03
4.7389557172846918218288201554936531e-03	1.4576369891632082638815175656283639e+00	9.8440503754340692774132152790722770e-05	8.5922085283789658639662714304725049e-03
4.5801626208093143271274696185784382e-03	1.4922966986246496990494845682277432e+00	1.0185403049093290141143371979878439e-04	8.7398913751510009024663982213616884e-03
4.4204084230030079808257431847490830e-03	1.5275645109426414880910988448756097e+00	1.0553575243699162113671558868812720e-04	8.8964279457103321163234505082982291e-03
4.2598256269684395382999365595632243e-03	1.5634773055582971928216270281430125e+00	1.0951493804023952487891754614669596e-04	9.0625698713711158372946692085663700e-03
4.0985523404802304668894145126977425e-03	1.6000751450513717923442566161239423e+00	1.1382514020649098015889564928251345e-04	9.2391600080898734609580016348807467e-03
3.9367326085914081795566459991684166e-03	1.6374016675605284488283311395032811e+00	1.1850498558220289645777664953650082e-04	9.4271467500460813569484837391572884e-03
3.7745167788067935916524457989446374e-03	1.6755045418073760881570935111131873e+00	1.2359914131105809396366683872081920e-04	9.6276011451243124665193313930045733e-03
3.6120619031253806162867859118754217e-03	1.7144359971903720109834516956915266e+00	1.2915950684696473295023979101059519e-04	9.8417374763289764469047733167983846e-03
3.4495321819891795310747552913939351e-03	1.7542534444220351937893734040302773e+00	1.3524669336771220005854833969188667e-04	1.0070938159908228809876445794582449e-02
3.2870994560672718525288430494780477e-03	1.7950202060517868668222174224613946e+00	1.4193187374435770668976957350221196e-04	1.0316784059095492101671000675320296e-02
3.1249437528908762635847370826786926e-03	1.8368063812358172623596852885724956e+00	1.4929911415772275196180476946299043e-04	1.0581091645212881625904288418221619e-02
2.9632538966900896773720271994084893e-03	1.8796898756852425076627135884881655e+00	1.5744833767457179541085925722288874e-04	1.0865958888883030830663239100017279e-02
2.8022281914341021528647652483716130e-03	1.9237576364066190418186284030112255e+00	1.6649912542761318040254548794541885e-04	1.1173822381891951658057941787945747e-02
2.6420751891350345665676110236010854e-03	1.9691071424432115966661273256231685e+00	1.7659564011397115824501606706960483e-04	1.1507529046459833853970671160974129e-02
2.4830145580632107358694748375052407e-03	2.0158482184806769783591800865489406e+00	1.8791307109989820085410408410985283e-04	1.1870426990345420088080608896672516e-02
2.3252780688044369778433319083902516e-03	2.0641052595749203929640256112271097e+00	2.0066616894626054947668890672831867e-04	1.2266481775810469252687935731664723e-02
2.1691107202956017664564514525329621e-03	2.1140199848798708257172324332275685e+00	2.1512068912704110594951959323929409e-04	1.2700426838849027291155338280960363e-02
2.0147720334210423775184587711215338e-03	2.1657548798469320053107514627895913e+00	2.3160894814544896790820864763338789e-04	1.3177960416698339966513762822651615e-02
1.8625375468872189514917177842749099e-03	2.2194975456874795140609885822405133e+00	2.5055129018951782113054124926668624e-04	1.3706006749332131607618321380140396e-02
1.7127005595612719582204189448765218e-03	2.2754662609370890700879099869189544e+00	2.7248620544679293294963484011296849e-04	1.4293067552178386961388722725413063e-02
1.5655741762006953992658682354899189e-03	2.3339171871341039186835313333039225e+00	2.9811337135549083706484272519401410e-04	1.4949702556083230794293662988701573e-02
1.4214937309171737397950543273513572e-03	2.3951538425156145896308277148198131e+00	3.2835643661356949769900715940245827e-04	1.5689198284337054268036041115756924e-02
1.2808196869373613842322656698545233e-03	2.4595397639310483902771086768408226e+00	3.6445673779511413111312018791600408e-04	1.6528517530487593009780597550158429e-02
1.1439411455628862967281086167572176e-03	2.5275157466712330291439752139844616e+00	4.0811688084959971414614909817830323e-04	1.7489678033181824732018174959036386e-02
1.0112801469918851467763132248566033e-03	2.5996238179031957145748234091784464e+00	4.6172735465892387792470021702653676e-04	1.8601806336573675022779605350074317e-02
8.8329701957555313756621305751595043e-04	2.6765413914014242555653043946421262e+00	5.2873664712120623777701110531994552e-04	1.9904289018065899038209360698602001e-02
7.6049714702291452318572260641010199e-04	2.7591313154745856544499720023643650e+00	6.1428032750982906565780870431002976e-04	2.1451776131242041357441106101241151e-02
6.4343970139875393914537214482159811e-04	2.8485176745674164009656326510993813e+00	7.2630184338681305119349896062158692e-04	2.3322452688169503936292392487005798e-02
5.3274918237588928180946587438798696e-04	2.9462052158796457582645256722814571e+00	8.7766549231272107093349864801071507e-04	2.5632389017913354127279536677250463e-02
4.2913110577023723747294028227746916e-04	3.0542767462446120947379938665078277e+00	1.0904254550043209160151083906370216e-03	2.8561947036841755644051393631548967e-02
3.3339409647233046913919408348048957e-04	3.1757394365957307029447162080482216e+00	1.4052352406437357515639888255220940e-03	3.2408078557288609516888670724501779e-02
2.4648241242213564490793937284195182e-04	3.3151805254072150859101722458110891e+00	1.9045739699655430598016993481501979e-03	3.7698204635362827790574799661636841e-02
1.6952667294104932145399569022444881e-04	3.4801416405276729290823458635682462e+00	2.7796707278424412172588063634250005e-03	4.5471961673767791528395507217284332e-02
1.0392938720799113097290592204590557e-04	3.6844431311330581340989775030618067e+00	4.5727321192727662848611050386588364e-03	5.8118693251491196714139481916150279e-02
5.1525216345600687899711312298447611e-05	3.9582183356413641154080179789534792e+00	9.4686191857174574354788396783501796e-03	8.2721690334460536375045804774134370e-02
1.4841534899166913457908311030209566e-05	4.3935502222543651130273502811170487e+00	4.3673746408518697140317728415421587e-02	1.5668346286018824458066838246044468e-01
0.0000000000000000000000000000000000e+00	0.0000000000000000000000000000000000e+00	8.3958860243217651442258174614441515e-05	7.3847194029037631777635442424882033e-03