1.3967803915875362125635629664450945e-05	-4.4067387904846878923101264817892948e+00	4.3450104197569186008759473017085042e-02	1.5626864180950549719368312547920673e-01
4.8523287173637984915178539983604744e-05	-3.9726082729836848835823467651816869e+00	9.4130879621274670655669167540678068e-03	8.2476977169386103218156951602719199e-02
9.7928212566539969732966346329635916e-05	-3.6996756462680789199688613597357649e+00	4.5433420823956033762323260128806305e-03	5.7930940016343712999068991480002260e-02
1.5981521036888967593368047324044185e-04	-3.4960567200091943186531466812720017e+00	2.7604483175825773451367864253161897e-03	4.5314113071827036613328799289880372e-02
2.3246505673380138873052088079526171e-04	-3.3316851958594173049080323716019729e+00	1.8905621486788240184970585907034477e-03	3.7559068395171212703497820693145248e-02
3.1456322052829848043306367503478118e-04	-3.1927722571244644818012888648640644e+00	1.3943216182095400880210233316426388e-03	3.2281848243885856269645565763942149e-02
4.0504980848968476808942521106019672e-04	-3.0717938673464656035452136016048186e+00	1.0815358600305173563807403220427969e-03	2.8445186887980604440131796685853856e-02
5.0303947202362779990265047652327209e-04	-2.9641737021555681851875059648545887e+00	8.7018725500167766174922067484750781e-04	2.5522881246066189757739863179207131e-02
6.0777389912672542769311163717607860e-04	-2.8669118758554691309285373462402911e+00	7.1985598845466509087740946678204690e-04	2.3218673923753390798943017075729576e-02
7.1859135348273398417160501346049328e-04	-2.7779307127034767642804661622841691e+00	6.0861779715661773291419591011070526e-04	2.1352629895370178024367712109723893e-02
8.3490598208080654619448184515384129e-04	-2.6957292313751180354896656781329595e+00	5.2368588192309245175632908519595685e-04	1.9808956706057073681838189936475672e-02
9.5619312070531126317830270847355271e-04	-2.6191862031969074781107207294393430e+00	4.5716564875451791882961436298470474e-04	1.8509658536738147334568276307528111e-02
1.0819784854579760745338635722228819e-03	-2.5474410039719371850804491938566970e+00	4.0395372567201043812732845829617829e-04	1.7400218908872311850586301718391084e-02
1.2118299925660432236235497234935341e-03	-2.4798179909769037981859082649160535e+00	3.6062363646224680550910869050653254e-04	1.6441348416978584099514804808820956e-02
1.3453514193611541014663624140403640e-03	-2.4157765741283728040937426084121527e+00	3.2480040984364930276576943019754044e-04	1.5603993002423818393544150141811457e-02
1.4821773933437969572556097607248693e-03	-2.3548771432899039463498129934021722e+00	2.9479266885005302904611130900016629e-04	1.4866190162645006951470927864347619e-02
1.6219693632571792965971852801485818e-03	-2.2967571529345120792806108865813046e+00	2.6936738736349688700124311016983941e-04	1.4211019974475289025476510874249708e-02
1.7644123118657398825786117859294329e-03	-2.2411139244497681523040626582811114e+00	2.4760718872771294946993842564723573e-04	1.3625229721412664244748075302209056e-02
1.9092120393549203018754167123165160e-03	-2.1876920154214114478743996444077289e+00	2.2881721115844028458610854055101106e-04	1.3098286705868907551825166200038352e-02
2.0560928928723685509345731145586903e-03	-2.1362737694613010907218966193155684e+00	2.1246271855514788003068531686835712e-04	1.2621711096055028600343674869683452e-02
2.2047958498925132138716764718192568e-03	-2.0866721285556345674444977933882923e+00	1.9812633316935209194794959447327932e-04	1.2188596560422329400074453659851089e-02
2.3550768857705757255564727545704171e-03	-2.0387250855156534583291253094991222e+00	1.8547811117256925048272984902517356e-04	1.1793259659273203970543599958646512e-02
2.5067055721639320064367593066012784e-03	-1.9922913455533104726409234334366395e+00	1.7425421571603130928973791180150180e-04	1.1430979289451541578144446058423349e-02
2.6594638649328755529295538593350647e-03	-1.9472468928781145183897189316844756e+00	1.6424146313654456012084924523195862e-04	1.1097800246809197292497490716682696e-02
2.8131450490009390638531745764004855e-03	-1.9034822440543932635534187840526898e+00	1.5526595527993812422429324491213749e-04	1.0790383183298921765615163540888695e-02
2.9675528143380010949948228823179950e-03	-1.8609002290361967725239787971052983e+00	1.4718460224541733392422020820590207e-04	1.0505888630428495997142014098636019e-02
3.1225004423305730916234509365182126e-03	-1.8194141822912255805116322986569966e+00	1.3987872094142877854438445373545756e-04	1.0241886373809451245690881308752276e-02
3.2778100857430480549738861342758226e-03	-1.7789464559736758037684625910165657e+00	1.3324914524668201043175512306399341e-04	9.9962839260135672223810658753941363e-03
3.4333121285485847311839145478480973e-03	-1.7394271884480954863106790704018915e+00	1.2721245104790647348387894266984189e-04	9.7672695504471507589756634086721227e-03
3.5888446143321336064694936418268401e-03	-1.7007932770834519330028596698161632e+00	1.2169801328004142491423655522980612e-04	9.5532664877241172736503684735868212e-03
3.7442527338961603950206004343303046e-03	-1.6629875158025412766580178760624148e+00	1.1664569066484111772281540281476725e-04	9.3528958901594054853868044743511053e-03
3.8993883642462479728606462986402865e-03	-1.6259578665333101430855297978518114e+00	1.1200398882264716104166090996685896e-04	9.1649465862976584477202734805423062e-03
4.0541096523841412454518792145590697e-03	-1.5896568402622860293244200490565396e+00	1.0772859140128366557258264733029136e-04	8.9883502472926751042515818130651549e-03
4.2082806383540612709392685521835403e-03	-1.5540409683969360167758771133594451e+00	1.0378117682021964433826233487377779e-04	8.8221608589726530763997236320345027e-03
4.3617709128229949483703598109972330e-03	-1.5190703490029999368400938567886448e+00	1.0012845850590783174688463078534991e-04	8.6655376509470878241873238150551941e-03
4.5144553051645530836894605107171698e-03	-1.4847082554826682732056320942274869e+00	9.6741401357832687656572975781267755e-05	8.5177308203950438360032581582082388e-03
4.6662135985878090014761169175547490e-03	-1.4509207976096667193972234691938654e+00	9.3594578186874544570620865642659696e-05	8.3780695296219917186082112809668630e-03
4.8169302693298412178290288119836886e-03	-1.4176766266921874516474777469408189e+00	9.0665638086426038833304426448627800e-05	8.2459517647745087413625189304235065e-03
4.9664942473312331058199803693310264e-03	-1.3849466781087623828055188910391800e+00	8.7934864889601533558882070090968614e-05	8.1208357266790507134438698750873050e-03
5.1147986961515571773578940470510297e-03	-1.3527039456414460194260578927042345e+00	8.5384808570363823874301954776138651e-05	8.0022324897462655547890141633836990e-03
5.2617408101680659341363997238402788e-03	-1.3209232829799021637832159346278385e+00	8.2999976047739509092159890827509042e-05	7.8896997157501351169877946949402456e-03
5.4072216273443831001190339400521247e-03	-1.2895812285385265206055357180298536e+00	8.0766570629269586918103503701806642e-05	7.7828362493785598993989669667019538e-03
5.5511458560641623648586161812679081e-03	-1.2586558503544374323520864443875919e+00	7.8672271485927610082673885378344476e-05	7.6812774542418763657820876803620854e-03
5.6934217147033140713221976543323693e-03	-1.2281266083462606580599048696083545e+00	7.6706046235711388310429526318559566e-05	7.5846911733857633422565753556325762e-03
5.8339607827682702596342415123825836e-03	-1.1979742316348457830503100625620473e+00	7.4857991038099041586245277739042945e-05	7.4927742186999938543089565664559697e-03
5.9726778625607795841610271573981568e-03	-1.1681806089751591977125198454481987e+00	7.3119193649623747195735182312076747e-05	7.4052493100240275242342980732494414e-03
6.1094908504451192627555264594687594e-03	-1.1387286906375929250466750408092897e+00	7.1481615724504518455544505919381397e-05	7.3218623980535692919258549788901267e-03
6.2443206168940479986148564750866680e-03	-1.1096024003178842463952337516113158e+00	6.9937991310980747696190958442488927e-05	7.2423803159896694538775087766600550e-03
6.3770908945775174283521381010459727e-03	-1.0807865558565713571951316793146894e+00	6.8481739029906717082167590560214338e-05	7.1665887137418677130530675242632553e-03
6.5077281738349588555900512125910545e-03	-1.0522667977184655301308879015103824e+00	6.7106885855037208007333132857640720e-05	7.0942902357888291485305690678281428e-03
6.6361616049394156193061208050657419e-03	-1.0240295243256685515871781410741143e+00	6.5808000765721046768103719850064190e-05	7.0253029098201556776878073884608584e-03
6.7623229066212019002351593254324753e-03	-9.9606183345878398982587584917104492e-01	6.4580136829070334743813523646081103e-05	6.9594587182736509830704421464348903e-03
6.8861462803712354596541681884736317e-03	-9.6835146904387727438536423869161327e-01	6.3418780503093829011432664645487655e-05	6.8966023290355534554718540484878370e-03
7.0075683300906459468307036417603942e-03	-9.4088677273046033062810158858022266e-01	6.2319807144980892911210721259920755e-05	6.8365899650406026822688230434021926e-03
7.1265279866944934542914448701961574e-03	-9.1365663974078942391153465541274837e-01	6.1279441867749461532138405509619351e-05	6.7792883954173302263140685019540352e-03
7.2429664373141187978179578018613680e-03	-8.8665047853510582105428313900473983e-01	6.0294225020209406284125943860732995e-05	6.7245740332707758483645513215408792e-03
7.3568270587753647888601626297845359e-03	-8.5985817389279711378398781572266429e-01	5.9360981674722991397306732209379575e-05	6.6723321272600882874700675419993642e-03
7.4680553550591517835012373939412527e-03	-8.3327005305720275877829859167591214e-01	5.8476794598630706999871903169428813e-05	6.6224560358772769100394522808017153e-03
7.5765988984770871482350070767979852e-03	-8.0687685463308555750531734510689283e-01	5.7638980261717582472494666275670630e-05	6.5748465748188156561168056720426456e-03
7.6824072743183046512781551009397298e-03	-7.8066969996160428606300097531451166e-01	5.6845067496354304731277573155465006e-05	6.5294114291073039394194414084149862e-03
7.7854320287448842774946374652598658e-03	-7.5464006672875682755284930390845803e-01	5.6092778481090151381852284038841134e-05	6.4860646227016423766585729921305586e-03
7.8856266197322715253348704657803947e-03	-7.2877976459039367845225982693079937e-01	5.5380011764232812899780541001896493e-05	6.4447260392605969783488640022194358e-03
7.9829463708683378650516879475526139e-03	-7.0308091262059729479798663868086028e-01	5.4704827082736316065158541183093144e-05	6.4053209885205310327059430475624519e-03
8.0773484278403099514475809591544712e-03	-6.7753591841096344923994152012104088e-01	5.4065431764688872565262541281233786e-05	6.3677798134336668585321897068154238e-03
8.1687917174529272491041378895985738e-03	-6.5213745866651293008187470322251817e-01	5.3460168531797410750880357650926466e-05	6.3320375338053054202472697171787841e-03
8.2572369090340261268946487705168757e-03	-6.2687846115995043222758812605254772e-01	5.2887504542287585582677749189880850e-05	6.2980335226810137775756870574912453e-03
8.3426463780954338555497508869461566e-03	-6.0175208792006589049155504624435790e-01	5.2346021535224374202812766069923482e-05	6.2657112121796419031937311913539273e-03
8.4249841721277120639807907060094651e-03	-5.7675171954249221549800287752796849e-01	5.1834406954945678065669335582282129e-05	6.2350178258550240897088998832152424e-03
8.5042159784170252340407952093661412e-03	-5.5187094052200658911390318124091763e-01	5.1351445949536143771452855120664257e-05	6.2059041350066720903148228052378731e-03
8.5803090937813222227322800512603058e-03	-5.2710352551527376119980076160444291e-01	5.0896014150423181074488131686828705e-05	6.1783242366547016462526023753677840e-03
8.6532323961311930624523658998249228e-03	-5.0244342645153690206696072551424934e-01	5.0467071151563567190322317546504696e-05	6.1522353511526003707551598532339415e-03
8.7229563177682752765449560326738723e-03	-4.7788476041640031320662453289944887e-01	5.0063654616568587823180223968443882e-05	6.1275976376382950292392017660894723e-03
8.7894528203410011617275700075736954e-03	-4.5342179824063584246050604092017090e-01	4.9684874950708398142562993409953630e-05	6.1043740257236112120321078258798888e-03
8.8526953713838601184796497367416254e-03	-4.2904895373198245203184918837884214e-01	4.9329910482227808973559177893475452e-05	6.0825300619983095313118689689673319e-03
8.9126589223722519403610470944304457e-03	-4.0476077349328372591500565859935175e-01	4.8998003103953027507017879098061206e-05	6.0620337700805714491532998684120159e-03
8.9693198882304761769387093813608427e-03	-3.8055192727509721423219668572238253e-01	4.8688454331905176949733713649799567e-05	6.0428555230837899347919253649313996e-03
9.0226561282354825113395042906742905e-03	-3.5641719881517843319745355890545324e-01	4.8400621742674932376184747626461685e-05	6.0249679274921135985658111943568736e-03
9.0726469282637364649034278225156542e-03	-3.3235147712104849711317285755293417e-01	4.8133915755749903848856995119449550e-05	6.0083457175463969016413259208624399e-03
9.1192729843329687765953290106439961e-03	-3.0834974815524774320917497646705849e-01	4.7887796730905035655977258563680913e-05	5.9929656593397520764352690654712484e-03
9.1625163873947072758520447522347721e-03	-2.8440708688590187326342534270771881e-01	4.7661772354237064310703201978415224e-05	5.9788064639092793074371279563742481e-03
9.2023606093373658015054342494501896e-03	-2.6051864966792003942272521084454732e-01	4.7455395289507866400002460019805850e-05	5.9658487086890738780061362590980822e-03
9.2387904901633119519378316664259184e-03	-2.3667966692253903825707409325162488e-01	4.7268261074210848253878506677518048e-05	5.9540747667604093456860900060183457e-03
9.2717922263067781389991217196656496e-03	-2.1288543608505318540135029470120231e-01	4.7100006242234841388637608969387703e-05	5.9434687433990695332930682027616280e-03
9.3013533600627405141094801685940272e-03	-1.8913131479245063135097305628724789e-01	4.6950306657210765364559666579628622e-05	5.9340164194780235188770374176999543e-03
9.3274627700999880365054551815588486e-03	-1.6541271428433567138328091999642229e-01	4.6818876042622058201595882411059219e-05	5.9257052013367781811567721541828251e-03
9.3501106630345579211273773828680606e-03	-1.4172509299197191991819520060613180e-01	4.6705464696570753199061721265667017e-05	5.9185240767774858308905144036935725e-03
9.3692885660425412580397731665160868e-03	-1.1806395029154940261019797571700280e-01	4.6609858380743710983965071972130095e-05	5.9124635768928391568839769972298741e-03
9.3849893204939798957439363252183785e-03	-9.4424820398873703189757450087342812e-02	4.6531877374641490996546324478478879e-05	5.9075157434724981764837895141065205e-03
9.3972070765921978862782291884667999e-03	-7.0803266383609247936942231690313266e-02	4.6471375687536736746085000217796743e-05	5.9036741017737569984386529038978294e-03
9.4059372890054522067867769556213512e-03	-4.7194874281991700988997352986433640e-02	4.6428240421938725649746822683761654e-05	5.9009336384788204526204502076004698e-03
9.4111767134802616892766045919879656e-03	-2.3595247287564643547257150146123138e-02	4.6402391283573144896796433322620491e-05	5.8992907846958337855461726767813354e-03
9.4129234044281931052715097851930917e-03	0.0000000000000000000000000000000000e+00	4.6393780234057054396649719703273005e-05	5.8987434038940746333445911314618636e-03
9.4111767134802616892766045919879656e-03	2.3595247287564643547257150146123138e-02	4.6402391283573144896796433322620491e-05	5.8992907846958337855461726767813354e-03
9.4059372890054522067867769556213512e-03	4.7194874281991700988997352986433640e-02	4.6428240421938725649746822683761654e-05	5.9009336384788204526204502076004698e-03
9.3972070765921978862782291884667999e-03	7.0803266383609247936942231690313266e-02	4.6471375687536736746085000217796743e-05	5.9036741017737569984386529038978294e-03
9.3849893204939798957439363252183785e-03	9.4424820398873703189757450087342812e-02	4.6531877374641490996546324478478879e-05	5.9075157434724981764837895141065205e-03
9.3692885660425412580397731665160868e-03	1.1806395029154940261019797571700280e-01	4.6609858380743710983965071972130095e-05	5.9124635768928391568839769972298741e-03
9.3501106630345579211273773828680606e-03	1.4172509299197191991819520060613180e-01	4.6705464696570753199061721265667017e-05	5.9185240767774858308905144036935725e-03
9.3274627700999880365054551815588486e-03	1.6541271428433567138328091999642229e-01	4.6818876042622058201595882411059219e-05	5.9257052013367781811567721541828251e-03
9.3013533600627405141094801685940272e-03	1.8913131479245063135097305628724789e-01	4.6950306657210765364559666579628622e-05	5.9340164194780235188770374176999543e-03
9.2717922263067781389991217196656496e-03	2.1288543608505318540135029470120231e-01	4.7100006242234841388637608969387703e-05	5.9434687433990695332930682027616280e-03
9.2387904901633119519378316664259184e-03	2.3667966692253903825707409325162488e-01	4.7268261074210848253878506677518048e-05	5.9540747667604093456860900060183457e-03
9.2023606093373658015054342494501896e-03	2.6051864966792003942272521084454732e-01	4.7455395289507866400002460019805850e-05	5.9658487086890738780061362590980822e-03
9.1625163873947072758520447522347721e-03	2.8440708688590187326342534270771881e-01	4.7661772354237064310703201978415224e-05	5.9788064639092793074371279563742481e-03
9.1192729843329687765953290106439961e-03	3.0834974815524774320917497646705849e-01	4.7887796730905035655977258563680913e-05	5.9929656593397520764352690654712484e-03
9.0726469282637364649034278225156542e-03	3.3235147712104849711317285755293417e-01	4.8133915755749903848856995119449550e-05	6.0083457175463969016413259208624399e-03
9.0226561282354825113395042906742905e-03	3.5641719881517843319745355890545324e-01	4.8400621742674932376184747626461685e-05	6.0249679274921135985658111943568736e-03
8.9693198882304761769387093813608427e-03	3.8055192727509721423219668572238253e-01	4.8688454331905176949733713649799567e-05	6.0428555230837899347919253649313996e-03
8.9126589223722519403610470944304457e-03	4.0476077349328372591500565859935175e-01	4.8998003103953027507017879098061206e-05	6.0620337700805714491532998684120159e-03
8.8526953713838601184796497367416254e-03	4.2904895373198245203184918837884214e-01	4.9329910482227808973559177893475452e-05	6.0825300619983095313118689689673319e-03
8.7894528203410011617275700075736954e-03	4.5342179824063584246050604092017090e-01	4.9684874950708398142562993409953630e-05	6.1043740257236112120321078258798888e-03
8.7229563177682752765449560326738723e-03	4.7788476041640031320662453289944887e-01	5.0063654616568587823180223968443882e-05	6.1275976376382950292392017660894723e-03
8.6532323961311930624523658998249228e-03	5.0244342645153690206696072551424934e-01	5.0467071151563567190322317546504696e-05	6.1522353511526003707551598532339415e-03
8.5803090937813222227322800512603058e-03	5.2710352551527376119980076160444291e-01	5.0896014150423181074488131686828705e-05	6.1783242366547016462526023753677840e-03
8.5042159784170252340407952093661412e-03	5.5187094052200658911390318124091763e-01	5.1351445949536143771452855120664257e-05	6.2059041350066720903148228052378731e-03
8.4249841721277120639807907060094651e-03	5.7675171954249221549800287752796849e-01	5.1834406954945678065669335582282129e-05	6.2350178258550240897088998832152424e-03
8.3426463780954338555497508869461566e-03	6.0175208792006589049155504624435790e-01	5.2346021535224374202812766069923482e-05	6.2657112121796419031937311913539273e-03
8.2572369090340261268946487705168757e-03	6.2687846115995043222758812605254772e-01	5.2887504542287585582677749189880850e-05	6.2980335226810137775756870574912453e-03
8.1687917174529272491041378895985738e-03	6.5213745866651293008187470322251817e-01	5.3460168531797410750880357650926466e-05	6.3320375338053054202472697171787841e-03
8.0773484278403099514475809591544712e-03	6.7753591841096344923994152012104088e-01	5.4065431764688872565262541281233786e-05	6.3677798134336668585321897068154238e-03
7.9829463708683378650516879475526139e-03	7.0308091262059729479798663868086028e-01	5.4704827082736316065158541183093144e-05	6.4053209885205310327059430475624519e-03
7.8856266197322715253348704657803947e-03	7.2877976459039367845225982693079937e-01	5.5380011764232812899780541001896493e-05	6.4447260392605969783488640022194358e-03
7.7854320287448842774946374652598658e-03	7.5464006672875682755284930390845803e-01	5.6092778481090151381852284038841134e-05	6.4860646227016423766585729921305586e-03
7.6824072743183046512781551009397298e-03	7.8066969996160428606300097531451166e-01	5.6845067496354304731277573155465006e-05	6.5294114291073039394194414084149862e-03
7.5765988984770871482350070767979852e-03	8.0687685463308555750531734510689283e-01	5.7638980261717582472494666275670630e-05	6.5748465748188156561168056720426456e-03
7.4680553550591517835012373939412527e-03	8.3327005305720275877829859167591214e-01	5.8476794598630706999871903169428813e-05	6.6224560358772769100394522808017153e-03
7.3568270587753647888601626297845359e-03	8.5985817389279711378398781572266429e-01	5.9360981674722991397306732209379575e-05	6.6723321272600882874700675419993642e-03
7.2429664373141187978179578018613680e-03	8.8665047853510582105428313900473983e-01	6.0294225020209406284125943860732995e-05	6.7245740332707758483645513215408792e-03
7.1265279866944934542914448701961574e-03	9.1365663974078942391153465541274837e-01	6.1279441867749461532138405509619351e-05	6.7792883954173302263140685019540352e-03
7.0075683300906459468307036417603942e-03	9.4088677273046033062810158858022266e-01	6.2319807144980892911210721259920755e-05	6.8365899650406026822688230434021926e-03
6.8861462803712354596541681884736317e-03	9.6835146904387727438536423869161327e-01	6.3418780503093829011432664645487655e-05	6.8966023290355534554718540484878370e-03
6.7623229066212019002351593254324753e-03	9.9606183345878398982587584917104492e-01	6.4580136829070334743813523646081103e-05	6.9594587182736509830704421464348903e-03
6.6361616049394156193061208050657419e-03	1.0240295243256685515871781410741143e+00	6.5808000765721046768103719850064190e-05	7.0253029098201556776878073884608584e-03
6.5077281738349588555900512125910545e-03	1.0522667977184655301308879015103824e+00	6.7106885855037208007333132857640720e-05	7.0942902357888291485305690678281428e-03
6.3770908945775174283521381010459727e-03	1.0807865558565713571951316793146894e+00	6.8481739029906717082167590560214338e-05	7.1665887137418677130530675242632553e-03
6.2443206168940479986148564750866680e-03	1.1096024003178842463952337516113158e+00	6.9937991310980747696190958442488927e-05	7.2423803159896694538775087766600550e-03
6.1094908504451192627555264594687594e-03	1.1387286906375929250466750408092897e+00	7.1481615724504518455544505919381397e-05	7.3218623980535692919258549788901267e-03
5.9726778625607795841610271573981568e-03	1.1681806089751591977125198454481987e+00	7.3119193649623747195735182312076747e-05	7.4052493100240275242342980732494414e-03
5.8339607827682702596342415123825836e-03	1.1979742316348457830503100625620473e+00	7.4857991038099041586245277739042945e-05	7.4927742186999938543089565664559697e-03
5.6934217147033140713221976543323693e-03	1.2281266083462606580599048696083545e+00	7.6706046235711388310429526318559566e-05	7.5846911733857633422565753556325762e-03
5.5511458560641623648586161812679081e-03	1.2586558503544374323520864443875919e+00	7.8672271485927610082673885378344476e-05	7.6812774542418763657820876803620854e-03
5.4072216273443831001190339400521247e-03	1.2895812285385265206055357180298536e+00	8.0766570629269586918103503701806642e-05	7.7828362493785598993989669667019538e-03
5.2617408101680659341363997238402788e-03	1.3209232829799021637832159346278385e+00	8.2999976047739509092159890827509042e-05	7.8896997157501351169877946949402456e-03
5.1147986961515571773578940470510297e-03	1.3527039456414460194260578927042345e+00	8.5384808570363823874301954776138651e-05	8.0022324897462655547890141633836990e-03
4.9664942473312331058199803693310264e-03	1.3849466781087623828055188910391800e+00	8.7934864889601533558882070090968614e-05	8.1208357266790507134438698750873050e-03
4.8169302693298412178290288119836886e-03	1.4176766266921874516474777469408189e+00	9.0665638086426038833304426448627800e-05	8.2459517647745087413625189304235065e-03
4.6662135985878090014761169175547490e-03	1.4509207976096667193972234691938654e+00	9.3594578186874544570620865642659696e-05	8.3780695296219917186082112809668630e-03
4.5144553051645530836894605107171698e-03	1.4847082554826682732056320942274869e+00	9.6741401357832687656572975781267755e-05	8.5177308203950438360032581582082388e-03
4.3617709128229949483703598109972330e-03	1.5190703490029999368400938567886448e+00	1.0012845850590783174688463078534991e-04	8.6655376509470878241873238150551941e-03
4.2082806383540612709392685521835403e-03	1.5540409683969360167758771133594451e+00	1.0378117682021964433826233487377779e-04	8.8221608589726530763997236320345027e-03
4.0541096523841412454518792145590697e-03	1.5896568402622860293244200490565396e+00	1.0772859140128366557258264733029136e-04	8.9883502472926751042515818130651549e-03
3.8993883642462479728606462986402865e-03	1.6259578665333101430855297978518114e+00	1.1200398882264716104166090996685896e-04	9.1649465862976584477202734805423062e-03
3.7442527338961603950206004343303046e-03	1.6629875158025412766580178760624148e+00	1.1664569066484111772281540281476725e-04	9.3528958901594054853868044743511053e-03
3.5888446143321336064694936418268401e-03	1.7007932770834519330028596698161632e+00	1.2169801328004142491423655522980612e-04	9.5532664877241172736503684735868212e-03
3.4333121285485847311839145478480973e-03	1.7394271884480954863106790704018915e+00	1.2721245104790647348387894266984189e-04	9.7672695504471507589756634086721227e-03
3.2778100857430480549738861342758226e-03	1.7789464559736758037684625910165657e+00	1.3324914524668201043175512306399341e-04	9.9962839260135672223810658753941363e-03
3.1225004423305730916234509365182126e-03	1.8194141822912255805116322986569966e+00	1.3987872094142877854438445373545756e-04	1.0241886373809451245690881308752276e-02
2.9675528143380010949948228823179950e-03	1.8609002290361967725239787971052983e+00	1.4718460224541733392422020820590207e-04	1.0505888630428495997142014098636019e-02
2.8131450490009390638531745764004855e-03	1.9034822440543932635534187840526898e+00	1.5526595527993812422429324491213749e-04	1.0790383183298921765615163540888695e-02
2.6594638649328755529295538593350647e-03	1.9472468928781145183897189316844756e+00	1.6424146313654456012084924523195862e-04	1.1097800246809197292497490716682696e-02
2.5067055721639320064367593066012784e-03	1.9922913455533104726409234334366395e+00	1.7425421571603130928973791180150180e-04	1.1430979289451541578144446058423349e-02
2.3550768857705757255564727545704171e-03	2.0387250855156534583291253094991222e+00	1.8547811117256925048272984902517356e-04	1.1793259659273203970543599958646512e-02
2.2047958498925132138716764718192568e-03	2.0866721285556345674444977933882923e+00	1.9812633316935209194794959447327932e-04	1.2188596560422329400074453659851089e-02
2.0560928928723685509345731145586903e-03	2.1362737694613010907218966193155684e+00	2.1246271855514788003068531686835712e-04	1.2621711096055028600343674869683452e-02
1.9092120393549203018754167123165160e-03	2.1876920154214114478743996444077289e+00	2.2881721115844028458610854055101106e-04	1.3098286705868907551825166200038352e-02
1.7644123118657398825786117859294329e-03	2.2411139244497681523040626582811114e+00	2.4760718872771294946993842564723573e-04	1.3625229721412664244748075302209056e-02
1.6219693632571792965971852801485818e-03	2.2967571529345120792806108865813046e+00	2.6936738736349688700124311016983941e-04	1.4211019974475289025476510874249708e-02
1.4821773933437969572556097607248693e-03	2.3548771432899039463498129934021722e+00	2.9479266885005302904611130900016629e-04	1.4866190162645006951470927864347619e-02
1.3453514193611541014663624140403640e-03	2.4157765741283728040937426084121527e+00	3.2480040984364930276576943019754044e-04	1.5603993002423818393544150141811457e-02
1.2118299925660432236235497234935341e-03	2.4798179909769037981859082649160535e+00	3.6062363646224680550910869050653254e-04	1.6441348416978584099514804808820956e-02
1.0819784854579760745338635722228819e-03	2.5474410039719371850804491938566970e+00	4.0395372567201043812732845829617829e-04	1.7400218908872311850586301718391084e-02
9.5619312070531126317830270847355271e-04	2.6191862031969074781107207294393430e+00	4.5716564875451791882961436298470474e-04	1.8509658536738147334568276307528111e-02
8.3490598208080654619448184515384129e-04	2.6957292313751180354896656781329595e+00	5.2368588192309245175632908519595685e-04	1.9808956706057073681838189936475672e-02
7.1859135348273398417160501346049328e-04	2.7779307127034767642804661622841691e+00	6.0861779715661773291419591011070526e-04	2.1352629895370178024367712109723893e-02
6.0777389912672542769311163717607860e-04	2.8669118758554691309285373462402911e+00	7.1985598845466509087740946678204690e-04	2.3218673923753390798943017075729576e-02
5.0303947202362779990265047652327209e-04	2.9641737021555681851875059648545887e+00	8.7018725500167766174922067484750781e-04	2.5522881246066189757739863179207131e-02
4.0504980848968476808942521106019672e-04	3.0717938673464656035452136016048186e+00	1.0815358600305173563807403220427969e-03	2.8445186887980604440131796685853856e-02
3.1456322052829848043306367503478118e-04	3.1927722571244644818012888648640644e+00	1.3943216182095400880210233316426388e-03	3.2281848243885856269645565763942149e-02
2.3246505673380138873052088079526171e-04	3.3316851958594173049080323716019729e+00	1.8905621486788240184970585907034477e-03	3.7559068395171212703497820693145248e-02
1.5981521036888967593368047324044185e-04	3.4960567200091943186531466812720017e+00	2.7604483175825773451367864253161897e-03	4.5314113071827036613328799289880372e-02
9.7928212566539969732966346329635916e-05	3.6996756462680789199688613597357649e+00	4.5433420823956033762323260128806305e-03	5.7930940016343712999068991480002260e-02
4.8523287173637984915178539983604744e-05	3.9726082729836848835823467651816869e+00	9.4130879621274670655669167540678068e-03	8.2476977169386103218156951602719199e-02
1.3967803915875362125635629664450945e-05	4.4067387904846878923101264817892948e+00	4.3450104197569186008759473017085042e-02	1.5626864180950549719368312547920673e-01
0.0000000000000000000000000000000000e+00	0.0000000000000000000000000000000000e+00	8.0347989893726871486833439497402059e-05	7.2241741433276446795691258955299772e-03