1.3760313812980087695522488134826252e-05	-4.4099863556163929198956235079589901e+00	4.3395287963131495460175122611069321e-02	1.5616681669693245940698990450413185e-01
4.7810061372413101035995490694831278e-05	-3.9761506768195310261424052598436550e+00	9.3994887923024808404284890650554328e-03	8.2416940882682546234217368000899481e-02
9.6501810777392571921539402002999008e-05	-3.7034247191250259702234367496295975e+00	4.5361494937020074389840825620127745e-03	5.7884899793978991580530453633596728e-02
1.5750607064975949872139750573804601e-04	-3.4999731368733093606946352964921631e+00	2.7557467500438411511314746690786651e-03	4.5275422088132820880224843561718637e-02
2.2913095290638977456987998670685681e-04	-3.3357461044188311459805606977721684e+00	1.8871368050695375611550957793592425e-03	3.7524976931565563587343149235201531e-02
3.1008276316717931222753070886849648e-04	-3.1969625527022238899850790337300390e+00	1.3916549412149145431611634996384744e-03	3.2250929796982444050807479653579103e-02
3.9931836150417343936222295963099252e-04	-3.0761027673182314129958411682503486e+00	1.0793647193043517631187787004297837e-03	2.8416597400393821731155928492848612e-02
4.9596635565258840035825905221214217e-04	-2.9685931052509211697586576428047855e+00	8.6836159751530499729910727758696854e-04	2.5496075903493523586788487108620259e-02
5.9928035513751511985085260499305904e-04	-2.8714354705116940000224954656112815e+00	7.1828301243738797084515024480988850e-04	2.3193278522858699056607519961129229e-02
7.0860899869767306034263925910472177e-04	-2.7825534477786697077133733850774360e+00	6.0723652401633804455751981578820483e-04	2.1328375115276284972649868423041373e-02
8.2337559342288426540184213072886408e-04	-2.7004469807091973024974443411046278e+00	5.2245431377753933797275710414861071e-04	1.9785641496774319424612123632252527e-02
9.4306365554240528631471765537736989e-04	-2.6239955419959676942944167523168312e+00	4.5605375137586327275019129786104059e-04	1.8487128331390066976590951765924532e-02
1.0672062749351767882178334705402295e-03	-2.5523390536068304827953656048047741e+00	4.0293934868020801017806625908717074e-04	1.7378351959229650998325872399486586e-02
1.1953780658008241688251699613938628e-03	-2.4848023076631430118757667273616971e+00	3.5969001870454426383026342838792420e-04	1.6420046849863537119225712647842022e-02
1.3271889290026585528460569517809964e-03	-2.4208450668664280833466984393733082e+00	3.2393458904271005987557701069596510e-04	1.5583176754769104027132474250246332e-02
1.4622791212250067629073340142330095e-03	-2.3600280119614827523600556012384866e+00	2.9398443145141684327902180525457910e-04	1.4845792743715222752323268163414305e-02
1.6003152904162796922465452281738505e-03	-2.3019888406724868814217726503441343e+00	2.6860855393979942759389551154670867e-04	1.4190985427950353889237208644287052e-02
1.7409872410638470212780379733417125e-03	-2.2464250803596548397640403062235484e+00	2.4689111491921310699203923491251416e-04	1.3605510398748117536713057419360515e-02
1.8840052609581447842411623609202650e-03	-2.1930814649672323506874805604357225e+00	2.2813843113875745637835750826934583e-04	1.3078841602286550614510409079988032e-02
2.0290978869598627263322078073748645e-03	-2.1417404906305543211677807738953469e+00	2.1181668517258756889647213771597068e-04	1.2602504585500769729664148411517198e-02
2.1760100189303515999362366864332576e-03	-2.0922152324527592528601328372828926e+00	1.9750922515525371120466531879751453e-04	1.2169597419054850122830246955259729e-02
2.3245013133060365985040396098660914e-03	-2.0443438003983094757958813232961462e+00	1.8488668781706465841640205688935197e-04	1.1774440301303254016667767883355640e-02
2.4743448038481498386830249403656147e-03	-1.9979850035801033353212118871076918e+00	1.7368570574744051791711245853188532e-04	1.1412315161737919822645434281877821e-02
2.6253257088420897518025907371510133e-03	-1.9530149190169543509594769565532050e+00	1.6369347864859206379388813784039326e-04	1.1079269343834841900696545448861384e-02
2.7772403927468102689353727354220427e-03	-1.9093241467310413462204070887777580e+00	1.5473642427247570642514123792827809e-04	1.0771965654604646650060614754078401e-02
2.9298954568707122603487110611918489e-03	-1.8668155921981199527097931257289336e+00	1.4667171518281895446926176330782353e-04	1.0487566459891359091385820864227705e-02
3.0831069386700202441538461826029387e-03	-1.8254026586329131423490931969418543e+00	1.3938088799699462504789594558198604e-04	1.0223643115345986962776350442973995e-02
3.2366996031419630351548800747520450e-03	-1.7850077611230454903603536506294008e+00	1.3276496178483751464372630460942999e-04	9.9781044840322228112866557317421594e-03
3.3905063128107634405496911808968685e-03	-1.7455610959543378687716765558490603e+00	1.2674066952259646521013354208296865e-04	9.7491399961100757432374835786081766e-03
3.5443674651894927176478493809164755e-03	-1.7069996140780091366760832556844672e+00	1.2123752017827580446623137676528555e-04	9.5351739041023501968200822879131442e-03
3.6981304884980500666049452859695731e-03	-1.6692661592292860147741686599696305e+00	1.1619548745242310676129714817362922e-04	9.3348282408799150271906097959806313e-03
3.8516493879394131002469209265962651e-03	-1.6323087398631118554513740062384303e+00	1.1156317609081017291277643274258603e-04	9.1468926034259175850748413634405351e-03
4.0047843360666902437300755671970843e-03	-1.5960799106222821893174035451321402e+00	1.0729635559296307994090412162229845e-04	8.9702993350690222064124585090640511e-03
4.1574013017754836800681566247144535e-03	-1.5605362440568968106168526098810518e+00	1.0335677905010043257616633712907371e-04	8.8041030106947153433095314845977951e-03
4.3093717132776012866289480676246989e-03	-1.5256378771708751048088653087708713e+00	9.9711225091227123543751073520741420e-05	8.6474633768144498315263908976566714e-03
4.4605721510900278433120757620948482e-03	-1.4913481203692560808941294622277386e+00	9.6330715755707172882971607205513870e-05	8.4996310845428307916183412303076892e-03
4.6108840676357429689393690824726664e-03	-1.4576331187287415861709106164201894e+00	9.3189874094790858987233163982490830e-05	8.3599356948940700563310319962611959e-03
4.7601935305226538550524232246147507e-03	-1.4244615573676669096313757684248312e+00	9.0266393509921862929595902854332314e-05	8.2277755440445939462451998593668123e-03
4.9083909869610373307249684698310253e-03	-1.3918044041648189710779080798483785e+00	8.7540597018331756008687039195530997e-05	8.1026091397341324170588298364713262e-03
5.0553710471122608702468003928173123e-03	-1.3596346842550567468985921066272353e+00	8.4995069333096899956500293057431089e-05	7.9839478249127213170498523487927936e-03
5.2010322844431714282355660501149137e-03	-1.3279272816783192802565384295795354e+00	8.2614348240159170420155038031697512e-05	7.8713494955773124517156456385803528e-03
5.3452770514002190444933431736346928e-03	-1.2966587643266604513547229303331402e+00	8.0384664527115937856287024384413149e-05	7.7644131998040590275243461959476423e-03
5.4880113089222273757308220873900520e-03	-1.2658072289592546681121909703665559e+00	7.8293721871021888604406347580038540e-05	7.6627744767523587332068132999764449e-03
5.6291444684865005083267908853488845e-03	-1.2353521635670870443777370113743132e+00	7.6330509774550630211709518652313868e-05	7.5661013197608037440528797152812816e-03
5.7685892455343648757297102216931961e-03	-1.2052743247899859425268520782641664e+00	7.4485143962580245629270192470414598e-05	7.4740906679873856287564028514749140e-03
5.9062615232531386994008118358111503e-03	-1.1755556284365417018940400834448134e+00	7.2748729697525764135913768732634443e-05	7.3864653474454795362634981691941094e-03
6.0420802258050709533798168350439978e-03	-1.1461790514462656095456943751400809e+00	7.1113244303980842258634051464613770e-05	7.3029713955818308871586162183955172e-03
6.1759672001926213832835154697239477e-03	-1.1171285438741451616277390480216824e+00	6.9571435858780389310731088594271531e-05	7.2233757143733218096043637549593420e-03
6.3078471060357428522998330644010327e-03	-1.0883889496793532125917614693089136e+00	6.8116735537566017201768122454159527e-05	7.1474640057835563633240405038956291e-03
6.4376473126123964382907864553761781e-03	-1.0599459352693156682550957805987892e+00	6.6743181541049053751131476015162837e-05	7.0750389507075712520416101676056382e-03
6.5652978025799022930233015008444613e-03	-1.0317859248932994822087336758658643e+00	6.5445352874829766020854772273360533e-05	7.0059185985493351150485631788221022e-03
6.6907310818531869483271693668799672e-03	-1.0038960421007254551911470531740728e+00	6.4218311542472727554212306733318216e-05	6.9399349395640622316183738606582859e-03
6.8138820951676123055137833179111446e-03	-9.7626405658225150543763279684169686e-01	6.3057551945539491015952756086822209e-05	6.8769326362478989582267173917763058e-03
6.9346881468997792931856142336776469e-03	-9.4887833579933748534648970375591555e-01	6.1958956476630937710934772684895680e-05	6.8167678935246195370009509694495203e-03
7.0530888267602689133376528767296384e-03	-9.2172780088296850873559712584430941e-01	6.0918756450230922490675442750454204e-05	6.7593074503855745676170346216215547e-03
7.1690259400083791716975700188494509e-03	-8.9480188634651473736525675575360646e-01	5.9933497647640982972259729452867423e-05	6.7044276780843188695790739456178712e-03
7.2824434418711062040843553514973114e-03	-8.6809050321301983854900581965571954e-01	5.9000009861625610382073187977893670e-05	6.6520137720512172904710924174277376e-03
7.3932873758773890684720052339682567e-03	-8.4158400520492718165704267267986798e-01	5.8115379917605742726249509870859154e-05	6.6019590264409475322178338770657753e-03
7.5015058158444094592643252147087685e-03	-8.1527315768552655038919088613083495e-01	5.7276927724602988284736175769383182e-05	6.5541641817102330561786892293333053e-03
7.6070488112758717938215648331024947e-03	-7.8914910907719696681020382480666276e-01	5.6482184973276177635225107312127146e-05	6.5085368368877588829713193308318163e-03
7.7098683359529987255404989747512959e-03	-7.6320336451263798768538656511280552e-01	5.5728876152432481893076473641715322e-05	6.4649909192787074488925270040422945e-03
7.8099182395177336700881271028850517e-03	-7.3742776150239784717697142552743620e-01	5.5014901601066369313027372761306140e-05	6.4234462052720940182170965459663022e-03
7.9071542018645815210924872083188483e-03	-7.1181444742569043339125545816652428e-01	5.4338322351691279368629587530827726e-05	6.3838278867143928069161669636581552e-03
8.0015336901728472403437772825438448e-03	-6.8635585867222404559301053780750726e-01	5.3697346553635399387170609943843301e-05	6.3460661779980000473269244116912165e-03
8.0930159184249293410019338436244228e-03	-6.6104470128094928768284008032580850e-01	5.3090317293022468168847584728896827e-05	6.3100959596046729352525651463071064e-03
8.1815618092689490316678174346942060e-03	-6.3587393293761601692376821200137479e-01	5.2515701650132460894825916633687308e-05	6.2758564543562374402216744250609955e-03
8.2671339580954843155939340244624305e-03	-6.1083674620710334454466753055086260e-01	5.1972080855381315419429470064292943e-05	6.2432909330693185385922294081227736e-03
8.3496965992086533934385882409930401e-03	-5.8592655288890257127263508382757669e-01	5.1458141422809273218231694541839973e-05	6.2123464466974790219358528702855765e-03
8.4292155739813606708362805685130180e-03	-5.6113696939510470714125500339754195e-01	5.0972667155169568500842177446952659e-05	6.1829735823812675987809300345403661e-03
8.5056583008932764198856599482026352e-03	-5.3646180305995538859392389373616903e-01	5.0514531927834895431792759721131618e-05	6.1551262411212924965199092217416964e-03
8.5789937473581517384170670373224875e-03	-5.1189503929864824325571932641252966e-01	5.0082693170099382271581010215388220e-05	6.1287614350474976047800197160395301e-03
8.6491924032544484996337959689929463e-03	-4.8743082954066882641017685954189137e-01	4.9676185972309692071407940027497709e-05	6.1038391024843720067220806400428577e-03
8.7162262560800558533465481063649331e-03	-4.6306347986979229433320112010923515e-01	4.9294117755829926807294379123202266e-05	6.0803219392111677063412244683921315e-03
8.7800687676581296914955798831567494e-03	-4.3878744030888023786259342685964276e-01	4.8935663450316464222316646192589778e-05	6.0581752444920021069820551801867257e-03
8.8406948523268821824151383087227163e-03	-4.1459729469300325289126402321100322e-01	4.8600061129307374403572185302984922e-05	6.0373667806061195318198039365463109e-03
8.8980808565515123399272706149701809e-03	-3.9048775107921192381882896494512991e-01	4.8286608060849510118283176836285373e-05	6.0178666447462717547162037645012385e-03
8.9522045399014481021080986618289297e-03	-3.6645363264555600624527854634266684e-01	4.7994657134907712182113641935318759e-05	5.9996471522754661219767704546884520e-03
9.0030450573407037635669001344748762e-03	-3.4248986903576718268757515724558331e-01	4.7723613633721129101054684144026071e-05	5.9826827304412173010570786913504568e-03
9.0505829427834782967545651881003380e-03	-3.1859148810942487331222991754301772e-01	4.7472932315173746212885639766841872e-05	5.9669498217436502974973828734975110e-03
9.0948000938711612732837168999230742e-03	-2.9475360806046083107061645383230596e-01	4.7242114782700421768354954783346599e-05	5.9524267962408335621442129115043431e-03
9.1356797579307020095868761675864020e-03	-2.7097142986956467902333927538714941e-01	4.7030707118316697875059305796364738e-05	5.9390938721528716141119662780153685e-03
9.1732065190778599065051634464902431e-03	-2.4724023005846234446064821484982598e-01	4.6838297758092697091482976227924167e-05	5.9269330441966898765605990844768972e-03
9.2073662864322131698323442896561642e-03	-2.2355535371618145820204793042928271e-01	4.6664515591833774534730596508069015e-05	5.9159280191470915598349949056305259e-03
9.2381462834139806460557481868265406e-03	-1.9991220776931745281573837461438080e-01	4.6509028270922545311560388275752959e-05	5.9060641581774274512284448844676726e-03
9.2655350380957271004978834932846892e-03	-1.7630625446999327902027465611410305e-01	4.6371540710252674014930075541793397e-05	5.8973284255858610315343306365059966e-03
9.2895223745848940930411681482810580e-03	-1.5273300507668344972854103766179651e-01	4.6251793771974354259379932104155774e-05	5.8897093435614119569671774512344910e-03
9.3100994054158435247994266117788623e-03	-1.2918801370436604194007889515373771e-01	4.6149563120401073488014931384542986e-05	5.8831969526883241246380365225855384e-03
9.3272585249327346320007766152488672e-03	-1.0566687132158858191010242859164755e-01	4.6064658238920364592782753607639726e-05	5.8777827779283700961623494970946809e-03
9.3409934036470923818120793501191641e-03	-8.2165199872997605168036950857473215e-02	4.5996921601128552845941630565755077e-05	5.8734597998589575618291156625589845e-03
9.3512989835563797090556730245217626e-03	-5.8678646506697466625578523596342039e-02	4.5946227989689646122282518629886853e-05	5.8702224309807865371758876945104408e-03
9.3581714744122709234795373715851167e-03	-3.5202877886480339251001585513806894e-02	4.5912483957618358462972825325282096e-05	5.8680664969427212200373750480359518e-03
9.3616083509296514070295268295850486e-03	-1.1733574569513396720518067373893786e-02	4.5895627427822234042785084888319074e-05	5.8669892225638601661291419680791855e-03
9.3616083509296514070295268295850486e-03	1.1733574569513396720518067373893786e-02	4.5895627427822234042785084888319074e-05	5.8669892225638601661291419680791855e-03
9.3581714744122709234795373715851167e-03	3.5202877886480339251001585513806894e-02	4.5912483957618358462972825325282096e-05	5.8680664969427212200373750480359518e-03
9.3512989835563797090556730245217626e-03	5.8678646506697466625578523596342039e-02	4.5946227989689646122282518629886853e-05	5.8702224309807865371758876945104408e-03
9.3409934036470923818120793501191641e-03	8.2165199872997605168036950857473215e-02	4.5996921601128552845941630565755077e-05	5.8734597998589575618291156625589845e-03
9.3272585249327346320007766152488672e-03	1.0566687132158858191010242859164755e-01	4.6064658238920364592782753607639726e-05	5.8777827779283700961623494970946809e-03
9.3100994054158435247994266117788623e-03	1.2918801370436604194007889515373771e-01	4.6149563120401073488014931384542986e-05	5.8831969526883241246380365225855384e-03
9.2895223745848940930411681482810580e-03	1.5273300507668344972854103766179651e-01	4.6251793771974354259379932104155774e-05	5.8897093435614119569671774512344910e-03
9.2655350380957271004978834932846892e-03	1.7630625446999327902027465611410305e-01	4.6371540710252674014930075541793397e-05	5.8973284255858610315343306365059966e-03
9.2381462834139806460557481868265406e-03	1.9991220776931745281573837461438080e-01	4.6509028270922545311560388275752959e-05	5.9060641581774274512284448844676726e-03
9.2073662864322131698323442896561642e-03	2.2355535371618145820204793042928271e-01	4.6664515591833774534730596508069015e-05	5.9159280191470915598349949056305259e-03
9.1732065190778599065051634464902431e-03	2.4724023005846234446064821484982598e-01	4.6838297758092697091482976227924167e-05	5.9269330441966898765605990844768972e-03
9.1356797579307020095868761675864020e-03	2.7097142986956467902333927538714941e-01	4.7030707118316697875059305796364738e-05	5.9390938721528716141119662780153685e-03
9.0948000938711612732837168999230742e-03	2.9475360806046083107061645383230596e-01	4.7242114782700421768354954783346599e-05	5.9524267962408335621442129115043431e-03
9.0505829427834782967545651881003380e-03	3.1859148810942487331222991754301772e-01	4.7472932315173746212885639766841872e-05	5.9669498217436502974973828734975110e-03
9.0030450573407037635669001344748762e-03	3.4248986903576718268757515724558331e-01	4.7723613633721129101054684144026071e-05	5.9826827304412173010570786913504568e-03
8.9522045399014481021080986618289297e-03	3.6645363264555600624527854634266684e-01	4.7994657134907712182113641935318759e-05	5.9996471522754661219767704546884520e-03
8.8980808565515123399272706149701809e-03	3.9048775107921192381882896494512991e-01	4.8286608060849510118283176836285373e-05	6.0178666447462717547162037645012385e-03
8.8406948523268821824151383087227163e-03	4.1459729469300325289126402321100322e-01	4.8600061129307374403572185302984922e-05	6.0373667806061195318198039365463109e-03
8.7800687676581296914955798831567494e-03	4.3878744030888023786259342685964276e-01	4.8935663450316464222316646192589778e-05	6.0581752444920021069820551801867257e-03
8.7162262560800558533465481063649331e-03	4.6306347986979229433320112010923515e-01	4.9294117755829926807294379123202266e-05	6.0803219392111677063412244683921315e-03
8.6491924032544484996337959689929463e-03	4.8743082954066882641017685954189137e-01	4.9676185972309692071407940027497709e-05	6.1038391024843720067220806400428577e-03
8.5789937473581517384170670373224875e-03	5.1189503929864824325571932641252966e-01	5.0082693170099382271581010215388220e-05	6.1287614350474976047800197160395301e-03
8.5056583008932764198856599482026352e-03	5.3646180305995538859392389373616903e-01	5.0514531927834895431792759721131618e-05	6.1551262411212924965199092217416964e-03
8.4292155739813606708362805685130180e-03	5.6113696939510470714125500339754195e-01	5.0972667155169568500842177446952659e-05	6.1829735823812675987809300345403661e-03
8.3496965992086533934385882409930401e-03	5.8592655288890257127263508382757669e-01	5.1458141422809273218231694541839973e-05	6.2123464466974790219358528702855765e-03
8.2671339580954843155939340244624305e-03	6.1083674620710334454466753055086260e-01	5.1972080855381315419429470064292943e-05	6.2432909330693185385922294081227736e-03
8.1815618092689490316678174346942060e-03	6.3587393293761601692376821200137479e-01	5.2515701650132460894825916633687308e-05	6.2758564543562374402216744250609955e-03
8.0930159184249293410019338436244228e-03	6.6104470128094928768284008032580850e-01	5.3090317293022468168847584728896827e-05	6.3100959596046729352525651463071064e-03
8.0015336901728472403437772825438448e-03	6.8635585867222404559301053780750726e-01	5.3697346553635399387170609943843301e-05	6.3460661779980000473269244116912165e-03
7.9071542018645815210924872083188483e-03	7.1181444742569043339125545816652428e-01	5.4338322351691279368629587530827726e-05	6.3838278867143928069161669636581552e-03
7.8099182395177336700881271028850517e-03	7.3742776150239784717697142552743620e-01	5.5014901601066369313027372761306140e-05	6.4234462052720940182170965459663022e-03
7.7098683359529987255404989747512959e-03	7.6320336451263798768538656511280552e-01	5.5728876152432481893076473641715322e-05	6.4649909192787074488925270040422945e-03
7.6070488112758717938215648331024947e-03	7.8914910907719696681020382480666276e-01	5.6482184973276177635225107312127146e-05	6.5085368368877588829713193308318163e-03
7.5015058158444094592643252147087685e-03	8.1527315768552655038919088613083495e-01	5.7276927724602988284736175769383182e-05	6.5541641817102330561786892293333053e-03
7.3932873758773890684720052339682567e-03	8.4158400520492718165704267267986798e-01	5.8115379917605742726249509870859154e-05	6.6019590264409475322178338770657753e-03
7.2824434418711062040843553514973114e-03	8.6809050321301983854900581965571954e-01	5.9000009861625610382073187977893670e-05	6.6520137720512172904710924174277376e-03
7.1690259400083791716975700188494509e-03	8.9480188634651473736525675575360646e-01	5.9933497647640982972259729452867423e-05	6.7044276780843188695790739456178712e-03
7.0530888267602689133376528767296384e-03	9.2172780088296850873559712584430941e-01	6.0918756450230922490675442750454204e-05	6.7593074503855745676170346216215547e-03
6.9346881468997792931856142336776469e-03	9.4887833579933748534648970375591555e-01	6.1958956476630937710934772684895680e-05	6.8167678935246195370009509694495203e-03
6.8138820951676123055137833179111446e-03	9.7626405658225150543763279684169686e-01	6.3057551945539491015952756086822209e-05	6.8769326362478989582267173917763058e-03
6.6907310818531869483271693668799672e-03	1.0038960421007254551911470531740728e+00	6.4218311542472727554212306733318216e-05	6.9399349395640622316183738606582859e-03
6.5652978025799022930233015008444613e-03	1.0317859248932994822087336758658643e+00	6.5445352874829766020854772273360533e-05	7.0059185985493351150485631788221022e-03
6.4376473126123964382907864553761781e-03	1.0599459352693156682550957805987892e+00	6.6743181541049053751131476015162837e-05	7.0750389507075712520416101676056382e-03
6.3078471060357428522998330644010327e-03	1.0883889496793532125917614693089136e+00	6.8116735537566017201768122454159527e-05	7.1474640057835563633240405038956291e-03
6.1759672001926213832835154697239477e-03	1.1171285438741451616277390480216824e+00	6.9571435858780389310731088594271531e-05	7.2233757143733218096043637549593420e-03
6.0420802258050709533798168350439978e-03	1.1461790514462656095456943751400809e+00	7.1113244303980842258634051464613770e-05	7.3029713955818308871586162183955172e-03
5.9062615232531386994008118358111503e-03	1.1755556284365417018940400834448134e+00	7.2748729697525764135913768732634443e-05	7.3864653474454795362634981691941094e-03
5.7685892455343648757297102216931961e-03	1.2052743247899859425268520782641664e+00	7.4485143962580245629270192470414598e-05	7.4740906679873856287564028514749140e-03
5.6291444684865005083267908853488845e-03	1.2353521635670870443777370113743132e+00	7.6330509774550630211709518652313868e-05	7.5661013197608037440528797152812816e-03
5.4880113089222273757308220873900520e-03	1.2658072289592546681121909703665559e+00	7.8293721871021888604406347580038540e-05	7.6627744767523587332068132999764449e-03
5.3452770514002190444933431736346928e-03	1.2966587643266604513547229303331402e+00	8.0384664527115937856287024384413149e-05	7.7644131998040590275243461959476423e-03
5.2010322844431714282355660501149137e-03	1.3279272816783192802565384295795354e+00	8.2614348240159170420155038031697512e-05	7.8713494955773124517156456385803528e-03
5.0553710471122608702468003928173123e-03	1.3596346842550567468985921066272353e+00	8.4995069333096899956500293057431089e-05	7.9839478249127213170498523487927936e-03
4.9083909869610373307249684698310253e-03	1.3918044041648189710779080798483785e+00	8.7540597018331756008687039195530997e-05	8.1026091397341324170588298364713262e-03
4.7601935305226538550524232246147507e-03	1.4244615573676669096313757684248312e+00	9.0266393509921862929595902854332314e-05	8.2277755440445939462451998593668123e-03
4.6108840676357429689393690824726664e-03	1.4576331187287415861709106164201894e+00	9.3189874094790858987233163982490830e-05	8.3599356948940700563310319962611959e-03
4.4605721510900278433120757620948482e-03	1.4913481203692560808941294622277386e+00	9.6330715755707172882971607205513870e-05	8.4996310845428307916183412303076892e-03
4.3093717132776012866289480676246989e-03	1.5256378771708751048088653087708713e+00	9.9711225091227123543751073520741420e-05	8.6474633768144498315263908976566714e-03
4.1574013017754836800681566247144535e-03	1.5605362440568968106168526098810518e+00	1.0335677905010043257616633712907371e-04	8.8041030106947153433095314845977951e-03
4.0047843360666902437300755671970843e-03	1.5960799106222821893174035451321402e+00	1.0729635559296307994090412162229845e-04	8.9702993350690222064124585090640511e-03
3.8516493879394131002469209265962651e-03	1.6323087398631118554513740062384303e+00	1.1156317609081017291277643274258603e-04	9.1468926034259175850748413634405351e-03
3.6981304884980500666049452859695731e-03	1.6692661592292860147741686599696305e+00	1.1619548745242310676129714817362922e-04	9.3348282408799150271906097959806313e-03
3.5443674651894927176478493809164755e-03	1.7069996140780091366760832556844672e+00	1.2123752017827580446623137676528555e-04	9.5351739041023501968200822879131442e-03
3.3905063128107634405496911808968685e-03	1.7455610959543378687716765558490603e+00	1.2674066952259646521013354208296865e-04	9.7491399961100757432374835786081766e-03
3.2366996031419630351548800747520450e-03	1.7850077611230454903603536506294008e+00	1.3276496178483751464372630460942999e-04	9.9781044840322228112866557317421594e-03
3.0831069386700202441538461826029387e-03	1.8254026586329131423490931969418543e+00	1.3938088799699462504789594558198604e-04	1.0223643115345986962776350442973995e-02
2.9298954568707122603487110611918489e-03	1.8668155921981199527097931257289336e+00	1.4667171518281895446926176330782353e-04	1.0487566459891359091385820864227705e-02
2.7772403927468102689353727354220427e-03	1.9093241467310413462204070887777580e+00	1.5473642427247570642514123792827809e-04	1.0771965654604646650060614754078401e-02
2.6253257088420897518025907371510133e-03	1.9530149190169543509594769565532050e+00	1.6369347864859206379388813784039326e-04	1.1079269343834841900696545448861384e-02
2.4743448038481498386830249403656147e-03	1.9979850035801033353212118871076918e+00	1.7368570574744051791711245853188532e-04	1.1412315161737919822645434281877821e-02
2.3245013133060365985040396098660914e-03	2.0443438003983094757958813232961462e+00	1.8488668781706465841640205688935197e-04	1.1774440301303254016667767883355640e-02
2.1760100189303515999362366864332576e-03	2.0922152324527592528601328372828926e+00	1.9750922515525371120466531879751453e-04	1.2169597419054850122830246955259729e-02
2.0290978869598627263322078073748645e-03	2.1417404906305543211677807738953469e+00	2.1181668517258756889647213771597068e-04	1.2602504585500769729664148411517198e-02
1.8840052609581447842411623609202650e-03	2.1930814649672323506874805604357225e+00	2.2813843113875745637835750826934583e-04	1.3078841602286550614510409079988032e-02
1.7409872410638470212780379733417125e-03	2.2464250803596548397640403062235484e+00	2.4689111491921310699203923491251416e-04	1.3605510398748117536713057419360515e-02
1.6003152904162796922465452281738505e-03	2.3019888406724868814217726503441343e+00	2.6860855393979942759389551154670867e-04	1.4190985427950353889237208644287052e-02
1.4622791212250067629073340142330095e-03	2.3600280119614827523600556012384866e+00	2.9398443145141684327902180525457910e-04	1.4845792743715222752323268163414305e-02
1.3271889290026585528460569517809964e-03	2.4208450668664280833466984393733082e+00	3.2393458904271005987557701069596510e-04	1.5583176754769104027132474250246332e-02
1.1953780658008241688251699613938628e-03	2.4848023076631430118757667273616971e+00	3.5969001870454426383026342838792420e-04	1.6420046849863537119225712647842022e-02
1.0672062749351767882178334705402295e-03	2.5523390536068304827953656048047741e+00	4.0293934868020801017806625908717074e-04	1.7378351959229650998325872399486586e-02
9.4306365554240528631471765537736989e-04	2.6239955419959676942944167523168312e+00	4.5605375137586327275019129786104059e-04	1.8487128331390066976590951765924532e-02
8.2337559342288426540184213072886408e-04	2.7004469807091973024974443411046278e+00	5.2245431377753933797275710414861071e-04	1.9785641496774319424612123632252527e-02
7.0860899869767306034263925910472177e-04	2.7825534477786697077133733850774360e+00	6.0723652401633804455751981578820483e-04	2.1328375115276284972649868423041373e-02
5.9928035513751511985085260499305904e-04	2.8714354705116940000224954656112815e+00	7.1828301243738797084515024480988850e-04	2.3193278522858699056607519961129229e-02
4.9596635565258840035825905221214217e-04	2.9685931052509211697586576428047855e+00	8.6836159751530499729910727758696854e-04	2.5496075903493523586788487108620259e-02
3.9931836150417343936222295963099252e-04	3.0761027673182314129958411682503486e+00	1.0793647193043517631187787004297837e-03	2.8416597400393821731155928492848612e-02
3.1008276316717931222753070886849648e-04	3.1969625527022238899850790337300390e+00	1.3916549412149145431611634996384744e-03	3.2250929796982444050807479653579103e-02
2.2913095290638977456987998670685681e-04	3.3357461044188311459805606977721684e+00	1.8871368050695375611550957793592425e-03	3.7524976931565563587343149235201531e-02
1.5750607064975949872139750573804601e-04	3.4999731368733093606946352964921631e+00	2.7557467500438411511314746690786651e-03	4.5275422088132820880224843561718637e-02
9.6501810777392571921539402002999008e-05	3.7034247191250259702234367496295975e+00	4.5361494937020074389840825620127745e-03	5.7884899793978991580530453633596728e-02
4.7810061372413101035995490694831278e-05	3.9761506768195310261424052598436550e+00	9.3994887923024808404284890650554328e-03	8.2416940882682546234217368000899481e-02
1.3760313812980087695522488134826252e-05	4.4099863556163929198956235079589901e+00	4.3395287963131495460175122611069321e-02	1.5616681669693245940698990450413185e-01
0.0000000000000000000000000000000000e+00	0.0000000000000000000000000000000000e+00	7.9481673353398525982458415169826546e-05	7.1851227293749656954236197986244192e-03