1.2599099430937687936069814820897546e-05	-4.4290724547064977485897122427625470e+00	4.3075138442380973860065272565133573e-02	1.5557093079857824424728648966126490e-01
4.3815989039667592337796955775223064e-05	-3.9969617266280916517471578144478991e+00	9.3201575900711094989790380262383825e-03	8.2065864274571956670122892283336616e-02
8.8509590704290297802225996317307516e-05	-3.7254439744273076113311040152877198e+00	4.4942289508963048676296221470524772e-03	5.7615840761865469738604429275255536e-02
1.4456151570548191977883747712153045e-04	-3.5229700978789278000942475835639396e+00	2.7283658164164730092802694083973824e-03	4.5049438633875453869718001860603928e-02
2.1043228196401196831722632320955898e-04	-3.3595868009594594903776631498302737e+00	1.8672022088943524847993020440266421e-03	3.7325958786985715283324154739348019e-02
2.8494439171310060539716270366258143e-04	-3.2215584128140716787898491199303518e+00	1.3761455490499120357205297848162670e-03	3.2070519426780575328297686122861416e-02
3.6714814896992177653549998133448501e-04	-3.1013905429786641626697888430706378e+00	1.0667449775497804503484302108560907e-03	2.8249849895067711618499543029423704e-02
4.5625002002002477312950234612453725e-04	-2.9945252579887345128984159576929393e+00	8.5775605460768249816475918951282577e-04	2.5339799664948206889374072974022295e-02
5.5157013446532154233083267605874218e-04	-2.8979749465418472556081836506313041e+00	7.0915035932355653632597190837866213e-04	2.3045281588308982797189634397585810e-02
6.5251503368922006906642460968216011e-04	-2.8096705765463914757107503048507252e+00	5.9922115014963189080139692082235532e-04	2.1187080043517934427831552883723168e-02
7.5855915734766158424268226097046946e-04	-2.7281175093467403394921865981262949e+00	5.1531134783231636677716445113164151e-04	1.9649870856437056791307648595133853e-02
8.6923169537843007330280243288254531e-04	-2.6521993250282824887723799232286904e+00	4.4960811026827987996233932336407658e-04	1.8355977044822839091211803652817851e-02
9.8410691653422410305201981220680887e-04	-2.5810591435337941063642712224798512e+00	3.9706193162151688599486225543560753e-04	1.7251107242330121136815196022257709e-02
1.1027968483454240148995089831472843e-03	-2.5140243026610284386579148124059619e+00	3.5428315293366548474957808652321914e-04	1.6296135812191266907427743989894416e-02
1.2249456043779032545500703526712498e-03	-2.4505566299347272880804266796070461e+00	3.1892275251437463739819644419704139e-04	1.5462130866013956246546937251048705e-02
1.3502248997723164987050914446304314e-03	-2.3902185081670497720568921884858522e+00	2.8930812754012528930320678356906870e-04	1.4727223005634144923641342574671676e-02
1.4783304454482031474618675438668427e-03	-2.3326490580234747111749393790741914e+00	2.6422014386609161335983967457422787e-04	1.4074564576328599126841691644495645e-02
1.6089790059770339402555828691844948e-03	-2.2775470113280310472681283712865974e+00	2.4275190753257502584690884930052802e-04	1.3490959858622671435476775629552027e-02
1.7419059680544633523919484358696209e-03	-2.2246581329148164230511754164953933e+00	2.2421660405198952743940604664218047e-04	1.2965921739596196120525223471188529e-02
1.8768633081953485658187091589723213e-03	-2.1737658100921693426564142637747825e+00	2.0808576975005504024283428458628974e-04	1.2491007296257637023777166204239848e-02
2.0136178770490574481135634232690216e-03	-2.1246838953629274243151990917127802e+00	1.9394698262765811630014132660427074e-04	1.2059340408994010033329883241773342e-02
2.1519499380277954263359186871509102e-03	-2.0772511824861615939620651895597685e+00	1.8147426219481277937789947020902419e-04	1.1665262609676625050383487939232064e-02
2.2916519125350485776205127945808703e-03	-2.0313270866472524761408235851177312e+00	1.7040697616942317671406511480678295e-04	1.1304073615252538753861092765154635e-02
2.4325272947590834237517868481604584e-03	-1.9867882258710085986133859989355452e+00	1.6053455776800894636031868912780277e-04	1.0971835715894173052669336562062939e-02
2.5743897069311851909121116224440484e-03	-1.9435256863112508723588665699448502e+00	1.5168526515668112681213218482895364e-04	1.0665224366261941918180659536076814e-02
2.7170620719281202554567839118647991e-03	-1.9014428129895831373176688836769520e+00	1.4371779992775090490551079279833559e-04	1.0381412701749673108908061531829940e-02
2.8603758846627665319521023288411523e-03	-1.8604534088819530770362415859804228e+00	1.3651497862993556834824914901379453e-04	1.0117981300066194409398876098787221e-02
3.0041705672318313433644486804891595e-03	-1.8204802546796540540389628688581964e+00	1.2997889918153524782242600334905815e-04	9.8728469610466542957220201549963603e-03
3.1482928955410491502886007467302759e-03	-1.7814538828061681228624376434382712e+00	1.2402720971893909983975542909796285e-04	9.6442059761681022232622413657229003e-03
3.2925964872971793733030163525060677e-03	-1.7433115548240468051129568531593755e+00	1.1859020008400185008661506756603344e-04	9.4304885531319224663152104966249954e-03
3.4369413429814360331622492776785825e-03	-1.7059964028841024378188066158885313e+00	1.1360851388729366081033000263341787e-04	9.2303219115217543188606728372236779e-03
3.5811934328029961907037580058047384e-03	-1.6694567044946174183994641452236902e+00	1.0903133347286142845100568676506680e-04	9.0425001793067160634905059833564565e-03
3.7252243237501695654866974866808643e-03	-1.6336452664145404508766569707338667e+00	1.0481492865787532011439808833575918e-04	8.8659596680040161989382201888589784e-03
3.8689108417680391092897030827637024e-03	-1.5985188984602652769015666590535325e+00	1.0092148777015221862228605977988701e-04	8.6997584349590064910218364838276205e-03
4.0121347648385126999710982070668430e-03	-1.5640379618585607253730297730290186e+00	9.7318169561788437022061081197494141e-05	8.5430592876919893948046906088474543e-03
4.1547825433552139985469443748897606e-03	-1.5301659797653595982463052058594643e+00	9.3976329276502985879231204496884866e-05	8.3951155707670332087520754614957742e-03
4.2967450446973690507222988292355414e-03	-1.4968692999103278612568004270898071e+00	9.0870883027953361971221403683902198e-05	8.2552592164925771842572016211801625e-03
4.4379173193340005154627370904634335e-03	-1.4641168011741088368227281683014603e+00	8.7979782773058209330158374068286156e-05	8.1228906486099950676327520854274596e-03
4.5781983861481851083636773065533768e-03	-1.4318796373729868238958675091449770e+00	8.5283580287448208152135297189725549e-05	7.9974702113502142007583828665979834e-03
4.7174910349734139318450844179057343e-03	-1.4001310126999249916834509087506007e+00	8.2765063201274448457824126165915452e-05	7.8785108609383301200994147085366667e-03
4.8557016445902191047286909153353898e-03	-1.3688459842160708384247929178562336e+00	8.0408949713835865273122924205527169e-05	7.7655719072775770209590507899404783e-03
4.9927400146492094825250151974046510e-03	-1.3380012875520398114262098488670656e+00	7.8201631350565468275741425646575666e-05	7.6582536334602016969055018831384908e-03
5.1285192101729576829993999901735689e-03	-1.3075751826012764019520675070065874e+00	7.6130955257087300474777253706961518e-05	7.5561926524064678237708343794764849e-03
5.2629554174490427180945730762795074e-03	-1.2775473164976604512144407558840791e+00	7.4186039190445502410809964048085511e-05	7.4590578851839542940543960201633664e-03
5.3959678102642518305929687611904380e-03	-1.2478986015889031404804013722345916e+00	7.2357113677102794592777171008855649e-05	7.3665470658165346013178050838062365e-03
5.5274784255489846267012804430664403e-03	-1.2186111064638646688985524491799738e+00	7.0635386843048077073988137933168690e-05	7.2783836937309149235550573164981918e-03
5.6574120476041668807083039639201831e-03	-1.1896679583796558802454275187971328e+00	6.9012928245180291168076551249473910e-05	7.1943143682339337982628222401132059e-03
5.7856961001728567978885755587156219e-03	-1.1610532556742862845624455075448896e+00	6.7482568691921071633990321182957501e-05	7.1141064502040107217528492603629177e-03
5.9122605456971958771790671216456243e-03	-1.1327519889514666975824371707611525e+00	6.6037813570512354916714146287548448e-05	7.0375460050112273287927033244373513e-03
6.0370377911700742740806858576061909e-03	-1.1047499699929862653713548976146769e+00	6.4672767626128732525058161031711500e-05	6.9644359879404194137788344097902739e-03
6.1599626000512327418471022735238235e-03	-1.0770337674965047134402161207218238e+00	6.3382069484976507950332621662284108e-05	6.8945946393853206001447330418416243e-03
6.2809720097706754124546960046683633e-03	-1.0495906488571900291971554939453930e+00	6.2160834496424739181281184730761949e-05	6.8278540620502640872802373895616247e-03
6.4000052543892036888290660320434205e-03	-1.0224085273140885675102981910208434e+00	6.1004604700772119509283272955477935e-05	6.7640589565306778913974353598564101e-03
6.5170036920274346843573258664911106e-03	-9.9547591386945340404461918221486904e-01	5.9909304919586088066645133830996786e-05	6.7030654950974145261365655340369951e-03
6.6319107367115462095146514642197692e-03	-9.6878187346394473923024172408354753e-01	5.8871204122614818059092015516528279e-05	6.6447403164053678504703833605412962e-03
6.7446717943167981619815302663843994e-03	-9.4231598495468036200541048743374648e-01	5.7886881355375621158999070204719939e-05	6.5889596262825304127184788814714163e-03
6.8552342023191338530192303836458006e-03	-9.1606830449822658651390452186965771e-01	5.6953195619686346810550941697570465e-05	6.5356083918114486905219490950378097e-03
6.9635471730913074288853890815200483e-03	-8.9002933198816484726144999598647977e-01	5.6067259189645295714526175500848360e-05	6.4845796176557593826813977200426317e-03
7.0695617405033963862245771522410040e-03	-8.6418998023799626974447376828830129e-01	5.5226413921105085877490799517862014e-05	6.4357736950629839470718303639473673e-03
7.1732307096085701885214364104258407e-03	-8.3854154663581472910722486708698350e-01	5.4428210176127488807081904811058108e-05	6.3890978152342702444946689278957890e-03
7.2745086092138817538993946859852829e-03	-8.1307568702819004324734250447763932e-01	5.3670388037354932772140416943080816e-05	6.3444654398278237129807863261769792e-03
7.3733516471528749498124776016639780e-03	-7.8778439161772985051850462272059236e-01	5.2950860532401135610849580307040466e-05	6.3017958222846477689487937919540185e-03
7.4697176680921728505622797347001010e-03	-7.6265996268239768125020136756558576e-01	5.2267698626643715123415232981011977e-05	6.2610135744571324698648278988837580e-03
7.5635661137181155042202497702718446e-03	-7.3769499394533376676166394433745848e-01	5.1619117775337903933715984105793160e-05	6.2220482737030881570882533267128652e-03
7.6548579851621158144172850103266911e-03	-7.1288235144205890189495868589468687e-01	5.1003465853700843213978049531979706e-05	6.1848341061967455800069885639999296e-03
7.7435558075348410615688097745465281e-03	-6.8821515574788369176499507217139812e-01	5.0419212307313442286520853768803312e-05	6.1493095427180041956097528289803037e-03
7.8296235964497312577863648675905766e-03	-6.6368676544238813322190641806686857e-01	4.9864938385490575050871666605723562e-05	6.1154170436235040307246520126989276e-03
7.9130268264258445203000375836515499e-03	-6.3929076170022917820412359088862384e-01	4.9339328337710418563736048219319207e-05	6.0831027900877487939613704146835273e-03
7.9937324010686714379333987563572187e-03	-6.1502093390849009770655853283956282e-01	4.8841161468210832605020639917611479e-05	6.0523164390377939491784581357329479e-03
8.0717086249354711115665731098383544e-03	-5.9087126622048808560933912172137716e-01	4.8369304956822544681220831601626959e-05	6.0230108994979218343405846557177375e-03
8.1469251769989274112255841882774169e-03	-5.6683592496456285746634820513205478e-01	4.7922707365323152097946851726767616e-05	5.9951421283171743955035585774388353e-03
8.2193530856295726405617359232634509e-03	-5.4290924683401444347076214373540729e-01	4.7500392758320622858754334563834368e-05	5.9686689434776266429980169870407238e-03
8.2889647050235373510856414463872755e-03	-5.1908572779115983827503574326312117e-01	4.7101455376127114307573393106324959e-05	5.9435528533791364007321870243351582e-03
8.3557336930078130492305271101410595e-03	-4.9536001262453674392190521430869366e-01	4.6725054804446573668740280925222680e-05	5.9197579006706465010051983123999651e-03
8.4196349901604067778707127178701446e-03	-4.7172688510368591953860516304807424e-01	4.6370411592127501000633687553791201e-05	5.8972505193520644805161082310009080e-03
8.4806448001875657675565318214637781e-03	-4.4818125868076766897649335552668479e-01	4.6036803273856627676450190271879430e-05	5.8759994040069770748985064399064927e-03
8.5387405715046948395065000039023433e-03	-4.2471816769257887156284062196019531e-01	4.5723560759601569235769814882682202e-05	5.8559753901472711712500037361322716e-03
8.5939009799717133938862672410063679e-03	-4.0133275902039227317909338637647512e-01	4.5430065056945714096547235318813353e-05	5.8371513447581094850802830920968995e-03
8.6461059127374335826401333189484451e-03	-3.7802028416848972639635157879309659e-01	4.5155744296277805257561470064431730e-05	5.8195020662273577500742814523357838e-03
8.6953364531511145595447863295672206e-03	-3.5477609172534955840510354607966119e-01	4.4900071032171285409410335562690055e-05	5.8030041929289603240576701174580397e-03
8.7415748667026847540819118799030402e-03	-3.3159562017421359992243633768051084e-01	4.4662559797274088375047787116847983e-05	5.7876361198061965599498968103297818e-03
8.7848045879562477946529705464876586e-03	-3.0847439102223518420266228231674378e-01	4.4442764887679436145452976633992940e-05	5.7733779223693375943937965682410678e-03
8.8250102084444187814662396952508428e-03	-2.8540800221962500933640366396776797e-01	4.4240278361106565999612068179763921e-05	5.7602112875839359939238584371000689e-03
8.8621774654937949998828192483003021e-03	-2.6239212184219289428314582350621679e-01	4.4054728231325423802010810909425646e-05	5.7481194511816703078028796626703714e-03
8.8962932319544661543422476832886992e-03	-2.3942248201245270592600649688683815e-01	4.3885776844144409813179293448307874e-05	5.7370871409760795980832264706935052e-03
8.9273455068089296283072083844510751e-03	-2.1649487303603484658469287693019659e-01	4.3733119421974140892861630386258589e-05	5.7271005258113162530281526218947043e-03
8.9553234066381106974871094189811840e-03	-1.9360513773155295660861301906038408e-01	4.3596482765508127826562185718667921e-05	5.7181471698137986562380024472548577e-03
8.9802171579244094773002581694425763e-03	-1.7074916593331400987484363188040209e-01	4.3475624102445377966543948468431198e-05	5.7102159916548724045681011541516354e-03
9.0020180901738181171764684963601549e-03	-1.4792288914735692786451926941665861e-01	4.3370330074439697339634698317095967e-05	5.7032972285677470491785003801744160e-03
9.0207186298411849429597084061231979e-03	-1.2512227534226564792320220212175445e-01	4.3280415854613115500179052702120677e-05	5.6973824048944737646345972869150952e-03
9.0363122950446577171269377834965735e-03	-1.0234332385703814014280183708015884e-01	4.3205724389031724498864175301578450e-05	5.6924643049689357352709509268977707e-03
9.0487936910572261020024266808288452e-03	-7.9582060409011663130828313935875390e-02	4.3146125756525043345643860827817963e-05	5.6885369501700702449605416390459113e-03
9.0581585065651133774356670551760842e-03	-5.6834532185453799627576570123840232e-02	4.3101516642147182980247699888317326e-05	5.6855955800061328729124304156959726e-03
9.0644035106845486069100501477768280e-03	-3.4096803002934573947739771521475839e-02	4.3071819920440872479168572650977828e-05	5.6836366371160286640474352929405595e-03
9.0675265507301914905941639342836815e-03	-1.1364948519002206971119801409867518e-02	4.3056984345484182318216990276040916e-05	5.6826577560978312769693040944118617e-03
9.0675265507301914905941639342836815e-03	1.1364948519002206971119801409867518e-02	4.3056984345484182318216990276040916e-05	5.6826577560978312769693040944118617e-03
9.0644035106845486069100501477768280e-03	3.4096803002934573947739771521475839e-02	4.3071819920440872479168572650977828e-05	5.6836366371160286640474352929405595e-03
9.0581585065651133774356670551760842e-03	5.6834532185453799627576570123840232e-02	4.3101516642147182980247699888317326e-05	5.6855955800061328729124304156959726e-03
9.0487936910572261020024266808288452e-03	7.9582060409011663130828313935875390e-02	4.3146125756525043345643860827817963e-05	5.6885369501700702449605416390459113e-03
9.0363122950446577171269377834965735e-03	1.0234332385703814014280183708015884e-01	4.3205724389031724498864175301578450e-05	5.6924643049689357352709509268977707e-03
9.0207186298411849429597084061231979e-03	1.2512227534226564792320220212175445e-01	4.3280415854613115500179052702120677e-05	5.6973824048944737646345972869150952e-03
9.0020180901738181171764684963601549e-03	1.4792288914735692786451926941665861e-01	4.3370330074439697339634698317095967e-05	5.7032972285677470491785003801744160e-03
8.9802171579244094773002581694425763e-03	1.7074916593331400987484363188040209e-01	4.3475624102445377966543948468431198e-05	5.7102159916548724045681011541516354e-03
8.9553234066381106974871094189811840e-03	1.9360513773155295660861301906038408e-01	4.3596482765508127826562185718667921e-05	5.7181471698137986562380024472548577e-03
8.9273455068089296283072083844510751e-03	2.1649487303603484658469287693019659e-01	4.3733119421974140892861630386258589e-05	5.7271005258113162530281526218947043e-03
8.8962932319544661543422476832886992e-03	2.3942248201245270592600649688683815e-01	4.3885776844144409813179293448307874e-05	5.7370871409760795980832264706935052e-03
8.8621774654937949998828192483003021e-03	2.6239212184219289428314582350621679e-01	4.4054728231325423802010810909425646e-05	5.7481194511816703078028796626703714e-03
8.8250102084444187814662396952508428e-03	2.8540800221962500933640366396776797e-01	4.4240278361106565999612068179763921e-05	5.7602112875839359939238584371000689e-03
8.7848045879562477946529705464876586e-03	3.0847439102223518420266228231674378e-01	4.4442764887679436145452976633992940e-05	5.7733779223693375943937965682410678e-03
8.7415748667026847540819118799030402e-03	3.3159562017421359992243633768051084e-01	4.4662559797274088375047787116847983e-05	5.7876361198061965599498968103297818e-03
8.6953364531511145595447863295672206e-03	3.5477609172534955840510354607966119e-01	4.4900071032171285409410335562690055e-05	5.8030041929289603240576701174580397e-03
8.6461059127374335826401333189484451e-03	3.7802028416848972639635157879309659e-01	4.5155744296277805257561470064431730e-05	5.8195020662273577500742814523357838e-03
8.5939009799717133938862672410063679e-03	4.0133275902039227317909338637647512e-01	4.5430065056945714096547235318813353e-05	5.8371513447581094850802830920968995e-03
8.5387405715046948395065000039023433e-03	4.2471816769257887156284062196019531e-01	4.5723560759601569235769814882682202e-05	5.8559753901472711712500037361322716e-03
8.4806448001875657675565318214637781e-03	4.4818125868076766897649335552668479e-01	4.6036803273856627676450190271879430e-05	5.8759994040069770748985064399064927e-03
8.4196349901604067778707127178701446e-03	4.7172688510368591953860516304807424e-01	4.6370411592127501000633687553791201e-05	5.8972505193520644805161082310009080e-03
8.3557336930078130492305271101410595e-03	4.9536001262453674392190521430869366e-01	4.6725054804446573668740280925222680e-05	5.9197579006706465010051983123999651e-03
8.2889647050235373510856414463872755e-03	5.1908572779115983827503574326312117e-01	4.7101455376127114307573393106324959e-05	5.9435528533791364007321870243351582e-03
8.2193530856295726405617359232634509e-03	5.4290924683401444347076214373540729e-01	4.7500392758320622858754334563834368e-05	5.9686689434776266429980169870407238e-03
8.1469251769989274112255841882774169e-03	5.6683592496456285746634820513205478e-01	4.7922707365323152097946851726767616e-05	5.9951421283171743955035585774388353e-03
8.0717086249354711115665731098383544e-03	5.9087126622048808560933912172137716e-01	4.8369304956822544681220831601626959e-05	6.0230108994979218343405846557177375e-03
7.9937324010686714379333987563572187e-03	6.1502093390849009770655853283956282e-01	4.8841161468210832605020639917611479e-05	6.0523164390377939491784581357329479e-03
7.9130268264258445203000375836515499e-03	6.3929076170022917820412359088862384e-01	4.9339328337710418563736048219319207e-05	6.0831027900877487939613704146835273e-03
7.8296235964497312577863648675905766e-03	6.6368676544238813322190641806686857e-01	4.9864938385490575050871666605723562e-05	6.1154170436235040307246520126989276e-03
7.7435558075348410615688097745465281e-03	6.8821515574788369176499507217139812e-01	5.0419212307313442286520853768803312e-05	6.1493095427180041956097528289803037e-03
7.6548579851621158144172850103266911e-03	7.1288235144205890189495868589468687e-01	5.1003465853700843213978049531979706e-05	6.1848341061967455800069885639999296e-03
7.5635661137181155042202497702718446e-03	7.3769499394533376676166394433745848e-01	5.1619117775337903933715984105793160e-05	6.2220482737030881570882533267128652e-03
7.4697176680921728505622797347001010e-03	7.6265996268239768125020136756558576e-01	5.2267698626643715123415232981011977e-05	6.2610135744571324698648278988837580e-03
7.3733516471528749498124776016639780e-03	7.8778439161772985051850462272059236e-01	5.2950860532401135610849580307040466e-05	6.3017958222846477689487937919540185e-03
7.2745086092138817538993946859852829e-03	8.1307568702819004324734250447763932e-01	5.3670388037354932772140416943080816e-05	6.3444654398278237129807863261769792e-03
7.1732307096085701885214364104258407e-03	8.3854154663581472910722486708698350e-01	5.4428210176127488807081904811058108e-05	6.3890978152342702444946689278957890e-03
7.0695617405033963862245771522410040e-03	8.6418998023799626974447376828830129e-01	5.5226413921105085877490799517862014e-05	6.4357736950629839470718303639473673e-03
6.9635471730913074288853890815200483e-03	8.9002933198816484726144999598647977e-01	5.6067259189645295714526175500848360e-05	6.4845796176557593826813977200426317e-03
6.8552342023191338530192303836458006e-03	9.1606830449822658651390452186965771e-01	5.6953195619686346810550941697570465e-05	6.5356083918114486905219490950378097e-03
6.7446717943167981619815302663843994e-03	9.4231598495468036200541048743374648e-01	5.7886881355375621158999070204719939e-05	6.5889596262825304127184788814714163e-03
6.6319107367115462095146514642197692e-03	9.6878187346394473923024172408354753e-01	5.8871204122614818059092015516528279e-05	6.6447403164053678504703833605412962e-03
6.5170036920274346843573258664911106e-03	9.9547591386945340404461918221486904e-01	5.9909304919586088066645133830996786e-05	6.7030654950974145261365655340369951e-03
6.4000052543892036888290660320434205e-03	1.0224085273140885675102981910208434e+00	6.1004604700772119509283272955477935e-05	6.7640589565306778913974353598564101e-03
6.2809720097706754124546960046683633e-03	1.0495906488571900291971554939453930e+00	6.2160834496424739181281184730761949e-05	6.8278540620502640872802373895616247e-03
6.1599626000512327418471022735238235e-03	1.0770337674965047134402161207218238e+00	6.3382069484976507950332621662284108e-05	6.8945946393853206001447330418416243e-03
6.0370377911700742740806858576061909e-03	1.1047499699929862653713548976146769e+00	6.4672767626128732525058161031711500e-05	6.9644359879404194137788344097902739e-03
5.9122605456971958771790671216456243e-03	1.1327519889514666975824371707611525e+00	6.6037813570512354916714146287548448e-05	7.0375460050112273287927033244373513e-03
5.7856961001728567978885755587156219e-03	1.1610532556742862845624455075448896e+00	6.7482568691921071633990321182957501e-05	7.1141064502040107217528492603629177e-03
5.6574120476041668807083039639201831e-03	1.1896679583796558802454275187971328e+00	6.9012928245180291168076551249473910e-05	7.1943143682339337982628222401132059e-03
5.5274784255489846267012804430664403e-03	1.2186111064638646688985524491799738e+00	7.0635386843048077073988137933168690e-05	7.2783836937309149235550573164981918e-03
5.3959678102642518305929687611904380e-03	1.2478986015889031404804013722345916e+00	7.2357113677102794592777171008855649e-05	7.3665470658165346013178050838062365e-03
5.2629554174490427180945730762795074e-03	1.2775473164976604512144407558840791e+00	7.4186039190445502410809964048085511e-05	7.4590578851839542940543960201633664e-03
5.1285192101729576829993999901735689e-03	1.3075751826012764019520675070065874e+00	7.6130955257087300474777253706961518e-05	7.5561926524064678237708343794764849e-03
4.9927400146492094825250151974046510e-03	1.3380012875520398114262098488670656e+00	7.8201631350565468275741425646575666e-05	7.6582536334602016969055018831384908e-03
4.8557016445902191047286909153353898e-03	1.3688459842160708384247929178562336e+00	8.0408949713835865273122924205527169e-05	7.7655719072775770209590507899404783e-03
4.7174910349734139318450844179057343e-03	1.4001310126999249916834509087506007e+00	8.2765063201274448457824126165915452e-05	7.8785108609383301200994147085366667e-03
4.5781983861481851083636773065533768e-03	1.4318796373729868238958675091449770e+00	8.5283580287448208152135297189725549e-05	7.9974702113502142007583828665979834e-03
4.4379173193340005154627370904634335e-03	1.4641168011741088368227281683014603e+00	8.7979782773058209330158374068286156e-05	8.1228906486099950676327520854274596e-03
4.2967450446973690507222988292355414e-03	1.4968692999103278612568004270898071e+00	9.0870883027953361971221403683902198e-05	8.2552592164925771842572016211801625e-03
4.1547825433552139985469443748897606e-03	1.5301659797653595982463052058594643e+00	9.3976329276502985879231204496884866e-05	8.3951155707670332087520754614957742e-03
4.0121347648385126999710982070668430e-03	1.5640379618585607253730297730290186e+00	9.7318169561788437022061081197494141e-05	8.5430592876919893948046906088474543e-03
3.8689108417680391092897030827637024e-03	1.5985188984602652769015666590535325e+00	1.0092148777015221862228605977988701e-04	8.6997584349590064910218364838276205e-03
3.7252243237501695654866974866808643e-03	1.6336452664145404508766569707338667e+00	1.0481492865787532011439808833575918e-04	8.8659596680040161989382201888589784e-03
3.5811934328029961907037580058047384e-03	1.6694567044946174183994641452236902e+00	1.0903133347286142845100568676506680e-04	9.0425001793067160634905059833564565e-03
3.4369413429814360331622492776785825e-03	1.7059964028841024378188066158885313e+00	1.1360851388729366081033000263341787e-04	9.2303219115217543188606728372236779e-03
3.2925964872971793733030163525060677e-03	1.7433115548240468051129568531593755e+00	1.1859020008400185008661506756603344e-04	9.4304885531319224663152104966249954e-03
3.1482928955410491502886007467302759e-03	1.7814538828061681228624376434382712e+00	1.2402720971893909983975542909796285e-04	9.6442059761681022232622413657229003e-03
3.0041705672318313433644486804891595e-03	1.8204802546796540540389628688581964e+00	1.2997889918153524782242600334905815e-04	9.8728469610466542957220201549963603e-03
2.8603758846627665319521023288411523e-03	1.8604534088819530770362415859804228e+00	1.3651497862993556834824914901379453e-04	1.0117981300066194409398876098787221e-02
2.7170620719281202554567839118647991e-03	1.9014428129895831373176688836769520e+00	1.4371779992775090490551079279833559e-04	1.0381412701749673108908061531829940e-02
2.5743897069311851909121116224440484e-03	1.9435256863112508723588665699448502e+00	1.5168526515668112681213218482895364e-04	1.0665224366261941918180659536076814e-02
2.4325272947590834237517868481604584e-03	1.9867882258710085986133859989355452e+00	1.6053455776800894636031868912780277e-04	1.0971835715894173052669336562062939e-02
2.2916519125350485776205127945808703e-03	2.0313270866472524761408235851177312e+00	1.7040697616942317671406511480678295e-04	1.1304073615252538753861092765154635e-02
2.1519499380277954263359186871509102e-03	2.0772511824861615939620651895597685e+00	1.8147426219481277937789947020902419e-04	1.1665262609676625050383487939232064e-02
2.0136178770490574481135634232690216e-03	2.1246838953629274243151990917127802e+00	1.9394698262765811630014132660427074e-04	1.2059340408994010033329883241773342e-02
1.8768633081953485658187091589723213e-03	2.1737658100921693426564142637747825e+00	2.0808576975005504024283428458628974e-04	1.2491007296257637023777166204239848e-02
1.7419059680544633523919484358696209e-03	2.2246581329148164230511754164953933e+00	2.2421660405198952743940604664218047e-04	1.2965921739596196120525223471188529e-02
1.6089790059770339402555828691844948e-03	2.2775470113280310472681283712865974e+00	2.4275190753257502584690884930052802e-04	1.3490959858622671435476775629552027e-02
1.4783304454482031474618675438668427e-03	2.3326490580234747111749393790741914e+00	2.6422014386609161335983967457422787e-04	1.4074564576328599126841691644495645e-02
1.3502248997723164987050914446304314e-03	2.3902185081670497720568921884858522e+00	2.8930812754012528930320678356906870e-04	1.4727223005634144923641342574671676e-02
1.2249456043779032545500703526712498e-03	2.4505566299347272880804266796070461e+00	3.1892275251437463739819644419704139e-04	1.5462130866013956246546937251048705e-02
1.1027968483454240148995089831472843e-03	2.5140243026610284386579148124059619e+00	3.5428315293366548474957808652321914e-04	1.6296135812191266907427743989894416e-02
9.8410691653422410305201981220680887e-04	2.5810591435337941063642712224798512e+00	3.9706193162151688599486225543560753e-04	1.7251107242330121136815196022257709e-02
8.6923169537843007330280243288254531e-04	2.6521993250282824887723799232286904e+00	4.4960811026827987996233932336407658e-04	1.8355977044822839091211803652817851e-02
7.5855915734766158424268226097046946e-04	2.7281175093467403394921865981262949e+00	5.1531134783231636677716445113164151e-04	1.9649870856437056791307648595133853e-02
6.5251503368922006906642460968216011e-04	2.8096705765463914757107503048507252e+00	5.9922115014963189080139692082235532e-04	2.1187080043517934427831552883723168e-02
5.5157013446532154233083267605874218e-04	2.8979749465418472556081836506313041e+00	7.0915035932355653632597190837866213e-04	2.3045281588308982797189634397585810e-02
4.5625002002002477312950234612453725e-04	2.9945252579887345128984159576929393e+00	8.5775605460768249816475918951282577e-04	2.5339799664948206889374072974022295e-02
3.6714814896992177653549998133448501e-04	3.1013905429786641626697888430706378e+00	1.0667449775497804503484302108560907e-03	2.8249849895067711618499543029423704e-02
2.8494439171310060539716270366258143e-04	3.2215584128140716787898491199303518e+00	1.3761455490499120357205297848162670e-03	3.2070519426780575328297686122861416e-02
2.1043228196401196831722632320955898e-04	3.3595868009594594903776631498302737e+00	1.8672022088943524847993020440266421e-03	3.7325958786985715283324154739348019e-02
1.4456151570548191977883747712153045e-04	3.5229700978789278000942475835639396e+00	2.7283658164164730092802694083973824e-03	4.5049438633875453869718001860603928e-02
8.8509590704290297802225996317307516e-05	3.7254439744273076113311040152877198e+00	4.4942289508963048676296221470524772e-03	5.7615840761865469738604429275255536e-02
4.3815989039667592337796955775223064e-05	3.9969617266280916517471578144478991e+00	9.3201575900711094989790380262383825e-03	8.2065864274571956670122892283336616e-02
1.2599099430937687936069814820897546e-05	4.4290724547064977485897122427625470e+00	4.3075138442380973860065272565133573e-02	1.5557093079857824424728648966126490e-01
0.0000000000000000000000000000000000e+00	0.0000000000000000000000000000000000e+00	7.4566306657349223525232754043159724e-05	6.9594024781115576211246017856415430e-03