1.1406034381077052325685019588578320e-05	-4.4505183295087664049064709867415640e+00	4.2719458384651698515717684397554531e-02	1.5490651952736189879628661957592740e-01
3.9707662965858947355960625329010690e-05	-4.0203299915490349668849959552021792e+00	9.2322092666380892120620664153802453e-03	8.1674934234537921633691376134433408e-02
8.0280619138334148775150385615232836e-05	-3.7501569138385830505556359357053490e+00	4.4478300014680139856343274344874748e-03	5.7316583627861168603778574406043713e-02
1.3122175564434050585422401681737537e-04	-3.5487699715887803830560596058898669e+00	2.6981019314050571525569680398266441e-03	4.4798344832139236743257666139540362e-02
1.9114709397865746718630138928097657e-04	-3.3863237613861438711205287170736809e+00	1.8451962520159838250733761426849697e-03	3.7105027681758337690102244723361033e-02
2.5899774013864691375595562654547158e-04	-3.2491333490812604220223517573487697e+00	1.3590443624073736891966937995527165e-03	3.1870413168515040390257424503650129e-02
3.3391941200106730935410749825131596e-04	-3.1297326427669384183964166703099279e+00	1.0528450825530001073535917883368116e-03	2.8065043979014784156379454454288829e-02
4.1519810371463206948219596656362240e-04	-3.0235812615567101037785941000205942e+00	8.4608669341536403839179607214723895e-04	2.5166728787129465610001689165361412e-02
5.0222191516445454806603692515658364e-04	-2.9277033071722549942979865483398081e+00	6.9911153866207506892178536106598087e-04	2.2881497461912115229977564734772124e-02
5.9445657393741424723158895107332330e-04	-2.8400379943387127624379169205280571e+00	5.9041885751706333324366205094023064e-04	2.1030821060288092796321044289130300e-02
6.9142880491813265310717818980665374e-04	-2.7590967345692418126288880941534954e+00	5.0747436619292213237646963135429405e-04	1.9499822387050478697266652658086847e-02
7.9271451898067155786500114216120092e-04	-2.6837676937817657216543399475819011e+00	4.4254258591012783218315009434310242e-04	1.8211128795920062994040246248362948e-02
8.9793012432240040856213133843202261e-04	-2.6131975614201667052573081204972363e+00	3.9062497017570818609101114240113419e-04	1.7110663799151344531278196590564702e-02
1.0067259499667670344872276771751658e-03	-2.5467165157875257042335871367695312e+00	3.4836668078119420862002496044875438e-04	1.6159458089565927807767440867623153e-02
1.1187811490052608441973180005333738e-03	-2.4837886875041435817850980217603235e+00	3.1344323202003520189097983411426885e-04	1.5328696406025450665752356349779800e-02
1.2337996692913729206613199982320214e-03	-2.4239783570336747769150104277200855e+00	2.8419976812460870962790098506060639e-04	1.4596598237540580604794126290104712e-02
1.3515070134779432643386928085542182e-03	-2.3669262306958200654397431107829647e+00	2.5943028390325396719154719643855082e-04	1.3946384931701314612809943381593213e-02
1.4716475952746646557518037781619606e-03	-2.3123323817365037329192763149714548e+00	2.3823779019606311925404728948986962e-04	1.3364915197621778770089765540746997e-02
1.5939825544244300094717534342742801e-03	-2.2599437223493923610471523333112551e+00	2.1994307465379684384774451760558407e-04	1.2841745460521000214749646886161174e-02
1.7182879303471594602194898587659587e-03	-2.2095446309660468478820217601851656e+00	2.0402359795690162800168013762485919e-04	1.2368468056910939821139696286330450e-02
1.8443531202459362760059020890509085e-03	-2.1609498239591237180476066080457421e+00	1.9007161805904592315366029258120808e-04	1.1938235736878117501171159076506903e-02
1.9719795657009021260893086522178435e-03	-2.1139988542334693826913862959401779e+00	1.7776489667236647105557440432232511e-04	1.1545413902312128260385652035756024e-02
2.1009796248863887467185244513526321e-03	-2.0685518091370790306532574446520228e+00	1.6684582687529290417481102875855064e-04	1.1185322179779057958333797761475139e-02
2.2311755971388147173395204985377949e-03	-2.0244859060087818204935431416368545e+00	1.5710631213948926160884280030514132e-04	1.0854039596735794439856639913162773e-02
2.3623988737309116716751660323537516e-03	-1.9816927688495772955596486877553182e+00	1.4837664594240712677714043883044082e-04	1.0548255778078818417145492829293180e-02
2.4944891940798028671856046669923325e-03	-1.9400762283159989288324471532290178e+00	1.4051722071655787465937421067481505e-04	1.0265155932748375781256757692297579e-02
2.6272939907170163446507613342609426e-03	-1.8995505283991381547508501669684979e+00	1.3341226833460987220234032526351085e-04	1.0002330984738324044173491333749103e-02
2.7606678095152940024019272938424157e-03	-1.8600388524660225008996054880957773e+00	1.2696507966882307321828981200657559e-04	9.7577066459151945639310713979504623e-03
2.8944717941389768364177225176510842e-03	-1.8214721025113165675980108995257955e+00	1.2109431482577733732941835685393326e-04	9.5294869200301524035197456765897008e-03
3.0285732256333393748843038809376682e-03	-1.7837878809587272793823881159247240e+00	1.1573112717045574871198073436515560e-04	9.3161087165351455417780338178169352e-03
3.1628451096183120908075341010251767e-03	-1.7469296358238932993549838856326719e+00	1.1081690119560352692986470115243329e-04	9.1162051001253735825325600659854681e-03
3.2971658047954846478422424950810804e-03	-1.7108459386416074162142620283193245e+00	1.0630145812274202873366143381675332e-04	8.9285753132746162399127880458902843e-03
3.4314186874825923230623582273721077e-03	-1.6754898710603629755307889794367024e+00	1.0214162127035740404417374588984662e-04	8.7521601553025757600361659712757109e-03
3.5654918477083922225597937380480942e-03	-1.6408185009728007743472111554704045e+00	9.8300060586392854220841260181727540e-05	8.5860216308445607873369352480084563e-03
3.6992778130721129703344920536933310e-03	-1.6067924328780926551973542181282791e+00	9.4744355587015256456690699128448414e-05	8.4293260261024922421516009565635108e-03
3.8326732971255657268506746575339990e-03	-1.5733754201473283363638413820217348e+00	9.1446230487708834835372451345193025e-05	8.2813297560197528553658722770632518e-03
3.9655789694957885052422726762360819e-03	-1.5405340291936619820136380511472047e+00	8.8380926076691922257433558166523385e-05	8.1413674658110595703066109264894233e-03
4.0978992453498947452720963652479796e-03	-1.5082373473884025216052012968801857e+00	8.5526680920413603027152789166110671e-05	8.0088419776900279977984594370935715e-03
4.2295420921258610565047320309361050e-03	-1.4764567280260621977299246462925110e+00	8.2864300547989948201581689188901998e-05	7.8832157565241816892499413843998914e-03
4.3604188517245947662382063650832398e-03	-1.4451655668107557571991056730274379e+00	8.0376797862107882712182151549536316e-05	7.7640036325841818963358385128510619e-03
4.4904440765887529525671306540107380e-03	-1.4143391052775779235347338558214205e+00	7.8049091545308064238702904841208678e-05	7.6507665699989864321544257957881267e-03
4.6195353782896428037752394869562868e-03	-1.3839542573246334226609345846389465e+00	7.5867751945500322306407776015474959e-05	7.5431063092815375183181609905682239e-03
4.7476132874109262963249311880569769e-03	-1.3539894556517930511211162974326238e+00	7.3820786032201825454986242001624590e-05	7.4406607438133138262126403471816001e-03
4.8746011236614905443278885227653775e-03	-1.3244245154099920736521201907033977e+00	7.1897454661878632196180669406991294e-05	7.3430999153230027305975688853734628e-03
5.0004248752735692368734248772336367e-03	-1.2952405127825107376667553880768717e+00	7.0088116685638279370097501238006222e-05	7.2501225335680414245333136619520165e-03
5.1250130868491576508893671234037602e-03	-1.2664196765648115768788227321946612e+00	6.8384095456627730735343243051254478e-05	7.1614529416985027055386415658396066e-03
5.2482967549105455321432176806573864e-03	-1.2379452910960296960784506649600271e+00	6.6777564109012324076945823691949866e-05	7.0768384619730037417190814337107319e-03
5.3702092304915427406476521127491052e-03	-1.2098016091341025843307360373077658e+00	6.5261446631714516092649614003419726e-05	6.9960470672414400484078225399097645e-03
5.4906861281764734877628549163818340e-03	-1.1819737734665249432441585039425101e+00	6.3829332283548758757252267158776697e-05	6.9188653324034342239399588801749512e-03
5.6096652410557527586492591864805423e-03	-1.1544477462168129033790383543195455e+00	6.2475401319153278294588522793361196e-05	6.8450966272807492076065077941821889e-03
5.7270864611210784347172699760662864e-03	-1.1272102449485813693067690150889187e+00	6.1194360338157225395514538149743195e-05	6.7745595183102751608923726337363743e-03
5.8428917046710219748391341203328259e-03	-1.1002486847892180441482784388104504e+00	5.9981385849614018670721091784542031e-05	6.7070863514116070594168268944339991e-03
5.9570248423399632337067166283021861e-03	-1.0735511258971617527295660363278800e+00	5.8832074872590628544920800733401468e-05	6.6425219925003618337192388852733829e-03
6.0694316334006398244972199122617125e-03	-1.0471062256837631563810923876689836e+00	5.7742401581904645369529488572395257e-05	6.5807227055574240781634015998972192e-03
6.1800596640237047147188568193142395e-03	-1.0209031952750796753513204368473634e+00	5.6708679163215137912373521114154806e-05	6.5215551510472822211850645857276655e-03
6.2888582892071500593953886610721956e-03	-9.9493175976275205877410040299614870e-01	5.5727526170235703007417644703895506e-05	6.4648954899037968787997932693936234e-03
6.3957785781147247021097737719979944e-03	-9.6918212184799257178827038100789823e-01	5.4795836783713659930435111369695602e-05	6.4106285803486132797970678087877497e-03
6.5007732625859454368073960855249877e-03	-9.4364492853006260374389938832155427e-01	5.3910754460978342105980699352871339e-05	6.3586472565405384691709178565173580e-03
6.6037966886013205550910230821430153e-03	-9.1831124053157583420143554116733647e-01	5.3069648539492285017092784734232231e-05	6.3088516795261772513775188092233417e-03
6.7048047705052639313434958774692276e-03	-8.9317250418848663118243796210287466e-01	5.2270093420512773101002270186341822e-05	6.2611487522160264881166259869009929e-03
6.8037549478061345777711534579027316e-03	-8.6822052556351063237616033943229067e-01	5.1509850011768966726665966794900899e-05	6.2154515911814400941183704159381184e-03
6.9006061443881119736575872521965322e-03	-8.4344744656864550890198392805594911e-01	5.0786849152672941969688849720173134e-05	6.1716790489855548177304557817169867e-03
6.9953187299834043447354525281885457e-03	-8.1884572290597867172719978495599594e-01	5.0099176783390808571292808858202709e-05	6.1297552815495250285236933019419217e-03
7.0878544837657534964439541740438099e-03	-7.9440810365656120206883878067648488e-01	4.9445060651231602002609904962753294e-05	6.0896093557342635739671166445431377e-03
7.1781765599374926180262422385164057e-03	-7.7012761236519657487240469511367382e-01	4.8822858375194073349214763124177493e-05	6.0511748929039819965336559880232162e-03
7.2662494551926612490099408411303285e-03	-7.4599752948488091048865665058008389e-01	4.8231046712908829236660583668408335e-05	6.0143897447450746507985079979372762e-03
7.3520389779479971779540629826371832e-03	-7.2201137605862972686988831923775460e-01	4.7668211894257049329340831420849022e-05	5.9791956980539442795343227466616309e-03
7.4355122192421076734633326752313202e-03	-6.9816289852878296381872301989073816e-01	4.7133040903160901759257605973924198e-05	5.9455382055900028540130401029600484e-03
7.5166375252108596046968584174339728e-03	-6.7444605457480799022319466494955653e-01	4.6624313603860312402642265549078792e-05	5.9133661404235387526641027829444708e-03
7.5953844710540969506048654808949161e-03	-6.5085499989030167729152189740271941e-01	4.6140895620779193232034102252233823e-05	5.8826315714993761584517947150301197e-03
7.6717238364152632947125867520362293e-03	-6.2738407581848410956988732119893637e-01	4.5681731892145457935980487145874749e-05	5.8532895583921548527905338283823008e-03
7.7456275821014367809930413010775664e-03	-6.0402779777311308528594998773893734e-01	4.5245840827118012348912020817331297e-05	5.8252979634526280302582439747186119e-03
7.8170688280767295282407658008517321e-03	-5.8078084437854675168787775895055709e-01	4.4832309004504739808178532320181818e-05	5.7986172797408668458182598052744900e-03
7.8860218326670106099433162890907008e-03	-5.5763804726874233309438717958510487e-01	4.4440286358409030770914092937703051e-05	5.7732104733153023059534989473352548e-03
7.9524619729185241619598997770370378e-03	-5.3459438149038931778284797595333157e-01	4.4068981802471399432250930314527497e-05	5.7490428385992309232959193412037584e-03
8.0163657260572301855780344335181802e-03	-5.1164495646021156082588734544874028e-01	4.3717659249906643453148401567557378e-05	5.7260818656814197066767582511768119e-03
8.0777106519996293681550817809291891e-03	-4.8878500743080055947686608975458153e-01	4.3385633991385803272401546411705642e-05	5.7042971185270529519868457707668780e-03
8.1364753768694754195308367495253690e-03	-4.6600988742321921247273022423280708e-01	4.3072269397069499137373259508446072e-05	5.6836601231814345797862108459154974e-03
8.1926395774781565801459938640319579e-03	-4.4331505958809192369166842213118759e-01	4.2776973912844980871040450510772719e-05	5.6641442651432922767570512603381541e-03
8.2461839667296669083551600450268850e-03	-4.2069608996001688093252174674302559e-01	4.2499198324121779242810366995136392e-05	5.6457246951686907138671409488822764e-03
8.2970902799140100811788111148593545e-03	-3.9814864057293819512501568769981730e-01	4.2238433263458812390565318928116963e-05	5.6283782428417221814625424418237428e-03
8.3453412618556039740635105453713920e-03	-3.7566846290663304670217633504573638e-01	4.1994206940879547020556775551901470e-05	5.6120833373154084568718428545849901e-03
8.3909206548858015432623401338176188e-03	-3.5325139163673165531134079900221516e-01	4.1766083078024729171777872789675465e-05	5.5968199346865788900857363869942021e-03
8.4338131876110291497154527864490154e-03	-3.3089333866272177605812722801681429e-01	4.1553659029331741937462051459715494e-05	5.5825694515227252118205713010363659e-03
8.4740045644502825649295969160840099e-03	-3.0859028739021740260643987437985199e-01	4.1356564075248235435063394768824715e-05	5.5693147041077068158720371231356548e-03
8.5114814559178272833707555410770451e-03	-2.8633828724541355072531409554191365e-01	4.1174457874113431969059109893425720e-05	5.5570398530173341295912265391372359e-03
8.5462314896289360444998702596758924e-03	-2.6413344840112312067710509271794058e-01	4.1007029060797899652404020611716095e-05	5.5457303526758571686322436581651252e-03
8.5782432420083742018359522929085721e-03	-2.4197193669511348714035841174603870e-01	4.0853993981502947254015392076295339e-05	5.5353729055807293973438395350793769e-03
8.6075062306831233944685824053586175e-03	-2.1984996872264336286438792714551755e-01	4.0715095555302786398656599212412921e-05	5.5259554209161436874244268033243688e-03
8.6340109075425256792620811901009614e-03	-1.9776380708615669123181669527040596e-01	4.0590102254082614556808354326576179e-05	5.5174669773061377413873845239638663e-03
8.6577486524506429383047565924738495e-03	-1.7570975578603043537037430590178562e-01	4.0478807193498219981099496348047318e-05	5.5098977894858881176171885077681046e-03
8.6787117675971684077635035143058644e-03	-1.5368415573710642670874193041078017e-01	4.0381027328470354492575484226517525e-05	5.5032391786954652545298712656393056e-03
8.6968934724747064332777054990529664e-03	-1.3168338039647201781760852092426600e-01	4.0296602747541292904753208754201148e-05	5.4974835466240851243457198011601727e-03
8.7122878994716603957543441200080472e-03	-1.0970383148859719944348556699281259e-01	4.0225396061171815771307111769690682e-05	5.4926243527550175533317503869813959e-03
8.7248900900713440865141453069759604e-03	-8.7741934814493179718840553644264473e-02	4.0167291879753401331989184853041360e-05	5.4886560949820247253031302256093409e-03
8.7346959916492651816260499784517695e-03	-6.5794136132034403953662779186468186e-02	4.0122196377760909274149851187001700e-05	5.4855742933877140542171280787670400e-03
8.7417024548618270883276962945120137e-03	-4.3856897094987037688376383556263642e-02	4.0090036941082970904681780929553913e-05	5.4833754770926889292286620882103001e-03
8.7459072316209632552475697605920826e-03	-2.1926691238615728377517101114095630e-02	4.0070761895147552266429319993913636e-05	5.4820571741020464116122402659639968e-03
8.7473089736504617705992029313422860e-03	0.0000000000000000000000000000000000e+00	4.0064340312015123130351178374738761e-05	5.4816179040927691007380253923707827e-03
8.7459072316209632552475697605920826e-03	2.1926691238615728377517101114095630e-02	4.0070761895147552266429319993913636e-05	5.4820571741020464116122402659639968e-03
8.7417024548618270883276962945120137e-03	4.3856897094987037688376383556263642e-02	4.0090036941082970904681780929553913e-05	5.4833754770926889292286620882103001e-03
8.7346959916492651816260499784517695e-03	6.5794136132034403953662779186468186e-02	4.0122196377760909274149851187001700e-05	5.4855742933877140542171280787670400e-03
8.7248900900713440865141453069759604e-03	8.7741934814493179718840553644264473e-02	4.0167291879753401331989184853041360e-05	5.4886560949820247253031302256093409e-03
8.7122878994716603957543441200080472e-03	1.0970383148859719944348556699281259e-01	4.0225396061171815771307111769690682e-05	5.4926243527550175533317503869813959e-03
8.6968934724747064332777054990529664e-03	1.3168338039647201781760852092426600e-01	4.0296602747541292904753208754201148e-05	5.4974835466240851243457198011601727e-03
8.6787117675971684077635035143058644e-03	1.5368415573710642670874193041078017e-01	4.0381027328470354492575484226517525e-05	5.5032391786954652545298712656393056e-03
8.6577486524506429383047565924738495e-03	1.7570975578603043537037430590178562e-01	4.0478807193498219981099496348047318e-05	5.5098977894858881176171885077681046e-03
8.6340109075425256792620811901009614e-03	1.9776380708615669123181669527040596e-01	4.0590102254082614556808354326576179e-05	5.5174669773061377413873845239638663e-03
8.6075062306831233944685824053586175e-03	2.1984996872264336286438792714551755e-01	4.0715095555302786398656599212412921e-05	5.5259554209161436874244268033243688e-03
8.5782432420083742018359522929085721e-03	2.4197193669511348714035841174603870e-01	4.0853993981502947254015392076295339e-05	5.5353729055807293973438395350793769e-03
8.5462314896289360444998702596758924e-03	2.6413344840112312067710509271794058e-01	4.1007029060797899652404020611716095e-05	5.5457303526758571686322436581651252e-03
8.5114814559178272833707555410770451e-03	2.8633828724541355072531409554191365e-01	4.1174457874113431969059109893425720e-05	5.5570398530173341295912265391372359e-03
8.4740045644502825649295969160840099e-03	3.0859028739021740260643987437985199e-01	4.1356564075248235435063394768824715e-05	5.5693147041077068158720371231356548e-03
8.4338131876110291497154527864490154e-03	3.3089333866272177605812722801681429e-01	4.1553659029331741937462051459715494e-05	5.5825694515227252118205713010363659e-03
8.3909206548858015432623401338176188e-03	3.5325139163673165531134079900221516e-01	4.1766083078024729171777872789675465e-05	5.5968199346865788900857363869942021e-03
8.3453412618556039740635105453713920e-03	3.7566846290663304670217633504573638e-01	4.1994206940879547020556775551901470e-05	5.6120833373154084568718428545849901e-03
8.2970902799140100811788111148593545e-03	3.9814864057293819512501568769981730e-01	4.2238433263458812390565318928116963e-05	5.6283782428417221814625424418237428e-03
8.2461839667296669083551600450268850e-03	4.2069608996001688093252174674302559e-01	4.2499198324121779242810366995136392e-05	5.6457246951686907138671409488822764e-03
8.1926395774781565801459938640319579e-03	4.4331505958809192369166842213118759e-01	4.2776973912844980871040450510772719e-05	5.6641442651432922767570512603381541e-03
8.1364753768694754195308367495253690e-03	4.6600988742321921247273022423280708e-01	4.3072269397069499137373259508446072e-05	5.6836601231814345797862108459154974e-03
8.0777106519996293681550817809291891e-03	4.8878500743080055947686608975458153e-01	4.3385633991385803272401546411705642e-05	5.7042971185270529519868457707668780e-03
8.0163657260572301855780344335181802e-03	5.1164495646021156082588734544874028e-01	4.3717659249906643453148401567557378e-05	5.7260818656814197066767582511768119e-03
7.9524619729185241619598997770370378e-03	5.3459438149038931778284797595333157e-01	4.4068981802471399432250930314527497e-05	5.7490428385992309232959193412037584e-03
7.8860218326670106099433162890907008e-03	5.5763804726874233309438717958510487e-01	4.4440286358409030770914092937703051e-05	5.7732104733153023059534989473352548e-03
7.8170688280767295282407658008517321e-03	5.8078084437854675168787775895055709e-01	4.4832309004504739808178532320181818e-05	5.7986172797408668458182598052744900e-03
7.7456275821014367809930413010775664e-03	6.0402779777311308528594998773893734e-01	4.5245840827118012348912020817331297e-05	5.8252979634526280302582439747186119e-03
7.6717238364152632947125867520362293e-03	6.2738407581848410956988732119893637e-01	4.5681731892145457935980487145874749e-05	5.8532895583921548527905338283823008e-03
7.5953844710540969506048654808949161e-03	6.5085499989030167729152189740271941e-01	4.6140895620779193232034102252233823e-05	5.8826315714993761584517947150301197e-03
7.5166375252108596046968584174339728e-03	6.7444605457480799022319466494955653e-01	4.6624313603860312402642265549078792e-05	5.9133661404235387526641027829444708e-03
7.4355122192421076734633326752313202e-03	6.9816289852878296381872301989073816e-01	4.7133040903160901759257605973924198e-05	5.9455382055900028540130401029600484e-03
7.3520389779479971779540629826371832e-03	7.2201137605862972686988831923775460e-01	4.7668211894257049329340831420849022e-05	5.9791956980539442795343227466616309e-03
7.2662494551926612490099408411303285e-03	7.4599752948488091048865665058008389e-01	4.8231046712908829236660583668408335e-05	6.0143897447450746507985079979372762e-03
7.1781765599374926180262422385164057e-03	7.7012761236519657487240469511367382e-01	4.8822858375194073349214763124177493e-05	6.0511748929039819965336559880232162e-03
7.0878544837657534964439541740438099e-03	7.9440810365656120206883878067648488e-01	4.9445060651231602002609904962753294e-05	6.0896093557342635739671166445431377e-03
6.9953187299834043447354525281885457e-03	8.1884572290597867172719978495599594e-01	5.0099176783390808571292808858202709e-05	6.1297552815495250285236933019419217e-03
6.9006061443881119736575872521965322e-03	8.4344744656864550890198392805594911e-01	5.0786849152672941969688849720173134e-05	6.1716790489855548177304557817169867e-03
6.8037549478061345777711534579027316e-03	8.6822052556351063237616033943229067e-01	5.1509850011768966726665966794900899e-05	6.2154515911814400941183704159381184e-03
6.7048047705052639313434958774692276e-03	8.9317250418848663118243796210287466e-01	5.2270093420512773101002270186341822e-05	6.2611487522160264881166259869009929e-03
6.6037966886013205550910230821430153e-03	9.1831124053157583420143554116733647e-01	5.3069648539492285017092784734232231e-05	6.3088516795261772513775188092233417e-03
6.5007732625859454368073960855249877e-03	9.4364492853006260374389938832155427e-01	5.3910754460978342105980699352871339e-05	6.3586472565405384691709178565173580e-03
6.3957785781147247021097737719979944e-03	9.6918212184799257178827038100789823e-01	5.4795836783713659930435111369695602e-05	6.4106285803486132797970678087877497e-03
6.2888582892071500593953886610721956e-03	9.9493175976275205877410040299614870e-01	5.5727526170235703007417644703895506e-05	6.4648954899037968787997932693936234e-03
6.1800596640237047147188568193142395e-03	1.0209031952750796753513204368473634e+00	5.6708679163215137912373521114154806e-05	6.5215551510472822211850645857276655e-03
6.0694316334006398244972199122617125e-03	1.0471062256837631563810923876689836e+00	5.7742401581904645369529488572395257e-05	6.5807227055574240781634015998972192e-03
5.9570248423399632337067166283021861e-03	1.0735511258971617527295660363278800e+00	5.8832074872590628544920800733401468e-05	6.6425219925003618337192388852733829e-03
5.8428917046710219748391341203328259e-03	1.1002486847892180441482784388104504e+00	5.9981385849614018670721091784542031e-05	6.7070863514116070594168268944339991e-03
5.7270864611210784347172699760662864e-03	1.1272102449485813693067690150889187e+00	6.1194360338157225395514538149743195e-05	6.7745595183102751608923726337363743e-03
5.6096652410557527586492591864805423e-03	1.1544477462168129033790383543195455e+00	6.2475401319153278294588522793361196e-05	6.8450966272807492076065077941821889e-03
5.4906861281764734877628549163818340e-03	1.1819737734665249432441585039425101e+00	6.3829332283548758757252267158776697e-05	6.9188653324034342239399588801749512e-03
5.3702092304915427406476521127491052e-03	1.2098016091341025843307360373077658e+00	6.5261446631714516092649614003419726e-05	6.9960470672414400484078225399097645e-03
5.2482967549105455321432176806573864e-03	1.2379452910960296960784506649600271e+00	6.6777564109012324076945823691949866e-05	7.0768384619730037417190814337107319e-03
5.1250130868491576508893671234037602e-03	1.2664196765648115768788227321946612e+00	6.8384095456627730735343243051254478e-05	7.1614529416985027055386415658396066e-03
5.0004248752735692368734248772336367e-03	1.2952405127825107376667553880768717e+00	7.0088116685638279370097501238006222e-05	7.2501225335680414245333136619520165e-03
4.8746011236614905443278885227653775e-03	1.3244245154099920736521201907033977e+00	7.1897454661878632196180669406991294e-05	7.3430999153230027305975688853734628e-03
4.7476132874109262963249311880569769e-03	1.3539894556517930511211162974326238e+00	7.3820786032201825454986242001624590e-05	7.4406607438133138262126403471816001e-03
4.6195353782896428037752394869562868e-03	1.3839542573246334226609345846389465e+00	7.5867751945500322306407776015474959e-05	7.5431063092815375183181609905682239e-03
4.4904440765887529525671306540107380e-03	1.4143391052775779235347338558214205e+00	7.8049091545308064238702904841208678e-05	7.6507665699989864321544257957881267e-03
4.3604188517245947662382063650832398e-03	1.4451655668107557571991056730274379e+00	8.0376797862107882712182151549536316e-05	7.7640036325841818963358385128510619e-03
4.2295420921258610565047320309361050e-03	1.4764567280260621977299246462925110e+00	8.2864300547989948201581689188901998e-05	7.8832157565241816892499413843998914e-03
4.0978992453498947452720963652479796e-03	1.5082373473884025216052012968801857e+00	8.5526680920413603027152789166110671e-05	8.0088419776900279977984594370935715e-03
3.9655789694957885052422726762360819e-03	1.5405340291936619820136380511472047e+00	8.8380926076691922257433558166523385e-05	8.1413674658110595703066109264894233e-03
3.8326732971255657268506746575339990e-03	1.5733754201473283363638413820217348e+00	9.1446230487708834835372451345193025e-05	8.2813297560197528553658722770632518e-03
3.6992778130721129703344920536933310e-03	1.6067924328780926551973542181282791e+00	9.4744355587015256456690699128448414e-05	8.4293260261024922421516009565635108e-03
3.5654918477083922225597937380480942e-03	1.6408185009728007743472111554704045e+00	9.8300060586392854220841260181727540e-05	8.5860216308445607873369352480084563e-03
3.4314186874825923230623582273721077e-03	1.6754898710603629755307889794367024e+00	1.0214162127035740404417374588984662e-04	8.7521601553025757600361659712757109e-03
3.2971658047954846478422424950810804e-03	1.7108459386416074162142620283193245e+00	1.0630145812274202873366143381675332e-04	8.9285753132746162399127880458902843e-03
3.1628451096183120908075341010251767e-03	1.7469296358238932993549838856326719e+00	1.1081690119560352692986470115243329e-04	9.1162051001253735825325600659854681e-03
3.0285732256333393748843038809376682e-03	1.7837878809587272793823881159247240e+00	1.1573112717045574871198073436515560e-04	9.3161087165351455417780338178169352e-03
2.8944717941389768364177225176510842e-03	1.8214721025113165675980108995257955e+00	1.2109431482577733732941835685393326e-04	9.5294869200301524035197456765897008e-03
2.7606678095152940024019272938424157e-03	1.8600388524660225008996054880957773e+00	1.2696507966882307321828981200657559e-04	9.7577066459151945639310713979504623e-03
2.6272939907170163446507613342609426e-03	1.8995505283991381547508501669684979e+00	1.3341226833460987220234032526351085e-04	1.0002330984738324044173491333749103e-02
2.4944891940798028671856046669923325e-03	1.9400762283159989288324471532290178e+00	1.4051722071655787465937421067481505e-04	1.0265155932748375781256757692297579e-02
2.3623988737309116716751660323537516e-03	1.9816927688495772955596486877553182e+00	1.4837664594240712677714043883044082e-04	1.0548255778078818417145492829293180e-02
2.2311755971388147173395204985377949e-03	2.0244859060087818204935431416368545e+00	1.5710631213948926160884280030514132e-04	1.0854039596735794439856639913162773e-02
2.1009796248863887467185244513526321e-03	2.0685518091370790306532574446520228e+00	1.6684582687529290417481102875855064e-04	1.1185322179779057958333797761475139e-02
1.9719795657009021260893086522178435e-03	2.1139988542334693826913862959401779e+00	1.7776489667236647105557440432232511e-04	1.1545413902312128260385652035756024e-02
1.8443531202459362760059020890509085e-03	2.1609498239591237180476066080457421e+00	1.9007161805904592315366029258120808e-04	1.1938235736878117501171159076506903e-02
1.7182879303471594602194898587659587e-03	2.2095446309660468478820217601851656e+00	2.0402359795690162800168013762485919e-04	1.2368468056910939821139696286330450e-02
1.5939825544244300094717534342742801e-03	2.2599437223493923610471523333112551e+00	2.1994307465379684384774451760558407e-04	1.2841745460521000214749646886161174e-02
1.4716475952746646557518037781619606e-03	2.3123323817365037329192763149714548e+00	2.3823779019606311925404728948986962e-04	1.3364915197621778770089765540746997e-02
1.3515070134779432643386928085542182e-03	2.3669262306958200654397431107829647e+00	2.5943028390325396719154719643855082e-04	1.3946384931701314612809943381593213e-02
1.2337996692913729206613199982320214e-03	2.4239783570336747769150104277200855e+00	2.8419976812460870962790098506060639e-04	1.4596598237540580604794126290104712e-02
1.1187811490052608441973180005333738e-03	2.4837886875041435817850980217603235e+00	3.1344323202003520189097983411426885e-04	1.5328696406025450665752356349779800e-02
1.0067259499667670344872276771751658e-03	2.5467165157875257042335871367695312e+00	3.4836668078119420862002496044875438e-04	1.6159458089565927807767440867623153e-02
8.9793012432240040856213133843202261e-04	2.6131975614201667052573081204972363e+00	3.9062497017570818609101114240113419e-04	1.7110663799151344531278196590564702e-02
7.9271451898067155786500114216120092e-04	2.6837676937817657216543399475819011e+00	4.4254258591012783218315009434310242e-04	1.8211128795920062994040246248362948e-02
6.9142880491813265310717818980665374e-04	2.7590967345692418126288880941534954e+00	5.0747436619292213237646963135429405e-04	1.9499822387050478697266652658086847e-02
5.9445657393741424723158895107332330e-04	2.8400379943387127624379169205280571e+00	5.9041885751706333324366205094023064e-04	2.1030821060288092796321044289130300e-02
5.0222191516445454806603692515658364e-04	2.9277033071722549942979865483398081e+00	6.9911153866207506892178536106598087e-04	2.2881497461912115229977564734772124e-02
4.1519810371463206948219596656362240e-04	3.0235812615567101037785941000205942e+00	8.4608669341536403839179607214723895e-04	2.5166728787129465610001689165361412e-02
3.3391941200106730935410749825131596e-04	3.1297326427669384183964166703099279e+00	1.0528450825530001073535917883368116e-03	2.8065043979014784156379454454288829e-02
2.5899774013864691375595562654547158e-04	3.2491333490812604220223517573487697e+00	1.3590443624073736891966937995527165e-03	3.1870413168515040390257424503650129e-02
1.9114709397865746718630138928097657e-04	3.3863237613861438711205287170736809e+00	1.8451962520159838250733761426849697e-03	3.7105027681758337690102244723361033e-02
1.3122175564434050585422401681737537e-04	3.5487699715887803830560596058898669e+00	2.6981019314050571525569680398266441e-03	4.4798344832139236743257666139540362e-02
8.0280619138334148775150385615232836e-05	3.7501569138385830505556359357053490e+00	4.4478300014680139856343274344874748e-03	5.7316583627861168603778574406043713e-02
3.9707662965858947355960625329010690e-05	4.0203299915490349668849959552021792e+00	9.2322092666380892120620664153802453e-03	8.1674934234537921633691376134433408e-02
1.1406034381077052325685019588578320e-05	4.4505183295087664049064709867415640e+00	4.2719458384651698515717684397554531e-02	1.5490651952736189879628661957592740e-01
0.0000000000000000000000000000000000e+00	0.0000000000000000000000000000000000e+00	6.9386976649856169466550134407369552e-05	6.7133540965524303836948506538972380e-03