7.5338297526010783215695658036082262e-06	-4.5389154037561860245928129860026222e+00	4.1297287575412246396754937837439063e-02	1.5222409196138401114001861320298986e-01
2.6335300297540926590822906342027405e-05	-4.1164784878219467860068257469050792e+00	8.8825126669910701727522879777070446e-03	8.0102142601828906260863132392641309e-02
5.3429432044759038035518780167001899e-05	-3.8517080932604847148146650099400570e+00	4.2641197086921520535885573757002250e-03	5.6116244409788436825860852156845699e-02
8.7598102116045368772171663151632517e-05	-3.6546756129131074058748234274251490e+00	2.5787108364337294402889086775484897e-03	4.3793843357322543371583433582646508e-02
1.2795311255584570237649636013752509e-04	-3.4959740333987564143333385334465539e+00	1.7586649434624844349549414641968418e-03	3.6223288162495588629378869876799096e-02
1.7381405923335541874300418129810244e-04	-3.3621245135005520231998240562958943e+00	1.2920005941050416599125516166529139e-03	3.1073531338323236055379926631560312e-02
2.2463140971847711969598089921936915e-04	-3.2457758753473014429732091959710475e+00	9.9850427476664417770120129715081939e-04	2.7330599134458291061908485647911784e-02
2.7994538354124422998199322682577965e-04	-3.1424589919462683093425894608740173e+00	8.0058708407644573595300535224916362e-04	2.4480255273165528832895845381413488e-02
3.3936154404204354789869000335636408e-04	-3.0492454964672346604768675184602498e+00	6.6006888460584310212506159266899815e-04	2.2233064980171188358369143965056426e-02
4.0253514074451986663838853478964787e-04	-2.9641080556601758412947972616967075e+00	5.5626901553546003137947797862244289e-04	2.0413287301900703224530619690130897e-02
4.6916046876212673932328827732852509e-04	-2.8855826112685085174070252928216913e+00	4.7714168380408510340003622904480700e-04	1.8907859783553186631572713311837265e-02
5.3896330990202455830879753027748287e-04	-2.8125759123306333390733709995439132e+00	4.1525892662584500070885002653008838e-04	1.7640645379032947395528747221903286e-02
6.1169537105486409035967023336124815e-04	-2.7442491039106726783185821059779853e+00	3.6582460973341946416311439507445843e-04	1.6558440020245941268777983321118502e-02
6.8713007380452888888534413255324899e-04	-2.6799438593426536241121007450922004e+00	3.2562210853034842535355204339526658e-04	1.5622909137458125169650015620196216e-02
7.6505929082429660520044694219266160e-04	-2.6191336216644440847608984679287949e+00	2.9242426437881787014881024650739824e-04	1.4805711045296588876196666257530718e-02
8.4529076536172809554704700289839270e-04	-2.5613903369630972388355578096637293e+00	2.6464657576027296814426714186954928e-04	1.4085426213329525621886533294732803e-02
9.2764603590882458746377466916486501e-04	-2.5063611097690479532596365007315757e+00	2.4113505425370927449274542322667260e-04	1.3445556265040644457932614924135599e-02
1.0119587425020191782643443732108495e-03	-2.4537514192132771855579408183684036e+00	2.2103193209558375457404829010731632e-04	1.2873181041936153683782413085826819e-02
1.0980732266714330369372034183650926e-03	-2.4033127946871720321866998630607187e+00	2.0368808481882216437713249364553568e-04	1.2358033910186253368923094264097681e-02
1.1858433610140870153565886164513231e-03	-2.3548335966480800227177937186575488e+00	1.8860440944204550622364869130509357e-04	1.1891850557946235318511900115273723e-02
1.2751315609003828974667523899915927e-03	-2.3081320059326167759826809886238611e+00	1.7539166927892288338381150258614846e-04	1.1467901164732033727604665099881861e-02
1.3658079424870673081546926142250170e-03	-2.2630506137556011932214267626525289e+00	1.6374241731623200507141562845608980e-04	1.1080648282260507004872614129771825e-02
1.4577495995984512451609684600680883e-03	-2.2194521915877736069868647000667268e+00	1.5341100008553274554959746729579367e-04	1.0725492625779447379993059162587888e-02
1.5508399781757641897810057405630806e-03	-2.1772163440290461439835582967139456e+00	1.4419907797222731113077845140546478e-04	1.0398581449027953540632716752037267e-02
1.6449683315562515315877934194987354e-03	-2.1362368316294348836548640026836615e+00	1.3594498107739491771066564819571277e-04	1.0096662197653360207317539666806864e-02
1.7400292432817930384805489973605607e-03	-2.0964194083960696356801592092935869e+00	1.2851577660925074600131119162897788e-04	9.8169694050541971104282149687461023e-03
1.8359222067614663628250166901122393e-03	-2.0576800592377108975894976293707204e+00	1.2180128245830483048495788301407559e-04	9.5571363230031246979159812855748231e-03
1.9325512531395880091873388290628511e-03	-2.0199435514443868428836256828238810e+00	1.1570949716302923253290929864474400e-04	9.3151251839434735473525437012208903e-03
2.0298246203031905282897847807839045e-03	-1.9831422351321217535234030404154893e+00	1.1016307393665586329594321108483681e-04	9.0891716570371671264498160266502617e-03
2.1276544572103904466973702553066070e-03	-1.9472150428249250655007621337758785e+00	1.0509657341780499535807139447297540e-04	8.8777402303509446336094437496686687e-03
2.2259565587135214651608521911026254e-03	-1.9121066496331655874727610429051340e+00	1.0045430360583068350005664742481157e-04	8.6794880853403243903131270645181432e-03
2.3246501268470692186804083289321084e-03	-1.8777667639390108719180467953312206e+00	9.6188607056229572118309185560320085e-05	8.4932356313252697367039032068336847e-03
2.4236575551941628529405742832851941e-03	-1.8441495248937196364838350852332952e+00	9.2258491978616507606168281607790619e-05	8.3179423067330942749286914481550310e-03
2.5229042334696393979855587541234577e-03	-1.8112129879158037838564240306583292e+00	8.8628530098636536042515904927803086e-05	8.1526865778869266407656650811971833e-03
2.6223183698875743117341903093228131e-03	-1.7789186831435597675058717963820537e+00	8.5267963155453039742343453111681732e-05	7.9966493076386475365648452129989384e-03
2.7218308292359022121842501884281888e-03	-1.7472312347213458512123144485253278e+00	8.2149973834740728733592990631978051e-05	7.8490998478957152201881369515635259e-03
2.8213749848752197419498151020991228e-03	-1.7161180310910090955421529401931537e+00	7.9251087242301695075616762639130728e-05	7.7093843480834485477886210834885847e-03
2.9208865831246764119053290871931547e-03	-1.6855489382686606747913656662415534e+00	7.6550676718323610565320358681194772e-05	7.5769158772309401632178995116995241e-03
3.0203036187041414983944246619349624e-03	-1.6554960495243916038885257364458034e+00	7.4030553587950992850503342285123683e-05	7.4511660388889439097764801736768685e-03
3.1195662200758049510626260048532483e-03	-1.6259334660322785859880902037379538e+00	7.1674624844701958979821839761261605e-05	7.3316578214586422913115677743884431e-03
3.2186165436757792770716598654183142e-03	-1.5968371039834159309778024328022753e+00	6.9468606130792628107219051272478809e-05	7.2179594761173084879620194804614429e-03
3.3173986761517284656856001103907466e-03	-1.5681845244038798930496900551853262e+00	6.7399779974056114322849396204056549e-05	7.1096792536172443768291369147887234e-03
3.4158585438297778719275889508260553e-03	-1.5399547825294129919267616661975477e+00	6.5456791255618643573822482486033958e-05	7.0064608622309512553401388783795989e-03
3.5139438287259715777061472747569802e-03	-1.5121282940877227543886001957151776e+00	6.3629473456179634495128983626772849e-05	6.9079795338404833821323430904730173e-03
3.6116038904968002905603143110956996e-03	-1.4846867162497875823007745520323975e+00	6.1908700465732806358006158891255029e-05	6.8139386050028322956228856237568227e-03
3.7087896937918387280944536507735273e-03	-1.4576128413507913327993520784174884e+00	6.0286259719649091858119942936128557e-05	6.7240665358191302705172904323809462e-03
3.8054537405309663663632241980129036e-03	-1.4308905017629128284151015010568048e+00	5.8754743201764254429742470661720584e-05	6.6381143024021858784286566346603016e-03
3.9015500066803724732871973205282695e-03	-1.4045044845369764086296557456189644e+00	5.7307453476838212105862921271038787e-05	6.5558531092993560091864695743476063e-03
3.9970338831467064414341035195290441e-03	-1.3784404546265187127144180079446937e+00	5.5938322414315489671083105396398522e-05	6.4770723768718999357101076731763621e-03
4.0918621204482796059850391234296075e-03	-1.3526848856730195140422217130598705e+00	5.4641840668684474074954815587061628e-05	6.4015779657376634021911048453936939e-03
4.1859927768569525649320223272880669e-03	-1.3272249974704068178248823426383188e+00	5.3412996308954133317253044916064134e-05	6.3291906062498858055861079835901105e-03
4.2793851697349232629803603311944116e-03	-1.3020486993449421475786325886240101e+00	5.2247221256404572732417587266544782e-05	6.2597445058471625838202966317721870e-03
4.3719998298176319226890778575453408e-03	-1.2771445387868426351938697705020404e+00	5.1140344407971423100618511408350022e-05	6.1930861111556183410844967506416061e-03
4.4637984582178988715745011478874851e-03	-1.2525016547554535535211762716260828e+00	5.0088550501926501244884971664735226e-05	6.1290730051037898934587312816980408e-03
4.5547438859476180060144230553294227e-03	-1.2281097351528634649847631578891779e+00	4.9088343930435819535791353268116383e-05	6.0675729221435573209267680057138595e-03
4.6448000357721895809227290834131805e-03	-1.2039589780235385401390267710855325e+00	4.8136516826067179154688107214457250e-05	6.0084628670533146483263696468185404e-03
4.7339318862296884642291099310870752e-03	-1.1800400560914794631509114809043776e+00	4.7230120851124420408556219362793749e-05	5.9516283248105812461340551011633548e-03
4.8221054376617829467256699929315526e-03	-1.1563440842929285526983554478469767e+00	4.6366442203594493648638580985405076e-05	5.8969625507238758795462574331369882e-03
4.9092876801168640388636026003024588e-03	-1.1328625900029018921023489829456351e+00	4.5542979424550315371622277229556110e-05	5.8443659314596398571946421300342638e-03
4.9954465629979051904312458655818384e-03	-1.1095874856887297311863321682873590e+00	4.4757423651510487153661454658125896e-05	5.7937454088316386513763627684918471e-03
5.0805509663384112669576160016241315e-03	-1.0865110437541430278170487329658011e+00	4.4007641012502244525893897545932244e-05	5.7450139592723633558970228352866776e-03
5.1645706735995754076691936082699087e-03	-1.0636258733639032660582664694518325e+00	4.3291656898019872043837345937357235e-05	5.6980901228071530128189632300750616e-03
5.2474763458905665336822900215380127e-03	-1.0409248990620908678784972068141293e+00	4.2607641884032876265239154434727701e-05	5.6528975761257672722934170646791828e-03
5.3292394975218263708639151661351890e-03	-1.0184013410174124733910609195840790e+00	4.1953899109753024219042301270910791e-05	5.6093647450126214556665786323773617e-03
5.4098324728084568934813227736116852e-03	-9.9604869674665518310031948214041906e-01	4.1328852939900915146284256247554818e-05	5.5674244519722214190338133136403911e-03
5.4892284240473093764511016546041396e-03	-9.7386072418304277632874526923949088e-01	4.0731038763449303379430609611633272e-05	5.5270135953841697579164173067191199e-03
5.5674012905973169730882213249935910e-03	-9.5183142597002115037520361828088393e-01	4.0159093799863792677272917243264313e-05	5.4880728569539014452719178673506276e-03
5.6443257789980074024472069511298725e-03	-9.2995503487316201571760695134975398e-01	3.9611748800210728104491909614664697e-05	5.4505464346006559351649849078051884e-03
5.7199773440660468760709969993550168e-03	-9.0822600021363420195970309742157073e-01	3.9087820544571995379956257467236236e-05	5.4143817982511966471698652842125522e-03
5.7943321709141502040090070361033260e-03	-8.8663897523622999453354231537826677e-01	3.8586205049342966041898107518102237e-05	5.3795294662932806156986675920989613e-03
5.8673671578407887774453250345681489e-03	-8.6518880533340379769122493439893900e-01	3.8105871408482314444072179367554804e-05	5.3459428006926455343567218780694091e-03
5.9390599000428765413824541664341609e-03	-8.4387051705431484907510164645945443e-01	3.7645856201873478586233230709597321e-05	5.3135778189962278302991177854915570e-03
6.0093886741070485130895141045428958e-03	-8.2267930783457932264731892595046643e-01	3.7205258411851105815558246039785339e-05	5.2823930216366305750350523656237460e-03
6.0783324232382974356797499863085283e-03	-8.0161053638842914609582608314874737e-01	3.6783234795813839739776657596825475e-05	5.2523492331220859817989350648417440e-03
6.1458707431876290116595106074737809e-03	-7.8065971371033124703712978545245003e-01	3.6378995668832542840936476733664151e-05	5.2234094558453486781294639934200648e-03
6.2119838688430591387855018859700834e-03	-7.5982249463791647609575951254142204e-01	3.5991801055393567617793225407527049e-05	5.1955387353767212852743691678768397e-03
6.2766526614507293908834838997663265e-03	-7.3909466993236721176038086768571476e-01	3.5620957173994469551797535378038768e-05	5.1687040362229925881349202506205389e-03
6.3398585964351790956923000322490127e-03	-7.1847215883627339885227721231880002e-01	3.5265813222323511491287248207523942e-05	5.1428741271373876033922140989588382e-03
6.4015837517899011974672414923424055e-03	-6.9795100207243811891330260763019377e-01	3.4925758434280275085982097293733093e-05	5.1180194751573494486855044340058604e-03
6.4618107970112403135950087298625404e-03	-6.7752735525023916890501130804711408e-01	3.4600219383197489334380301930544857e-05	5.0941121476285303085405573705395927e-03
6.5205229825504790861941166690168572e-03	-6.5719748264897062445616111855294210e-01	3.4288657508359329758314741450685165e-05	5.0711257215460053398576586883524433e-03
6.5777041297606157778766074300093016e-03	-6.3695775135013144717476895995176112e-01	3.3990566844326588654718443072897725e-05	5.0490351996085165307960284177973296e-03
6.6333386213158735091075250824889424e-03	-6.1680462569292630601014826448432630e-01	3.3705471934715252389742918372332799e-05	5.0278169324394395402392639976443125e-03
6.6874113920834099203133558092306035e-03	-5.9673466202932286970309819806120339e-01	3.3432925913967464193565670441662690e-05	5.0074485464799603761630156669796726e-03
6.7399079204280247164202947820931904e-03	-5.7674450375689279584860689740795901e-01	3.3172508742333094044677586764085849e-05	4.9879088771063611265784499085196154e-03
6.7908142199318999860918822640137765e-03	-5.5683087660937073952704262730468598e-01	3.2923825580772558501216206916738156e-05	4.9691779065649657035811008001314674e-03
6.8401168315125620672377516984877454e-03	-5.3699058418641485493149375764978273e-01	3.2686505293819991721685726556439181e-05	4.9512367063557310198806425646743543e-03
6.8878028159233310351645585372748489e-03	-5.1722050370545935609231346315133600e-01	3.2460199069630210005794863446488599e-05	4.9340673837291624541146342664475262e-03
6.9338597466215309702252530660261682e-03	-4.9751758195982884156693479826179675e-01	3.2244579147490396014287389755541990e-05	4.9176530319916030615618868797220906e-03
6.9782757029906768026006339953042337e-03	-4.7787883146844780787592312697939233e-01	3.2039337644023092989466116383776771e-05	4.9019776843413615444968540516848796e-03
7.0210392639037370097150359021259437e-03	-4.5830132680353823166386585822864027e-01	3.1844185470154067739983739427724127e-05	4.8870262709829285153518750907707403e-03
7.0621395016154005771516292082637766e-03	-4.3878220108366322770428779153963221e-01	3.1658851331678347280253925027230710e-05	4.8727845792889699580370908388074426e-03
7.1015659759720558366386284376838713e-03	-4.1931864262035445047584380857610608e-01	3.1483080806940305316878812036398983e-05	4.8592392168001336906610925895998361e-03
7.1393087289289221049313771394451165e-03	-3.9990789170736301166481853770165165e-01	3.1316635495757884955432532767998854e-05	4.8463775768711827328395629745090186e-03
7.1753582793644661723696921434327748e-03	-3.8054723754230530262558232698929262e-01	3.1159292234274637621655898286331073e-05	4.8341878067887771153152974080388271e-03
7.2097056181828880364132536172718801e-03	-3.6123401527114255991164457996824567e-01	3.1010842370923052023510232498043948e-05	4.8226587782015389915703083322453978e-03
7.2423422036960769795285362806809938e-03	-3.4196560314654194921465589624705087e-01	3.0871091099134651590947249390134531e-05	4.8117800597170116396272287513942954e-03
7.2732599572770230439197163048748340e-03	-3.2273941979172243235462528431103573e-01	3.0739856842841863351896490315242606e-05	4.8015418915329007502320416888280512e-03
7.3024512592772228285605671252724738e-03	-3.0355292156189525938805294180113078e-01	3.0616970691188403790820829920649707e-05	4.7919351619816909913007479481089703e-03
7.3299089452011447983257680644207063e-03	-2.8440359999587065770648856190099866e-01	3.0502275879203053309185383863792758e-05	4.7829513858784737720663928762139331e-03
7.3556263021313202423701566970508561e-03	-2.6528897935082281402174267594529318e-01	3.0395627311499900958417668476980850e-05	4.7745826845717033924534200823072118e-03
7.3795970653981037785272296418009380e-03	-2.4620661421358782618374781255110103e-01	3.0296891126349729600086568075374001e-05	4.7668217676057081669140647914727144e-03
7.4018154154886038551935111161152186e-03	-2.2715408718221686182631820782786073e-01	3.0205944297725118228061396216466822e-05	4.7596619159122015149571134869598828e-03
7.4222759751897209027294077167922161e-03	-2.0812900661182191463801716934333177e-01	3.0122674273158692431806017757027148e-05	4.7530969664558383887379870645019694e-03
7.4409738069606503648128392203281863e-03	-1.8912900441903663372462686385793808e-01	3.0046978645472114441414289662969407e-05	4.7471212982661108023078897264060541e-03
7.4579044105306114216256253555990351e-03	-1.7015173393967180256233555855868810e-01	2.9978764856634992666726205891908517e-05	4.7417298197946325808651755676501236e-03
7.4730637207179513306966063880039462e-03	-1.5119486783437601817997809259703730e-01	2.9917949932199822275035310771454614e-05	4.7369179575431823502320808803035764e-03
7.4864481054671514015532062034646187e-03	-1.3225609603731861650889691348457785e-01	2.9864460244933078214864858594668711e-05	4.7326816459138051315147666400383961e-03
7.4980543641006250547216964093569779e-03	-1.1333312374309536323183218264297471e-01	2.9818231306425248693777807886730260e-05	4.7290173182378624846258976793554473e-03
7.5078797257825524942208375938720390e-03	-9.4423669427219162086964510554085738e-02	2.9779207585615363306317257590202618e-05	4.7259218989462111740865001982059784e-03
7.5159218481923414862284912352601607e-03	-7.5525462895699143107320427225834908e-02	2.9747342353309761655996976343711755e-05	4.7233927968477199314433796643770362e-03
7.5221788164056407738972101428553384e-03	-5.6636243359332949399074393685737308e-02	2.9722597551911691099176533121045720e-05	4.7214278994881395165855227108308821e-03
7.5266491419811629134032561304065458e-03	-3.7753757528439669369820781295093262e-02	2.9704943689708956817713692796921018e-05	4.7200255685659571212868020220878202e-03
7.5293317622518978952191372447393633e-03	-1.8875757723845355620858141887940834e-02	2.9694359759192343275574196293040305e-05	4.7191846363863244912520266993297625e-03
7.5302260398196188916102618951789684e-03	0.0000000000000000000000000000000000e+00	2.9690833178998894237926149033508433e-05	4.7189044033384806752081516974960540e-03
7.5293317622518978952191372447393633e-03	1.8875757723845355620858141887940834e-02	2.9694359759192343275574196293040305e-05	4.7191846363863244912520266993297625e-03
7.5266491419811629134032561304065458e-03	3.7753757528439669369820781295093262e-02	2.9704943689708956817713692796921018e-05	4.7200255685659571212868020220878202e-03
7.5221788164056407738972101428553384e-03	5.6636243359332949399074393685737308e-02	2.9722597551911691099176533121045720e-05	4.7214278994881395165855227108308821e-03
7.5159218481923414862284912352601607e-03	7.5525462895699143107320427225834908e-02	2.9747342353309761655996976343711755e-05	4.7233927968477199314433796643770362e-03
7.5078797257825524942208375938720390e-03	9.4423669427219162086964510554085738e-02	2.9779207585615363306317257590202618e-05	4.7259218989462111740865001982059784e-03
7.4980543641006250547216964093569779e-03	1.1333312374309536323183218264297471e-01	2.9818231306425248693777807886730260e-05	4.7290173182378624846258976793554473e-03
7.4864481054671514015532062034646187e-03	1.3225609603731861650889691348457785e-01	2.9864460244933078214864858594668711e-05	4.7326816459138051315147666400383961e-03
7.4730637207179513306966063880039462e-03	1.5119486783437601817997809259703730e-01	2.9917949932199822275035310771454614e-05	4.7369179575431823502320808803035764e-03
7.4579044105306114216256253555990351e-03	1.7015173393967180256233555855868810e-01	2.9978764856634992666726205891908517e-05	4.7417298197946325808651755676501236e-03
7.4409738069606503648128392203281863e-03	1.8912900441903663372462686385793808e-01	3.0046978645472114441414289662969407e-05	4.7471212982661108023078897264060541e-03
7.4222759751897209027294077167922161e-03	2.0812900661182191463801716934333177e-01	3.0122674273158692431806017757027148e-05	4.7530969664558383887379870645019694e-03
7.4018154154886038551935111161152186e-03	2.2715408718221686182631820782786073e-01	3.0205944297725118228061396216466822e-05	4.7596619159122015149571134869598828e-03
7.3795970653981037785272296418009380e-03	2.4620661421358782618374781255110103e-01	3.0296891126349729600086568075374001e-05	4.7668217676057081669140647914727144e-03
7.3556263021313202423701566970508561e-03	2.6528897935082281402174267594529318e-01	3.0395627311499900958417668476980850e-05	4.7745826845717033924534200823072118e-03
7.3299089452011447983257680644207063e-03	2.8440359999587065770648856190099866e-01	3.0502275879203053309185383863792758e-05	4.7829513858784737720663928762139331e-03
7.3024512592772228285605671252724738e-03	3.0355292156189525938805294180113078e-01	3.0616970691188403790820829920649707e-05	4.7919351619816909913007479481089703e-03
7.2732599572770230439197163048748340e-03	3.2273941979172243235462528431103573e-01	3.0739856842841863351896490315242606e-05	4.8015418915329007502320416888280512e-03
7.2423422036960769795285362806809938e-03	3.4196560314654194921465589624705087e-01	3.0871091099134651590947249390134531e-05	4.8117800597170116396272287513942954e-03
7.2097056181828880364132536172718801e-03	3.6123401527114255991164457996824567e-01	3.1010842370923052023510232498043948e-05	4.8226587782015389915703083322453978e-03
7.1753582793644661723696921434327748e-03	3.8054723754230530262558232698929262e-01	3.1159292234274637621655898286331073e-05	4.8341878067887771153152974080388271e-03
7.1393087289289221049313771394451165e-03	3.9990789170736301166481853770165165e-01	3.1316635495757884955432532767998854e-05	4.8463775768711827328395629745090186e-03
7.1015659759720558366386284376838713e-03	4.1931864262035445047584380857610608e-01	3.1483080806940305316878812036398983e-05	4.8592392168001336906610925895998361e-03
7.0621395016154005771516292082637766e-03	4.3878220108366322770428779153963221e-01	3.1658851331678347280253925027230710e-05	4.8727845792889699580370908388074426e-03
7.0210392639037370097150359021259437e-03	4.5830132680353823166386585822864027e-01	3.1844185470154067739983739427724127e-05	4.8870262709829285153518750907707403e-03
6.9782757029906768026006339953042337e-03	4.7787883146844780787592312697939233e-01	3.2039337644023092989466116383776771e-05	4.9019776843413615444968540516848796e-03
6.9338597466215309702252530660261682e-03	4.9751758195982884156693479826179675e-01	3.2244579147490396014287389755541990e-05	4.9176530319916030615618868797220906e-03
6.8878028159233310351645585372748489e-03	5.1722050370545935609231346315133600e-01	3.2460199069630210005794863446488599e-05	4.9340673837291624541146342664475262e-03
6.8401168315125620672377516984877454e-03	5.3699058418641485493149375764978273e-01	3.2686505293819991721685726556439181e-05	4.9512367063557310198806425646743543e-03
6.7908142199318999860918822640137765e-03	5.5683087660937073952704262730468598e-01	3.2923825580772558501216206916738156e-05	4.9691779065649657035811008001314674e-03
6.7399079204280247164202947820931904e-03	5.7674450375689279584860689740795901e-01	3.3172508742333094044677586764085849e-05	4.9879088771063611265784499085196154e-03
6.6874113920834099203133558092306035e-03	5.9673466202932286970309819806120339e-01	3.3432925913967464193565670441662690e-05	5.0074485464799603761630156669796726e-03
6.6333386213158735091075250824889424e-03	6.1680462569292630601014826448432630e-01	3.3705471934715252389742918372332799e-05	5.0278169324394395402392639976443125e-03
6.5777041297606157778766074300093016e-03	6.3695775135013144717476895995176112e-01	3.3990566844326588654718443072897725e-05	5.0490351996085165307960284177973296e-03
6.5205229825504790861941166690168572e-03	6.5719748264897062445616111855294210e-01	3.4288657508359329758314741450685165e-05	5.0711257215460053398576586883524433e-03
6.4618107970112403135950087298625404e-03	6.7752735525023916890501130804711408e-01	3.4600219383197489334380301930544857e-05	5.0941121476285303085405573705395927e-03
6.4015837517899011974672414923424055e-03	6.9795100207243811891330260763019377e-01	3.4925758434280275085982097293733093e-05	5.1180194751573494486855044340058604e-03
6.3398585964351790956923000322490127e-03	7.1847215883627339885227721231880002e-01	3.5265813222323511491287248207523942e-05	5.1428741271373876033922140989588382e-03
6.2766526614507293908834838997663265e-03	7.3909466993236721176038086768571476e-01	3.5620957173994469551797535378038768e-05	5.1687040362229925881349202506205389e-03
6.2119838688430591387855018859700834e-03	7.5982249463791647609575951254142204e-01	3.5991801055393567617793225407527049e-05	5.1955387353767212852743691678768397e-03
6.1458707431876290116595106074737809e-03	7.8065971371033124703712978545245003e-01	3.6378995668832542840936476733664151e-05	5.2234094558453486781294639934200648e-03
6.0783324232382974356797499863085283e-03	8.0161053638842914609582608314874737e-01	3.6783234795813839739776657596825475e-05	5.2523492331220859817989350648417440e-03
6.0093886741070485130895141045428958e-03	8.2267930783457932264731892595046643e-01	3.7205258411851105815558246039785339e-05	5.2823930216366305750350523656237460e-03
5.9390599000428765413824541664341609e-03	8.4387051705431484907510164645945443e-01	3.7645856201873478586233230709597321e-05	5.3135778189962278302991177854915570e-03
5.8673671578407887774453250345681489e-03	8.6518880533340379769122493439893900e-01	3.8105871408482314444072179367554804e-05	5.3459428006926455343567218780694091e-03
5.7943321709141502040090070361033260e-03	8.8663897523622999453354231537826677e-01	3.8586205049342966041898107518102237e-05	5.3795294662932806156986675920989613e-03
5.7199773440660468760709969993550168e-03	9.0822600021363420195970309742157073e-01	3.9087820544571995379956257467236236e-05	5.4143817982511966471698652842125522e-03
5.6443257789980074024472069511298725e-03	9.2995503487316201571760695134975398e-01	3.9611748800210728104491909614664697e-05	5.4505464346006559351649849078051884e-03
5.5674012905973169730882213249935910e-03	9.5183142597002115037520361828088393e-01	4.0159093799863792677272917243264313e-05	5.4880728569539014452719178673506276e-03
5.4892284240473093764511016546041396e-03	9.7386072418304277632874526923949088e-01	4.0731038763449303379430609611633272e-05	5.5270135953841697579164173067191199e-03
5.4098324728084568934813227736116852e-03	9.9604869674665518310031948214041906e-01	4.1328852939900915146284256247554818e-05	5.5674244519722214190338133136403911e-03
5.3292394975218263708639151661351890e-03	1.0184013410174124733910609195840790e+00	4.1953899109753024219042301270910791e-05	5.6093647450126214556665786323773617e-03
5.2474763458905665336822900215380127e-03	1.0409248990620908678784972068141293e+00	4.2607641884032876265239154434727701e-05	5.6528975761257672722934170646791828e-03
5.1645706735995754076691936082699087e-03	1.0636258733639032660582664694518325e+00	4.3291656898019872043837345937357235e-05	5.6980901228071530128189632300750616e-03
5.0805509663384112669576160016241315e-03	1.0865110437541430278170487329658011e+00	4.4007641012502244525893897545932244e-05	5.7450139592723633558970228352866776e-03
4.9954465629979051904312458655818384e-03	1.1095874856887297311863321682873590e+00	4.4757423651510487153661454658125896e-05	5.7937454088316386513763627684918471e-03
4.9092876801168640388636026003024588e-03	1.1328625900029018921023489829456351e+00	4.5542979424550315371622277229556110e-05	5.8443659314596398571946421300342638e-03
4.8221054376617829467256699929315526e-03	1.1563440842929285526983554478469767e+00	4.6366442203594493648638580985405076e-05	5.8969625507238758795462574331369882e-03
4.7339318862296884642291099310870752e-03	1.1800400560914794631509114809043776e+00	4.7230120851124420408556219362793749e-05	5.9516283248105812461340551011633548e-03
4.6448000357721895809227290834131805e-03	1.2039589780235385401390267710855325e+00	4.8136516826067179154688107214457250e-05	6.0084628670533146483263696468185404e-03
4.5547438859476180060144230553294227e-03	1.2281097351528634649847631578891779e+00	4.9088343930435819535791353268116383e-05	6.0675729221435573209267680057138595e-03
4.4637984582178988715745011478874851e-03	1.2525016547554535535211762716260828e+00	5.0088550501926501244884971664735226e-05	6.1290730051037898934587312816980408e-03
4.3719998298176319226890778575453408e-03	1.2771445387868426351938697705020404e+00	5.1140344407971423100618511408350022e-05	6.1930861111556183410844967506416061e-03
4.2793851697349232629803603311944116e-03	1.3020486993449421475786325886240101e+00	5.2247221256404572732417587266544782e-05	6.2597445058471625838202966317721870e-03
4.1859927768569525649320223272880669e-03	1.3272249974704068178248823426383188e+00	5.3412996308954133317253044916064134e-05	6.3291906062498858055861079835901105e-03
4.0918621204482796059850391234296075e-03	1.3526848856730195140422217130598705e+00	5.4641840668684474074954815587061628e-05	6.4015779657376634021911048453936939e-03
3.9970338831467064414341035195290441e-03	1.3784404546265187127144180079446937e+00	5.5938322414315489671083105396398522e-05	6.4770723768718999357101076731763621e-03
3.9015500066803724732871973205282695e-03	1.4045044845369764086296557456189644e+00	5.7307453476838212105862921271038787e-05	6.5558531092993560091864695743476063e-03
3.8054537405309663663632241980129036e-03	1.4308905017629128284151015010568048e+00	5.8754743201764254429742470661720584e-05	6.6381143024021858784286566346603016e-03
3.7087896937918387280944536507735273e-03	1.4576128413507913327993520784174884e+00	6.0286259719649091858119942936128557e-05	6.7240665358191302705172904323809462e-03
3.6116038904968002905603143110956996e-03	1.4846867162497875823007745520323975e+00	6.1908700465732806358006158891255029e-05	6.8139386050028322956228856237568227e-03
3.5139438287259715777061472747569802e-03	1.5121282940877227543886001957151776e+00	6.3629473456179634495128983626772849e-05	6.9079795338404833821323430904730173e-03
3.4158585438297778719275889508260553e-03	1.5399547825294129919267616661975477e+00	6.5456791255618643573822482486033958e-05	7.0064608622309512553401388783795989e-03
3.3173986761517284656856001103907466e-03	1.5681845244038798930496900551853262e+00	6.7399779974056114322849396204056549e-05	7.1096792536172443768291369147887234e-03
3.2186165436757792770716598654183142e-03	1.5968371039834159309778024328022753e+00	6.9468606130792628107219051272478809e-05	7.2179594761173084879620194804614429e-03
3.1195662200758049510626260048532483e-03	1.6259334660322785859880902037379538e+00	7.1674624844701958979821839761261605e-05	7.3316578214586422913115677743884431e-03
3.0203036187041414983944246619349624e-03	1.6554960495243916038885257364458034e+00	7.4030553587950992850503342285123683e-05	7.4511660388889439097764801736768685e-03
2.9208865831246764119053290871931547e-03	1.6855489382686606747913656662415534e+00	7.6550676718323610565320358681194772e-05	7.5769158772309401632178995116995241e-03
2.8213749848752197419498151020991228e-03	1.7161180310910090955421529401931537e+00	7.9251087242301695075616762639130728e-05	7.7093843480834485477886210834885847e-03
2.7218308292359022121842501884281888e-03	1.7472312347213458512123144485253278e+00	8.2149973834740728733592990631978051e-05	7.8490998478957152201881369515635259e-03
2.6223183698875743117341903093228131e-03	1.7789186831435597675058717963820537e+00	8.5267963155453039742343453111681732e-05	7.9966493076386475365648452129989384e-03
2.5229042334696393979855587541234577e-03	1.8112129879158037838564240306583292e+00	8.8628530098636536042515904927803086e-05	8.1526865778869266407656650811971833e-03
2.4236575551941628529405742832851941e-03	1.8441495248937196364838350852332952e+00	9.2258491978616507606168281607790619e-05	8.3179423067330942749286914481550310e-03
2.3246501268470692186804083289321084e-03	1.8777667639390108719180467953312206e+00	9.6188607056229572118309185560320085e-05	8.4932356313252697367039032068336847e-03
2.2259565587135214651608521911026254e-03	1.9121066496331655874727610429051340e+00	1.0045430360583068350005664742481157e-04	8.6794880853403243903131270645181432e-03
2.1276544572103904466973702553066070e-03	1.9472150428249250655007621337758785e+00	1.0509657341780499535807139447297540e-04	8.8777402303509446336094437496686687e-03
2.0298246203031905282897847807839045e-03	1.9831422351321217535234030404154893e+00	1.1016307393665586329594321108483681e-04	9.0891716570371671264498160266502617e-03
1.9325512531395880091873388290628511e-03	2.0199435514443868428836256828238810e+00	1.1570949716302923253290929864474400e-04	9.3151251839434735473525437012208903e-03
1.8359222067614663628250166901122393e-03	2.0576800592377108975894976293707204e+00	1.2180128245830483048495788301407559e-04	9.5571363230031246979159812855748231e-03
1.7400292432817930384805489973605607e-03	2.0964194083960696356801592092935869e+00	1.2851577660925074600131119162897788e-04	9.8169694050541971104282149687461023e-03
1.6449683315562515315877934194987354e-03	2.1362368316294348836548640026836615e+00	1.3594498107739491771066564819571277e-04	1.0096662197653360207317539666806864e-02
1.5508399781757641897810057405630806e-03	2.1772163440290461439835582967139456e+00	1.4419907797222731113077845140546478e-04	1.0398581449027953540632716752037267e-02
1.4577495995984512451609684600680883e-03	2.2194521915877736069868647000667268e+00	1.5341100008553274554959746729579367e-04	1.0725492625779447379993059162587888e-02
1.3658079424870673081546926142250170e-03	2.2630506137556011932214267626525289e+00	1.6374241731623200507141562845608980e-04	1.1080648282260507004872614129771825e-02
1.2751315609003828974667523899915927e-03	2.3081320059326167759826809886238611e+00	1.7539166927892288338381150258614846e-04	1.1467901164732033727604665099881861e-02
1.1858433610140870153565886164513231e-03	2.3548335966480800227177937186575488e+00	1.8860440944204550622364869130509357e-04	1.1891850557946235318511900115273723e-02
1.0980732266714330369372034183650926e-03	2.4033127946871720321866998630607187e+00	2.0368808481882216437713249364553568e-04	1.2358033910186253368923094264097681e-02
1.0119587425020191782643443732108495e-03	2.4537514192132771855579408183684036e+00	2.2103193209558375457404829010731632e-04	1.2873181041936153683782413085826819e-02
9.2764603590882458746377466916486501e-04	2.5063611097690479532596365007315757e+00	2.4113505425370927449274542322667260e-04	1.3445556265040644457932614924135599e-02
8.4529076536172809554704700289839270e-04	2.5613903369630972388355578096637293e+00	2.6464657576027296814426714186954928e-04	1.4085426213329525621886533294732803e-02
7.6505929082429660520044694219266160e-04	2.6191336216644440847608984679287949e+00	2.9242426437881787014881024650739824e-04	1.4805711045296588876196666257530718e-02
6.8713007380452888888534413255324899e-04	2.6799438593426536241121007450922004e+00	3.2562210853034842535355204339526658e-04	1.5622909137458125169650015620196216e-02
6.1169537105486409035967023336124815e-04	2.7442491039106726783185821059779853e+00	3.6582460973341946416311439507445843e-04	1.6558440020245941268777983321118502e-02
5.3896330990202455830879753027748287e-04	2.8125759123306333390733709995439132e+00	4.1525892662584500070885002653008838e-04	1.7640645379032947395528747221903286e-02
4.6916046876212673932328827732852509e-04	2.8855826112685085174070252928216913e+00	4.7714168380408510340003622904480700e-04	1.8907859783553186631572713311837265e-02
4.0253514074451986663838853478964787e-04	2.9641080556601758412947972616967075e+00	5.5626901553546003137947797862244289e-04	2.0413287301900703224530619690130897e-02
3.3936154404204354789869000335636408e-04	3.0492454964672346604768675184602498e+00	6.6006888460584310212506159266899815e-04	2.2233064980171188358369143965056426e-02
2.7994538354124422998199322682577965e-04	3.1424589919462683093425894608740173e+00	8.0058708407644573595300535224916362e-04	2.4480255273165528832895845381413488e-02
2.2463140971847711969598089921936915e-04	3.2457758753473014429732091959710475e+00	9.9850427476664417770120129715081939e-04	2.7330599134458291061908485647911784e-02
1.7381405923335541874300418129810244e-04	3.3621245135005520231998240562958943e+00	1.2920005941050416599125516166529139e-03	3.1073531338323236055379926631560312e-02
1.2795311255584570237649636013752509e-04	3.4959740333987564143333385334465539e+00	1.7586649434624844349549414641968418e-03	3.6223288162495588629378869876799096e-02
8.7598102116045368772171663151632517e-05	3.6546756129131074058748234274251490e+00	2.5787108364337294402889086775484897e-03	4.3793843357322543371583433582646508e-02
5.3429432044759038035518780167001899e-05	3.8517080932604847148146650099400570e+00	4.2641197086921520535885573757002250e-03	5.6116244409788436825860852156845699e-02
2.6335300297540926590822906342027405e-05	4.1164784878219467860068257469050792e+00	8.8825126669910701727522879777070446e-03	8.0102142601828906260863132392641309e-02
7.5338297526010783215695658036082262e-06	4.5389154037561860245928129860026222e+00	4.1297287575412246396754937837439063e-02	1.5222409196138401114001861320298986e-01
0.0000000000000000000000000000000000e+00	0.0000000000000000000000000000000000e+00	5.1422177003588364146937768759269913e-05	5.7793032651379574338466711953011410e-03