7.1821845793124914752736071161834736e-06	-4.5490012550069470606847076176150480e+00	4.1139385923917682319775231275822173e-02	1.5192365922952236111228073301901749e-01
2.5117517891628043944479324241345054e-05	-4.1274315255984560610779350358645250e+00	8.8438791425574801576850947367224623e-03	7.9926534004829356736106028537016063e-02
5.0978305325551317558902559097462315e-05	-3.8632636508798937003289260735141930e+00	4.2439001358409851208870222365608032e-03	5.5982579330081232813992031267198879e-02
8.3607425363772129566677015747095234e-05	-3.6667155456102291894593536437127920e+00	2.5656127322986548397328475335823343e-03	4.3682246160386331053803966886134194e-02
1.2216090649439007588593282879714424e-04	-3.5084295735451687005704723504467801e+00	1.7491992145307444733605338469932275e-03	3.6125534496282039028835170910213795e-02
1.6599213833866378544193129521564937e-04	-3.3749501001114360045321000738717902e+00	1.2846860917655628945195759816793298e-03	3.0985355649753818838247620784854204e-02
2.1457882067450602625672750897220297e-04	-3.2589388836152990319934937365548853e+00	9.9259039583092283944104597734352444e-04	2.7249478739968606942587830091191495e-02
2.6748390861573280294298848321528410e-04	-3.1559348160724927154473443866355327e+00	7.9564703938920495702423373121705983e-04	2.4404562915763241163497114018526205e-02
3.2433242892659492658855016236127360e-04	-3.0630148783089274245193787282406985e+00	6.5583943158321941697554929286571125e-04	2.2161683886116919550047614436983168e-02
3.8479660733279174180649883510545024e-04	-2.9781554994484157540809704695583264e+00	5.5257761418505689343908635403324535e-04	2.0345414489590321711962010766221673e-02
4.4858576106191592009637429305556271e-04	-2.8998953791477093894134457269487382e+00	4.7386977988829770990933299740688747e-04	1.8842896515115860478404801780253448e-02
5.1543911849899763820810962695556639e-04	-2.8271433548517782265318957344157752e+00	4.1232192705990865499499696079627329e-04	1.7578131976145754302987210648538704e-02
5.8512053598709564955261330858341383e-04	-2.7590621953933477505880969549611861e+00	3.6316026036982805727516872833382090e-04	1.6498014989413661562385705289308793e-02
6.5741449812605381690498810503452214e-04	-2.6949948646056361189469445638616415e+00	3.2318339942399485426725731214552757e-04	1.5564282421416974326414405414559828e-02
7.3212301742181537167533395511561108e-04	-2.6344158503308231275011696678962075e+00	2.9017491388857184838161739894009890e-04	1.4748645887200042557009759121976508e-02
8.0906318281077157689526123314894886e-04	-2.5768979580753829768355172667374138e+00	2.6255805302534305704519354489894567e-04	1.4029726487085406415194262930478485e-02
8.8806518807325450342085940389967735e-04	-2.5220890091022349248048575614123903e+00	2.3918455596884014781262204229884791e-04	1.3391057394756633775561355712735129e-02
9.6897072277233775015506271928519950e-04	-2.4696950875450473172421532780961524e+00	2.1920097146037934492253476068205982e-04	1.2819743347846194083847203024480780e-02
1.0516316421451217326463830727611115e-03	-2.4194682389825380780955023618248756e+00	2.0196148478907087199574320989613914e-04	1.2305537637199729088832065597621012e-02
1.1359088551280442769095135161064866e-03	-2.3711972685166670941347212062119800e+00	1.8696956989383192574683836272496933e-04	1.1840192097254390100268663927029603e-02
1.2216713854036811152332359436352939e-03	-2.3247007433173300512063455064692125e+00	1.7383802397691429312202399431094826e-04	1.1416990138160073163150698122680814e-02
1.3087955714359430143893988123785012e-03	-2.2798215929036779452776942588561818e+00	1.6226102506948791499836964382323719e-04	1.1030405261538513684505618842285128e-02
1.3971643794288859950581151453110903e-03	-2.2364228871162646022732888388002876e+00	1.5199423249199033000670839037234276e-04	1.0675847326470478247321870822349297e-02
1.4866668089750087170964401318252465e-03	-2.1943844954370214119049433327231215e+00	1.4284037782385679427823176799245482e-04	1.0349471284369176907101986673803718e-02
1.5771973754921918720446377748035073e-03	-2.1536004149992144455215611146737051e+00	1.3463867322263195260038422637567871e-04	1.0048031108833104112330042528428314e-02
1.6686556568144510856756996563830833e-03	-2.1139766123116394718164257088243445e+00	1.2725691828283219868810595639488001e-04	9.7687669063075407046712625388979480e-03
1.7609458937949239103864888076043066e-03	-2.0754292641609299795903012063865720e+00	1.2058554367037310540264121920570704e-04	9.5093167154383616257776055890584538e-03
1.8539766367051528615449262601136746e-03	-2.0378833119494874762327652065891532e+00	1.1453306424026830821927344513265271e-04	9.2676469032071253090204305634628699e-03
1.9476604307179560374659388835334296e-03	-2.0012712645207569534471937541517605e+00	1.0902257108058278266522030001252251e-04	9.0419967281050323220951514674021835e-03
2.0419135349462471916757216640463434e-03	-1.9655321997377202626038490015726807e+00	1.0398899841869011710336830731960248e-04	8.8308338087835194956484698262650612e-03
2.1366556704529326154755227841445056e-03	-1.9306109263465656283561137636043993e+00	9.9376974777182248246782080569483880e-05	8.6328180688683178871720510327013769e-03
2.2318097934033441508774985044070319e-03	-1.8964572760933465414151108183353427e+00	9.5139119136783918753450090561406455e-05	8.4467723290544568200015395285874772e-03
2.3273018901431871435196802439292324e-03	-1.8630255024436187958893250261557535e+00	9.1234679256312291778191575367894274e-05	8.2716581558721180589068523380756147e-03
2.4230607914830219703324231582765675e-03	-1.8302737671301180024364228894240427e+00	8.7628435392594004183852870865861634e-05	8.1065558999164832084437425298213963e-03
2.5190180038786773269064424452912081e-03	-1.7981636995109364994109642363568374e+00	8.4289811581529092794526677338780624e-05	7.9506480974065921946953043224995289e-03
2.6151075555339862534881603021741039e-03	-1.7666600166410043566182075798249585e+00	8.1192150501919653435953838943578371e-05	7.8032055903497321549164099775375746e-03
2.7112658557319808646539274597700692e-03	-1.7357301942473559583040884452436630e+00	7.8312118198328183266456536260317640e-05	7.6635758583216536822821738779852457e-03
2.8074315659342065733512614809827093e-03	-1.7053441806040115059279120080220024e+00	7.5629212596146228266302005496679206e-05	7.5311731603209575510763647662582753e-03
2.9035454813837870580381903124911969e-03	-1.6754741467369464942231742013443864e+00	7.3125355508914600141214842960272617e-05	7.4054701665223884269801050358523125e-03
2.9995504221131453686449409020466690e-03	-1.6460942675371720402816844280072494e+00	7.0784552216800128549419792240852540e-05	7.2859908230043610381895585434322140e-03
3.0953911323973280850202728802731089e-03	-1.6171805292835516977329081336878142e+00	6.8592606045728958567785198475099291e-05	7.1723042420389047895855947141005599e-03
3.1910141878130685955285524414684866e-03	-1.5887105598247017519822234093536183e+00	6.6536877959170838923846917865773110e-05	7.0640194495480547196403614987978088e-03
3.2863679091655949838388149154813958e-03	-1.5606634782780194773139157863287385e+00	6.4606083178794756444303943774003103e-05	6.9607808522679966217612827239534901e-03
3.3814022826326028180305409507431085e-03	-1.5330197616020186988201724581983975e+00	6.2790118415848113628287215574623390e-05	6.8622643118398117219109652881818140e-03
3.4760688855501095193584241465218068e-03	-1.5057611258078481937179748972241941e+00	6.1079914525736977375682554197107104e-05	6.7681737328413712697333370205554086e-03
3.5703208173299995535877391667783837e-03	-1.4788704199144324028326338832488244e+00	5.9467310371308444776242837298418236e-05	6.6782380877399702320136271863859473e-03
3.6641126350555351304287154163174721e-03	-1.4523315310327248540498795872599733e+00	5.7944944454013117593439661469426861e-05	6.5922088146868849065456389003542153e-03
3.7574002933502498250055715835137688e-03	-1.4261292991988815770777031851337740e+00	5.6506161490598986077613305047755204e-05	6.5098575346169971214319431415308672e-03
3.8501410881585464381871789659317285e-03	-1.4002494407723221268960429371088134e+00	5.5144931609924900137826725846778586e-05	6.4309740427439129417223002871769533e-03
3.9422936041138899181526251955099306e-03	-1.3746784793795108337978463360178667e+00	5.3855780245719324331172301054805594e-05	6.3553645366328080553152023290566878e-03
4.0338176652034789805825706797203350e-03	-1.3494036835233761557349879187624002e+00	5.2633727126593938071861095105641864e-05	6.2828500488876693042403972434729174e-03
4.1246742884673334111427730936151902e-03	-1.3244130100960464856620012173848563e+00	5.1474233029836909929392696722769473e-05	6.2132650573422736888809098767945499e-03
4.2148256404953857745834273936321076e-03	-1.2996950531326311211684674229331111e+00	5.0373153182544612592184980090098682e-05	6.1464562496822848193988396065543495e-03
4.3042349965088719843563465922612053e-03	-1.2752389972290609770719842092297375e+00	4.9326696371987268609146052039912418e-05	6.0822814227986014242776703426974434e-03
4.3928667018324621171077218206383328e-03	-1.2510345751199354988698487254654666e+00	4.8331388974222230129840342604356070e-05	6.0206084999993077110346048774273648e-03
4.4806861355814911475303180035028775e-03	-1.2270720289748805869246741243666515e+00	4.7384043231793862382790580979192924e-05	5.9613146515856844102069613049680212e-03
4.5676596764046213212398201157110902e-03	-1.2033420750257406094770711504317796e+00	4.6481729212607877937174173108725677e-05	5.9042855063047326306266824643261771e-03
4.6537546701365359324021079708776600e-03	-1.1798358711833579810173664701801417e+00	4.5621749966511275484624863941726457e-05	5.8494144428898728017849351275057674e-03
4.7389393992280367531167233917511053e-03	-1.1565449873428597082242286368481027e+00	4.4801619466774304124099891211336514e-05	5.7966019523445398853758949229958772e-03
4.8231830538323740882918608312298225e-03	-1.1334613781112082628927178960399120e+00	4.4019042982998808238908932560295676e-05	5.7457550628525560377284668058919105e-03
4.9064557044369349511149552257118666e-03	-1.1105773577210674167126970286381260e+00	4.3271899581943293164676457488496479e-05	5.6967868202491258435174884871828488e-03
4.9887282759386860735817082487553610e-03	-1.0878855769214394926119793861369145e+00	4.2558226494963941719992669701082957e-05	5.6496158178856696679823385709943345e-03
5.0699725230701316738869368584841742e-03	-1.0653790016586020024160646676811707e+00	4.1876205126531213175745539518703374e-05	5.6041657704941422164663821582234227e-03
5.1501610070901033194283446634248089e-03	-1.0430508933810757902982930659130139e+00	4.1224148508664392525988879799083034e-05	5.5603651273216027961403125715460226e-03
5.2292670736605401470010429740330769e-03	-1.0208947908200888818567076233586943e+00	4.0600490032010772051430035266360294e-05	5.5181467203799473349691061462486527e-03
5.3072648318366203111587077716553467e-03	-9.9890449311259582279622382853348002e-01	4.0003773306406363725011726850315967e-05	5.4774474441525190197984299328064680e-03
5.3841291341032374254511458945222789e-03	-9.7707404414765701679638976221009790e-01	3.9432643022689769346323771289483928e-05	5.4382079635302053878612508300518354e-03
5.4598355573959392556486220958004246e-03	-9.5539771802912020322326070790167397e-01	3.8885836703796319044756053701971243e-05	5.4003724471241957317584694504444044e-03
5.5343603850491131621375367864039388e-03	-9.3387000555828530351892376995638142e-01	3.8362177247148442906761498564543377e-05	5.3638883234288901861534410713103458e-03
5.6076805896184606859677165437220193e-03	-9.1248560164975327032966138166253784e-01	3.7860566172424539779524935163427237e-05	5.3287060575933402415250203918016009e-03
5.6797738165286937270064427969118288e-03	-8.9123939360211305292518970762937923e-01	3.7379977499220078398393249319900537e-05	5.2947789468088326669057580091068139e-03
5.7506183685009437469055643570035244e-03	-8.7012645015264082592590112614863799e-01	3.6919452188152571185047972054473315e-05	5.2620629325387044218116545043838292e-03
5.8201931907176359907046047717663240e-03	-8.4914201125188661545208379146865600e-01	3.6478093086809236799310456609954917e-05	5.2305164280083634665475265698690332e-03
5.8884778566855718927463502315260525e-03	-8.2828147850000439699868130617236185e-01	3.6055060328763582203381358466694522e-05	5.2001001595423442174757943254229740e-03
5.9554525547607104804462808810541238e-03	-8.0754040619202848375280586908336049e-01	3.5649567139839255072869454124107879e-05	5.1707770204840852538008846843698665e-03
6.0210980753006667943493146062359433e-03	-7.8691449292408617252511136147320021e-01	3.5260876010998711124576727481242260e-05	5.1425119365655838260361655890769448e-03
6.0853957984132727348768232263199072e-03	-7.6639957371682911744985702580645295e-01	3.4888295201784402645032237925447276e-05	5.1152717417103916266857538924448031e-03
6.1483276822716917939054073690002069e-03	-7.4599161261622041635041109116577840e-01	3.4531175542229735550885559105313212e-05	5.0890250633564920174777414341938931e-03
6.2098762519685603923001065285459594e-03	-7.2568669573528043568233343936855947e-01	3.4188907504661366063444650927475761e-05	5.0637422164770982801639166624689782e-03
6.2700245888834598929435356256859907e-03	-7.0548102470351531742924995134140744e-01	3.3860918519897963269298474257134393e-05	5.0393951055587676549244620008966615e-03
6.3287563205397181657823489604536108e-03	-6.8537091049356592485050871725784322e-01	3.3546670515068552435190858088396846e-05	5.0159571338686766442973919887080687e-03
6.3860556109281098912816211579521120e-03	-6.6535276759715509468309410349346690e-01	3.3245657652673355182326528674457428e-05	4.9934031194075244170257188740595589e-03
6.4419071512764814645545573164993253e-03	-6.4542310852470686328761755469110256e-01	3.2957404252632403229586934492056091e-05	4.9717092170022572921365553962916624e-03
6.4962961512456792158904837133962459e-03	-6.2557853860508872873762943999564285e-01	3.2681462880947233747141864149571327e-05	4.9508528460444513543263117811054272e-03
6.5492083305334175685709924226603604e-03	-6.0581575106380986782333452774735577e-01	3.2417412590268989706942648734883274e-05	4.9308126234264613101533845266955919e-03
6.6006299108688947490238478778947298e-03	-5.8613152235971476310002686966921484e-01	3.2164857299148467818629326675728662e-05	4.9115683012689611307243888612811389e-03
6.6505476083820550367587564593461285e-03	-5.6652270776176080937740243773507153e-01	3.1923424298062800386625505164269469e-05	4.8931007090708078242214996870254546e-03
6.6989486263324149119006687171871962e-03	-5.4698623714887603050159750025349728e-01	3.1692762871489249531883942994512267e-05	4.8753916999457288879773337225697260e-03
6.7458206481833218462925444877626312e-03	-5.2751911101717313440746128515376318e-01	3.1472543026346185037562894036486643e-05	4.8584241006405836695206675496622653e-03
6.7911518310084043716642143047077837e-03	-5.0811839667996129116447219783105817e-01	3.1262454318059652507866140996742217e-05	4.8421816650572457733289416952368124e-03
6.8349307992178054434440965573070167e-03	-4.8878122464705838216050140532969541e-01	3.1062204766354055036120548352818869e-05	4.8266490310248208148928214429287872e-03
6.8771466385925725650012069764541817e-03	-4.6950478517087397202087530392519664e-01	3.0871519853618765745934133814527364e-05	4.8118116800912362160771511374198021e-03
6.9177888906163118168832623555860011e-03	-4.5028632494761576017066393879781730e-01	3.0690141599378938383734240053328369e-05	4.7976559001234691458263248504704534e-03
6.9568475470939026690609449093993480e-03	-4.3112314396277769043346629535974411e-01	3.0517827705007138947311766616588300e-05	4.7841687505240379606025366285027342e-03
6.9943130450477197437367500531584224e-03	-4.1201259247080330988698380596007688e-01	3.0354350763360369453868995637232198e-05	4.7713380298880690865616207329339360e-03
7.0301762618824197577505092580397945e-03	-3.9295206809948970317680636820381174e-01	3.0199497528521358123753352944009384e-05	4.7591522459404405362157520290117624e-03
7.0644285108099296640476676591300059e-03	-3.7393901307031105512494861550587757e-01	3.0053068241269608417784230626662108e-05	4.7476005876063510577985839201230901e-03
7.0970615365268182543090444731972037e-03	-3.5497091152640169378051535235742648e-01	2.9914876006311893689471984528781218e-05	4.7366728990813091117630439656536121e-03
7.1280675111367506915877556715041291e-03	-3.3604528696045089454550094229924710e-01	2.9784746217668306900121821413407985e-05	4.7263596557781023072124784709610515e-03
7.1574390303112159334977844515933060e-03	-3.1715969973522987186400229278212736e-01	2.9662516028942746756788825830907047e-05	4.7166519420389062845405547720758453e-03
7.1851691096821829311760673166550549e-03	-2.9831174468989891754363254897816335e-01	2.9548033865509499532465636864957664e-05	4.7075414305104213716404792128991004e-03
7.2112511814607848386240033129590927e-03	-2.7949904882563285815910270902996726e-01	2.9441158975923610724137908652385454e-05	4.6990203630888745229960283333895859e-03
7.2356790912765530915079517725827566e-03	-2.6071926906445885535031334107984226e-01	2.9341761020114928580691663216395366e-05	4.6910815333499729189779433917658933e-03
7.2584470952321268366681075622737255e-03	-2.4197009007552471630027332393770070e-01	2.9249719692156627534755706575043576e-05	4.6837182703865160580550401916051139e-03
7.2795498571687494206193709487617291e-03	-2.2324922216331069818954176711322649e-01	2.9164924375610996581467975943371216e-05	4.6769244239834301117967696488946314e-03
7.2989824461382339802009513586271717e-03	-2.0455439921256541402881332581879846e-01	2.9087273829650380024800040383155947e-05	4.6706943510665404457775819176328674e-03
7.3167403340774360302973118063519825e-03	-1.8588337668498878837093753688351510e-01	2.9016675904331251193764956177653081e-05	4.6650229033674988042704243666969831e-03
7.3328193936816136367555727489310088e-03	-1.6723392966290377720949227630714063e-01	2.8953047283566166243546358267008187e-05	4.6599054162529791781777451812729586e-03
7.3472158964733865459434739076812770e-03	-1.4860385093535527892242932500761353e-01	2.8896313254493307560922597382634387e-05	4.6553376986715950658676735369353122e-03
7.3599265110643256966119096144747488e-03	-1.2999094912225067512211658075211966e-01	2.8846407502087867478600589025416355e-05	4.6513160241770112287436365251177680e-03
7.3709483016065149851065626279223712e-03	-1.1139304683231294898978861052468956e-01	2.8803271927994904206918346908048761e-05	4.6478371229904624232342510112861402e-03
7.3802787264317290580928723224685536e-03	-9.2807978850755388063791817335089706e-02	2.8766856492690678767022236545714534e-05	4.6448981750703844113750503743515721e-03
7.3879156368761652870968897057662002e-03	-7.4233590352707409741613905867698728e-02	2.8737119080199918721550749262781014e-05	4.6424968041611408081537537427974688e-03
7.3938572762889559142807637147316616e-03	-5.5667735138524848570805258333195615e-02	2.8714025384710937893786336893058195e-05	4.6406310727969228927468941564469466e-03
7.3981022792229685912353663188142286e-03	-3.7108273887205796604576856541677546e-02	2.8697548818539990836534294153392625e-05	4.6392994782408364641443262756783579e-03
7.4006496708066810740961341229812059e-03	-1.8553072424205364421124425666934325e-02	2.8687670441001520644182255401836078e-05	4.6385009493429967117925740013273425e-03
7.4014988662961895756065370315653281e-03	0.0000000000000000000000000000000000e+00	2.8684378907842887082224515392589347e-05	4.6382348443051541984295037267281448e-03
7.4006496708066810740961341229812059e-03	1.8553072424205364421124425666934325e-02	2.8687670441001520644182255401836078e-05	4.6385009493429967117925740013273425e-03
7.3981022792229685912353663188142286e-03	3.7108273887205796604576856541677546e-02	2.8697548818539990836534294153392625e-05	4.6392994782408364641443262756783579e-03
7.3938572762889559142807637147316616e-03	5.5667735138524848570805258333195615e-02	2.8714025384710937893786336893058195e-05	4.6406310727969228927468941564469466e-03
7.3879156368761652870968897057662002e-03	7.4233590352707409741613905867698728e-02	2.8737119080199918721550749262781014e-05	4.6424968041611408081537537427974688e-03
7.3802787264317290580928723224685536e-03	9.2807978850755388063791817335089706e-02	2.8766856492690678767022236545714534e-05	4.6448981750703844113750503743515721e-03
7.3709483016065149851065626279223712e-03	1.1139304683231294898978861052468956e-01	2.8803271927994904206918346908048761e-05	4.6478371229904624232342510112861402e-03
7.3599265110643256966119096144747488e-03	1.2999094912225067512211658075211966e-01	2.8846407502087867478600589025416355e-05	4.6513160241770112287436365251177680e-03
7.3472158964733865459434739076812770e-03	1.4860385093535527892242932500761353e-01	2.8896313254493307560922597382634387e-05	4.6553376986715950658676735369353122e-03
7.3328193936816136367555727489310088e-03	1.6723392966290377720949227630714063e-01	2.8953047283566166243546358267008187e-05	4.6599054162529791781777451812729586e-03
7.3167403340774360302973118063519825e-03	1.8588337668498878837093753688351510e-01	2.9016675904331251193764956177653081e-05	4.6650229033674988042704243666969831e-03
7.2989824461382339802009513586271717e-03	2.0455439921256541402881332581879846e-01	2.9087273829650380024800040383155947e-05	4.6706943510665404457775819176328674e-03
7.2795498571687494206193709487617291e-03	2.2324922216331069818954176711322649e-01	2.9164924375610996581467975943371216e-05	4.6769244239834301117967696488946314e-03
7.2584470952321268366681075622737255e-03	2.4197009007552471630027332393770070e-01	2.9249719692156627534755706575043576e-05	4.6837182703865160580550401916051139e-03
7.2356790912765530915079517725827566e-03	2.6071926906445885535031334107984226e-01	2.9341761020114928580691663216395366e-05	4.6910815333499729189779433917658933e-03
7.2112511814607848386240033129590927e-03	2.7949904882563285815910270902996726e-01	2.9441158975923610724137908652385454e-05	4.6990203630888745229960283333895859e-03
7.1851691096821829311760673166550549e-03	2.9831174468989891754363254897816335e-01	2.9548033865509499532465636864957664e-05	4.7075414305104213716404792128991004e-03
7.1574390303112159334977844515933060e-03	3.1715969973522987186400229278212736e-01	2.9662516028942746756788825830907047e-05	4.7166519420389062845405547720758453e-03
7.1280675111367506915877556715041291e-03	3.3604528696045089454550094229924710e-01	2.9784746217668306900121821413407985e-05	4.7263596557781023072124784709610515e-03
7.0970615365268182543090444731972037e-03	3.5497091152640169378051535235742648e-01	2.9914876006311893689471984528781218e-05	4.7366728990813091117630439656536121e-03
7.0644285108099296640476676591300059e-03	3.7393901307031105512494861550587757e-01	3.0053068241269608417784230626662108e-05	4.7476005876063510577985839201230901e-03
7.0301762618824197577505092580397945e-03	3.9295206809948970317680636820381174e-01	3.0199497528521358123753352944009384e-05	4.7591522459404405362157520290117624e-03
6.9943130450477197437367500531584224e-03	4.1201259247080330988698380596007688e-01	3.0354350763360369453868995637232198e-05	4.7713380298880690865616207329339360e-03
6.9568475470939026690609449093993480e-03	4.3112314396277769043346629535974411e-01	3.0517827705007138947311766616588300e-05	4.7841687505240379606025366285027342e-03
6.9177888906163118168832623555860011e-03	4.5028632494761576017066393879781730e-01	3.0690141599378938383734240053328369e-05	4.7976559001234691458263248504704534e-03
6.8771466385925725650012069764541817e-03	4.6950478517087397202087530392519664e-01	3.0871519853618765745934133814527364e-05	4.8118116800912362160771511374198021e-03
6.8349307992178054434440965573070167e-03	4.8878122464705838216050140532969541e-01	3.1062204766354055036120548352818869e-05	4.8266490310248208148928214429287872e-03
6.7911518310084043716642143047077837e-03	5.0811839667996129116447219783105817e-01	3.1262454318059652507866140996742217e-05	4.8421816650572457733289416952368124e-03
6.7458206481833218462925444877626312e-03	5.2751911101717313440746128515376318e-01	3.1472543026346185037562894036486643e-05	4.8584241006405836695206675496622653e-03
6.6989486263324149119006687171871962e-03	5.4698623714887603050159750025349728e-01	3.1692762871489249531883942994512267e-05	4.8753916999457288879773337225697260e-03
6.6505476083820550367587564593461285e-03	5.6652270776176080937740243773507153e-01	3.1923424298062800386625505164269469e-05	4.8931007090708078242214996870254546e-03
6.6006299108688947490238478778947298e-03	5.8613152235971476310002686966921484e-01	3.2164857299148467818629326675728662e-05	4.9115683012689611307243888612811389e-03
6.5492083305334175685709924226603604e-03	6.0581575106380986782333452774735577e-01	3.2417412590268989706942648734883274e-05	4.9308126234264613101533845266955919e-03
6.4962961512456792158904837133962459e-03	6.2557853860508872873762943999564285e-01	3.2681462880947233747141864149571327e-05	4.9508528460444513543263117811054272e-03
6.4419071512764814645545573164993253e-03	6.4542310852470686328761755469110256e-01	3.2957404252632403229586934492056091e-05	4.9717092170022572921365553962916624e-03
6.3860556109281098912816211579521120e-03	6.6535276759715509468309410349346690e-01	3.3245657652673355182326528674457428e-05	4.9934031194075244170257188740595589e-03
6.3287563205397181657823489604536108e-03	6.8537091049356592485050871725784322e-01	3.3546670515068552435190858088396846e-05	5.0159571338686766442973919887080687e-03
6.2700245888834598929435356256859907e-03	7.0548102470351531742924995134140744e-01	3.3860918519897963269298474257134393e-05	5.0393951055587676549244620008966615e-03
6.2098762519685603923001065285459594e-03	7.2568669573528043568233343936855947e-01	3.4188907504661366063444650927475761e-05	5.0637422164770982801639166624689782e-03
6.1483276822716917939054073690002069e-03	7.4599161261622041635041109116577840e-01	3.4531175542229735550885559105313212e-05	5.0890250633564920174777414341938931e-03
6.0853957984132727348768232263199072e-03	7.6639957371682911744985702580645295e-01	3.4888295201784402645032237925447276e-05	5.1152717417103916266857538924448031e-03
6.0210980753006667943493146062359433e-03	7.8691449292408617252511136147320021e-01	3.5260876010998711124576727481242260e-05	5.1425119365655838260361655890769448e-03
5.9554525547607104804462808810541238e-03	8.0754040619202848375280586908336049e-01	3.5649567139839255072869454124107879e-05	5.1707770204840852538008846843698665e-03
5.8884778566855718927463502315260525e-03	8.2828147850000439699868130617236185e-01	3.6055060328763582203381358466694522e-05	5.2001001595423442174757943254229740e-03
5.8201931907176359907046047717663240e-03	8.4914201125188661545208379146865600e-01	3.6478093086809236799310456609954917e-05	5.2305164280083634665475265698690332e-03
5.7506183685009437469055643570035244e-03	8.7012645015264082592590112614863799e-01	3.6919452188152571185047972054473315e-05	5.2620629325387044218116545043838292e-03
5.6797738165286937270064427969118288e-03	8.9123939360211305292518970762937923e-01	3.7379977499220078398393249319900537e-05	5.2947789468088326669057580091068139e-03
5.6076805896184606859677165437220193e-03	9.1248560164975327032966138166253784e-01	3.7860566172424539779524935163427237e-05	5.3287060575933402415250203918016009e-03
5.5343603850491131621375367864039388e-03	9.3387000555828530351892376995638142e-01	3.8362177247148442906761498564543377e-05	5.3638883234288901861534410713103458e-03
5.4598355573959392556486220958004246e-03	9.5539771802912020322326070790167397e-01	3.8885836703796319044756053701971243e-05	5.4003724471241957317584694504444044e-03
5.3841291341032374254511458945222789e-03	9.7707404414765701679638976221009790e-01	3.9432643022689769346323771289483928e-05	5.4382079635302053878612508300518354e-03
5.3072648318366203111587077716553467e-03	9.9890449311259582279622382853348002e-01	4.0003773306406363725011726850315967e-05	5.4774474441525190197984299328064680e-03
5.2292670736605401470010429740330769e-03	1.0208947908200888818567076233586943e+00	4.0600490032010772051430035266360294e-05	5.5181467203799473349691061462486527e-03
5.1501610070901033194283446634248089e-03	1.0430508933810757902982930659130139e+00	4.1224148508664392525988879799083034e-05	5.5603651273216027961403125715460226e-03
5.0699725230701316738869368584841742e-03	1.0653790016586020024160646676811707e+00	4.1876205126531213175745539518703374e-05	5.6041657704941422164663821582234227e-03
4.9887282759386860735817082487553610e-03	1.0878855769214394926119793861369145e+00	4.2558226494963941719992669701082957e-05	5.6496158178856696679823385709943345e-03
4.9064557044369349511149552257118666e-03	1.1105773577210674167126970286381260e+00	4.3271899581943293164676457488496479e-05	5.6967868202491258435174884871828488e-03
4.8231830538323740882918608312298225e-03	1.1334613781112082628927178960399120e+00	4.4019042982998808238908932560295676e-05	5.7457550628525560377284668058919105e-03
4.7389393992280367531167233917511053e-03	1.1565449873428597082242286368481027e+00	4.4801619466774304124099891211336514e-05	5.7966019523445398853758949229958772e-03
4.6537546701365359324021079708776600e-03	1.1798358711833579810173664701801417e+00	4.5621749966511275484624863941726457e-05	5.8494144428898728017849351275057674e-03
4.5676596764046213212398201157110902e-03	1.2033420750257406094770711504317796e+00	4.6481729212607877937174173108725677e-05	5.9042855063047326306266824643261771e-03
4.4806861355814911475303180035028775e-03	1.2270720289748805869246741243666515e+00	4.7384043231793862382790580979192924e-05	5.9613146515856844102069613049680212e-03
4.3928667018324621171077218206383328e-03	1.2510345751199354988698487254654666e+00	4.8331388974222230129840342604356070e-05	6.0206084999993077110346048774273648e-03
4.3042349965088719843563465922612053e-03	1.2752389972290609770719842092297375e+00	4.9326696371987268609146052039912418e-05	6.0822814227986014242776703426974434e-03
4.2148256404953857745834273936321076e-03	1.2996950531326311211684674229331111e+00	5.0373153182544612592184980090098682e-05	6.1464562496822848193988396065543495e-03
4.1246742884673334111427730936151902e-03	1.3244130100960464856620012173848563e+00	5.1474233029836909929392696722769473e-05	6.2132650573422736888809098767945499e-03
4.0338176652034789805825706797203350e-03	1.3494036835233761557349879187624002e+00	5.2633727126593938071861095105641864e-05	6.2828500488876693042403972434729174e-03
3.9422936041138899181526251955099306e-03	1.3746784793795108337978463360178667e+00	5.3855780245719324331172301054805594e-05	6.3553645366328080553152023290566878e-03
3.8501410881585464381871789659317285e-03	1.4002494407723221268960429371088134e+00	5.5144931609924900137826725846778586e-05	6.4309740427439129417223002871769533e-03
3.7574002933502498250055715835137688e-03	1.4261292991988815770777031851337740e+00	5.6506161490598986077613305047755204e-05	6.5098575346169971214319431415308672e-03
3.6641126350555351304287154163174721e-03	1.4523315310327248540498795872599733e+00	5.7944944454013117593439661469426861e-05	6.5922088146868849065456389003542153e-03
3.5703208173299995535877391667783837e-03	1.4788704199144324028326338832488244e+00	5.9467310371308444776242837298418236e-05	6.6782380877399702320136271863859473e-03
3.4760688855501095193584241465218068e-03	1.5057611258078481937179748972241941e+00	6.1079914525736977375682554197107104e-05	6.7681737328413712697333370205554086e-03
3.3814022826326028180305409507431085e-03	1.5330197616020186988201724581983975e+00	6.2790118415848113628287215574623390e-05	6.8622643118398117219109652881818140e-03
3.2863679091655949838388149154813958e-03	1.5606634782780194773139157863287385e+00	6.4606083178794756444303943774003103e-05	6.9607808522679966217612827239534901e-03
3.1910141878130685955285524414684866e-03	1.5887105598247017519822234093536183e+00	6.6536877959170838923846917865773110e-05	7.0640194495480547196403614987978088e-03
3.0953911323973280850202728802731089e-03	1.6171805292835516977329081336878142e+00	6.8592606045728958567785198475099291e-05	7.1723042420389047895855947141005599e-03
2.9995504221131453686449409020466690e-03	1.6460942675371720402816844280072494e+00	7.0784552216800128549419792240852540e-05	7.2859908230043610381895585434322140e-03
2.9035454813837870580381903124911969e-03	1.6754741467369464942231742013443864e+00	7.3125355508914600141214842960272617e-05	7.4054701665223884269801050358523125e-03
2.8074315659342065733512614809827093e-03	1.7053441806040115059279120080220024e+00	7.5629212596146228266302005496679206e-05	7.5311731603209575510763647662582753e-03
2.7112658557319808646539274597700692e-03	1.7357301942473559583040884452436630e+00	7.8312118198328183266456536260317640e-05	7.6635758583216536822821738779852457e-03
2.6151075555339862534881603021741039e-03	1.7666600166410043566182075798249585e+00	8.1192150501919653435953838943578371e-05	7.8032055903497321549164099775375746e-03
2.5190180038786773269064424452912081e-03	1.7981636995109364994109642363568374e+00	8.4289811581529092794526677338780624e-05	7.9506480974065921946953043224995289e-03
2.4230607914830219703324231582765675e-03	1.8302737671301180024364228894240427e+00	8.7628435392594004183852870865861634e-05	8.1065558999164832084437425298213963e-03
2.3273018901431871435196802439292324e-03	1.8630255024436187958893250261557535e+00	9.1234679256312291778191575367894274e-05	8.2716581558721180589068523380756147e-03
2.2318097934033441508774985044070319e-03	1.8964572760933465414151108183353427e+00	9.5139119136783918753450090561406455e-05	8.4467723290544568200015395285874772e-03
2.1366556704529326154755227841445056e-03	1.9306109263465656283561137636043993e+00	9.9376974777182248246782080569483880e-05	8.6328180688683178871720510327013769e-03
2.0419135349462471916757216640463434e-03	1.9655321997377202626038490015726807e+00	1.0398899841869011710336830731960248e-04	8.8308338087835194956484698262650612e-03
1.9476604307179560374659388835334296e-03	2.0012712645207569534471937541517605e+00	1.0902257108058278266522030001252251e-04	9.0419967281050323220951514674021835e-03
1.8539766367051528615449262601136746e-03	2.0378833119494874762327652065891532e+00	1.1453306424026830821927344513265271e-04	9.2676469032071253090204305634628699e-03
1.7609458937949239103864888076043066e-03	2.0754292641609299795903012063865720e+00	1.2058554367037310540264121920570704e-04	9.5093167154383616257776055890584538e-03
1.6686556568144510856756996563830833e-03	2.1139766123116394718164257088243445e+00	1.2725691828283219868810595639488001e-04	9.7687669063075407046712625388979480e-03
1.5771973754921918720446377748035073e-03	2.1536004149992144455215611146737051e+00	1.3463867322263195260038422637567871e-04	1.0048031108833104112330042528428314e-02
1.4866668089750087170964401318252465e-03	2.1943844954370214119049433327231215e+00	1.4284037782385679427823176799245482e-04	1.0349471284369176907101986673803718e-02
1.3971643794288859950581151453110903e-03	2.2364228871162646022732888388002876e+00	1.5199423249199033000670839037234276e-04	1.0675847326470478247321870822349297e-02
1.3087955714359430143893988123785012e-03	2.2798215929036779452776942588561818e+00	1.6226102506948791499836964382323719e-04	1.1030405261538513684505618842285128e-02
1.2216713854036811152332359436352939e-03	2.3247007433173300512063455064692125e+00	1.7383802397691429312202399431094826e-04	1.1416990138160073163150698122680814e-02
1.1359088551280442769095135161064866e-03	2.3711972685166670941347212062119800e+00	1.8696956989383192574683836272496933e-04	1.1840192097254390100268663927029603e-02
1.0516316421451217326463830727611115e-03	2.4194682389825380780955023618248756e+00	2.0196148478907087199574320989613914e-04	1.2305537637199729088832065597621012e-02
9.6897072277233775015506271928519950e-04	2.4696950875450473172421532780961524e+00	2.1920097146037934492253476068205982e-04	1.2819743347846194083847203024480780e-02
8.8806518807325450342085940389967735e-04	2.5220890091022349248048575614123903e+00	2.3918455596884014781262204229884791e-04	1.3391057394756633775561355712735129e-02
8.0906318281077157689526123314894886e-04	2.5768979580753829768355172667374138e+00	2.6255805302534305704519354489894567e-04	1.4029726487085406415194262930478485e-02
7.3212301742181537167533395511561108e-04	2.6344158503308231275011696678962075e+00	2.9017491388857184838161739894009890e-04	1.4748645887200042557009759121976508e-02
6.5741449812605381690498810503452214e-04	2.6949948646056361189469445638616415e+00	3.2318339942399485426725731214552757e-04	1.5564282421416974326414405414559828e-02
5.8512053598709564955261330858341383e-04	2.7590621953933477505880969549611861e+00	3.6316026036982805727516872833382090e-04	1.6498014989413661562385705289308793e-02
5.1543911849899763820810962695556639e-04	2.8271433548517782265318957344157752e+00	4.1232192705990865499499696079627329e-04	1.7578131976145754302987210648538704e-02
4.4858576106191592009637429305556271e-04	2.8998953791477093894134457269487382e+00	4.7386977988829770990933299740688747e-04	1.8842896515115860478404801780253448e-02
3.8479660733279174180649883510545024e-04	2.9781554994484157540809704695583264e+00	5.5257761418505689343908635403324535e-04	2.0345414489590321711962010766221673e-02
3.2433242892659492658855016236127360e-04	3.0630148783089274245193787282406985e+00	6.5583943158321941697554929286571125e-04	2.2161683886116919550047614436983168e-02
2.6748390861573280294298848321528410e-04	3.1559348160724927154473443866355327e+00	7.9564703938920495702423373121705983e-04	2.4404562915763241163497114018526205e-02
2.1457882067450602625672750897220297e-04	3.2589388836152990319934937365548853e+00	9.9259039583092283944104597734352444e-04	2.7249478739968606942587830091191495e-02
1.6599213833866378544193129521564937e-04	3.3749501001114360045321000738717902e+00	1.2846860917655628945195759816793298e-03	3.0985355649753818838247620784854204e-02
1.2216090649439007588593282879714424e-04	3.5084295735451687005704723504467801e+00	1.7491992145307444733605338469932275e-03	3.6125534496282039028835170910213795e-02
8.3607425363772129566677015747095234e-05	3.6667155456102291894593536437127920e+00	2.5656127322986548397328475335823343e-03	4.3682246160386331053803966886134194e-02
5.0978305325551317558902559097462315e-05	3.8632636508798937003289260735141930e+00	4.2439001358409851208870222365608032e-03	5.5982579330081232813992031267198879e-02
2.5117517891628043944479324241345054e-05	4.1274315255984560610779350358645250e+00	8.8438791425574801576850947367224623e-03	7.9926534004829356736106028537016063e-02
7.1821845793124914752736071161834736e-06	4.5490012550069470606847076176150480e+00	4.1139385923917682319775231275822173e-02	1.5192365922952236111228073301901749e-01
0.0000000000000000000000000000000000e+00	0.0000000000000000000000000000000000e+00	4.9679171274842644225901137531765354e-05	5.6805107485608516001559333466329728e-03