3.3621219987225007238347110401484579e-03	-3.0151501367994286143053370213992286e+00	8.0532644279370876836456485216003471e-02	2.1546164161903951656083417178601816e-01
1.0456775471897561698225347835210487e-02	-2.4052519134912914453771175442288107e+00	1.9768374785942513973868145885487652e-02	1.1995029438665256344446354856759582e-01
1.9045760750693722208176891140334079e-02	-1.9995274264679288924273850464626116e+00	1.0597035144540410221235918790659134e-02	8.8654104996353050556152925252112010e-02
2.8187019616357358455059716698084176e-02	-1.6810029108469331770851780935918410e+00	7.1069904191049843107215170921555966e-03	7.2809571175450968598950280362722760e-02
3.7250939653515680276276173260685336e-02	-1.4110071273010783767550895929105138e+00	5.3603135045792141283844278094745318e-03	6.3308758692473377336087933371257414e-02
4.5790817871035055422245769062233078e-02	-1.1715607669766573505165185564311232e+00	4.3533715068568377284034605094270672e-03	5.7087912649870467402026511992892673e-02
5.3476545128633401454750170020061056e-02	-9.5265429890418414492892721647357530e-01	3.7241680527927094807746861528392894e-03	5.2819244791350231043051836579664884e-02
6.0060251299727741583273227238439101e-02	-7.4801174978888662998073474809942590e-01	3.3140332104408966350944183674454935e-03	4.9835941963671418992948518216370282e-02
6.5356591621239682000422290342419475e-02	-5.5332536736571499058228925167943059e-01	3.0443926334577588306349067100237498e-03	4.7771336239314282675943442004970084e-02
6.9230722763129290216035776087632924e-02	-3.6540026179850586959658493893033421e-01	2.8734115527425897266228270271116456e-03	4.6413849952594788579228802880862426e-02
7.1590788918071256692490137808718621e-02	-1.8168769151684359896596497834294916e-01	2.7783641641621565059656164331082369e-03	4.5641527706135591701048388669552981e-02
7.2383329813953498538419578932066419e-02	0.0000000000000000000000000000000000e+00	2.7478423841018737829109221666052766e-03	4.5390694050510459775710097859995951e-02
7.1590788918071256692490137808718621e-02	1.8168769151684359896596497834294916e-01	2.7783641641621565059656164331082369e-03	4.5641527706135591701048388669552981e-02
6.9230722763129290216035776087632924e-02	3.6540026179850586959658493893033421e-01	2.8734115527425897266228270271116456e-03	4.6413849952594788579228802880862426e-02
6.5356591621239682000422290342419475e-02	5.5332536736571499058228925167943059e-01	3.0443926334577588306349067100237498e-03	4.7771336239314282675943442004970084e-02
6.0060251299727741583273227238439101e-02	7.4801174978888662998073474809942590e-01	3.3140332104408966350944183674454935e-03	4.9835941963671418992948518216370282e-02
5.3476545128633401454750170020061056e-02	9.5265429890418414492892721647357530e-01	3.7241680527927094807746861528392894e-03	5.2819244791350231043051836579664884e-02
4.5790817871035055422245769062233078e-02	1.1715607669766573505165185564311232e+00	4.3533715068568377284034605094270672e-03	5.7087912649870467402026511992892673e-02
3.7250939653515680276276173260685336e-02	1.4110071273010783767550895929105138e+00	5.3603135045792141283844278094745318e-03	6.3308758692473377336087933371257414e-02
2.8187019616357358455059716698084176e-02	1.6810029108469331770851780935918410e+00	7.1069904191049843107215170921555966e-03	7.2809571175450968598950280362722760e-02
1.9045760750693722208176891140334079e-02	1.9995274264679288924273850464626116e+00	1.0597035144540410221235918790659134e-02	8.8654104996353050556152925252112010e-02
1.0456775471897561698225347835210487e-02	2.4052519134912914453771175442288107e+00	1.9768374785942513973868145885487652e-02	1.1995029438665256344446354856759582e-01
3.3621219987225007238347110401484579e-03	3.0151501367994286143053370213992286e+00	8.0532644279370876836456485216003471e-02	2.1546164161903951656083417178601816e-01
0.0000000000000000000000000000000000e+00	0.0000000000000000000000000000000000e+00	4.7461994576751923873544344959937480e-03	5.5510696097997025970077593432131356e-02