6.2518741072799613027910844134701063e-06	-4.5781553080123980578430569204032171e+00	4.0687833139159980972013986009569686e-02	1.5106156221563301330535156054887600e-01
2.1892503032090754917481809391558227e-05	-4.1590729037165400742137901837241569e+00	8.7336103807441238300452307253512231e-03	7.9423224650002828035488508293329187e-02
4.4481460359860915015043717641689501e-05	-3.8966311173707039031939898480657461e+00	4.1862721852391764468492110482137905e-03	5.5599877668180076103271901989879842e-02
7.3021847784893183635131339442192576e-05	-3.7014692729501881501735454749279238e+00	2.5283277627991703120395754329471524e-03	4.3363013315943075686890871473987496e-02
1.0678593019596122231475315612307657e-04	-3.5443717307797202599605495837123326e+00	1.7222838047555457155385892897854629e-03	3.5846126333689451203938856773269201e-02
1.4521594220329224167958867605407826e-04	-3.4119495857885142754600126559255713e+00	1.2639085986598463836952790218882209e-03	3.0733509634759795248268061757136240e-02
1.8786119850716350608778391760493914e-04	-3.2969017897049605606751241281098479e+00	9.7580731905282464557332184935054864e-04	2.7017943181138155819828773908426097e-02
2.3434446051251373481286262239578620e-04	-3.1947902879465987868385649917801507e+00	7.8164009685151916431120520605168665e-04	2.4188660490990799539122709466952459e-02
2.8434196782791002970901771786518453e-04	-3.1027074333272255324669839099858718e+00	6.4385747325428860962858694451158127e-04	2.1958204892184260568826253901153128e-02
3.3757062681943965593796023964658377e-04	-3.0186404687436935300889128230134006e+00	5.4212847785152272551141523388090409e-04	2.0152051342256206350159308416253750e-02
3.9377930324582913973626839801751088e-04	-2.9411360195908054619619179091555773e+00	4.6461540599285506689676704473854988e-04	1.8657928796483935949055025440746199e-02
4.5274263610516931869462582668243688e-04	-2.8691089241466132138440638201768081e+00	4.0402117152859832655303162793771585e-04	1.7400239034035850018729615159939850e-02
5.1425648566253589897521620435302976e-04	-2.8017266162283120204225073897623262e+00	3.5563571155463630980732684249114218e-04	1.6326158428050082315066890645086188e-02
5.7813448713448726482824226721131323e-04	-2.7383357665114620356059805326345151e+00	3.1630112636409413642836850022265323e-04	1.5397629204902439108771793134875175e-02
6.4420537915012620733510348720691231e-04	-2.6784138633199263056160171353268098e+00	2.8383157864596689435819002721484288e-04	1.4586516204346591905422980584394480e-02
7.1231089123365396000954605522356668e-04	-2.6215361796691209694983967239101824e+00	2.5667241508955098309579588898295218e-04	1.3871557330852804132998010025877558e-02
7.8230404474023208692765999030120772e-04	-2.5673525941079809289083664959810310e+00	2.3369170066745376827404652172598485e-04	1.3236376459781927005170529812291499e-02
8.5404776614108158499595628106451081e-04	-2.5155709268269338308657046609134929e+00	2.1404828547411318522018697715286883e-04	1.2668149903559662697635123376609462e-02
9.2741374066052181798938288277622921e-04	-2.4659447041028781809817216682267523e+00	1.9710578531488907274100637356054182e-04	1.2156688238006603333503427479493134e-02
1.0022814538684755549057447863598807e-03	-2.4182640060281389863182109716767679e+00	1.8237501526728776335328906487832687e-04	1.1693789722354886470714879017172069e-02
1.0785373823616764461733464060694614e-03	-2.3723485070878014486264468272197395e+00	1.6947456570799236575064780991483248e-04	1.1272775811429410729799268703834106e-02
1.1560743042114024488502614443721163e-03	-2.3280421059958268183857012809542705e+00	1.5810324258625438212158690327264578e-04	1.0888151496523279912348572514661507e-02
1.2347907067202145533542981695485715e-03	-2.2852087269321509534633059575898392e+00	1.4802044331702778540907438774411052e-04	1.0535352935798822718387566793687974e-02
1.3145902740534048149251036017933944e-03	-2.2437289973909382250121425144896335e+00	1.3903194921755958403595458450582907e-04	1.0210557223726919903944535672009682e-02
1.3953814410441645799411903295313570e-03	-2.2034975911033538068330779566836730e+00	1.3097948337089574389238156974703004e-04	9.9105371155434558258726566622234597e-03
1.4770770022853694553593917019933111e-03	-2.1644210818808957005003487341000022e+00	1.2373292998239145919689240564249681e-04	9.6325487553930129723088273887991825e-03
1.5595937677690263668074188607061753e-03	-2.1264161944538843278962159534375138e+00	1.1718446368352560508129005355593444e-04	9.3742439606864399894770458112534648e-03
1.6428522579935727262512910856330983e-03	-2.0894083670222677329378429238709434e+00	1.1124406862476947654496897103000272e-04	9.1336010029438904656202991277827845e-03
1.7267764327544387268133454094647462e-03	-2.0533305609204528955367092741025086e+00	1.0583608185571728122391268395432046e-04	8.9088694788946023209720083192623191e-03
1.8112934488543925206798739673878326e-03	-2.0181222679313913023727295594091108e+00	1.0089650056002717617009971132013836e-04	8.6985260276647211252502237665311778e-03
1.8963334427825329688030094244507979e-03	-1.9837286769912365458432870896675920e+00	9.6370865174426664730364979878231257e-05	8.5012384777540782649992986078654146e-03
1.9818293350625098256816010584629292e-03	-1.9500999704166126328544829695878058e+00	9.2212581093733432071680792909657290e-05	8.3158366047602734305183528246511757e-03
2.0677166534974945757622300096644253e-03	-1.9171907261344055614292845689539171e+00	8.8381577558914537465786261865903994e-05	8.1412881167548449725257512096238007e-03
2.1539333729685914572422554846683851e-03	-1.8849594072427468401746451782721298e+00	8.4843228058756843718157993626256050e-05	7.9766788058961260786081336408293506e-03
2.2404197697952894754267011981929332e-03	-1.8533679239688831230022188608123380e+00	8.1567475231670891510637282257247877e-05	7.8211960446454111587396394391037791e-03
2.3271182889569565501191827578867326e-03	-1.8223812559940726449434662052355639e+00	7.8528116921086203274705626229541501e-05	7.6741149853901026711998737124387452e-03
2.4139734227154484298347605889125977e-03	-1.7919671253908203163124007807010404e+00	7.5702220148443872346515122601005941e-05	7.5347869592686002123258173548659500e-03
2.5009315993801491830916516698396089e-03	-1.7620957122132030042182038637634371e+00	7.3069637316420143640033672403067556e-05	7.4026296748690046263814991574202964e-03
2.5879410811256436084151309454599882e-03	-1.7327394062077760813000874106310248e+00	7.0612604639805189557421689118152180e-05	7.2771188983980874882047177058114148e-03
2.6749518699146539570253974430702967e-03	-1.7038725892537558616780558680707540e+00	6.8315407117625284952021780440958029e-05	7.1577813598227230887239409198250333e-03
2.7619156206995617276525139962012587e-03	-1.6754714440596487075456693107016850e+00	6.6164097662427382323249204096490046e-05	7.0441886787279431434557897592776117e-03
2.8487855611785542917108329896355818e-03	-1.6475137853870537320738484510440455e+00	6.4146260547721013298121465981525368e-05	6.9359521424374121070206240499344192e-03
2.9355164174702297264027083218982755e-03	-1.6199789106776608727584259961142022e+00	6.2250811309591563577997447472879200e-05	6.8327181997089732387950786343395748e-03
3.0220643451458303161984197656680691e-03	-1.5928474674548068977875335777777551e+00	6.0467826781186990098072236981297176e-05	6.7341645578590568476183954112852286e-03
3.1083868651231688285506141595679024e-03	-1.5661013352783424613130521924296782e+00	5.8788400151271446595926182173991440e-05	6.6399967908556760696296423548152801e-03
3.1944428039824117172664161080323027e-03	-1.5397235203682157801372624449915411e+00	5.7204516896647196730746636110259314e-05	6.5499453817959611527622403065210423e-03
3.2801922383125485320894852982407393e-03	-1.5136980612916376858202249962348612e+00	5.5708948200400079545812009248888097e-05	6.4637631360535580301669075258720918e-03
3.3655964427397310699625543856241138e-03	-1.4880099443416785728051228018827793e+00	5.4295159077137656174337335520046838e-05	6.3812229118641627719175160544839706e-03
3.4506178413256432279641976710791429e-03	-1.4626450274301904612214658821659668e+00	5.2957228915848137313641073386610539e-05	6.3021156236963072461376841776741489e-03
3.5352199620564425057891599226549978e-03	-1.4375899714818703811675104437059084e+00	5.1689782546177564308375454926155168e-05	6.2262484808063757795480729913719314e-03
3.6193673941712496221176813784702953e-03	-1.4128321784545696468146758959239835e+00	5.0487930254459808732335112117114896e-05	6.1534434291982007537483132355381471e-03
3.7030257481042028957352653810401466e-03	-1.3883597352280375699651842866584856e+00	4.9347215436998866092065834581896745e-05	6.0835357700327657707121550194474454e-03
3.7861616178362024203268809350776174e-03	-1.3641613627027623116763691619292101e+00	4.8263568791806502438064204810995171e-05	6.0163729315486409340277882774786904e-03
3.8687425454720382591623841913142167e-03	-1.3402263695353650945517159599551819e+00	4.7233268125585628446317321445178910e-05	5.9518133749073112168474500992955865e-03
3.9507369878759606016409161385290428e-03	-1.3165446100095138976245755569902861e+00	4.6252902997589381076367994666651625e-05	5.8897256171886180299544664951699339e-03
4.0321142852141925920087632031800067e-03	-1.2931064456035183927638345350648490e+00	4.5319343541915692998964498039143111e-05	5.8299873571260144505075734899745254e-03
4.1128446312666517295420807157469765e-03	-1.2699027098692735118786370105612648e+00	4.4429712909463603535658925602259997e-05	5.7724846911667928790048228519380846e-03
4.1928990453824421300742174848307412e-03	-1.2469246762833792483307773217526665e+00	4.3581362853895262871804033395214734e-05	5.7171114091318596935341294528578561e-03
4.2722493459646871563639816077778399e-03	-1.2241640287711961417999031397879408e+00	4.2771852055498667268044232940952913e-05	5.6637683601843481158874479720530390e-03
4.3508681253801449395897377696365289e-03	-1.2016128346392305722187366823864807e+00	4.1998926835234616479943000626407076e-05	5.6123628810383935978267507763583355e-03
4.4287287261979221827970555569257822e-03	-1.1792635196813603342797454969755058e+00	4.1260503960422742702328609603062124e-05	5.5628082793832535072365064308369678e-03
4.5058052186695906238725183959863543e-03	-1.1571088452506624654078043698662293e+00	4.0554655285056229939975266901355174e-05	5.5150233663920762426259034815006947e-03
4.5820723793702167252614451851757024e-03	-1.1351418871115419531613719878769227e+00	3.9879594002921698550573511115929621e-05	5.4689320329525352395534428519732194e-03
4.6575056709263266483159729133143230e-03	-1.1133560159069460239570624843171320e+00	3.9233662321594120211694246296675384e-05	5.4244628649177563492074599274577245e-03
4.7320812227627223201786774880747639e-03	-1.0917448790930772465859830350632853e+00	3.8615320390842299124791489054356981e-05	5.3815487932467263935848765186431138e-03
4.8057758128054077886203079397538974e-03	-1.0703023842095233197356410304668141e+00	3.8023136340731568098137049530952236e-05	5.3401267753972378696961008244902757e-03
4.8785668500827372040278924551827282e-03	-1.0490226833663861495224086781647040e+00	3.7455777303336252329698765747469186e-05	5.3001375047627556001214011084973746e-03
4.9504323581713086487825342024661660e-03	-1.0279001588420600226835416155665235e+00	3.6912001307963687105184256656997190e-05	5.2615251453169216836032744887097550e-03
5.0213509594371474507625796879453210e-03	-1.0069294096959856941502463036218544e+00	3.6390649953550321945505661553224771e-05	5.2242370889537755376647997008702335e-03
5.0913018600263890001697210903840930e-03	-9.8610523931017186321851096107483029e-01	3.5890641773757394848493049259277949e-05	5.1882237332949363506425951884123696e-03
5.1602648355630201976478195148753697e-03	-9.6542264378168068090068679102367183e-01	3.5410966220552024656868897591315637e-05	5.1534382779827156008095503646493196e-03
5.2282202175143021852063080038110437e-03	-9.4487680109575132780652834767661485e-01	3.4950678200946806991328184748412316e-05	5.1198365376952686438136901538349326e-03
5.2951488801873030807085491196099038e-03	-9.2446306101589906703079920684067218e-01	3.4508893109286737244668798063664554e-05	5.0873767703106009204651853400133550e-03
5.3610322283225430682640035505489629e-03	-9.0417693563327493907219697398063175e-01	3.4084782304184776493176371518069160e-05	5.0560195188140501944037123593715025e-03
5.4258521852531176758167100298423628e-03	-8.8401409052288878301361875141555377e-01	3.3677568985058786734415872994451501e-05	5.0257274656917921664381117474645189e-03
5.4895911815998382822314160444170602e-03	-8.6397033645905971170949093406977988e-01	3.3286524428333301062127290798810089e-05	4.9964652986835506292793919475244998e-03
5.5522321444749296107761404936159231e-03	-8.4404162164672811749612232729860174e-01	3.2910964547841887848789886175144096e-05	4.9681995868832567431300485058778221e-03
5.6137584871686680920400953747849229e-03	-8.2422402442909807354910081154662456e-01	3.2550246747886701369098049480713508e-05	4.9408986662788065017131544574160128e-03
5.6741540992950467786584740352533344e-03	-8.0451374643552785867932259372700729e-01	3.2203767040855366948446807927798724e-05	4.9145325339129589619794636974436917e-03
5.7334033373741247716062074718281749e-03	-7.8490710613669237675126116256735262e-01	3.1870957404325027271244350904968565e-05	4.8890727499282239264841138837580423e-03
5.7914910158301733869694276416302603e-03	-7.6540053277684227417160423537696502e-01	3.1551283355253478050372613774122154e-05	4.8644923468305386950544038632875442e-03
5.8484023983860779205251713861660405e-03	-7.4599056065551379769044297110216182e-01	3.1244241721214447243406973173284642e-05	4.8407657453706978091602396827915998e-03
5.9041231898357022036498666670545014e-03	-7.2667382373333011317648472948030366e-01	3.0949358590718296653174151630562917e-05	4.8178686764998057845745626461233935e-03
5.9586395281770816292045495179765469e-03	-7.0744705053860469220881228391120642e-01	3.0666187426505276614473587530423308e-05	4.7957781089062787219726763830218112e-03
6.0119379770903865922479222702423060e-03	-6.8830705935333321689741864985267929e-01	3.0394307327335750445245331026010719e-05	4.7744721816878309677137872688815666e-03
6.0640055187455992474496474314074969e-03	-6.6925075365886236975031524890842373e-01	3.0133321425256304138082128136283812e-05	4.7539301417530630600412430502721201e-03
6.1148295469257783967433184063730910e-03	-6.5027511782306967738463906914678899e-01	2.9882855406614703718669313947161081e-05	4.7341322855842554500100842381642508e-03
6.1643978604526558726074003656787043e-03	-6.3137721301229406086276472640702214e-01	2.9642556146249643995403702330877376e-05	4.7150599050262407682542543789617989e-03
6.2126986569021181415199079813122561e-03	-6.1255417331253593944031011210180495e-01	2.9412090445310003680805611227517877e-05	4.6966952367961898805454461875925625e-03
6.2597205265978837204234485095807520e-03	-5.9380320204561111308709057682890783e-01	2.9191143864077563287595662700997330e-05	4.6790214154361677499105074491938216e-03
6.3054524468723946601520459867588062e-03	-5.7512156826700532003427601052580085e-01	2.8979419641989660583984159249050391e-05	4.6620224294547148094035338622165687e-03
6.3498837765846027112194404788866711e-03	-5.5650660343314623215929468919026420e-01	2.8776637697795244377323385964866901e-05	4.6456830804257708797118511925908836e-03
6.3930042508849514178471905997639661e-03	-5.3795569822669555368687635093699076e-01	2.8582533703439035050530053911029178e-05	4.6299889448332313438141533073020241e-03
6.4348039762184375488351191424970186e-03	-5.1946629952927372847479673427434383e-01	2.8396858225862594845833937838625892e-05	4.6149263384675301768034056842932702e-03
6.4752734255571819563512217672854169e-03	-5.0103590753177060756962057118800958e-01	2.8219375931445589628644801785384337e-05	4.6004822831970771547749764487985093e-03
6.5144034338544538943655279079959343e-03	-4.8266207297307361420619026901495925e-01	2.8049864848292014049423541105013861e-05	4.5866444759523106678383647911787088e-03
6.5521851937125765404618077356701764e-03	-4.6434239449866614615900635359143673e-01	2.7888115682000489601314435837399679e-05	4.5734012597737171934500395625051561e-03
6.5886102512575972574778392193828041e-03	-4.4607451613111827189852341116900749e-01	2.7733931180950076827342491044174461e-05	4.5607415967875507801987648806104323e-03
6.6236705022140361295598437681229723e-03	-4.2785612484501378617361285917814191e-01	2.7587125547487914600240084955356404e-05	4.5486550429842830124646867059106437e-03
6.6573581881734324681202625025917986e-03	-4.0968494823933650968693992530763415e-01	2.7447523891726431809426450327541511e-05	4.5371317246851348560007660747523279e-03
6.6896658930507931124070746599183063e-03	-3.9155875230077805165536821741417279e-01	2.7314961724949431753022226560710485e-05	4.5261623165914838870159536485729137e-03
6.7205865397234101146985889896389633e-03	-3.7347533925183244007238622748126050e-01	2.7189284489891186951837098763205646e-05	4.5157380213205907916439809790108195e-03
6.7501133868468603441938873317984024e-03	-3.5543254547791306941055787953986549e-01	2.7070347125393609561942162677417410e-05	4.5058505503390257377865277300079458e-03
6.7782400258433270954887183460547547e-03	-3.3742823952806703057658995925005982e-01	2.6958013663166078451047402857335269e-05	4.4964921062124683041741185960565413e-03
6.8049603780576952728475666297579537e-03	-3.1946032018417351883385618817391625e-01	2.6852156854572835074588542163870149e-05	4.4876553660972670472024037431613524e-03
6.8302686920771683721799165492985414e-03	-3.0152671459379886893085366523535615e-01	2.6752657825555994429716068158440247e-05	4.4793334664053331574771655627265851e-03
6.8541595412104384452658821150983521e-03	-2.8362537646214283439570998802563174e-01	2.6659405757969932245672417814554035e-05	4.4715199885796580988466621005114005e-03
6.8766278211227105743877429736193663e-03	-2.6575428429875080721847613171648590e-01	2.6572297595756697703893662160591070e-05	4.4642089459230337874333507151662721e-03
6.8976687476231421087100924748491376e-03	-2.4791143971488638666609540001317579e-01	2.6491237774533591726901231712833533e-05	4.4573947714274575285311692524123708e-03
6.9172778546015049511603192909292355e-03	-2.3009486576765951437911586826818685e-01	2.6416137973294429749086486982158054e-05	4.4510723065562604674214808814996506e-03
6.9354509921111174128209129774531269e-03	-2.1230260534718861536161903166820018e-01	2.6346916887046433573953697622299157e-05	4.4452367909352421566232199522676181e-03
6.9521843245953213950052949310585116e-03	-1.9453271960324200773979132409714345e-01	2.6283500019316216300225009153535264e-05	4.4398838529130563649027182664024844e-03
6.9674743292550016937249347705314743e-03	-1.7678328640795533507721832825792708e-01	2.6225819493561885684362522547698371e-05	4.4350095009548031054262855629033098e-03
6.9813177945548577806816548981302329e-03	-1.5905239885135889077209494516037463e-01	2.6173813882624756239403009237789041e-05	4.4306101158362652898432652384025401e-03
6.9937118188663451940531830991360295e-03	-1.4133816376657230117697041802187776e-01	2.6127428055444314070461369455653460e-05	4.4266824436095095433835094508650486e-03
7.0046538092454043312589256360777760e-03	-1.2363870028163487650152092075248018e-01	2.6086613040344639149572743755254711e-05	4.4232235893136717884788965219863173e-03
7.0141414803432896036124748957688749e-03	-1.0595213839503870462501312013877212e-01	2.6051325904280117036973536987961309e-05	4.4202310114076898157899090729483311e-03
7.0221728534490021906799017107145882e-03	-8.8276617572118851598673537172153422e-02	2.6021529647503574438499567823166048e-05	4.4177025169045463609634475740886797e-03
7.0287462556620155972607821088209315e-03	-7.0610285359531368801806860556014515e-02	2.5997193113191514583552383367440384e-05	4.4156362571892650828382339678058972e-03
7.0338603191941654238209559223377867e-03	-5.2951296015115646062753967718840662e-02	2.5978290911629435166272958018321240e-05	4.4140307245054750954339679310082981e-03
7.0375139807997537490714220631934706e-03	-3.5297809150493382925509914139061951e-02	2.5964803358625776911011697360311102e-05	4.4128847490978432117944330459784112e-03
7.0397064813330948125907332381863885e-03	-1.7647988383802405148664281145636157e-02	2.5956716427886340724814664629349229e-05	4.4121974970000818968463907477165383e-03
7.0404373654329027841744662127287470e-03	0.0000000000000000000000000000000000e+00	2.5954021717142469340506466467756929e-05	4.4119684684605895336876312606703761e-03
7.0397064813330948125907332381863885e-03	1.7647988383802405148664281145636157e-02	2.5956716427886340724814664629349229e-05	4.4121974970000818968463907477165383e-03
7.0375139807997537490714220631934706e-03	3.5297809150493382925509914139061951e-02	2.5964803358625776911011697360311102e-05	4.4128847490978432117944330459784112e-03
7.0338603191941654238209559223377867e-03	5.2951296015115646062753967718840662e-02	2.5978290911629435166272958018321240e-05	4.4140307245054750954339679310082981e-03
7.0287462556620155972607821088209315e-03	7.0610285359531368801806860556014515e-02	2.5997193113191514583552383367440384e-05	4.4156362571892650828382339678058972e-03
7.0221728534490021906799017107145882e-03	8.8276617572118851598673537172153422e-02	2.6021529647503574438499567823166048e-05	4.4177025169045463609634475740886797e-03
7.0141414803432896036124748957688749e-03	1.0595213839503870462501312013877212e-01	2.6051325904280117036973536987961309e-05	4.4202310114076898157899090729483311e-03
7.0046538092454043312589256360777760e-03	1.2363870028163487650152092075248018e-01	2.6086613040344639149572743755254711e-05	4.4232235893136717884788965219863173e-03
6.9937118188663451940531830991360295e-03	1.4133816376657230117697041802187776e-01	2.6127428055444314070461369455653460e-05	4.4266824436095095433835094508650486e-03
6.9813177945548577806816548981302329e-03	1.5905239885135889077209494516037463e-01	2.6173813882624756239403009237789041e-05	4.4306101158362652898432652384025401e-03
6.9674743292550016937249347705314743e-03	1.7678328640795533507721832825792708e-01	2.6225819493561885684362522547698371e-05	4.4350095009548031054262855629033098e-03
6.9521843245953213950052949310585116e-03	1.9453271960324200773979132409714345e-01	2.6283500019316216300225009153535264e-05	4.4398838529130563649027182664024844e-03
6.9354509921111174128209129774531269e-03	2.1230260534718861536161903166820018e-01	2.6346916887046433573953697622299157e-05	4.4452367909352421566232199522676181e-03
6.9172778546015049511603192909292355e-03	2.3009486576765951437911586826818685e-01	2.6416137973294429749086486982158054e-05	4.4510723065562604674214808814996506e-03
6.8976687476231421087100924748491376e-03	2.4791143971488638666609540001317579e-01	2.6491237774533591726901231712833533e-05	4.4573947714274575285311692524123708e-03
6.8766278211227105743877429736193663e-03	2.6575428429875080721847613171648590e-01	2.6572297595756697703893662160591070e-05	4.4642089459230337874333507151662721e-03
6.8541595412104384452658821150983521e-03	2.8362537646214283439570998802563174e-01	2.6659405757969932245672417814554035e-05	4.4715199885796580988466621005114005e-03
6.8302686920771683721799165492985414e-03	3.0152671459379886893085366523535615e-01	2.6752657825555994429716068158440247e-05	4.4793334664053331574771655627265851e-03
6.8049603780576952728475666297579537e-03	3.1946032018417351883385618817391625e-01	2.6852156854572835074588542163870149e-05	4.4876553660972670472024037431613524e-03
6.7782400258433270954887183460547547e-03	3.3742823952806703057658995925005982e-01	2.6958013663166078451047402857335269e-05	4.4964921062124683041741185960565413e-03
6.7501133868468603441938873317984024e-03	3.5543254547791306941055787953986549e-01	2.7070347125393609561942162677417410e-05	4.5058505503390257377865277300079458e-03
6.7205865397234101146985889896389633e-03	3.7347533925183244007238622748126050e-01	2.7189284489891186951837098763205646e-05	4.5157380213205907916439809790108195e-03
6.6896658930507931124070746599183063e-03	3.9155875230077805165536821741417279e-01	2.7314961724949431753022226560710485e-05	4.5261623165914838870159536485729137e-03
6.6573581881734324681202625025917986e-03	4.0968494823933650968693992530763415e-01	2.7447523891726431809426450327541511e-05	4.5371317246851348560007660747523279e-03
6.6236705022140361295598437681229723e-03	4.2785612484501378617361285917814191e-01	2.7587125547487914600240084955356404e-05	4.5486550429842830124646867059106437e-03
6.5886102512575972574778392193828041e-03	4.4607451613111827189852341116900749e-01	2.7733931180950076827342491044174461e-05	4.5607415967875507801987648806104323e-03
6.5521851937125765404618077356701764e-03	4.6434239449866614615900635359143673e-01	2.7888115682000489601314435837399679e-05	4.5734012597737171934500395625051561e-03
6.5144034338544538943655279079959343e-03	4.8266207297307361420619026901495925e-01	2.8049864848292014049423541105013861e-05	4.5866444759523106678383647911787088e-03
6.4752734255571819563512217672854169e-03	5.0103590753177060756962057118800958e-01	2.8219375931445589628644801785384337e-05	4.6004822831970771547749764487985093e-03
6.4348039762184375488351191424970186e-03	5.1946629952927372847479673427434383e-01	2.8396858225862594845833937838625892e-05	4.6149263384675301768034056842932702e-03
6.3930042508849514178471905997639661e-03	5.3795569822669555368687635093699076e-01	2.8582533703439035050530053911029178e-05	4.6299889448332313438141533073020241e-03
6.3498837765846027112194404788866711e-03	5.5650660343314623215929468919026420e-01	2.8776637697795244377323385964866901e-05	4.6456830804257708797118511925908836e-03
6.3054524468723946601520459867588062e-03	5.7512156826700532003427601052580085e-01	2.8979419641989660583984159249050391e-05	4.6620224294547148094035338622165687e-03
6.2597205265978837204234485095807520e-03	5.9380320204561111308709057682890783e-01	2.9191143864077563287595662700997330e-05	4.6790214154361677499105074491938216e-03
6.2126986569021181415199079813122561e-03	6.1255417331253593944031011210180495e-01	2.9412090445310003680805611227517877e-05	4.6966952367961898805454461875925625e-03
6.1643978604526558726074003656787043e-03	6.3137721301229406086276472640702214e-01	2.9642556146249643995403702330877376e-05	4.7150599050262407682542543789617989e-03
6.1148295469257783967433184063730910e-03	6.5027511782306967738463906914678899e-01	2.9882855406614703718669313947161081e-05	4.7341322855842554500100842381642508e-03
6.0640055187455992474496474314074969e-03	6.6925075365886236975031524890842373e-01	3.0133321425256304138082128136283812e-05	4.7539301417530630600412430502721201e-03
6.0119379770903865922479222702423060e-03	6.8830705935333321689741864985267929e-01	3.0394307327335750445245331026010719e-05	4.7744721816878309677137872688815666e-03
5.9586395281770816292045495179765469e-03	7.0744705053860469220881228391120642e-01	3.0666187426505276614473587530423308e-05	4.7957781089062787219726763830218112e-03
5.9041231898357022036498666670545014e-03	7.2667382373333011317648472948030366e-01	3.0949358590718296653174151630562917e-05	4.8178686764998057845745626461233935e-03
5.8484023983860779205251713861660405e-03	7.4599056065551379769044297110216182e-01	3.1244241721214447243406973173284642e-05	4.8407657453706978091602396827915998e-03
5.7914910158301733869694276416302603e-03	7.6540053277684227417160423537696502e-01	3.1551283355253478050372613774122154e-05	4.8644923468305386950544038632875442e-03
5.7334033373741247716062074718281749e-03	7.8490710613669237675126116256735262e-01	3.1870957404325027271244350904968565e-05	4.8890727499282239264841138837580423e-03
5.6741540992950467786584740352533344e-03	8.0451374643552785867932259372700729e-01	3.2203767040855366948446807927798724e-05	4.9145325339129589619794636974436917e-03
5.6137584871686680920400953747849229e-03	8.2422402442909807354910081154662456e-01	3.2550246747886701369098049480713508e-05	4.9408986662788065017131544574160128e-03
5.5522321444749296107761404936159231e-03	8.4404162164672811749612232729860174e-01	3.2910964547841887848789886175144096e-05	4.9681995868832567431300485058778221e-03
5.4895911815998382822314160444170602e-03	8.6397033645905971170949093406977988e-01	3.3286524428333301062127290798810089e-05	4.9964652986835506292793919475244998e-03
5.4258521852531176758167100298423628e-03	8.8401409052288878301361875141555377e-01	3.3677568985058786734415872994451501e-05	5.0257274656917921664381117474645189e-03
5.3610322283225430682640035505489629e-03	9.0417693563327493907219697398063175e-01	3.4084782304184776493176371518069160e-05	5.0560195188140501944037123593715025e-03
5.2951488801873030807085491196099038e-03	9.2446306101589906703079920684067218e-01	3.4508893109286737244668798063664554e-05	5.0873767703106009204651853400133550e-03
5.2282202175143021852063080038110437e-03	9.4487680109575132780652834767661485e-01	3.4950678200946806991328184748412316e-05	5.1198365376952686438136901538349326e-03
5.1602648355630201976478195148753697e-03	9.6542264378168068090068679102367183e-01	3.5410966220552024656868897591315637e-05	5.1534382779827156008095503646493196e-03
5.0913018600263890001697210903840930e-03	9.8610523931017186321851096107483029e-01	3.5890641773757394848493049259277949e-05	5.1882237332949363506425951884123696e-03
5.0213509594371474507625796879453210e-03	1.0069294096959856941502463036218544e+00	3.6390649953550321945505661553224771e-05	5.2242370889537755376647997008702335e-03
4.9504323581713086487825342024661660e-03	1.0279001588420600226835416155665235e+00	3.6912001307963687105184256656997190e-05	5.2615251453169216836032744887097550e-03
4.8785668500827372040278924551827282e-03	1.0490226833663861495224086781647040e+00	3.7455777303336252329698765747469186e-05	5.3001375047627556001214011084973746e-03
4.8057758128054077886203079397538974e-03	1.0703023842095233197356410304668141e+00	3.8023136340731568098137049530952236e-05	5.3401267753972378696961008244902757e-03
4.7320812227627223201786774880747639e-03	1.0917448790930772465859830350632853e+00	3.8615320390842299124791489054356981e-05	5.3815487932467263935848765186431138e-03
4.6575056709263266483159729133143230e-03	1.1133560159069460239570624843171320e+00	3.9233662321594120211694246296675384e-05	5.4244628649177563492074599274577245e-03
4.5820723793702167252614451851757024e-03	1.1351418871115419531613719878769227e+00	3.9879594002921698550573511115929621e-05	5.4689320329525352395534428519732194e-03
4.5058052186695906238725183959863543e-03	1.1571088452506624654078043698662293e+00	4.0554655285056229939975266901355174e-05	5.5150233663920762426259034815006947e-03
4.4287287261979221827970555569257822e-03	1.1792635196813603342797454969755058e+00	4.1260503960422742702328609603062124e-05	5.5628082793832535072365064308369678e-03
4.3508681253801449395897377696365289e-03	1.2016128346392305722187366823864807e+00	4.1998926835234616479943000626407076e-05	5.6123628810383935978267507763583355e-03
4.2722493459646871563639816077778399e-03	1.2241640287711961417999031397879408e+00	4.2771852055498667268044232940952913e-05	5.6637683601843481158874479720530390e-03
4.1928990453824421300742174848307412e-03	1.2469246762833792483307773217526665e+00	4.3581362853895262871804033395214734e-05	5.7171114091318596935341294528578561e-03
4.1128446312666517295420807157469765e-03	1.2699027098692735118786370105612648e+00	4.4429712909463603535658925602259997e-05	5.7724846911667928790048228519380846e-03
4.0321142852141925920087632031800067e-03	1.2931064456035183927638345350648490e+00	4.5319343541915692998964498039143111e-05	5.8299873571260144505075734899745254e-03
3.9507369878759606016409161385290428e-03	1.3165446100095138976245755569902861e+00	4.6252902997589381076367994666651625e-05	5.8897256171886180299544664951699339e-03
3.8687425454720382591623841913142167e-03	1.3402263695353650945517159599551819e+00	4.7233268125585628446317321445178910e-05	5.9518133749073112168474500992955865e-03
3.7861616178362024203268809350776174e-03	1.3641613627027623116763691619292101e+00	4.8263568791806502438064204810995171e-05	6.0163729315486409340277882774786904e-03
3.7030257481042028957352653810401466e-03	1.3883597352280375699651842866584856e+00	4.9347215436998866092065834581896745e-05	6.0835357700327657707121550194474454e-03
3.6193673941712496221176813784702953e-03	1.4128321784545696468146758959239835e+00	5.0487930254459808732335112117114896e-05	6.1534434291982007537483132355381471e-03
3.5352199620564425057891599226549978e-03	1.4375899714818703811675104437059084e+00	5.1689782546177564308375454926155168e-05	6.2262484808063757795480729913719314e-03
3.4506178413256432279641976710791429e-03	1.4626450274301904612214658821659668e+00	5.2957228915848137313641073386610539e-05	6.3021156236963072461376841776741489e-03
3.3655964427397310699625543856241138e-03	1.4880099443416785728051228018827793e+00	5.4295159077137656174337335520046838e-05	6.3812229118641627719175160544839706e-03
3.2801922383125485320894852982407393e-03	1.5136980612916376858202249962348612e+00	5.5708948200400079545812009248888097e-05	6.4637631360535580301669075258720918e-03
3.1944428039824117172664161080323027e-03	1.5397235203682157801372624449915411e+00	5.7204516896647196730746636110259314e-05	6.5499453817959611527622403065210423e-03
3.1083868651231688285506141595679024e-03	1.5661013352783424613130521924296782e+00	5.8788400151271446595926182173991440e-05	6.6399967908556760696296423548152801e-03
3.0220643451458303161984197656680691e-03	1.5928474674548068977875335777777551e+00	6.0467826781186990098072236981297176e-05	6.7341645578590568476183954112852286e-03
2.9355164174702297264027083218982755e-03	1.6199789106776608727584259961142022e+00	6.2250811309591563577997447472879200e-05	6.8327181997089732387950786343395748e-03
2.8487855611785542917108329896355818e-03	1.6475137853870537320738484510440455e+00	6.4146260547721013298121465981525368e-05	6.9359521424374121070206240499344192e-03
2.7619156206995617276525139962012587e-03	1.6754714440596487075456693107016850e+00	6.6164097662427382323249204096490046e-05	7.0441886787279431434557897592776117e-03
2.6749518699146539570253974430702967e-03	1.7038725892537558616780558680707540e+00	6.8315407117625284952021780440958029e-05	7.1577813598227230887239409198250333e-03
2.5879410811256436084151309454599882e-03	1.7327394062077760813000874106310248e+00	7.0612604639805189557421689118152180e-05	7.2771188983980874882047177058114148e-03
2.5009315993801491830916516698396089e-03	1.7620957122132030042182038637634371e+00	7.3069637316420143640033672403067556e-05	7.4026296748690046263814991574202964e-03
2.4139734227154484298347605889125977e-03	1.7919671253908203163124007807010404e+00	7.5702220148443872346515122601005941e-05	7.5347869592686002123258173548659500e-03
2.3271182889569565501191827578867326e-03	1.8223812559940726449434662052355639e+00	7.8528116921086203274705626229541501e-05	7.6741149853901026711998737124387452e-03
2.2404197697952894754267011981929332e-03	1.8533679239688831230022188608123380e+00	8.1567475231670891510637282257247877e-05	7.8211960446454111587396394391037791e-03
2.1539333729685914572422554846683851e-03	1.8849594072427468401746451782721298e+00	8.4843228058756843718157993626256050e-05	7.9766788058961260786081336408293506e-03
2.0677166534974945757622300096644253e-03	1.9171907261344055614292845689539171e+00	8.8381577558914537465786261865903994e-05	8.1412881167548449725257512096238007e-03
1.9818293350625098256816010584629292e-03	1.9500999704166126328544829695878058e+00	9.2212581093733432071680792909657290e-05	8.3158366047602734305183528246511757e-03
1.8963334427825329688030094244507979e-03	1.9837286769912365458432870896675920e+00	9.6370865174426664730364979878231257e-05	8.5012384777540782649992986078654146e-03
1.8112934488543925206798739673878326e-03	2.0181222679313913023727295594091108e+00	1.0089650056002717617009971132013836e-04	8.6985260276647211252502237665311778e-03
1.7267764327544387268133454094647462e-03	2.0533305609204528955367092741025086e+00	1.0583608185571728122391268395432046e-04	8.9088694788946023209720083192623191e-03
1.6428522579935727262512910856330983e-03	2.0894083670222677329378429238709434e+00	1.1124406862476947654496897103000272e-04	9.1336010029438904656202991277827845e-03
1.5595937677690263668074188607061753e-03	2.1264161944538843278962159534375138e+00	1.1718446368352560508129005355593444e-04	9.3742439606864399894770458112534648e-03
1.4770770022853694553593917019933111e-03	2.1644210818808957005003487341000022e+00	1.2373292998239145919689240564249681e-04	9.6325487553930129723088273887991825e-03
1.3953814410441645799411903295313570e-03	2.2034975911033538068330779566836730e+00	1.3097948337089574389238156974703004e-04	9.9105371155434558258726566622234597e-03
1.3145902740534048149251036017933944e-03	2.2437289973909382250121425144896335e+00	1.3903194921755958403595458450582907e-04	1.0210557223726919903944535672009682e-02
1.2347907067202145533542981695485715e-03	2.2852087269321509534633059575898392e+00	1.4802044331702778540907438774411052e-04	1.0535352935798822718387566793687974e-02
1.1560743042114024488502614443721163e-03	2.3280421059958268183857012809542705e+00	1.5810324258625438212158690327264578e-04	1.0888151496523279912348572514661507e-02
1.0785373823616764461733464060694614e-03	2.3723485070878014486264468272197395e+00	1.6947456570799236575064780991483248e-04	1.1272775811429410729799268703834106e-02
1.0022814538684755549057447863598807e-03	2.4182640060281389863182109716767679e+00	1.8237501526728776335328906487832687e-04	1.1693789722354886470714879017172069e-02
9.2741374066052181798938288277622921e-04	2.4659447041028781809817216682267523e+00	1.9710578531488907274100637356054182e-04	1.2156688238006603333503427479493134e-02
8.5404776614108158499595628106451081e-04	2.5155709268269338308657046609134929e+00	2.1404828547411318522018697715286883e-04	1.2668149903559662697635123376609462e-02
7.8230404474023208692765999030120772e-04	2.5673525941079809289083664959810310e+00	2.3369170066745376827404652172598485e-04	1.3236376459781927005170529812291499e-02
7.1231089123365396000954605522356668e-04	2.6215361796691209694983967239101824e+00	2.5667241508955098309579588898295218e-04	1.3871557330852804132998010025877558e-02
6.4420537915012620733510348720691231e-04	2.6784138633199263056160171353268098e+00	2.8383157864596689435819002721484288e-04	1.4586516204346591905422980584394480e-02
5.7813448713448726482824226721131323e-04	2.7383357665114620356059805326345151e+00	3.1630112636409413642836850022265323e-04	1.5397629204902439108771793134875175e-02
5.1425648566253589897521620435302976e-04	2.8017266162283120204225073897623262e+00	3.5563571155463630980732684249114218e-04	1.6326158428050082315066890645086188e-02
4.5274263610516931869462582668243688e-04	2.8691089241466132138440638201768081e+00	4.0402117152859832655303162793771585e-04	1.7400239034035850018729615159939850e-02
3.9377930324582913973626839801751088e-04	2.9411360195908054619619179091555773e+00	4.6461540599285506689676704473854988e-04	1.8657928796483935949055025440746199e-02
3.3757062681943965593796023964658377e-04	3.0186404687436935300889128230134006e+00	5.4212847785152272551141523388090409e-04	2.0152051342256206350159308416253750e-02
2.8434196782791002970901771786518453e-04	3.1027074333272255324669839099858718e+00	6.4385747325428860962858694451158127e-04	2.1958204892184260568826253901153128e-02
2.3434446051251373481286262239578620e-04	3.1947902879465987868385649917801507e+00	7.8164009685151916431120520605168665e-04	2.4188660490990799539122709466952459e-02
1.8786119850716350608778391760493914e-04	3.2969017897049605606751241281098479e+00	9.7580731905282464557332184935054864e-04	2.7017943181138155819828773908426097e-02
1.4521594220329224167958867605407826e-04	3.4119495857885142754600126559255713e+00	1.2639085986598463836952790218882209e-03	3.0733509634759795248268061757136240e-02
1.0678593019596122231475315612307657e-04	3.5443717307797202599605495837123326e+00	1.7222838047555457155385892897854629e-03	3.5846126333689451203938856773269201e-02
7.3021847784893183635131339442192576e-05	3.7014692729501881501735454749279238e+00	2.5283277627991703120395754329471524e-03	4.3363013315943075686890871473987496e-02
4.4481460359860915015043717641689501e-05	3.8966311173707039031939898480657461e+00	4.1862721852391764468492110482137905e-03	5.5599877668180076103271901989879842e-02
2.1892503032090754917481809391558227e-05	4.1590729037165400742137901837241569e+00	8.7336103807441238300452307253512231e-03	7.9423224650002828035488508293329187e-02
6.2518741072799613027910844134701063e-06	4.5781553080123980578430569204032171e+00	4.0687833139159980972013986009569686e-02	1.5106156221563301330535156054887600e-01
0.0000000000000000000000000000000000e+00	0.0000000000000000000000000000000000e+00	4.4950632600308625329638527405986231e-05	5.4034109556142209281273166606467178e-03