6.0450582522181750092523175587769097e-06	-4.5851992849204266468821728315354508e+00	4.0579807446275063533535509454860187e-02	1.5085466834646387318628940763998746e-01
2.1174872128085941187626622634088335e-05	-4.1667135734229927498015840139862799e+00	8.7072770879514502584869809579570990e-03	7.9302568382683568061923480214730516e-02
4.3034607121301030543763198630805267e-05	-3.9046854025921808804477260037327509e+00	4.1725282749620947916544070719548627e-03	5.5508220661187261780812141526062730e-02
7.0662739867203828034201574282338116e-05	-3.7098554419957899958440791990398660e+00	2.5194455894305250287355250084831687e-03	4.3286619651468625009928930017160125e-02
1.0335721390655552879165675088262624e-04	-3.5530421973791326796862670483012113e+00	1.7158783847180564344797548765320714e-03	3.5779311949334731444766546239001967e-02
1.4057989703355194946724628239260683e-04	-3.4208728082919589429932843873457863e+00	1.2589684773707855003025714841433055e-03	3.0673326718679272215115124658831036e-02
1.8189593381483283250731549975171724e-04	-3.3060551684884237126946474661119832e+00	9.7182036781770041094559695338889734e-04	2.6962648591150017095447532111708772e-02
2.2694130873166292466839851191202025e-04	-3.2041567653408022889811006798144918e+00	7.7831535202332679391315201058712772e-04	2.4137129988028068938506402958869895e-02
2.7540358735553558395358698350164329e-04	-3.1122736466658237849509611337620938e+00	6.4101559924423234151075610298413398e-04	2.1909667059465851367827428365689856e-02
3.2700955990685341239269016995611460e-04	-3.0283956544190973441420122209327526e+00	5.3965200979731306078558256347153424e-04	2.0105951631530006506024238270202508e-02
3.8151684296943759281038465448765672e-04	-2.9510713187045147209324006693831682e+00	4.6242368322304860230242095808624447e-04	1.8613853810649236475088518932537630e-02
4.3870791282225473045128226966082635e-04	-2.8792169197339017789336893205496803e+00	4.0205667369320230517148963161979810e-04	1.7357871475420262415766764504281185e-02
4.9838571490559917483144735424999662e-04	-2.8120010121094111490745973284566048e+00	3.5385613192274805858900812585579667e-04	1.6285248849487007136952506510057417e-02
5.6037033968603222622141973880773751e-04	-2.7487711569509849338672836190079761e+00	3.1467453516997328537066523374070209e-04	1.5357977524486514825102470417441112e-02
6.2449644579742764437436860836771184e-04	-2.6890055632174011638157996351502453e+00	2.8233334580009657230067805884796918e-04	1.4547959172925797082033267107850802e-02
6.9061122236716434885267932395065601e-04	-2.6322800964324764102181868167167012e+00	2.5528318201256444650404700630352394e-04	1.3833959777303974174996064637625023e-02
7.5857275012862302716787679436566577e-04	-2.5782451290354431831667742863925842e+00	2.3239600268553546821714384500452081e-04	1.3199625016700135066138383375903540e-02
8.2824866380528505902185929635081348e-04	-2.5266088978818322997487621845603023e+00	2.1283359139644815669546023477576109e-04	1.2632148409808127423415129571715786e-02
8.9951504632452223447604015042361903e-04	-2.4771252845223819343225460425104008e+00	1.9596181244003281687027201722450279e-04	1.2121354304026177908378038435611977e-02
9.7225550432386858382547327802114984e-04	-2.4295846748666076459086146900007236e+00	1.8129323093071886028525489377487884e-04	1.1659052119893232962813792839463605e-02
1.0463603874618805163116507639295784e-03	-2.3838070089017836184134454452582604e+00	1.6844781805041295501839422934627088e-04	1.1238572459419112302875214463339345e-02
1.1217261232514543803147325021262178e-03	-2.3396364176326981900752272054905348e+00	1.5712548265065649875860002251491621e-04	1.0854427885668651331729999964830728e-02
1.1982546457544859078470528315660634e-03	-2.2969370299103916204775837331452442e+00	1.4708651286539904256850714376581694e-04	1.0502060881126225709707621043940209e-02
1.2758529013217296955227568760636659e-03	-2.2555896547334322851837753168206560e+00	1.3813741661209204453701988562814933e-04	1.0177653865810001270071432453983471e-02
1.3544324181625694550190544625202530e-03	-2.2154891277546274110856039098031920e+00	1.3012051512774675198813696645593066e-04	9.8779841127223210812874000309231547e-03
1.4339089292434781016869546150591301e-03	-2.1765421680367590683762580021835281e+00	1.2290618915740953762163541694386611e-04	9.6003116244124374599323391724069861e-03
1.5142020400859061689556964595401173e-03	-2.1386656312787521560103833814217960e+00	1.1638702868858925428674529308811955e-04	9.3422915339096252558233506757510015e-03
1.5952349346346450424496278961573715e-03	-2.1017850743399231928486932191143951e+00	1.1047336777614914161093767890815272e-04	9.1019049780343121407463379615582498e-03
1.6769341136170080186791313642647306e-03	-2.0658335665481491443525273046374720e+00	1.0508984016232619715709461525480960e-04	8.8774040425106223040184168325524673e-03
1.7592291607980806765661028644799998e-03	-2.0307506983919298689568915109311246e+00	1.0017269612601062832416162639883925e-04	8.6672675388925716099760812877944704e-03
1.8420525333208416749137582146962911e-03	-1.9964817493879851404535403421716336e+00	9.5667693220911102034930049693002064e-05	8.4701652001330180803846299973009965e-03
1.9253393729485718082833625868738706e-03	-1.9629769852958986046546707079159407e+00	9.1528424068501005121123418829179300e-05	8.2849284781191363133773976950803242e-03
2.0090273355352386087354962433063026e-03	-1.9301910611909494618031076189708347e+00	8.7714980147956945802502568361861601e-05	8.1105265618855074128212532836603150e-03
2.0930564364635030618285631052116915e-03	-1.8980825117487026701022207911078488e+00	8.4192876173106808220916422494620856e-05	7.9460465564814660219812245053771994e-03
2.1773689101294381208609265201157602e-03	-1.8666133138270572788330216915086824e+00	8.0932178239761265725499168006905309e-05	7.7906770019413318463595503715115265e-03
2.2619090818331613591477868140283139e-03	-1.8357485093320772856686351095543498e+00	7.7906792547574270412626041037624938e-05	7.6436940920089719598700913151471063e-03
2.3466232506671163332112144506033172e-03	-1.8054558786260946211993673801412604e+00	7.5093881576749228554233584347328753e-05	7.5044500890807167173255530474508082e-03
2.4314595821878536512272646050509823e-03	-1.7757056565296319370821994871904739e+00	7.2473382122704229507296084717640176e-05	7.3723635365707803749731594018574787e-03
2.5163680098200652700563401062512419e-03	-1.7464702843935325406058504504853932e+00	7.0027605257024672039326134279194421e-05	7.2469109507214728820957551059936046e-03
2.6013001440790138479361063597882479e-03	-1.7177241928573629415030010926106913e+00	6.7740902584241624502718533119377214e-05	7.1276197367033513180953069807286734e-03
2.6862091888139139602971715193554847e-03	-1.6894436108273973984173874831649005e+00	6.5599386454794867525485810297862018e-05	7.0140621230273115929684410729400893e-03
2.7710498637739041774713231865918640e-03	-1.6616063969500488308240633640620076e+00	6.3590694330692540794394472876238348e-05	6.9058499470407747324119055946881061e-03
2.8557783328829345045093891262920007e-03	-1.6341918904610874422352721195619573e+00	6.1703789468434228628522036000507281e-05	6.8026301550060125876373067755869514e-03
2.9403521376825638427854993827086713e-03	-1.6071807787856575928867131273010423e+00	5.9928791620981928268786194203760898e-05	6.7040809047670171184028382700424379e-03
3.0247301354642587122624184863234915e-03	-1.5805549796709398144575713652569507e+00	5.8256832668731463071417045255141464e-05	6.6099081786708689343302781183682344e-03
3.1088724416668988523466083908111381e-03	-1.5542975359694978529182223397297763e+00	5.6679933044608274882488702495966787e-05	6.5198428302644413492184528434818172e-03
3.1927403761621380351287145937688563e-03	-1.5283925214704271896276632647287623e+00	5.5190895577818633121787058923869600e-05	6.4336380011392940175235717634273000e-03
3.2762964130911237092823847475451152e-03	-1.5028249564080872819682516927310084e+00	5.3783213987794125674313302014954864e-05	6.3510668547663738071386703961596039e-03
3.3595041339517478939088128898354392e-03	-1.4775807314729737920653126393723065e+00	5.2450993747543999165231752033084475e-05	6.2719205827293427304100947719427753e-03
3.4423281836668358472508935341528533e-03	-1.4526465393129835979412333443952413e+00	5.1188883429353125353632614865322036e-05	6.1960066458076190418380819145904556e-03
3.5247342293911082832011468564189712e-03	-1.4280098126514221553039537518577768e+00	4.9992014965121629222406165722649040e-05	6.1231472181736389520967568828386317e-03
3.6066889218389069916035884993687903e-03	-1.4036586682650241057332970220247927e+00	4.8855951513841980384752484909527756e-05	6.0531778077874209764492799325215582e-03
3.6881598589359997428054018318376649e-03	-1.3795818561645936224405945535396989e+00	4.7776641841619411889260893363023064e-05	5.9859460300810979459609976633816047e-03
3.7691155516176570468128677924533555e-03	-1.3557687134055461052478423431898422e+00	4.6750380294573794994281200243470057e-05	5.9213105153750004357444196142809430e-03
3.8495253916119425758755586807919466e-03	-1.3322091220280412410330842212775855e+00	4.5773771589257861858631092779562883e-05	5.8591399332740528213169612569566681e-03
3.9293596210620553059251944502026440e-03	-1.3088934706885058268056006539241136e+00	4.4843699764704937439268477781625895e-05	5.7993121196544493124073700916359207e-03
4.0085893038548394385635808235059171e-03	-1.2858126195977751574494973307885768e+00	4.3957300739508890616734747930787309e-05	5.7417132938432646663136263315404492e-03
4.0871862985344393206636283674721595e-03	-1.2629578684271769669043675738488508e+00	4.3111938000140981286338530998614434e-05	5.6862373552807175353191305125426950e-03
4.1651232326906941495034639738956982e-03	-1.2403209268837574018128680326837098e+00	4.2305181015994014773890602379122004e-05	5.6327852503875175566986129204971569e-03
4.2423734787213907218817617485609584e-03	-1.2178938876904342238579765414889440e+00	4.1534786034808943618409611418141903e-05	5.5812644015800490631956538598851455e-03
4.3189111308760511670053541100416917e-03	-1.1956692017369361508249827673912453e+00	4.0798678961121203330620456964544954e-05	5.5315881914185357658293651785270622e-03
4.3947109834966386440502159028148636e-03	-1.1736396551936015435887637366134413e+00	4.0094940061738337937928645439205274e-05	5.4836754957661947388398341534417794e-03
4.4697485103775148927844882270683712e-03	-1.1517983484030137643687112556485656e+00	3.9421790277310788036619292810815745e-05	5.4374502606042135449557872546108158e-03
4.5439998451732642792680438797299457e-03	-1.1301386763845081002097861811991272e+00	3.8777578948834625332077398017009434e-05	5.3928411178076603897029333055670373e-03
4.6174417627886838126866616315481829e-03	-1.1086543108041886531663586077761847e+00	3.8160772793291052657834948560230665e-05	5.3497810357573851492714559779181571e-03
4.6900516616903925170174444758343332e-03	-1.0873391832785762306101978026557066e+00	3.7569945984293150042859609198217455e-05	5.3082070011561318822843573745622091e-03
4.7618075470841935485616580524490413e-03	-1.0661874698936536274997703941927670e+00	3.7003771212162778569701159565509149e-05	5.2680597288448011861732956154745794e-03
4.8326880149065786983433140330599234e-03	-1.0451935768331248016221003189577745e+00	3.6461011613786456814984110105365145e-05	5.2292833967865964040191180607441864e-03
4.9026722365826415838327173259007940e-03	-1.0243521270203663641173654466428187e+00	3.5940513476303051455783316653588030e-05	5.1918254037106802656349891942489524e-03
4.9717399445062019165176055943105483e-03	-1.0036579476880011216427635511048627e+00	3.5441199630495683999862644866038269e-05	5.1556361471897288564341041843733918e-03
5.0398714182011732246518935713438565e-03	-9.8310605879741677001600061822397898e-01	3.4962063459977482101189878954537192e-05	5.1206688201731295941481840836297279e-03
5.1070474711261608803403122561061291e-03	-9.6269166223801978328511502307012001e-01	3.4502163461112250878196904765315692e-05	5.0868792242143935524604652193522107e-03
5.1732494380869833615286750863173396e-03	-9.4241013174266864758194974944680124e-01	3.4060618296295670764319885188818641e-05	5.0542255978217784114079259083467648e-03
5.2384591632242915028284581860476685e-03	-9.2225700346167014701339035591678135e-01	3.3636602289907851146102428737772213e-05	5.0226684585286756807033011373128998e-03
5.3026589885457395497601178661433354e-03	-9.0222796714303265692196625904549317e-01	3.3229341322075599302919566126878196e-05	4.9921704574280211582230531244830460e-03
5.3658317429742573087715518872665184e-03	-8.8231885787142540594981595539626947e-01	3.2838109080472546603412024400446548e-05	4.9626962450454250000802449956823114e-03
5.4279607318859017216140646791083450e-03	-8.6252564832255692114349018376770034e-01	3.2462223634839137241695337729445388e-05	4.9342123475411058649712892207946890e-03
5.4890297271125441309236564263730341e-03	-8.4284444149351562583759052855757377e-01	3.2101044302809075672189625777905412e-05	4.9066870523329611091525007247898446e-03
5.5490229573862900995738414409544590e-03	-8.2327146387305998398822511537679425e-01	3.1753968779058039533252975030303315e-05	4.8800903023238575389238898214634784e-03
5.6079250992040442495863534288508017e-03	-8.0380305901894772392830272569596715e-01	3.1420430502807446889788289428519032e-05	4.8543935979969063302489646223419750e-03
5.6657212680920343015419716297101849e-03	-7.8443568151219128521554954016169982e-01	3.1099896241374906119072719539369907e-05	4.8295699067143218226475731011285848e-03
5.7223970102514063211958558919219088e-03	-7.6516589126065288651210127639452701e-01	3.0791863869810090635962689386177038e-05	4.8055935786195240032224772839966641e-03
5.7779382945672061319239201659810560e-03	-7.4599034812667670367715678506631573e-01	3.0495860328730083826280099977458672e-05	4.7824402685993556458165764568872815e-03
5.8323315049641780698880256436763588e-03	-7.2690580685552330899667968583402688e-01	3.0211439744306122666674418662321280e-05	4.7600868638144541254020740946571302e-03
5.8855634330938491030198393094157564e-03	-7.0790911228324547419621614697761834e-01	2.9938181695983818820389176626379610e-05	4.7385114163516484070623256955345859e-03
5.9376212713383304676913465152970301e-03	-6.8899719480434477082119663092186895e-01	2.9675689618967028202337915826184191e-05	4.7176930805933580780847460042350228e-03
5.9884926061171664376291799662126650e-03	-6.7016706608109290173475433403828563e-01	2.9423589329783818787084700451729566e-05	4.6976120549358911403860806120895807e-03
6.0381654114843961095855634039818687e-03	-6.5141581497780614367323588759510103e-01	2.9181527664400758796952794123934227e-05	4.6782495275217417146424822974300640e-03
6.0866280430037741505799171980879617e-03	-6.3274060370463968415967165331680144e-01	2.8949171219375799619515045132415271e-05	4.6595876256808913361854130719880626e-03
6.1338692318908248342019219130151676e-03	-6.1413866415663345675147681241112599e-01	2.8726205187454979182100159108587660e-05	4.6416093688030816721973135459619150e-03
6.1798780794110845269866926135425400e-03	-5.9560729443480341216707668127545003e-01	2.8512332279836775236343328325465579e-05	4.6242986243873723388221369670848806e-03
6.2246440515245248355970436373062647e-03	-5.7714385553704190248805435524571883e-01	2.8307271728061337373669563666395245e-05	4.6076400670373072966923206149805965e-03
6.2681569737667453297640436720737017e-03	-5.5874576820747683349101566330154753e-01	2.8110758359139773718799270508284507e-05	4.5916191401899363186411358632544966e-03
6.3104070263580842579955456923313079e-03	-5.4041050993374935060553073323086567e-01	2.7922541738129711073656341704445722e-05	4.5762220203849947093358866689397318e-03
6.3513847395323208500783142972705728e-03	-5.2213561208241113144451303809432635e-01	2.7742385372894989760782326173708955e-05	4.5614355838969300701133872253795473e-03
6.3910809890771362889214737576590840e-03	-5.0391865716332119112502317297694558e-01	2.7570065976266193964775367502296126e-05	4.5472473755673526281739418927685147e-03
6.4294869920789646532863367912594768e-03	-4.8575727621454414159376416047011268e-01	2.7405372781250564040029824743194729e-05	4.5336455796890293113454801109116158e-03
6.4665943028653023044222503922841208e-03	-4.6764914629982217847441318667058408e-01	2.7248106905329811457429490639312082e-05	4.5206189928048781658666435241145041e-03
6.5023948091379563571228503796868803e-03	-4.4959198811121627762608268880222984e-01	2.7098080760236983333119685443806754e-05	4.5081569982966707460984165979357015e-03
6.5368807282911019209562303470861998e-03	-4.3158356366999228733746413089853198e-01	2.6955117503922802276866825658830463e-05	4.4962495426484244411605909780847863e-03
6.5700446039083854552923432405887580e-03	-4.1362167411926850868285755198351410e-01	2.6819050531711381599068667665889552e-05	4.4848871132788614200197890340805811e-03
6.6018793024336594538049817242048210e-03	-3.9570415760234630659805092369647315e-01	2.6689723003908028088206250260334248e-05	4.4740607178459127975655589023258085e-03
6.6323780100102632407755773094039666e-03	-3.7782888722101729957397411708164739e-01	2.6566987407360785714570074862814235e-05	4.4637618649341335140351888496177801e-03
6.6615342294840772930614634194330193e-03	-3.5999376906848245379539334934317874e-01	2.6450705148694926480388140210904294e-05	4.4539825460431350285206251268591393e-03
6.6893417775658754681550447226659140e-03	-3.4219674033183241092603524876980381e-01	2.6340746177137970988722138212535756e-05	4.4447152188018019069841958204272685e-03
6.7157947821487819993912892390018435e-03	-3.2443576745932682271877370321268862e-01	2.6236988635033994524932864928413515e-05	4.4359527913391910989956947293701941e-03
6.7408876797769092102033197477271207e-03	-3.0670884438797535137031203243631123e-01	2.6139318534311708005371708855340684e-05	4.4276886077486699287968647225364723e-03
6.7646152132615086210939785972724477e-03	-2.8901399082716613023541672847929645e-01	2.6047629457322675524595576908947628e-05	4.4199164345870764065555404764582569e-03
6.7869724294412134277681233978188591e-03	-2.7134925059431049905937542849745197e-01	2.5961822280605456747300677074744176e-05	4.4126304483555248278149985789598333e-03
6.8079546770831851063103164764715172e-03	-2.5371268999867720746004735655486011e-01	2.5881804920259714388777379752740672e-05	4.4058252239129682983602090704494378e-03
6.8275576049222019842899551192608770e-03	-2.3610239626977635320049265889799677e-01	2.5807492097732548741569322066576241e-05	4.3994957237778018502053121182885053e-03
6.8457771598349437865570108686333541e-03	-2.1851647602682429117366493299206584e-01	2.5738805124928544623525004414424525e-05	4.3936372882766761676867608262417504e-03
6.8626095851469341557787968072875303e-03	-2.0095305378597670007343763595534335e-01	2.5675671707656174111351752027879872e-05	4.3882456265033208435231227869672709e-03
6.8780514190698036525622646237687727e-03	-1.8341027050215890366209915996571146e-01	2.5618025766517136349804856322688245e-05	4.3833168080535733201094875218411720e-03
6.8920994932667294120268767579780515e-03	-1.6588628214245129086473759442616394e-01	2.5565807274432701759975080862226061e-05	4.3788472555059988667876060794325381e-03
6.9047509315440950920143460931678190e-03	-1.4837925828810405155916178912283106e-01	2.5518962110082862253724430491273831e-05	4.3748337376204898096618388159396492e-03
6.9160031486675965806362587682951377e-03	-1.3088738076236014745980278500101625e-01	2.5477441926610711890895547416075761e-05	4.3712733632300687831842054392835018e-03
6.9258538493011956975023275327374082e-03	-1.1340884228135909749583552553161210e-01	2.5441204035016581563133088327186087e-05	4.3681635758038095347163881749204419e-03
6.9343010270674963587230098833900933e-03	-9.5941845125477330750716634090431155e-02	2.5410211301734568581883978793244453e-05	4.3655021486613469942260090467837525e-03
6.9413429637282858934901547411985860e-03	-7.8484599828534037083551497040169112e-02	2.5384432059948739315268493650216404e-05	4.3632871808218919827440906032125189e-03
6.9469782284841488930778476857483508e-03	-6.1035323882355053526336916789003331e-02	2.5363840034267907473677920108913435e-05	4.3615170934730101393885926993190692e-03
6.9512056773922226178697885039576717e-03	-4.3592240454241732499684865292185682e-02	2.5348414278436939807845678256890770e-05	4.3601906270466836030732749988347264e-03
6.9540244529013220463160587223342210e-03	-2.6153577114937259562255659113473731e-02	2.5338139125819427200408495123539540e-05	4.3593068388923611664246578542132598e-03
6.9554339835038195710425568348698330e-03	-8.7175645747197849287980108053736164e-03	2.5333004152441673752804374281598455e-05	4.3588651015388308899820577166245994e-03
6.9554339835038195710425568348698330e-03	8.7175645747197849287980108053736164e-03	2.5333004152441673752804374281598455e-05	4.3588651015388308899820577166245994e-03
6.9540244529013220463160587223342210e-03	2.6153577114937259562255659113473731e-02	2.5338139125819427200408495123539540e-05	4.3593068388923611664246578542132598e-03
6.9512056773922226178697885039576717e-03	4.3592240454241732499684865292185682e-02	2.5348414278436939807845678256890770e-05	4.3601906270466836030732749988347264e-03
6.9469782284841488930778476857483508e-03	6.1035323882355053526336916789003331e-02	2.5363840034267907473677920108913435e-05	4.3615170934730101393885926993190692e-03
6.9413429637282858934901547411985860e-03	7.8484599828534037083551497040169112e-02	2.5384432059948739315268493650216404e-05	4.3632871808218919827440906032125189e-03
6.9343010270674963587230098833900933e-03	9.5941845125477330750716634090431155e-02	2.5410211301734568581883978793244453e-05	4.3655021486613469942260090467837525e-03
6.9258538493011956975023275327374082e-03	1.1340884228135909749583552553161210e-01	2.5441204035016581563133088327186087e-05	4.3681635758038095347163881749204419e-03
6.9160031486675965806362587682951377e-03	1.3088738076236014745980278500101625e-01	2.5477441926610711890895547416075761e-05	4.3712733632300687831842054392835018e-03
6.9047509315440950920143460931678190e-03	1.4837925828810405155916178912283106e-01	2.5518962110082862253724430491273831e-05	4.3748337376204898096618388159396492e-03
6.8920994932667294120268767579780515e-03	1.6588628214245129086473759442616394e-01	2.5565807274432701759975080862226061e-05	4.3788472555059988667876060794325381e-03
6.8780514190698036525622646237687727e-03	1.8341027050215890366209915996571146e-01	2.5618025766517136349804856322688245e-05	4.3833168080535733201094875218411720e-03
6.8626095851469341557787968072875303e-03	2.0095305378597670007343763595534335e-01	2.5675671707656174111351752027879872e-05	4.3882456265033208435231227869672709e-03
6.8457771598349437865570108686333541e-03	2.1851647602682429117366493299206584e-01	2.5738805124928544623525004414424525e-05	4.3936372882766761676867608262417504e-03
6.8275576049222019842899551192608770e-03	2.3610239626977635320049265889799677e-01	2.5807492097732548741569322066576241e-05	4.3994957237778018502053121182885053e-03
6.8079546770831851063103164764715172e-03	2.5371268999867720746004735655486011e-01	2.5881804920259714388777379752740672e-05	4.4058252239129682983602090704494378e-03
6.7869724294412134277681233978188591e-03	2.7134925059431049905937542849745197e-01	2.5961822280605456747300677074744176e-05	4.4126304483555248278149985789598333e-03
6.7646152132615086210939785972724477e-03	2.8901399082716613023541672847929645e-01	2.6047629457322675524595576908947628e-05	4.4199164345870764065555404764582569e-03
6.7408876797769092102033197477271207e-03	3.0670884438797535137031203243631123e-01	2.6139318534311708005371708855340684e-05	4.4276886077486699287968647225364723e-03
6.7157947821487819993912892390018435e-03	3.2443576745932682271877370321268862e-01	2.6236988635033994524932864928413515e-05	4.4359527913391910989956947293701941e-03
6.6893417775658754681550447226659140e-03	3.4219674033183241092603524876980381e-01	2.6340746177137970988722138212535756e-05	4.4447152188018019069841958204272685e-03
6.6615342294840772930614634194330193e-03	3.5999376906848245379539334934317874e-01	2.6450705148694926480388140210904294e-05	4.4539825460431350285206251268591393e-03
6.6323780100102632407755773094039666e-03	3.7782888722101729957397411708164739e-01	2.6566987407360785714570074862814235e-05	4.4637618649341335140351888496177801e-03
6.6018793024336594538049817242048210e-03	3.9570415760234630659805092369647315e-01	2.6689723003908028088206250260334248e-05	4.4740607178459127975655589023258085e-03
6.5700446039083854552923432405887580e-03	4.1362167411926850868285755198351410e-01	2.6819050531711381599068667665889552e-05	4.4848871132788614200197890340805811e-03
6.5368807282911019209562303470861998e-03	4.3158356366999228733746413089853198e-01	2.6955117503922802276866825658830463e-05	4.4962495426484244411605909780847863e-03
6.5023948091379563571228503796868803e-03	4.4959198811121627762608268880222984e-01	2.7098080760236983333119685443806754e-05	4.5081569982966707460984165979357015e-03
6.4665943028653023044222503922841208e-03	4.6764914629982217847441318667058408e-01	2.7248106905329811457429490639312082e-05	4.5206189928048781658666435241145041e-03
6.4294869920789646532863367912594768e-03	4.8575727621454414159376416047011268e-01	2.7405372781250564040029824743194729e-05	4.5336455796890293113454801109116158e-03
6.3910809890771362889214737576590840e-03	5.0391865716332119112502317297694558e-01	2.7570065976266193964775367502296126e-05	4.5472473755673526281739418927685147e-03
6.3513847395323208500783142972705728e-03	5.2213561208241113144451303809432635e-01	2.7742385372894989760782326173708955e-05	4.5614355838969300701133872253795473e-03
6.3104070263580842579955456923313079e-03	5.4041050993374935060553073323086567e-01	2.7922541738129711073656341704445722e-05	4.5762220203849947093358866689397318e-03
6.2681569737667453297640436720737017e-03	5.5874576820747683349101566330154753e-01	2.8110758359139773718799270508284507e-05	4.5916191401899363186411358632544966e-03
6.2246440515245248355970436373062647e-03	5.7714385553704190248805435524571883e-01	2.8307271728061337373669563666395245e-05	4.6076400670373072966923206149805965e-03
6.1798780794110845269866926135425400e-03	5.9560729443480341216707668127545003e-01	2.8512332279836775236343328325465579e-05	4.6242986243873723388221369670848806e-03
6.1338692318908248342019219130151676e-03	6.1413866415663345675147681241112599e-01	2.8726205187454979182100159108587660e-05	4.6416093688030816721973135459619150e-03
6.0866280430037741505799171980879617e-03	6.3274060370463968415967165331680144e-01	2.8949171219375799619515045132415271e-05	4.6595876256808913361854130719880626e-03
6.0381654114843961095855634039818687e-03	6.5141581497780614367323588759510103e-01	2.9181527664400758796952794123934227e-05	4.6782495275217417146424822974300640e-03
5.9884926061171664376291799662126650e-03	6.7016706608109290173475433403828563e-01	2.9423589329783818787084700451729566e-05	4.6976120549358911403860806120895807e-03
5.9376212713383304676913465152970301e-03	6.8899719480434477082119663092186895e-01	2.9675689618967028202337915826184191e-05	4.7176930805933580780847460042350228e-03
5.8855634330938491030198393094157564e-03	7.0790911228324547419621614697761834e-01	2.9938181695983818820389176626379610e-05	4.7385114163516484070623256955345859e-03
5.8323315049641780698880256436763588e-03	7.2690580685552330899667968583402688e-01	3.0211439744306122666674418662321280e-05	4.7600868638144541254020740946571302e-03
5.7779382945672061319239201659810560e-03	7.4599034812667670367715678506631573e-01	3.0495860328730083826280099977458672e-05	4.7824402685993556458165764568872815e-03
5.7223970102514063211958558919219088e-03	7.6516589126065288651210127639452701e-01	3.0791863869810090635962689386177038e-05	4.8055935786195240032224772839966641e-03
5.6657212680920343015419716297101849e-03	7.8443568151219128521554954016169982e-01	3.1099896241374906119072719539369907e-05	4.8295699067143218226475731011285848e-03
5.6079250992040442495863534288508017e-03	8.0380305901894772392830272569596715e-01	3.1420430502807446889788289428519032e-05	4.8543935979969063302489646223419750e-03
5.5490229573862900995738414409544590e-03	8.2327146387305998398822511537679425e-01	3.1753968779058039533252975030303315e-05	4.8800903023238575389238898214634784e-03
5.4890297271125441309236564263730341e-03	8.4284444149351562583759052855757377e-01	3.2101044302809075672189625777905412e-05	4.9066870523329611091525007247898446e-03
5.4279607318859017216140646791083450e-03	8.6252564832255692114349018376770034e-01	3.2462223634839137241695337729445388e-05	4.9342123475411058649712892207946890e-03
5.3658317429742573087715518872665184e-03	8.8231885787142540594981595539626947e-01	3.2838109080472546603412024400446548e-05	4.9626962450454250000802449956823114e-03
5.3026589885457395497601178661433354e-03	9.0222796714303265692196625904549317e-01	3.3229341322075599302919566126878196e-05	4.9921704574280211582230531244830460e-03
5.2384591632242915028284581860476685e-03	9.2225700346167014701339035591678135e-01	3.3636602289907851146102428737772213e-05	5.0226684585286756807033011373128998e-03
5.1732494380869833615286750863173396e-03	9.4241013174266864758194974944680124e-01	3.4060618296295670764319885188818641e-05	5.0542255978217784114079259083467648e-03
5.1070474711261608803403122561061291e-03	9.6269166223801978328511502307012001e-01	3.4502163461112250878196904765315692e-05	5.0868792242143935524604652193522107e-03
5.0398714182011732246518935713438565e-03	9.8310605879741677001600061822397898e-01	3.4962063459977482101189878954537192e-05	5.1206688201731295941481840836297279e-03
4.9717399445062019165176055943105483e-03	1.0036579476880011216427635511048627e+00	3.5441199630495683999862644866038269e-05	5.1556361471897288564341041843733918e-03
4.9026722365826415838327173259007940e-03	1.0243521270203663641173654466428187e+00	3.5940513476303051455783316653588030e-05	5.1918254037106802656349891942489524e-03
4.8326880149065786983433140330599234e-03	1.0451935768331248016221003189577745e+00	3.6461011613786456814984110105365145e-05	5.2292833967865964040191180607441864e-03
4.7618075470841935485616580524490413e-03	1.0661874698936536274997703941927670e+00	3.7003771212162778569701159565509149e-05	5.2680597288448011861732956154745794e-03
4.6900516616903925170174444758343332e-03	1.0873391832785762306101978026557066e+00	3.7569945984293150042859609198217455e-05	5.3082070011561318822843573745622091e-03
4.6174417627886838126866616315481829e-03	1.1086543108041886531663586077761847e+00	3.8160772793291052657834948560230665e-05	5.3497810357573851492714559779181571e-03
4.5439998451732642792680438797299457e-03	1.1301386763845081002097861811991272e+00	3.8777578948834625332077398017009434e-05	5.3928411178076603897029333055670373e-03
4.4697485103775148927844882270683712e-03	1.1517983484030137643687112556485656e+00	3.9421790277310788036619292810815745e-05	5.4374502606042135449557872546108158e-03
4.3947109834966386440502159028148636e-03	1.1736396551936015435887637366134413e+00	4.0094940061738337937928645439205274e-05	5.4836754957661947388398341534417794e-03
4.3189111308760511670053541100416917e-03	1.1956692017369361508249827673912453e+00	4.0798678961121203330620456964544954e-05	5.5315881914185357658293651785270622e-03
4.2423734787213907218817617485609584e-03	1.2178938876904342238579765414889440e+00	4.1534786034808943618409611418141903e-05	5.5812644015800490631956538598851455e-03
4.1651232326906941495034639738956982e-03	1.2403209268837574018128680326837098e+00	4.2305181015994014773890602379122004e-05	5.6327852503875175566986129204971569e-03
4.0871862985344393206636283674721595e-03	1.2629578684271769669043675738488508e+00	4.3111938000140981286338530998614434e-05	5.6862373552807175353191305125426950e-03
4.0085893038548394385635808235059171e-03	1.2858126195977751574494973307885768e+00	4.3957300739508890616734747930787309e-05	5.7417132938432646663136263315404492e-03
3.9293596210620553059251944502026440e-03	1.3088934706885058268056006539241136e+00	4.4843699764704937439268477781625895e-05	5.7993121196544493124073700916359207e-03
3.8495253916119425758755586807919466e-03	1.3322091220280412410330842212775855e+00	4.5773771589257861858631092779562883e-05	5.8591399332740528213169612569566681e-03
3.7691155516176570468128677924533555e-03	1.3557687134055461052478423431898422e+00	4.6750380294573794994281200243470057e-05	5.9213105153750004357444196142809430e-03
3.6881598589359997428054018318376649e-03	1.3795818561645936224405945535396989e+00	4.7776641841619411889260893363023064e-05	5.9859460300810979459609976633816047e-03
3.6066889218389069916035884993687903e-03	1.4036586682650241057332970220247927e+00	4.8855951513841980384752484909527756e-05	6.0531778077874209764492799325215582e-03
3.5247342293911082832011468564189712e-03	1.4280098126514221553039537518577768e+00	4.9992014965121629222406165722649040e-05	6.1231472181736389520967568828386317e-03
3.4423281836668358472508935341528533e-03	1.4526465393129835979412333443952413e+00	5.1188883429353125353632614865322036e-05	6.1960066458076190418380819145904556e-03
3.3595041339517478939088128898354392e-03	1.4775807314729737920653126393723065e+00	5.2450993747543999165231752033084475e-05	6.2719205827293427304100947719427753e-03
3.2762964130911237092823847475451152e-03	1.5028249564080872819682516927310084e+00	5.3783213987794125674313302014954864e-05	6.3510668547663738071386703961596039e-03
3.1927403761621380351287145937688563e-03	1.5283925214704271896276632647287623e+00	5.5190895577818633121787058923869600e-05	6.4336380011392940175235717634273000e-03
3.1088724416668988523466083908111381e-03	1.5542975359694978529182223397297763e+00	5.6679933044608274882488702495966787e-05	6.5198428302644413492184528434818172e-03
3.0247301354642587122624184863234915e-03	1.5805549796709398144575713652569507e+00	5.8256832668731463071417045255141464e-05	6.6099081786708689343302781183682344e-03
2.9403521376825638427854993827086713e-03	1.6071807787856575928867131273010423e+00	5.9928791620981928268786194203760898e-05	6.7040809047670171184028382700424379e-03
2.8557783328829345045093891262920007e-03	1.6341918904610874422352721195619573e+00	6.1703789468434228628522036000507281e-05	6.8026301550060125876373067755869514e-03
2.7710498637739041774713231865918640e-03	1.6616063969500488308240633640620076e+00	6.3590694330692540794394472876238348e-05	6.9058499470407747324119055946881061e-03
2.6862091888139139602971715193554847e-03	1.6894436108273973984173874831649005e+00	6.5599386454794867525485810297862018e-05	7.0140621230273115929684410729400893e-03
2.6013001440790138479361063597882479e-03	1.7177241928573629415030010926106913e+00	6.7740902584241624502718533119377214e-05	7.1276197367033513180953069807286734e-03
2.5163680098200652700563401062512419e-03	1.7464702843935325406058504504853932e+00	7.0027605257024672039326134279194421e-05	7.2469109507214728820957551059936046e-03
2.4314595821878536512272646050509823e-03	1.7757056565296319370821994871904739e+00	7.2473382122704229507296084717640176e-05	7.3723635365707803749731594018574787e-03
2.3466232506671163332112144506033172e-03	1.8054558786260946211993673801412604e+00	7.5093881576749228554233584347328753e-05	7.5044500890807167173255530474508082e-03
2.2619090818331613591477868140283139e-03	1.8357485093320772856686351095543498e+00	7.7906792547574270412626041037624938e-05	7.6436940920089719598700913151471063e-03
2.1773689101294381208609265201157602e-03	1.8666133138270572788330216915086824e+00	8.0932178239761265725499168006905309e-05	7.7906770019413318463595503715115265e-03
2.0930564364635030618285631052116915e-03	1.8980825117487026701022207911078488e+00	8.4192876173106808220916422494620856e-05	7.9460465564814660219812245053771994e-03
2.0090273355352386087354962433063026e-03	1.9301910611909494618031076189708347e+00	8.7714980147956945802502568361861601e-05	8.1105265618855074128212532836603150e-03
1.9253393729485718082833625868738706e-03	1.9629769852958986046546707079159407e+00	9.1528424068501005121123418829179300e-05	8.2849284781191363133773976950803242e-03
1.8420525333208416749137582146962911e-03	1.9964817493879851404535403421716336e+00	9.5667693220911102034930049693002064e-05	8.4701652001330180803846299973009965e-03
1.7592291607980806765661028644799998e-03	2.0307506983919298689568915109311246e+00	1.0017269612601062832416162639883925e-04	8.6672675388925716099760812877944704e-03
1.6769341136170080186791313642647306e-03	2.0658335665481491443525273046374720e+00	1.0508984016232619715709461525480960e-04	8.8774040425106223040184168325524673e-03
1.5952349346346450424496278961573715e-03	2.1017850743399231928486932191143951e+00	1.1047336777614914161093767890815272e-04	9.1019049780343121407463379615582498e-03
1.5142020400859061689556964595401173e-03	2.1386656312787521560103833814217960e+00	1.1638702868858925428674529308811955e-04	9.3422915339096252558233506757510015e-03
1.4339089292434781016869546150591301e-03	2.1765421680367590683762580021835281e+00	1.2290618915740953762163541694386611e-04	9.6003116244124374599323391724069861e-03
1.3544324181625694550190544625202530e-03	2.2154891277546274110856039098031920e+00	1.3012051512774675198813696645593066e-04	9.8779841127223210812874000309231547e-03
1.2758529013217296955227568760636659e-03	2.2555896547334322851837753168206560e+00	1.3813741661209204453701988562814933e-04	1.0177653865810001270071432453983471e-02
1.1982546457544859078470528315660634e-03	2.2969370299103916204775837331452442e+00	1.4708651286539904256850714376581694e-04	1.0502060881126225709707621043940209e-02
1.1217261232514543803147325021262178e-03	2.3396364176326981900752272054905348e+00	1.5712548265065649875860002251491621e-04	1.0854427885668651331729999964830728e-02
1.0463603874618805163116507639295784e-03	2.3838070089017836184134454452582604e+00	1.6844781805041295501839422934627088e-04	1.1238572459419112302875214463339345e-02
9.7225550432386858382547327802114984e-04	2.4295846748666076459086146900007236e+00	1.8129323093071886028525489377487884e-04	1.1659052119893232962813792839463605e-02
8.9951504632452223447604015042361903e-04	2.4771252845223819343225460425104008e+00	1.9596181244003281687027201722450279e-04	1.2121354304026177908378038435611977e-02
8.2824866380528505902185929635081348e-04	2.5266088978818322997487621845603023e+00	2.1283359139644815669546023477576109e-04	1.2632148409808127423415129571715786e-02
7.5857275012862302716787679436566577e-04	2.5782451290354431831667742863925842e+00	2.3239600268553546821714384500452081e-04	1.3199625016700135066138383375903540e-02
6.9061122236716434885267932395065601e-04	2.6322800964324764102181868167167012e+00	2.5528318201256444650404700630352394e-04	1.3833959777303974174996064637625023e-02
6.2449644579742764437436860836771184e-04	2.6890055632174011638157996351502453e+00	2.8233334580009657230067805884796918e-04	1.4547959172925797082033267107850802e-02
5.6037033968603222622141973880773751e-04	2.7487711569509849338672836190079761e+00	3.1467453516997328537066523374070209e-04	1.5357977524486514825102470417441112e-02
4.9838571490559917483144735424999662e-04	2.8120010121094111490745973284566048e+00	3.5385613192274805858900812585579667e-04	1.6285248849487007136952506510057417e-02
4.3870791282225473045128226966082635e-04	2.8792169197339017789336893205496803e+00	4.0205667369320230517148963161979810e-04	1.7357871475420262415766764504281185e-02
3.8151684296943759281038465448765672e-04	2.9510713187045147209324006693831682e+00	4.6242368322304860230242095808624447e-04	1.8613853810649236475088518932537630e-02
3.2700955990685341239269016995611460e-04	3.0283956544190973441420122209327526e+00	5.3965200979731306078558256347153424e-04	2.0105951631530006506024238270202508e-02
2.7540358735553558395358698350164329e-04	3.1122736466658237849509611337620938e+00	6.4101559924423234151075610298413398e-04	2.1909667059465851367827428365689856e-02
2.2694130873166292466839851191202025e-04	3.2041567653408022889811006798144918e+00	7.7831535202332679391315201058712772e-04	2.4137129988028068938506402958869895e-02
1.8189593381483283250731549975171724e-04	3.3060551684884237126946474661119832e+00	9.7182036781770041094559695338889734e-04	2.6962648591150017095447532111708772e-02
1.4057989703355194946724628239260683e-04	3.4208728082919589429932843873457863e+00	1.2589684773707855003025714841433055e-03	3.0673326718679272215115124658831036e-02
1.0335721390655552879165675088262624e-04	3.5530421973791326796862670483012113e+00	1.7158783847180564344797548765320714e-03	3.5779311949334731444766546239001967e-02
7.0662739867203828034201574282338116e-05	3.7098554419957899958440791990398660e+00	2.5194455894305250287355250084831687e-03	4.3286619651468625009928930017160125e-02
4.3034607121301030543763198630805267e-05	3.9046854025921808804477260037327509e+00	4.1725282749620947916544070719548627e-03	5.5508220661187261780812141526062730e-02
2.1174872128085941187626622634088335e-05	4.1667135734229927498015840139862799e+00	8.7072770879514502584869809579570990e-03	7.9302568382683568061923480214730516e-02
6.0450582522181750092523175587769097e-06	4.5851992849204266468821728315354508e+00	4.0579807446275063533535509454860187e-02	1.5085466834646387318628940763998746e-01
0.0000000000000000000000000000000000e+00	0.0000000000000000000000000000000000e+00	4.3874012744008551717441323098784384e-05	5.3383094333827910245617439650870844e-03