4.9284419215772418991953315553836951e-06	-4.6277474889634660818029942167889729e+00	3.9936025996013748450485273805998348e-02	1.4961637239370276026682023185053040e-01
1.7295560789006054746525348230964241e-05	-4.2128311711247744681963402641126791e+00	8.5507145921548577147763119640185783e-03	7.8581484707285498643008276087714539e-02
3.5205143460082056867536986570063684e-05	-3.9532735264190223498359228483656421e+00	4.0909598472173935919916006065630034e-03	5.4961139471178454519683058348106708e-02
5.7884952626033547682636013602101246e-05	-3.7604235063905131224523078325035810e+00	2.4668106745303311398071666275976334e-03	4.2831141913590360548095444195902484e-02
8.4770440638299180563946178327552266e-05	-3.6053045291856781955882876734581868e+00	1.6779716051656502169804808721082873e-03	3.5381339248983189356477897865865715e-02
1.1542864989328503466205564025336714e-04	-3.4746400076680396823614106653075093e+00	1.2297692538124533850496787660568796e-03	3.0315176188395479635587087184924270e-02
1.4950955381166817653315240446321563e-04	-3.3611914838363927029743789793896799e+00	9.4828202996505998078047256419033841e-04	2.6633864596133754797964159954920862e-02
1.8672001946345235296193783402985848e-04	-3.2605596900713757451875275375707031e+00	7.5870783346465435354127994367774606e-04	2.3830969832011516561381528016293799e-02
2.2680834488562386727722847096923580e-04	-3.1698628368129839635540762366294138e+00	6.2427307300764441347078120293820025e-04	2.1621504638005095776313608935617844e-02
2.6955433674633108766315706809369317e-04	-3.0871063530238947075770297626039399e+00	5.2507666239918371180616898565967737e-04	1.9832461795481897529330564597728939e-02
3.1476256564498111302586034770049403e-04	-3.0108501899960118321100557448890658e+00	4.4953653543720364632402407438212573e-04	1.8352558122714495376794253201920342e-02
3.6225757377362807061352412624818458e-04	-2.9400192728039030260150774690978197e+00	3.9051628896608889147943950730731949e-04	1.7106867944958016552580487709521561e-02
4.1188034819289977563791012014732688e-04	-2.8737888743264615405500323941649532e+00	3.4341147190322770390242020179862425e-04	1.6043042473302007628651761616627619e-02
4.6348565048386149031261022958766242e-04	-2.8115118921816662684614976014249333e+00	3.0513620182417924979524665200997777e-04	1.5123369401855106415733596898823102e-02
5.1693994654737488000087362047364167e-04	-2.7526708531876034153915924505231036e+00	2.7355528944269390935856251503434487e-04	1.4319971331261352917358420631105049e-02
5.7211976945890838516376642603559313e-04	-2.6968451721420886241113918441319875e+00	2.4715064867958191954088987176740401e-04	1.3611782660197115780115268200390466e-02
6.2891040263435302946597781836277904e-04	-2.6436881791839239692809732173145868e+00	2.2481734959951995850727820391476688e-04	1.2982579851170064371429894918539554e-02
6.8720480499491104805528628294838667e-04	-2.5929106056167620059133700349811269e+00	2.0573458233455317907403528115864491e-04	1.2419659632218066826552960202033654e-02
7.4690272236069057362333585854077523e-04	-2.5442684591619179507157369463253621e+00	1.8928155000635274062609040775554904e-04	1.1912928960630419320935494937647939e-02
8.0790994448335954399826087770630446e-04	-2.4975539552041398567356661994925568e+00	1.7498119722948458470693298115739217e-04	1.1454264212405578448604302931154734e-02
8.7013767760751142540953000472582338e-04	-2.4525886213385554223930112671823381e+00	1.6246168301438385119143449835479279e-04	1.1037050866302581224173756283243458e-02
9.3350200984346382583684720310054870e-04	-2.4092179769133281110341901667014339e+00	1.5142945481550328795024350782467072e-04	1.0655846914752418699800127328096170e-02
9.9792345195172438167308107243431084e-04	-2.3673073733917650586928010141271264e+00	1.4165008041122327852925923956315778e-04	1.0306132789269019939759157294481759e-02
1.0633265400306456955907392853334446e-03	-2.3267387033573023773559029397524343e+00	1.3293437377729274061912465510287543e-04	9.9841228700262529196636119107808815e-03
1.1296394894909631365025245249305072e-03	-2.2874077685111022671564517097696278e+00	1.2512820038330033115033106329986883e-04	9.6866215468008157667155232231893952e-03
1.1967938918809047384711032444130488e-03	-2.2492221538908507526307106280617045e+00	1.1810488263452278904057553511057151e-04	9.4109119856693656172589753611199901e-03
1.2647244477898612368392657878722172e-03	-2.2120994954127702506570558142259890e+00	1.1175947084620003893590526125881431e-04	9.1546692290876729927754585593782854e-03
1.3333687303440927737735335528134631e-03	-2.1759660562272374870324471930891344e+00	1.0600437141073692710007358501796312e-04	8.9158916237612510419199246939608941e-03
1.4026669748115105085233670248015434e-03	-2.1407555478784506640329562994212214e+00	1.0076597502889990534317442749753745e-04	8.6928462096324094962512452210149962e-03
1.4725618906237741400371982027378921e-03	-2.1064081472564531176539145842608982e+00	9.5982030585952116358441342782522037e-05	8.4840248550728100089262567081997547e-03
1.5429984927534109001431095064472656e-03	-2.0728696714349778976837533664640690e+00	9.1599581075729881797013794931429865e-05	8.2881087438728764741370304850672501e-03
1.6139239498886751626202924217015610e-03	-2.0400908808033710478402229074704995e+00	8.7573327493247944719409159077573963e-05	8.1039394115388692068950377247658747e-03
1.6852874472572088808798498131287542e-03	-2.0080268871910226016397998147802923e+00	8.3864321687344577263477570183772281e-05	7.9304949604421992433753833427342075e-03
1.7570400622821446229371814422758355e-03	-1.9766366484872202465052257481441639e+00	8.0438914303442275094777509717405692e-05	7.7668704021463899216272980436277163e-03
1.8291346515270140006065893490685697e-03	-1.9458825349620996226065246246924103e+00	7.7267902168158009741627452763091271e-05	7.6122613128495159605384436315914870e-03
1.9015257476108825966417895594265628e-03	-1.9157299553720680856434959639422042e+00	7.4325832814162371228834681949995472e-05	7.4659501666779459762821022075810977e-03
1.9741694649619664440502883451499426e-03	-1.8861470331872151198044998480714971e+00	7.1590433715766008841797383476951113e-05	7.3272948473091286857041212617098528e-03
2.0470234134339564722692042082585653e-03	-1.8571043250569967657967985785773364e+00	6.9042141175168180864803626704749353e-05	7.1957189423185378972607324782146640e-03
2.1200466189401714115440989547970726e-03	-1.8285745750439264787333602986328364e+00	6.6663709348325401306518243080497674e-05	7.0707035048268488884761417335502639e-03
2.1931994503710550897243293294543252e-03	-1.8005324992855343186653272687732576e+00	6.4439884111857601042310959814489322e-05	6.9517800293491951188503371811328828e-03
2.2664435521540787370260772067109167e-03	-1.7729545966547100377572564444952797e+00	6.2357129694925521946310485787634532e-05	6.8385244375347220619149553691351941e-03
2.3397417818947274708517596568596099e-03	-1.7458189817250962555043868611815942e+00	6.0403398483220723392196891914973749e-05	6.7305519079260532562148933665128328e-03
2.4130581526053013398447061836526391e-03	-1.7191052369477698517746824924360176e+00	5.8567936328945982684892372894243379e-05	6.6275124143485257805949766592112900e-03
2.4863577790866583073631065651502439e-03	-1.6927942814360911064427841431712626e+00	5.6841117205429011825381373476367826e-05	6.5290868618508207757107596884285026e-03
2.5596068280783293660096500201260912e-03	-1.6668682541591127352346471473752978e+00	5.5214302227535901931980735449849654e-05	6.4349837286199558175288823364919446e-03
2.6327724718359231404269770408705697e-03	-1.6413104096773783749560760111933230e+00	5.3679718993839421232709382739989912e-05	6.3449361380204864994457238135295670e-03
2.7058228448324617842399909548016157e-03	-1.6161050248317218892559317994753290e+00	5.2230357949614424087352152289278674e-05	6.2586992976556996018341657029621385e-03
2.7787270033131228326427069195196049e-03	-1.5912373150264255679249771797614887e+00	5.0859883063651767639282636362248393e-05	6.1760482527323006247753177332654505e-03
2.8514548874615268124094344283826850e-03	-1.5666933589412578910276444470182864e+00	4.9562554588991041387981712956191600e-05	6.0967759095074939694267800377998509e-03
2.9239772859608118799678161267433775e-03	-1.5424600306692497324878274096338556e+00	4.8333162062821551107432105005143718e-05	6.0206912915820680808078212662329497e-03
2.9962658027547806238668516035940343e-03	-1.5185249384140154517062102452103413e+00	4.7166966013170811493234185102118966e-05	5.9476179975688702329462750411037164e-03
3.0682928258338160402464767702558977e-03	-1.4948763689963709435678654472432584e+00	4.6059647094478467166272418758289170e-05	5.8773928334450212652902239058073459e-03
3.1400314978874028258000932725437144e-03	-1.4715032375185051109127879936467737e+00	4.5007261582360304182491056507009095e-05	5.8098645968727507092339405725059348e-03
3.2114556886802608477282034556514199e-03	-1.4483950416179259563404119993724294e+00	4.4006202328917053837716942760700519e-05	5.7448929940949671187084739250882782e-03
3.2825399690225585903700334198689222e-03	-1.4255418198152018822212789979005308e+00	4.3053164421022551026658038515521942e-05	5.6823476727955854048312981891643617e-03
3.3532595862166460860402196025651644e-03	-1.4029341135211035173085162534213996e+00	4.2145114900828545239287460126869714e-05	5.6221073566562117175332828276713898e-03
3.4235904408734179506817461934999312e-03	-1.3805629323217302605632073947596322e+00	4.1279266004779768034172133614084199e-05	5.5640590693168644636713862054227942e-03
3.4935090650009494944305988636176685e-03	-1.3584197222059105149361619678822791e+00	4.0453051458364333779692635663253665e-05	5.5080974371213732800727561730741513e-03
3.5629926012765816970017933423696198e-03	-1.3364963364387016436876831891745512e+00	3.9664105431538416639759356677581185e-05	5.4541240614488043551426560180072339e-03
3.6320187834212842522773983949105943e-03	-1.3147850088191072929731889788236505e+00	3.8910243816603729178479655856195472e-05	5.4020469526423279953564361634570491e-03
3.7005659176020038101182854201141181e-03	-1.2932783290899472428934980682848121e+00	3.8189447538177875723515400219228003e-05	5.3517800185805529923391986075378764e-03
3.7686128647938971000460405421812011e-03	-1.2719692202938055676063129947286613e+00	3.7499847645321473577085431309123851e-05	5.3032426018216729179917424550906042e-03
3.8361390240399341687997081682004971e-03	-1.2508509178916912906874793488568939e+00	3.6839711970127795842877625661643078e-05	5.2563590600110986279674147652352280e-03
3.9031243165504037933183828706596159e-03	-1.2299169504809316944850424949617249e+00	3.6207433166168009713849256831029450e-05	5.2110583848979180214879655551384592e-03
3.9695491705894208989169935250501735e-03	-1.2091611219662712040456823750835554e+00	3.5601517964961331458314829406277240e-05	5.1672738558706163838169254264337873e-03
4.0353945070996767495955653385737824e-03	-1.1885774950534987243897638073677905e+00	3.5020577509799335729246803626948107e-05	5.1249427244114396426940480036352029e-03
4.1006417260204326113466097382378437e-03	-1.1681603759484546967657866331693114e+00	3.4463318644371311958365965407909901e-05	5.0840059262928350367204656522830736e-03
4.1652726932571768146265994797675626e-03	-1.1479043001562159530851736788535619e+00	3.3928536049188779918855718352982018e-05	5.0444078187080030326622630871308894e-03
4.2292697282644791604573101247633129e-03	-1.1278040192858270127045281187878173e+00	3.3415105132187635760817646368619291e-05	5.0060959398486932845734541035953085e-03
4.2926155922064167663413283891813753e-03	-1.1078544887753168707382982020548278e+00	3.2921975591425713536162412189794231e-05	4.9690207887236904416565427196031080e-03
4.3552934766615394531672764701132001e-03	-1.0880508564600619442514545208506211e+00	3.2448165577767574376616415484172785e-05	4.9331356232566466079966683784481709e-03
4.4172869928417151955617602797377908e-03	-1.0683884519149590947902829632369628e+00	3.1992756394088267534502761148629196e-05	4.8983962749168499509105705748507803e-03
4.4785801612963688005839946214560362e-03	-1.0488627765074701551237124667079084e+00	3.1554887675027983942293750836589436e-05	4.8647609783252770622963003674038343e-03
4.5391574020756192335099895226713575e-03	-1.0294694941044886157967945550231408e+00	3.1133752997853724853189817128293226e-05	4.8321902144443596844607595390725937e-03
4.5990035253276501470214326678874488e-03	-1.0102044223812445903457768468730558e+00	3.0728595880670707185853951617439229e-05	4.8006465661062954276634241888642976e-03
4.6581037223073296024849749881227043e-03	-9.9106352468517931824602514920431693e-01	3.0338706129192410811168750027355676e-05	4.7700945847640094492711558565561877e-03
4.7164435567746424716727886907643537e-03	-9.7204290241194922506986652907556129e-01	2.9963416497623421019278696039034033e-05	4.7405006674632295138687787496783342e-03
4.7740089567629249015772266578340179e-03	-9.5313878785451772020060674202286759e-01	2.9602099633018172887689360737591913e-05	4.7118329431354629477726186677687680e-03
4.8307862066982055645143334623162627e-03	-9.3434753748970922405635964747600368e-01	2.9254165275823539176105244053627300e-05	4.6840611674015923037658352828075297e-03
4.8867619398521731212532043422428381e-03	-9.1566562566967706277083498572126748e-01	2.8919057692255599434154205254376154e-05	4.6571566251557464599502667744754662e-03
4.9419231311124123157345588609300374e-03	-8.9708963868851228667665512161569816e-01	2.8596253316753706195108872479914251e-05	4.6310920402702752501164376262417628e-03
4.9962570900545904262346456302349523e-03	-8.7861626919672705328230663151812150e-01	2.8285258585043451771239931774045956e-05	4.6058414918261163803787938616420277e-03
5.0497514543022386592183277831283607e-03	-8.6024231093861291483688264019818921e-01	2.7985607940363310776391817057667085e-05	4.5813803363295123288411304261099633e-03
5.1023941831606660242522120581141299e-03	-8.4196465378952668427119444440882219e-01	2.7696861997201166389481518016764461e-05	4.5576851354267119930922219052493072e-03
5.1541735515123721790480398147233008e-03	-8.2378027907201705276158159020350800e-01	2.7418605848475604951454103384791793e-05	4.5347335886736744017066775511245538e-03
5.2050781439620960301339427554852812e-03	-8.0568625513139372169545726241552977e-01	2.7150447503507846357607602987924905e-05	4.5125044709584888888192993471135952e-03
5.2550968492203533625456732092103890e-03	-7.8767973315287513683668366351424916e-01	2.6892016445385178926721051391723560e-05	4.4909775742107705580455066549899090e-03
5.3042188547149838480057412347812645e-03	-7.6975794320384662313871092350972608e-01	2.6642962297434629577902656194697105e-05	4.4701336530651485154188374715727579e-03
5.3524336414208494393933964278139605e-03	-7.5191819048603171532102058289001459e-01	2.6402953589522703682073312316808656e-05	4.4499543741755469930581288684210669e-03
5.3997309788984060324778657566779633e-03	-7.3415785178353812551827020244777160e-01	2.6171676615787637850560094819066762e-05	4.4304222689036263079970716895770956e-03
5.4461009205324116714905300136321039e-03	-7.1647437209379709655951512607845288e-01	2.5948834376207164518148845375967589e-05	4.4115206891288187049945602932912821e-03
5.4915337989625405082533213069944612e-03	-6.9886526142938067814444439535255004e-01	2.5734145595118158479049083661900213e-05	4.3932337659491430994227874013835660e-03
5.5360202216981449467937812414710017e-03	-6.8132809177956450281504112309392558e-01	2.5527343810444232820586744653170188e-05	4.3755463710616594268737497338648858e-03
5.5795510669098514304140898108565525e-03	-6.6386049422131177002681994169452996e-01	2.5328176527961709145649405896664395e-05	4.3584440806292460001618281323017633e-03
5.6221174793910904550398051213791424e-03	-6.4646015617009438898640853104560362e-01	2.5136404435450719066488093357995518e-05	4.3419131414565452508120772455548005e-03
5.6637108666830507261836232521457768e-03	-6.2912481876164587537097586094912936e-01	2.4951800672042929689085657479338043e-05	4.3259404393125958666727029188641464e-03
5.7043228953569128461089129711568366e-03	-6.1185227435636328873002157504405167e-01	2.4774150148496184045474968050155468e-05	4.3105134692510047891229516773880480e-03
5.7439454874475612926307582190879358e-03	-5.9464036415864730752051118992391403e-01	2.4603248914504196183793465059875223e-05	4.2956203077906460781641183798448507e-03
5.7825708170332963569079279192971685e-03	-5.7748697594399502800315226879014551e-01	2.4438903569490742689016381265030558e-05	4.2812495868309257131645735334970846e-03
5.8201913069563716389277982032682568e-03	-5.6039004188714334749817145762712034e-01	2.4280930713646439318967350167257125e-05	4.2673904691857293067508480885949596e-03
5.8567996256794690314265692619770005e-03	-5.4334753648500555200587737808017568e-01	2.4129156436245627457668061119834465e-05	4.2540326256293692611224061988335987e-03
5.8923886842734931226532341698744272e-03	-5.2635747456855331095947253975251759e-01	2.3983415838534172619603822520003141e-05	4.2411662133562546855611272626749602e-03
5.9269516335323217840126406369047393e-03	-5.0941790939817370204859928870161961e-01	2.3843552588708804942375876024703476e-05	4.2287818557636979996129572505890985e-03
5.9604818612103904587254757526980434e-03	-4.9252693083737887086350899696620738e-01	2.3709418506717416188904188267866342e-05	4.2168706234743151627592987741907846e-03
5.9929729893792153288494038901777871e-03	-4.7568266360006693794314087543079648e-01	2.3580873176799610377686241080068737e-05	4.2054240165209334150979664769129437e-03
6.0244188718991760322354935668001132e-03	-4.5888326556682903087079923354167187e-01	2.3457783585859693035460221774113942e-05	4.1944339476228465200013276564282652e-03
6.0548135920030827819598125570476366e-03	-4.4212692616607086306212684838974563e-01	2.3340023785921878288146063838306543e-05	4.1838927264877024235564846410490710e-03
6.0841514599882463998722674946787394e-03	-4.2541186481596993710843536762885420e-01	2.3227474579061312627716622988337499e-05	4.1737930450783166779203659948952755e-03
6.1124270110139536475845690129506893e-03	-4.0873632942352288254965838792923774e-01	2.3120023223335917424013697898015127e-05	4.1641279637883171885374750444712889e-03
6.1396350030014250048229793057359611e-03	-3.9209859493715315631813487758533335e-01	2.3017563158364255007256992715754873e-05	4.1548908984747781722474188960188867e-03
6.1657704146334983412775217657754489e-03	-3.7549696194954871124691932739661542e-01	2.2919993749304715332834118876464229e-05	4.1460756082999264755237572345653886e-03
6.1908284434514403449307845079358038e-03	-3.5892975534758352154945585808500451e-01	2.2827220048092280055174207814059559e-05	4.1376761843376312840514390141082349e-03
6.2148045040464386584332251613373384e-03	-3.4239532300634717863116241165739399e-01	2.2739152570881827370814868575908777e-05	4.1296870389037456389307083223410104e-03
6.2376942263434719498985444619560247e-03	-3.2589203452446416817296072300381486e-01	2.2655707090732185315772628136680547e-05	4.1221028955724794376771187704536026e-03
6.2594934539753930864892155263714159e-03	-3.0941827999802984940435627908438961e-01	2.2576804444643636169648014964119926e-05	4.1149187798438708745794102865185089e-03
6.2801982427451926386059263089865074e-03	-2.9297246883062443470512206621218705e-01	2.2502370354133963509575874776397798e-05	4.1081300104301066924064904324150237e-03
6.2998048591745365415136522158997088e-03	-2.7655302857699019015880751615105070e-01	2.2432335258604997640755250935441597e-05	4.1017321911309395056235494332984669e-03
6.3183097791367932762003547928074640e-03	-2.6015840381807135342820338080843012e-01	2.2366634160813480852505175941234637e-05	4.0957212032707795330151605523811931e-03
6.3357096865728827749620058977585956e-03	-2.4378705506522153841467677241689415e-01	2.2305206483817418356552657152018149e-05	4.0900931986722136200841324545591742e-03
6.3520014722883917608598492766127229e-03	-2.2743745769148025223207080787062444e-01	2.2247995938822337263246491225896268e-05	4.0848445931427404200896133902602618e-03
6.3671822328305087253070169612700359e-03	-2.1110810088790912115403549539820957e-01	2.2194950403401438977914559466581799e-05	4.0799720604534198589519593652187982e-03
6.3812492694434365481158297446433463e-03	-1.9479748664305999130432106467806440e-01	2.2146021809609859678976592454812829e-05	4.0754725267899293167539669620210942e-03
6.3942000871010421664674870495608319e-03	-1.7850412874372167464807647071723979e-01	2.2101166041556477893948465842774078e-05	4.0713431656582091708014753221621990e-03
6.4060323936156009856113101746406959e-03	-1.6222655179516014729380992206534093e-01	2.2060342842037228951009597541639233e-05	4.0675813932284764844293804318092354e-03
6.4167440988215891632609359214429916e-03	-1.4596329025912883264896992876112281e-01	2.2023515727871980159955889843361710e-05	4.0641848641028969719016294516322722e-03
6.4263333138335697479541433772455568e-03	-1.2971288750798153824320529112509559e-01	2.1990651913622943212793660399853376e-05	4.0611514674936405413159932032646475e-03
6.4347983503773091543323371807271179e-03	-1.1347389489327095043167262973605647e-01	2.1961722243406587571108288101104896e-05	4.0584793237994127449533531176743284e-03
6.4421377201933488506820371122115653e-03	-9.7244870827260583053435105360766712e-02	2.1936701130543289703400062823989563e-05	4.0561667815698608599344802775281952e-03
6.4483501345123436425912280811471141e-03	-8.1024379875817952688796901214749392e-02	2.1915566504819712289682713952173588e-05	4.0542124148485061323527031819904351e-03
6.4534345036015627797624687895597430e-03	-6.4810991861191715300763753891918389e-02	2.1898299767168346307462550961144535e-05	4.0526150208860595941416377005581089e-03
6.4573899363820335025301852492257414e-03	-4.8603280973205721752094754594420331e-02	2.1884885751596947416959819975503309e-05	4.0513736182171441032834773151265982e-03
6.4602157401158887860854847901653104e-03	-3.2399824887428583377152338828302836e-02	2.1875312694227926821138192547877861e-05	4.0504874450945758636336555681683716e-03
6.4619114201635621343223650158733219e-03	-1.6199203888898510406119833388863345e-02	2.1869572209334278210133445962085190e-05	4.0499559582764603952424547660332605e-03
6.4624766798105525178010965186478687e-03	0.0000000000000000000000000000000000e+00	2.1867659272284492207255628956172772e-05	4.0497788321624362830929499991307314e-03
6.4619114201635621343223650158733219e-03	1.6199203888898510406119833388863345e-02	2.1869572209334278210133445962085190e-05	4.0499559582764603952424547660332605e-03
6.4602157401158887860854847901653104e-03	3.2399824887428583377152338828302836e-02	2.1875312694227926821138192547877861e-05	4.0504874450945758636336555681683716e-03
6.4573899363820335025301852492257414e-03	4.8603280973205721752094754594420331e-02	2.1884885751596947416959819975503309e-05	4.0513736182171441032834773151265982e-03
6.4534345036015627797624687895597430e-03	6.4810991861191715300763753891918389e-02	2.1898299767168346307462550961144535e-05	4.0526150208860595941416377005581089e-03
6.4483501345123436425912280811471141e-03	8.1024379875817952688796901214749392e-02	2.1915566504819712289682713952173588e-05	4.0542124148485061323527031819904351e-03
6.4421377201933488506820371122115653e-03	9.7244870827260583053435105360766712e-02	2.1936701130543289703400062823989563e-05	4.0561667815698608599344802775281952e-03
6.4347983503773091543323371807271179e-03	1.1347389489327095043167262973605647e-01	2.1961722243406587571108288101104896e-05	4.0584793237994127449533531176743284e-03
6.4263333138335697479541433772455568e-03	1.2971288750798153824320529112509559e-01	2.1990651913622943212793660399853376e-05	4.0611514674936405413159932032646475e-03
6.4167440988215891632609359214429916e-03	1.4596329025912883264896992876112281e-01	2.2023515727871980159955889843361710e-05	4.0641848641028969719016294516322722e-03
6.4060323936156009856113101746406959e-03	1.6222655179516014729380992206534093e-01	2.2060342842037228951009597541639233e-05	4.0675813932284764844293804318092354e-03
6.3942000871010421664674870495608319e-03	1.7850412874372167464807647071723979e-01	2.2101166041556477893948465842774078e-05	4.0713431656582091708014753221621990e-03
6.3812492694434365481158297446433463e-03	1.9479748664305999130432106467806440e-01	2.2146021809609859678976592454812829e-05	4.0754725267899293167539669620210942e-03
6.3671822328305087253070169612700359e-03	2.1110810088790912115403549539820957e-01	2.2194950403401438977914559466581799e-05	4.0799720604534198589519593652187982e-03
6.3520014722883917608598492766127229e-03	2.2743745769148025223207080787062444e-01	2.2247995938822337263246491225896268e-05	4.0848445931427404200896133902602618e-03
6.3357096865728827749620058977585956e-03	2.4378705506522153841467677241689415e-01	2.2305206483817418356552657152018149e-05	4.0900931986722136200841324545591742e-03
6.3183097791367932762003547928074640e-03	2.6015840381807135342820338080843012e-01	2.2366634160813480852505175941234637e-05	4.0957212032707795330151605523811931e-03
6.2998048591745365415136522158997088e-03	2.7655302857699019015880751615105070e-01	2.2432335258604997640755250935441597e-05	4.1017321911309395056235494332984669e-03
6.2801982427451926386059263089865074e-03	2.9297246883062443470512206621218705e-01	2.2502370354133963509575874776397798e-05	4.1081300104301066924064904324150237e-03
6.2594934539753930864892155263714159e-03	3.0941827999802984940435627908438961e-01	2.2576804444643636169648014964119926e-05	4.1149187798438708745794102865185089e-03
6.2376942263434719498985444619560247e-03	3.2589203452446416817296072300381486e-01	2.2655707090732185315772628136680547e-05	4.1221028955724794376771187704536026e-03
6.2148045040464386584332251613373384e-03	3.4239532300634717863116241165739399e-01	2.2739152570881827370814868575908777e-05	4.1296870389037456389307083223410104e-03
6.1908284434514403449307845079358038e-03	3.5892975534758352154945585808500451e-01	2.2827220048092280055174207814059559e-05	4.1376761843376312840514390141082349e-03
6.1657704146334983412775217657754489e-03	3.7549696194954871124691932739661542e-01	2.2919993749304715332834118876464229e-05	4.1460756082999264755237572345653886e-03
6.1396350030014250048229793057359611e-03	3.9209859493715315631813487758533335e-01	2.3017563158364255007256992715754873e-05	4.1548908984747781722474188960188867e-03
6.1124270110139536475845690129506893e-03	4.0873632942352288254965838792923774e-01	2.3120023223335917424013697898015127e-05	4.1641279637883171885374750444712889e-03
6.0841514599882463998722674946787394e-03	4.2541186481596993710843536762885420e-01	2.3227474579061312627716622988337499e-05	4.1737930450783166779203659948952755e-03
6.0548135920030827819598125570476366e-03	4.4212692616607086306212684838974563e-01	2.3340023785921878288146063838306543e-05	4.1838927264877024235564846410490710e-03
6.0244188718991760322354935668001132e-03	4.5888326556682903087079923354167187e-01	2.3457783585859693035460221774113942e-05	4.1944339476228465200013276564282652e-03
5.9929729893792153288494038901777871e-03	4.7568266360006693794314087543079648e-01	2.3580873176799610377686241080068737e-05	4.2054240165209334150979664769129437e-03
5.9604818612103904587254757526980434e-03	4.9252693083737887086350899696620738e-01	2.3709418506717416188904188267866342e-05	4.2168706234743151627592987741907846e-03
5.9269516335323217840126406369047393e-03	5.0941790939817370204859928870161961e-01	2.3843552588708804942375876024703476e-05	4.2287818557636979996129572505890985e-03
5.8923886842734931226532341698744272e-03	5.2635747456855331095947253975251759e-01	2.3983415838534172619603822520003141e-05	4.2411662133562546855611272626749602e-03
5.8567996256794690314265692619770005e-03	5.4334753648500555200587737808017568e-01	2.4129156436245627457668061119834465e-05	4.2540326256293692611224061988335987e-03
5.8201913069563716389277982032682568e-03	5.6039004188714334749817145762712034e-01	2.4280930713646439318967350167257125e-05	4.2673904691857293067508480885949596e-03
5.7825708170332963569079279192971685e-03	5.7748697594399502800315226879014551e-01	2.4438903569490742689016381265030558e-05	4.2812495868309257131645735334970846e-03
5.7439454874475612926307582190879358e-03	5.9464036415864730752051118992391403e-01	2.4603248914504196183793465059875223e-05	4.2956203077906460781641183798448507e-03
5.7043228953569128461089129711568366e-03	6.1185227435636328873002157504405167e-01	2.4774150148496184045474968050155468e-05	4.3105134692510047891229516773880480e-03
5.6637108666830507261836232521457768e-03	6.2912481876164587537097586094912936e-01	2.4951800672042929689085657479338043e-05	4.3259404393125958666727029188641464e-03
5.6221174793910904550398051213791424e-03	6.4646015617009438898640853104560362e-01	2.5136404435450719066488093357995518e-05	4.3419131414565452508120772455548005e-03
5.5795510669098514304140898108565525e-03	6.6386049422131177002681994169452996e-01	2.5328176527961709145649405896664395e-05	4.3584440806292460001618281323017633e-03
5.5360202216981449467937812414710017e-03	6.8132809177956450281504112309392558e-01	2.5527343810444232820586744653170188e-05	4.3755463710616594268737497338648858e-03
5.4915337989625405082533213069944612e-03	6.9886526142938067814444439535255004e-01	2.5734145595118158479049083661900213e-05	4.3932337659491430994227874013835660e-03
5.4461009205324116714905300136321039e-03	7.1647437209379709655951512607845288e-01	2.5948834376207164518148845375967589e-05	4.4115206891288187049945602932912821e-03
5.3997309788984060324778657566779633e-03	7.3415785178353812551827020244777160e-01	2.6171676615787637850560094819066762e-05	4.4304222689036263079970716895770956e-03
5.3524336414208494393933964278139605e-03	7.5191819048603171532102058289001459e-01	2.6402953589522703682073312316808656e-05	4.4499543741755469930581288684210669e-03
5.3042188547149838480057412347812645e-03	7.6975794320384662313871092350972608e-01	2.6642962297434629577902656194697105e-05	4.4701336530651485154188374715727579e-03
5.2550968492203533625456732092103890e-03	7.8767973315287513683668366351424916e-01	2.6892016445385178926721051391723560e-05	4.4909775742107705580455066549899090e-03
5.2050781439620960301339427554852812e-03	8.0568625513139372169545726241552977e-01	2.7150447503507846357607602987924905e-05	4.5125044709584888888192993471135952e-03
5.1541735515123721790480398147233008e-03	8.2378027907201705276158159020350800e-01	2.7418605848475604951454103384791793e-05	4.5347335886736744017066775511245538e-03
5.1023941831606660242522120581141299e-03	8.4196465378952668427119444440882219e-01	2.7696861997201166389481518016764461e-05	4.5576851354267119930922219052493072e-03
5.0497514543022386592183277831283607e-03	8.6024231093861291483688264019818921e-01	2.7985607940363310776391817057667085e-05	4.5813803363295123288411304261099633e-03
4.9962570900545904262346456302349523e-03	8.7861626919672705328230663151812150e-01	2.8285258585043451771239931774045956e-05	4.6058414918261163803787938616420277e-03
4.9419231311124123157345588609300374e-03	8.9708963868851228667665512161569816e-01	2.8596253316753706195108872479914251e-05	4.6310920402702752501164376262417628e-03
4.8867619398521731212532043422428381e-03	9.1566562566967706277083498572126748e-01	2.8919057692255599434154205254376154e-05	4.6571566251557464599502667744754662e-03
4.8307862066982055645143334623162627e-03	9.3434753748970922405635964747600368e-01	2.9254165275823539176105244053627300e-05	4.6840611674015923037658352828075297e-03
4.7740089567629249015772266578340179e-03	9.5313878785451772020060674202286759e-01	2.9602099633018172887689360737591913e-05	4.7118329431354629477726186677687680e-03
4.7164435567746424716727886907643537e-03	9.7204290241194922506986652907556129e-01	2.9963416497623421019278696039034033e-05	4.7405006674632295138687787496783342e-03
4.6581037223073296024849749881227043e-03	9.9106352468517931824602514920431693e-01	3.0338706129192410811168750027355676e-05	4.7700945847640094492711558565561877e-03
4.5990035253276501470214326678874488e-03	1.0102044223812445903457768468730558e+00	3.0728595880670707185853951617439229e-05	4.8006465661062954276634241888642976e-03
4.5391574020756192335099895226713575e-03	1.0294694941044886157967945550231408e+00	3.1133752997853724853189817128293226e-05	4.8321902144443596844607595390725937e-03
4.4785801612963688005839946214560362e-03	1.0488627765074701551237124667079084e+00	3.1554887675027983942293750836589436e-05	4.8647609783252770622963003674038343e-03
4.4172869928417151955617602797377908e-03	1.0683884519149590947902829632369628e+00	3.1992756394088267534502761148629196e-05	4.8983962749168499509105705748507803e-03
4.3552934766615394531672764701132001e-03	1.0880508564600619442514545208506211e+00	3.2448165577767574376616415484172785e-05	4.9331356232566466079966683784481709e-03
4.2926155922064167663413283891813753e-03	1.1078544887753168707382982020548278e+00	3.2921975591425713536162412189794231e-05	4.9690207887236904416565427196031080e-03
4.2292697282644791604573101247633129e-03	1.1278040192858270127045281187878173e+00	3.3415105132187635760817646368619291e-05	5.0060959398486932845734541035953085e-03
4.1652726932571768146265994797675626e-03	1.1479043001562159530851736788535619e+00	3.3928536049188779918855718352982018e-05	5.0444078187080030326622630871308894e-03
4.1006417260204326113466097382378437e-03	1.1681603759484546967657866331693114e+00	3.4463318644371311958365965407909901e-05	5.0840059262928350367204656522830736e-03
4.0353945070996767495955653385737824e-03	1.1885774950534987243897638073677905e+00	3.5020577509799335729246803626948107e-05	5.1249427244114396426940480036352029e-03
3.9695491705894208989169935250501735e-03	1.2091611219662712040456823750835554e+00	3.5601517964961331458314829406277240e-05	5.1672738558706163838169254264337873e-03
3.9031243165504037933183828706596159e-03	1.2299169504809316944850424949617249e+00	3.6207433166168009713849256831029450e-05	5.2110583848979180214879655551384592e-03
3.8361390240399341687997081682004971e-03	1.2508509178916912906874793488568939e+00	3.6839711970127795842877625661643078e-05	5.2563590600110986279674147652352280e-03
3.7686128647938971000460405421812011e-03	1.2719692202938055676063129947286613e+00	3.7499847645321473577085431309123851e-05	5.3032426018216729179917424550906042e-03
3.7005659176020038101182854201141181e-03	1.2932783290899472428934980682848121e+00	3.8189447538177875723515400219228003e-05	5.3517800185805529923391986075378764e-03
3.6320187834212842522773983949105943e-03	1.3147850088191072929731889788236505e+00	3.8910243816603729178479655856195472e-05	5.4020469526423279953564361634570491e-03
3.5629926012765816970017933423696198e-03	1.3364963364387016436876831891745512e+00	3.9664105431538416639759356677581185e-05	5.4541240614488043551426560180072339e-03
3.4935090650009494944305988636176685e-03	1.3584197222059105149361619678822791e+00	4.0453051458364333779692635663253665e-05	5.5080974371213732800727561730741513e-03
3.4235904408734179506817461934999312e-03	1.3805629323217302605632073947596322e+00	4.1279266004779768034172133614084199e-05	5.5640590693168644636713862054227942e-03
3.3532595862166460860402196025651644e-03	1.4029341135211035173085162534213996e+00	4.2145114900828545239287460126869714e-05	5.6221073566562117175332828276713898e-03
3.2825399690225585903700334198689222e-03	1.4255418198152018822212789979005308e+00	4.3053164421022551026658038515521942e-05	5.6823476727955854048312981891643617e-03
3.2114556886802608477282034556514199e-03	1.4483950416179259563404119993724294e+00	4.4006202328917053837716942760700519e-05	5.7448929940949671187084739250882782e-03
3.1400314978874028258000932725437144e-03	1.4715032375185051109127879936467737e+00	4.5007261582360304182491056507009095e-05	5.8098645968727507092339405725059348e-03
3.0682928258338160402464767702558977e-03	1.4948763689963709435678654472432584e+00	4.6059647094478467166272418758289170e-05	5.8773928334450212652902239058073459e-03
2.9962658027547806238668516035940343e-03	1.5185249384140154517062102452103413e+00	4.7166966013170811493234185102118966e-05	5.9476179975688702329462750411037164e-03
2.9239772859608118799678161267433775e-03	1.5424600306692497324878274096338556e+00	4.8333162062821551107432105005143718e-05	6.0206912915820680808078212662329497e-03
2.8514548874615268124094344283826850e-03	1.5666933589412578910276444470182864e+00	4.9562554588991041387981712956191600e-05	6.0967759095074939694267800377998509e-03
2.7787270033131228326427069195196049e-03	1.5912373150264255679249771797614887e+00	5.0859883063651767639282636362248393e-05	6.1760482527323006247753177332654505e-03
2.7058228448324617842399909548016157e-03	1.6161050248317218892559317994753290e+00	5.2230357949614424087352152289278674e-05	6.2586992976556996018341657029621385e-03
2.6327724718359231404269770408705697e-03	1.6413104096773783749560760111933230e+00	5.3679718993839421232709382739989912e-05	6.3449361380204864994457238135295670e-03
2.5596068280783293660096500201260912e-03	1.6668682541591127352346471473752978e+00	5.5214302227535901931980735449849654e-05	6.4349837286199558175288823364919446e-03
2.4863577790866583073631065651502439e-03	1.6927942814360911064427841431712626e+00	5.6841117205429011825381373476367826e-05	6.5290868618508207757107596884285026e-03
2.4130581526053013398447061836526391e-03	1.7191052369477698517746824924360176e+00	5.8567936328945982684892372894243379e-05	6.6275124143485257805949766592112900e-03
2.3397417818947274708517596568596099e-03	1.7458189817250962555043868611815942e+00	6.0403398483220723392196891914973749e-05	6.7305519079260532562148933665128328e-03
2.2664435521540787370260772067109167e-03	1.7729545966547100377572564444952797e+00	6.2357129694925521946310485787634532e-05	6.8385244375347220619149553691351941e-03
2.1931994503710550897243293294543252e-03	1.8005324992855343186653272687732576e+00	6.4439884111857601042310959814489322e-05	6.9517800293491951188503371811328828e-03
2.1200466189401714115440989547970726e-03	1.8285745750439264787333602986328364e+00	6.6663709348325401306518243080497674e-05	7.0707035048268488884761417335502639e-03
2.0470234134339564722692042082585653e-03	1.8571043250569967657967985785773364e+00	6.9042141175168180864803626704749353e-05	7.1957189423185378972607324782146640e-03
1.9741694649619664440502883451499426e-03	1.8861470331872151198044998480714971e+00	7.1590433715766008841797383476951113e-05	7.3272948473091286857041212617098528e-03
1.9015257476108825966417895594265628e-03	1.9157299553720680856434959639422042e+00	7.4325832814162371228834681949995472e-05	7.4659501666779459762821022075810977e-03
1.8291346515270140006065893490685697e-03	1.9458825349620996226065246246924103e+00	7.7267902168158009741627452763091271e-05	7.6122613128495159605384436315914870e-03
1.7570400622821446229371814422758355e-03	1.9766366484872202465052257481441639e+00	8.0438914303442275094777509717405692e-05	7.7668704021463899216272980436277163e-03
1.6852874472572088808798498131287542e-03	2.0080268871910226016397998147802923e+00	8.3864321687344577263477570183772281e-05	7.9304949604421992433753833427342075e-03
1.6139239498886751626202924217015610e-03	2.0400908808033710478402229074704995e+00	8.7573327493247944719409159077573963e-05	8.1039394115388692068950377247658747e-03
1.5429984927534109001431095064472656e-03	2.0728696714349778976837533664640690e+00	9.1599581075729881797013794931429865e-05	8.2881087438728764741370304850672501e-03
1.4725618906237741400371982027378921e-03	2.1064081472564531176539145842608982e+00	9.5982030585952116358441342782522037e-05	8.4840248550728100089262567081997547e-03
1.4026669748115105085233670248015434e-03	2.1407555478784506640329562994212214e+00	1.0076597502889990534317442749753745e-04	8.6928462096324094962512452210149962e-03
1.3333687303440927737735335528134631e-03	2.1759660562272374870324471930891344e+00	1.0600437141073692710007358501796312e-04	8.9158916237612510419199246939608941e-03
1.2647244477898612368392657878722172e-03	2.2120994954127702506570558142259890e+00	1.1175947084620003893590526125881431e-04	9.1546692290876729927754585593782854e-03
1.1967938918809047384711032444130488e-03	2.2492221538908507526307106280617045e+00	1.1810488263452278904057553511057151e-04	9.4109119856693656172589753611199901e-03
1.1296394894909631365025245249305072e-03	2.2874077685111022671564517097696278e+00	1.2512820038330033115033106329986883e-04	9.6866215468008157667155232231893952e-03
1.0633265400306456955907392853334446e-03	2.3267387033573023773559029397524343e+00	1.3293437377729274061912465510287543e-04	9.9841228700262529196636119107808815e-03
9.9792345195172438167308107243431084e-04	2.3673073733917650586928010141271264e+00	1.4165008041122327852925923956315778e-04	1.0306132789269019939759157294481759e-02
9.3350200984346382583684720310054870e-04	2.4092179769133281110341901667014339e+00	1.5142945481550328795024350782467072e-04	1.0655846914752418699800127328096170e-02
8.7013767760751142540953000472582338e-04	2.4525886213385554223930112671823381e+00	1.6246168301438385119143449835479279e-04	1.1037050866302581224173756283243458e-02
8.0790994448335954399826087770630446e-04	2.4975539552041398567356661994925568e+00	1.7498119722948458470693298115739217e-04	1.1454264212405578448604302931154734e-02
7.4690272236069057362333585854077523e-04	2.5442684591619179507157369463253621e+00	1.8928155000635274062609040775554904e-04	1.1912928960630419320935494937647939e-02
6.8720480499491104805528628294838667e-04	2.5929106056167620059133700349811269e+00	2.0573458233455317907403528115864491e-04	1.2419659632218066826552960202033654e-02
6.2891040263435302946597781836277904e-04	2.6436881791839239692809732173145868e+00	2.2481734959951995850727820391476688e-04	1.2982579851170064371429894918539554e-02
5.7211976945890838516376642603559313e-04	2.6968451721420886241113918441319875e+00	2.4715064867958191954088987176740401e-04	1.3611782660197115780115268200390466e-02
5.1693994654737488000087362047364167e-04	2.7526708531876034153915924505231036e+00	2.7355528944269390935856251503434487e-04	1.4319971331261352917358420631105049e-02
4.6348565048386149031261022958766242e-04	2.8115118921816662684614976014249333e+00	3.0513620182417924979524665200997777e-04	1.5123369401855106415733596898823102e-02
4.1188034819289977563791012014732688e-04	2.8737888743264615405500323941649532e+00	3.4341147190322770390242020179862425e-04	1.6043042473302007628651761616627619e-02
3.6225757377362807061352412624818458e-04	2.9400192728039030260150774690978197e+00	3.9051628896608889147943950730731949e-04	1.7106867944958016552580487709521561e-02
3.1476256564498111302586034770049403e-04	3.0108501899960118321100557448890658e+00	4.4953653543720364632402407438212573e-04	1.8352558122714495376794253201920342e-02
2.6955433674633108766315706809369317e-04	3.0871063530238947075770297626039399e+00	5.2507666239918371180616898565967737e-04	1.9832461795481897529330564597728939e-02
2.2680834488562386727722847096923580e-04	3.1698628368129839635540762366294138e+00	6.2427307300764441347078120293820025e-04	2.1621504638005095776313608935617844e-02
1.8672001946345235296193783402985848e-04	3.2605596900713757451875275375707031e+00	7.5870783346465435354127994367774606e-04	2.3830969832011516561381528016293799e-02
1.4950955381166817653315240446321563e-04	3.3611914838363927029743789793896799e+00	9.4828202996505998078047256419033841e-04	2.6633864596133754797964159954920862e-02
1.1542864989328503466205564025336714e-04	3.4746400076680396823614106653075093e+00	1.2297692538124533850496787660568796e-03	3.0315176188395479635587087184924270e-02
8.4770440638299180563946178327552266e-05	3.6053045291856781955882876734581868e+00	1.6779716051656502169804808721082873e-03	3.5381339248983189356477897865865715e-02
5.7884952626033547682636013602101246e-05	3.7604235063905131224523078325035810e+00	2.4668106745303311398071666275976334e-03	4.2831141913590360548095444195902484e-02
3.5205143460082056867536986570063684e-05	3.9532735264190223498359228483656421e+00	4.0909598472173935919916006065630034e-03	5.4961139471178454519683058348106708e-02
1.7295560789006054746525348230964241e-05	4.2128311711247744681963402641126791e+00	8.5507145921548577147763119640185783e-03	7.8581484707285498643008276087714539e-02
4.9284419215772418991953315553836951e-06	4.6277474889634660818029942167889729e+00	3.9936025996013748450485273805998348e-02	1.4961637239370276026682023185053040e-01
0.0000000000000000000000000000000000e+00	0.0000000000000000000000000000000000e+00	3.7873628980861680489771070205129513e-05	4.9598477171212926868482053389431111e-03