4.4512907983668050504303673956009726e-06	-4.6488281435603927850047389418635096e+00	3.9622523044349216838972891545989833e-02	1.4901002276829897043940123173783745e-01
1.5635167053258307811340275270667999e-05	-4.2356584382934961841105486325331463e+00	8.4747029882567555382406096682739282e-03	7.8229057564644351650462358038966470e-02
3.1849415191875598800748617650332993e-05	-3.9773073962295192452791903068580431e+00	4.0514474636939955426420002352104347e-03	5.4694184911105034822380290213251030e-02
5.2401716536285231291509338222076645e-05	-3.7854228898624431207744735000557330e+00	2.4413629302348780953552863535829185e-03	4.2609195445180830737238170590172622e-02
7.6785640891309645423823267146436182e-05	-3.6311290155795122341865298716274067e+00	1.6596759442911781714739031057038786e-03	3.5187655378348149871172965182240289e-02
1.0461270388818894905759932487793569e-04	-3.5011964791937254017060720389598316e+00	1.2156983485362166449360575350911811e-03	3.0141071577948455270060268980505231e-02
1.3556876469116529661557442798962750e-04	-3.3884131722388186120350447111541005e+00	9.3695559958532497941259964301976616e-04	2.6474205445076648640591426122871883e-02
1.6939068895197800730242015754862993e-04	-3.2883961528254802741683442980277207e+00	7.4928584426157006854751689635480736e-04	2.3682445832456569171022252668324670e-02
2.0585248824412133142087646689089087e-04	-3.1982745130684290366899985366312296e+00	6.1623832359269649093440122465783171e-04	2.1481844932411370161129608969459254e-02
2.4475642514283391646524130546164460e-04	-3.1160613337262974704065902032133885e+00	5.1809072140194166187136881407960903e-04	1.9700034389190850622700474442889651e-02
2.8592696656078441557062461128236583e-04	-3.0403221718410188020653980055248842e+00	4.4336722432100646843897830352819776e-04	1.8226146797875516656381215087427543e-02
3.2920648717767554005758574435577116e-04	-2.9699861947367978980225461935647794e+00	3.8499818212742966283586284861202373e-04	1.6985539535012253997407934123301741e-02
3.7445210742019109560062955569102380e-04	-2.9042319714182125714741012873025534e+00	3.3842299802281032095930855234998544e-04	1.5926063646590642569372044970514969e-02
4.2153329916519132740807197884833579e-04	-2.8424150170853892402474226553541119e+00	3.0058568101292251167901165004744997e-04	1.5010152211934435298668947957428680e-02
4.7033002948211531960953880069255764e-04	-2.7840199759381545244045146317725545e+00	2.6937205505664708797349182093971453e-04	1.4210036304592134189925360126570876e-02
5.2073129262717910789398417357664072e-04	-2.7286280027526040951276595676599087e+00	2.4327919942763303924318202884993255e-04	1.3504733012814750570211952623616904e-02
5.7263392921782548573617738991926049e-04	-2.6758938771641105887381005623416080e+00	2.2121337971104829700123113632809776e-04	1.2878083011914171143156715407044877e-02
6.2594166238138402879116125439137410e-04	-2.6255295525009319326708462884449363e+00	2.0236221543145292167490064201032972e-04	1.2317433705162330681382574034156797e-02
6.8056430087889141626456929461097436e-04	-2.5772920776689214042870806915085303e+00	1.8611136727802041282434219358183634e-04	1.1812732612203453566009227740712769e-02
7.3641707281387992449608650017085480e-04	-2.5309745635419982400730163064448008e+00	1.7198880331057818668468518723239157e-04	1.1355888986534224178039495516312645e-02
7.9342006293041265188626376856188381e-04	-2.4863993144264930695312134045480786e+00	1.5962664416725993609164278950273064e-04	1.0940315255186433866126274125886875e-02
8.5149773313252588758815622725735454e-04	-2.4434125285182365680277298287274261e+00	1.4873450012716234056300154703404905e-04	1.0560591721542895134971129464666300e-02
9.1057851062448890290769219587069390e-04	-2.4018801547257925044193089867858295e+00	1.3908049217225511157656765777012642e-04	1.0212217456481257765782731872161011e-02
9.7059443155997335793051340447622029e-04	-2.3616846147831982298366510610360180e+00	1.3047751616261542365710159931661188e-04	9.8914225401726809457570401704575504e-03
1.0314808306812121109537891432908636e-03	-2.3227221817958999847054911138826588e+00	1.2277315073636542972896043908140192e-04	9.5950246853806459703366215950431764e-03
1.0931760693837454437772498358109132e-03	-2.2849008630303464668645331786571840e+00	1.1584213989696177811023619558751052e-04	9.3203184411411735728431320919055993e-03
1.1556212961345384790752344621336164e-03	-2.2481386744816475460916158932134531e+00	1.0958072270587495413710365428765971e-04	9.0649886360585668493954067705497712e-03
1.2187602343238224740360214602392341e-03	-2.2123622230350942366658046958090182e+00	1.0390230664759701449100904674535621e-04	8.8270420784093612175498932253146077e-03
1.2825389935308201529197107132147854e-03	-2.1775055324597358541039166332507615e+00	9.8734131013225203641795320032872256e-05	8.6047531630246081861339747714322784e-03
1.3469059008929294085093121458091887e-03	-2.1435090644129802828009609392134721e+00	9.4014668378928894234036108345171367e-05	8.3966201823516204159088988807104259e-03
1.4118113498323431029917454187292636e-03	-2.1103188966978621066570270256496532e+00	8.9691582396904019973576058178983641e-05	8.2013299564980602203509542056465276e-03
1.4772076638469046419785846731188103e-03	-2.0778860292974629010392761842032680e+00	8.5720109154504381333545673405304653e-05	8.0177289867342933754655061351635685e-03
1.5430489734381441598553788663492650e-03	-2.0461657949768560614213103232290570e+00	8.2061764086114136063541822505839468e-05	7.8447997673171502458696849754088584e-03
1.6092911045476582864471242512618155e-03	-2.0151173560288046865780135198581942e+00	7.8683301313996456231092950126083691e-05	7.6816412080591346743224592148576493e-03
1.6758914771175421261764157264369902e-03	-1.9847032724277804160327164176829070e+00	7.5555870335830946179237629351645996e-05	7.5274523567665681815557555463997466e-03
1.7428090125923916035234331433791719e-03	-1.9548891295233203212463574968031585e+00	7.2654328190465578115241192991244489e-05	7.3815187887784524471319490343126944e-03
1.8100040493479300824113596145049494e-03	-1.9256432156490241268228489291465170e+00	6.9956675006584906436540285528210856e-05	7.2432011660541155089012250093471689e-03
1.8774382651711757358422552625570186e-03	-1.8969362417952557512642616615261659e+00	6.7443588134155118813183350331524718e-05	7.1119255717711673977783743902084432e-03
1.9450746060344427092787305731238714e-03	-1.8687410969014642962958331673254268e+00	6.5098035551239756309827973831854397e-05	6.9871753062634451435512043580908371e-03
2.0128772205044650116634657940051860e-03	-1.8410326334500778788717747487218047e+00	6.2904953408249729677967900622185335e-05	6.8684838922103792981693724220356031e-03
2.0808113992118180843885458299132728e-03	-1.8137874789501494097289167551490302e+00	6.0850975761126490867528048515702599e-05	6.7554290855838934052302436872343478e-03
2.1488435188772114943522045787448043e-03	-1.7869838696325364925735099392783425e+00	5.8924207002526012012347580138112126e-05	6.6476277271487814020823115892158889e-03
2.2169409904522521720923162345124417e-03	-1.7606015032755616783899823775828527e+00	5.7114029406801778661341758776282903e-05	6.5447312996721663059712191442370525e-03
2.2850722109846465099073134288173460e-03	-1.7346214085687634841642147082225762e+00	5.5410939693639210574746281210264227e-05	6.4464220802129115282150745870309525e-03
2.3532065188629202665950872394757261e-03	-1.7090258288242296071133817673869416e+00	5.3806409685303929611022916705782832e-05	6.3524097962855383746067254246719419e-03
2.4213141521347340364972545445373184e-03	-1.6837981181770884668610060427553722e+00	5.2292767057389900186128939419886378e-05	6.2624287103572552366641486449668892e-03
2.4893662096267031775292107428497659e-03	-1.6589226486923905427219140152437772e+00	5.0863092918187334881504058498331396e-05	6.1762350698335512706441121194612882e-03
2.5573346146230756873484806024775467e-03	-1.6343847270254155895547789188123639e+00	4.9511133539376619724498035190757782e-05	6.0936048700297863611260916307511691e-03
2.6251920808863286713015699033830477e-03	-1.6101705194748133449043746507955110e+00	4.8231224032750586841358461238281539e-05	6.0143318860893426228203110182257322e-03
2.6929120808252554122812061828479934e-03	-1.5862669844296567094843153468368115e+00	4.7018222148668857913665006948784373e-05	5.9382259367653700629030693663591399e-03
2.7604688156358844312139260820127731e-03	-1.5626618113478697658458527838974242e+00	4.5867450680937516287420343626204915e-05	5.8651113487255459705722745121526616e-03
2.8278371872579809722650979085877168e-03	-1.5393433655189595833174010536781221e+00	4.4774647214519092460745054304400981e-05	5.7948255947987943852482891425005772e-03
2.8949927720052522161542522186263870e-03	-1.5163006379620770338740782957166170e+00	4.3735920158410158861161550385703831e-05	5.7272180835432214056599450742054072e-03
2.9619117957409831096987985228019436e-03	-1.4935231998940477512946594344234298e+00	4.2747710175196724883084782832141126e-05	5.6621490808221709537992681238346286e-03
3.0285711104829019395253029417217637e-03	-1.4710011612735146824479809920432068e+00	4.1806756258322220398114717873461329e-05	5.5994887468477936611712387913260934e-03
3.0949481723318114447150430994658064e-03	-1.4487251329886612220493486618115651e+00	4.0910065823612214304294046254804470e-05	5.5391162744834695909649217728763201e-03
3.1610210206280915193377676571633219e-03	-1.4266861923087409952981550942653873e+00	4.0054888277576877542018417741235340e-05	5.4809191165643543222490068344609812e-03
3.2267682582487285258299294589764317e-03	-1.4048758512651533283751490496445719e+00	3.9238691605039673004180612139519460e-05	5.4247922916613636380743174450787112e-03
3.2921690329651787848818813840045892e-03	-1.3832860276671741990018824599018874e+00	3.8459141585595036307969552801662798e-05	5.3706377591287287374920589750171784e-03
3.3572030197892376515589561642662630e-03	-1.3619090184915995063812658361667135e+00	3.7714083304597112597643882768239881e-05	5.3183638554802916798865137726097654e-03
3.4218504042402539194288592307018295e-03	-1.3407374754152490492525587070530841e+00	3.7001524671701781629245384570894043e-05	5.2678847851690120507890270833679715e-03
3.4860918664725829363528923499600209e-03	-1.3197643822851601969164214869143693e+00	3.6319621699948904062428278566076574e-05	5.2191201597257774827300299639415279e-03
3.5499085662071810378977535283417931e-03	-1.2989830343439123341280446008132189e+00	3.5666665332223106072723884918730140e-05	5.1719945799707549376297863955296528e-03
3.6132821284157699505486450896127140e-03	-1.2783870190473246462949074270211932e+00	3.5041069630685720446107298094086974e-05	5.1264372566624370828842037855233255e-03
3.6761946297100961869949341896157748e-03	-1.2579701983291483050038843196220812e+00	3.4441361169261970413272650358905297e-05	5.0823816655122510711673848404975072e-03
3.7386285853925239900325597683313127e-03	-1.2377266921826586581704135600584344e+00	3.3866169490183238314795477897972639e-05	5.0397652329794819741970643025467523e-03
3.8005669371275721787605754757371580e-03	-1.2176508634425236924558339039464073e+00	3.3314218503492053835265276973007593e-05	4.9985290496835204633373709980994970e-03
3.8619930411970714473364809527086766e-03	-1.1977373036622208207599751975816917e+00	3.2784318723787833237894395705639214e-05	4.9586176086374793751424069139149111e-03
3.9228906573044111008440048559673780e-03	-1.1779808199927994259694329131990812e+00	3.2275360251715590255413874116607571e-05	4.9199785658269563231416802950551620e-03
3.9832439378958909912867713149911469e-03	-1.1583764229781169191586899415451855e+00	3.1786306419103964659103968663004400e-05	4.8825625209368363148076743918472580e-03
4.0430374179695203988581402950429607e-03	-1.1389193151899620867026675190700734e+00	3.1316188026515654798147257835666867e-05	4.8463228162731898753338671582163634e-03
4.1022560053437328178478996919383662e-03	-1.1196048806338510839676464487956964e+00	3.0864098110511295638055282356546156e-05	4.8112153521413322348507003209586160e-03
4.1608849713604336076434619443633411e-03	-1.1004286748628507342650307131179810e+00	3.0429187185339147659618380167181561e-05	4.7771984171290544117690557893795488e-03
4.2189099419985836465689424344103569e-03	-1.0813864157426478629038605364917045e+00	3.0010658910209586998108838643402465e-05	4.7442325319094024716834584501404690e-03
4.2763168893761619696099974830744548e-03	-1.0624739748163263997330302749331634e+00	2.9607766138932118107601623237368902e-05	4.7122803053231455160259420034355964e-03
4.3330921236198577009808090321613302e-03	-1.0436873692220090521416932879895592e+00	2.9219807313599322871219265543687163e-05	4.6813063016297876847138174047364991e-03
4.3892222850832287599894936529787075e-03	-1.0250227541207311580828851425290621e+00	2.8846123168295160153086331414102403e-05	4.6512769179298352228819869667671939e-03
4.4446943368953428786140658032291135e-03	-1.0064764155956964204994317645567439e+00	2.8486093712568010245273153424412081e-05	4.6221602708619110681639289950777533e-03
4.4994955578230953313822232783479403e-03	-9.8804476398746614522282455928434318e-01	2.8139135467713167148804714000472503e-05	4.5939260917678411697698485400508505e-03
4.5536135354314863389623937529655596e-03	-9.6972432763269785750951417682857169e-01	2.7804698931816087710617885120729173e-05	4.5665456295984223141754350605774965e-03
4.6070361595271473644832155697078941e-03	-9.5151174697681303786909918927217529e-01	2.7482266252068821128668182673783890e-05	4.5399915609034353121891939816633550e-03
4.6597516158713366766968936761422761e-03	-9.3340376903346995043946072952688107e-01	2.7171349085132467249966238470098824e-05	4.5142379063126433368381465850917669e-03
4.7117483801494870982876604170059049e-03	-9.1539724216597496386741122590954662e-01	2.6871486628316768758898514673289781e-05	4.4892599529709280881373657855884204e-03
4.7630152121851886510380757947712965e-03	-8.9748911116780979715030196942440558e-01	2.6582243806117216387159667513834678e-05	4.4650341824411627325684400678204869e-03
4.8135411503872311491902306553506727e-03	-8.7967641262130519785057810245458879e-01	2.6303209598218980850437585270113451e-05	4.4415382036335945976814313798549352e-03
4.8633155064190214722152408831752382e-03	-8.6195627051517351817252409121384625e-01	2.6033995496470348584723349686877213e-05	4.4187506903610188300537031989766026e-03
4.9123278600803316125663080199489388e-03	-8.4432589210314106713819203867894607e-01	2.5774234079567586702243408642837532e-05	4.3966513231553971646479673465429171e-03
4.9605680543919305842478668859518965e-03	-8.2678256398731156940860192726175412e-01	2.5523577695296915652242885287499696e-05	4.3752207350142784661499102243529825e-03
5.0080261908742094743698637662756947e-03	-8.0932364841115839588578368341412014e-01	2.5281697241163711884524264665768458e-05	4.3544404607748177675854340838592162e-03
5.0546926250114275781150342939655357e-03	-7.9194657974819776064089654115833237e-01	2.5048281035118291402411291760141849e-05	4.3342928898397267640466602050300948e-03
5.1005579618936916419832128025554201e-03	-7.7464886117344876943261173985054010e-01	2.4823033768873930982647787190360786e-05	4.3147612220034368236978287574221086e-03
5.1456130520292324525817245578605087e-03	-7.5742806150574883773819759914643446e-01	2.4605675537016905492274224149991561e-05	4.2958294261483938946233932914408428e-03
5.1898489873199658138662825037897669e-03	-7.4028181220987330517999955949062325e-01	2.4395940935739652693047842811103529e-05	4.2774822016009789696423091200521122e-03
5.2332570971937206064570615100640252e-03	-7.2320780454821386842057902294123321e-01	2.4193578225594954345884443049072352e-05	4.2597049419542753151181542448888387e-03
5.2758289448868871775515707487369902e-03	-7.0620378687250872801191749578896216e-01	2.3998348553178469679775244184747893e-05	4.2424837011809768688374665262298636e-03
5.3175563238715866538135260280299022e-03	-6.8926756204679436360425723498313740e-01	2.3810025227105424602876523427284503e-05	4.2258051618743216475958766071379365e-03
5.3584312544217876294295849813450783e-03	-6.7239698499337024066955535293581760e-01	2.3628393044060336502322443982763034e-05	4.2096566054681911201507739765362285e-03
5.3984459803131026413018752730285726e-03	-6.5558996035413856359578344284626261e-01	2.3453247661071266200530490811977873e-05	4.1940258842995759231979004024418818e-03
5.4375929656512843573884036439056004e-03	-6.3884444026020596968439510960391026e-01	2.3284395010496583331838986210777258e-05	4.1789013953875898597022451082251413e-03
5.4758648918247118090487323872520821e-03	-6.2215842220311689871193015463250153e-01	2.3121650754516451508330755149108073e-05	4.1642720558132246182334297608231718e-03
5.5132546545764115233915350576347887e-03	-6.0552994700153296220781910886389077e-01	2.2964839776196585524009867870433904e-05	4.1501272795931723876623063945079231e-03
5.5497553611913981891689464939787939e-03	-5.8895709685758230403178570463045914e-01	2.2813795704441317571964286860975140e-05	4.1364569559493876546478993760493047e-03
5.5853603277953455631676974831258206e-03	-5.7243799349748069566748714959407538e-01	2.2668360470379306315815813603795232e-05	4.1232514288836891186320245235390404e-03
5.6200630767608116559494722015664635e-03	-5.5597079639137466405098692157434684e-01	2.2528383892930706481322312613153144e-05	4.1105014779736860415032018315857263e-03
5.6538573342174437151275318386144937e-03	-5.3955370104767876656368258654757369e-01	2.2393723291491399688347227892395645e-05	4.0981983003127116137773466818254445e-03
5.6867370276627789727848626393715050e-03	-5.2318493737747643513941386143799411e-01	2.2264243123839850569564492052126068e-05	4.0863334935223139517340090708599084e-03
5.7186962836704373013238875187364608e-03	-5.0686276812482862923713673506785351e-01	2.2139814647526972959749520241445560e-05	4.0748990397712424617378138033535647e-03
5.7497294256926725329739046760950844e-03	-4.9058548735908869855451233744652208e-01	2.2020315603150566205782959672359390e-05	4.0638872907398178898379425148634713e-03
5.7798309719544108949383525205529741e-03	-4.7435141902555702520229796508877505e-01	2.1905629918044749434484405092001583e-05	4.0532909534731283785697540790472216e-03
5.8089956334360584002352026205499786e-03	-4.5815891555102670423420985005537879e-01	2.1795647429032579099333850669242688e-05	4.0431030770706873097072835045321426e-03
5.8372183119425046760418223806991703e-03	-4.4200635650097310660846414830985842e-01	2.1690263622997754733079272002438398e-05	4.0333170401640541443932341290511021e-03
5.8644940982558891296427670051139120e-03	-4.2589214728532690185330308194562740e-01	2.1589379394129961347857640735854588e-05	4.0239265391374862694838989188704656e-03
5.8908182703698270334833782069984583e-03	-4.0981471790994313911380556331229304e-01	2.1492900816788827910316020838964447e-05	4.0149255770499846076312853623129896e-03
5.9161862918029185086756374522408861e-03	-3.9377252177103933385747379967446522e-01	2.1400738933014476048700749264923846e-05	4.0063084532201425270796483370629034e-03
5.9405938099894829233691600366571466e-03	-3.7776403449002413058553753254293351e-01	2.1312809553788890246729197243333824e-05	3.9980697534380282272997039504123253e-03
5.9640366547455752934292226698715677e-03	-3.6178775278627587350668839464979530e-01	2.1229033073222489736697495594962363e-05	3.9902043407709450963577913015500524e-03
5.9865108368084502468336729479343827e-03	-3.4584219338555810577928051014155688e-01	2.1149334294904891007519804494220340e-05	3.9827073469323405464268881004108046e-03
6.0080125464477433354201840026405531e-03	-3.2992589196187735339293395530180829e-01	2.1073642269718431236326582098272766e-05	3.9755741641853879241003346669066969e-03
6.0285381521467392716425371679669400e-03	-3.1403740211069818924412966739514014e-01	2.1001890144468040944051055930061123e-05	3.9688004377548631940169619805132492e-03
6.0480841993521923373992695422933927e-03	-2.9817529435153211661961701012324260e-01	2.0934015020731928883002881621196103e-05	3.9623820587228918298982389736865599e-03
6.0666474092912560419830684759449287e-03	-2.8233815515801080721515359589614990e-01	2.0869957823384654571746093914935684e-05	3.9563151573859641608914959485815325e-03
6.0842246778541673650940523211283182e-03	-2.6652458601364117745465011553914041e-01	2.0809663178287859997455919135697213e-05	3.9505960970523206982083235231730206e-03
6.1008130745414158614975740513792134e-03	-2.5073320249152014511605020549595707e-01	2.0753079298684526515735685009604226e-05	3.9452214682604031394188659186393622e-03
6.1164098414742097648965608872946806e-03	-2.3496263335636109302258419385515428e-01	2.0700157879870402608556171121765345e-05	3.9401880834005613897721145684524324e-03
6.1310123924671302354923072686923055e-03	-2.1921151968725245801073784996816702e-01	2.0650854001751474586296708962026631e-05	3.9354929717236108543173041493605911e-03
6.1446183121619412621336326888965528e-03	-2.0347851401963180793845348771414329e-01	2.0605126038929264812715791580427355e-05	3.9311333747211555501448307833805706e-03
6.1572253552215966585684849319572567e-03	-1.8776227950501658239026947940443141e-01	2.0562935577986559833901353316768851e-05	3.9271067418638387495955997872470959e-03
6.1688314455835572767823007168408735e-03	-1.7206148908708564042012603116277770e-01	2.0524247341675095245148306961260732e-05	3.9234107266848608172621522264143035e-03
6.1794346757716011822831886110059314e-03	-1.5637482469275414092938381242314867e-01	2.0489029119733940593659190383663729e-05	3.9200431831972200677237291775451677e-03
6.1890333062653772717287981439105763e-03	-1.4070097643692831312531184027721259e-01	2.0457251706093007203256831293792915e-05	3.9170021626341928186053639219198563e-03
6.1976257649270188302121162805898469e-03	-1.2503864183966656790179108859624768e-01	2.0428888842240402956491063940450623e-05	3.9142859105035789136422695811414763e-03
6.2052106464841979847615766663951247e-03	-1.0938652505450934634756144879539654e-01	2.0403917166555427966072212027557008e-05	3.9118928639472040531946624887961085e-03
6.2117867120690650669758363296219916e-03	-9.3743336106772269149582781834031497e-02	2.0382316169430980948422064382417480e-05	3.9098216493980951868483193882353732e-03
6.2173528888125787005455635656864487e-03	-7.8107790140625691663287512950860200e-02	2.0364068154030156455071965751168733e-05	3.9080710805286346046963525247392346e-03
6.2219082694937931231964181252722011e-03	-6.2478606673808817178576370524446889e-02	2.0349158202541978735512809633066199e-05	3.9066401564838565738780116310093559e-03
6.2254521122437289775291738552504045e-03	-4.6854508858848191722398803210357383e-02	2.0337574147820653056835499187859321e-05	3.9055280603948815530309009650653969e-03
6.2279838403035126978313664793138284e-03	-3.1234222749668797698976380098680189e-02	2.0329306550311528235407144548560912e-05	3.9047341581682911422614162947717978e-03
6.2295030418365278135109302964771066e-03	-1.5616476572501165346092922577184748e-02	2.0324348680185258551879582011497960e-05	3.9042579975480357956008371434041411e-03
6.2300094697943791150203261220921012e-03	0.0000000000000000000000000000000000e+00	2.0322696504619528721603188460709643e-05	3.9040993074472406116193911712932424e-03
6.2295030418365278135109302964771066e-03	1.5616476572501165346092922577184748e-02	2.0324348680185258551879582011497960e-05	3.9042579975480357956008371434041411e-03
6.2279838403035126978313664793138284e-03	3.1234222749668797698976380098680189e-02	2.0329306550311528235407144548560912e-05	3.9047341581682911422614162947717978e-03
6.2254521122437289775291738552504045e-03	4.6854508858848191722398803210357383e-02	2.0337574147820653056835499187859321e-05	3.9055280603948815530309009650653969e-03
6.2219082694937931231964181252722011e-03	6.2478606673808817178576370524446889e-02	2.0349158202541978735512809633066199e-05	3.9066401564838565738780116310093559e-03
6.2173528888125787005455635656864487e-03	7.8107790140625691663287512950860200e-02	2.0364068154030156455071965751168733e-05	3.9080710805286346046963525247392346e-03
6.2117867120690650669758363296219916e-03	9.3743336106772269149582781834031497e-02	2.0382316169430980948422064382417480e-05	3.9098216493980951868483193882353732e-03
6.2052106464841979847615766663951247e-03	1.0938652505450934634756144879539654e-01	2.0403917166555427966072212027557008e-05	3.9118928639472040531946624887961085e-03
6.1976257649270188302121162805898469e-03	1.2503864183966656790179108859624768e-01	2.0428888842240402956491063940450623e-05	3.9142859105035789136422695811414763e-03
6.1890333062653772717287981439105763e-03	1.4070097643692831312531184027721259e-01	2.0457251706093007203256831293792915e-05	3.9170021626341928186053639219198563e-03
6.1794346757716011822831886110059314e-03	1.5637482469275414092938381242314867e-01	2.0489029119733940593659190383663729e-05	3.9200431831972200677237291775451677e-03
6.1688314455835572767823007168408735e-03	1.7206148908708564042012603116277770e-01	2.0524247341675095245148306961260732e-05	3.9234107266848608172621522264143035e-03
6.1572253552215966585684849319572567e-03	1.8776227950501658239026947940443141e-01	2.0562935577986559833901353316768851e-05	3.9271067418638387495955997872470959e-03
6.1446183121619412621336326888965528e-03	2.0347851401963180793845348771414329e-01	2.0605126038929264812715791580427355e-05	3.9311333747211555501448307833805706e-03
6.1310123924671302354923072686923055e-03	2.1921151968725245801073784996816702e-01	2.0650854001751474586296708962026631e-05	3.9354929717236108543173041493605911e-03
6.1164098414742097648965608872946806e-03	2.3496263335636109302258419385515428e-01	2.0700157879870402608556171121765345e-05	3.9401880834005613897721145684524324e-03
6.1008130745414158614975740513792134e-03	2.5073320249152014511605020549595707e-01	2.0753079298684526515735685009604226e-05	3.9452214682604031394188659186393622e-03
6.0842246778541673650940523211283182e-03	2.6652458601364117745465011553914041e-01	2.0809663178287859997455919135697213e-05	3.9505960970523206982083235231730206e-03
6.0666474092912560419830684759449287e-03	2.8233815515801080721515359589614990e-01	2.0869957823384654571746093914935684e-05	3.9563151573859641608914959485815325e-03
6.0480841993521923373992695422933927e-03	2.9817529435153211661961701012324260e-01	2.0934015020731928883002881621196103e-05	3.9623820587228918298982389736865599e-03
6.0285381521467392716425371679669400e-03	3.1403740211069818924412966739514014e-01	2.1001890144468040944051055930061123e-05	3.9688004377548631940169619805132492e-03
6.0080125464477433354201840026405531e-03	3.2992589196187735339293395530180829e-01	2.1073642269718431236326582098272766e-05	3.9755741641853879241003346669066969e-03
5.9865108368084502468336729479343827e-03	3.4584219338555810577928051014155688e-01	2.1149334294904891007519804494220340e-05	3.9827073469323405464268881004108046e-03
5.9640366547455752934292226698715677e-03	3.6178775278627587350668839464979530e-01	2.1229033073222489736697495594962363e-05	3.9902043407709450963577913015500524e-03
5.9405938099894829233691600366571466e-03	3.7776403449002413058553753254293351e-01	2.1312809553788890246729197243333824e-05	3.9980697534380282272997039504123253e-03
5.9161862918029185086756374522408861e-03	3.9377252177103933385747379967446522e-01	2.1400738933014476048700749264923846e-05	4.0063084532201425270796483370629034e-03
5.8908182703698270334833782069984583e-03	4.0981471790994313911380556331229304e-01	2.1492900816788827910316020838964447e-05	4.0149255770499846076312853623129896e-03
5.8644940982558891296427670051139120e-03	4.2589214728532690185330308194562740e-01	2.1589379394129961347857640735854588e-05	4.0239265391374862694838989188704656e-03
5.8372183119425046760418223806991703e-03	4.4200635650097310660846414830985842e-01	2.1690263622997754733079272002438398e-05	4.0333170401640541443932341290511021e-03
5.8089956334360584002352026205499786e-03	4.5815891555102670423420985005537879e-01	2.1795647429032579099333850669242688e-05	4.0431030770706873097072835045321426e-03
5.7798309719544108949383525205529741e-03	4.7435141902555702520229796508877505e-01	2.1905629918044749434484405092001583e-05	4.0532909534731283785697540790472216e-03
5.7497294256926725329739046760950844e-03	4.9058548735908869855451233744652208e-01	2.2020315603150566205782959672359390e-05	4.0638872907398178898379425148634713e-03
5.7186962836704373013238875187364608e-03	5.0686276812482862923713673506785351e-01	2.2139814647526972959749520241445560e-05	4.0748990397712424617378138033535647e-03
5.6867370276627789727848626393715050e-03	5.2318493737747643513941386143799411e-01	2.2264243123839850569564492052126068e-05	4.0863334935223139517340090708599084e-03
5.6538573342174437151275318386144937e-03	5.3955370104767876656368258654757369e-01	2.2393723291491399688347227892395645e-05	4.0981983003127116137773466818254445e-03
5.6200630767608116559494722015664635e-03	5.5597079639137466405098692157434684e-01	2.2528383892930706481322312613153144e-05	4.1105014779736860415032018315857263e-03
5.5853603277953455631676974831258206e-03	5.7243799349748069566748714959407538e-01	2.2668360470379306315815813603795232e-05	4.1232514288836891186320245235390404e-03
5.5497553611913981891689464939787939e-03	5.8895709685758230403178570463045914e-01	2.2813795704441317571964286860975140e-05	4.1364569559493876546478993760493047e-03
5.5132546545764115233915350576347887e-03	6.0552994700153296220781910886389077e-01	2.2964839776196585524009867870433904e-05	4.1501272795931723876623063945079231e-03
5.4758648918247118090487323872520821e-03	6.2215842220311689871193015463250153e-01	2.3121650754516451508330755149108073e-05	4.1642720558132246182334297608231718e-03
5.4375929656512843573884036439056004e-03	6.3884444026020596968439510960391026e-01	2.3284395010496583331838986210777258e-05	4.1789013953875898597022451082251413e-03
5.3984459803131026413018752730285726e-03	6.5558996035413856359578344284626261e-01	2.3453247661071266200530490811977873e-05	4.1940258842995759231979004024418818e-03
5.3584312544217876294295849813450783e-03	6.7239698499337024066955535293581760e-01	2.3628393044060336502322443982763034e-05	4.2096566054681911201507739765362285e-03
5.3175563238715866538135260280299022e-03	6.8926756204679436360425723498313740e-01	2.3810025227105424602876523427284503e-05	4.2258051618743216475958766071379365e-03
5.2758289448868871775515707487369902e-03	7.0620378687250872801191749578896216e-01	2.3998348553178469679775244184747893e-05	4.2424837011809768688374665262298636e-03
5.2332570971937206064570615100640252e-03	7.2320780454821386842057902294123321e-01	2.4193578225594954345884443049072352e-05	4.2597049419542753151181542448888387e-03
5.1898489873199658138662825037897669e-03	7.4028181220987330517999955949062325e-01	2.4395940935739652693047842811103529e-05	4.2774822016009789696423091200521122e-03
5.1456130520292324525817245578605087e-03	7.5742806150574883773819759914643446e-01	2.4605675537016905492274224149991561e-05	4.2958294261483938946233932914408428e-03
5.1005579618936916419832128025554201e-03	7.7464886117344876943261173985054010e-01	2.4823033768873930982647787190360786e-05	4.3147612220034368236978287574221086e-03
5.0546926250114275781150342939655357e-03	7.9194657974819776064089654115833237e-01	2.5048281035118291402411291760141849e-05	4.3342928898397267640466602050300948e-03
5.0080261908742094743698637662756947e-03	8.0932364841115839588578368341412014e-01	2.5281697241163711884524264665768458e-05	4.3544404607748177675854340838592162e-03
4.9605680543919305842478668859518965e-03	8.2678256398731156940860192726175412e-01	2.5523577695296915652242885287499696e-05	4.3752207350142784661499102243529825e-03
4.9123278600803316125663080199489388e-03	8.4432589210314106713819203867894607e-01	2.5774234079567586702243408642837532e-05	4.3966513231553971646479673465429171e-03
4.8633155064190214722152408831752382e-03	8.6195627051517351817252409121384625e-01	2.6033995496470348584723349686877213e-05	4.4187506903610188300537031989766026e-03
4.8135411503872311491902306553506727e-03	8.7967641262130519785057810245458879e-01	2.6303209598218980850437585270113451e-05	4.4415382036335945976814313798549352e-03
4.7630152121851886510380757947712965e-03	8.9748911116780979715030196942440558e-01	2.6582243806117216387159667513834678e-05	4.4650341824411627325684400678204869e-03
4.7117483801494870982876604170059049e-03	9.1539724216597496386741122590954662e-01	2.6871486628316768758898514673289781e-05	4.4892599529709280881373657855884204e-03
4.6597516158713366766968936761422761e-03	9.3340376903346995043946072952688107e-01	2.7171349085132467249966238470098824e-05	4.5142379063126433368381465850917669e-03
4.6070361595271473644832155697078941e-03	9.5151174697681303786909918927217529e-01	2.7482266252068821128668182673783890e-05	4.5399915609034353121891939816633550e-03
4.5536135354314863389623937529655596e-03	9.6972432763269785750951417682857169e-01	2.7804698931816087710617885120729173e-05	4.5665456295984223141754350605774965e-03
4.4994955578230953313822232783479403e-03	9.8804476398746614522282455928434318e-01	2.8139135467713167148804714000472503e-05	4.5939260917678411697698485400508505e-03
4.4446943368953428786140658032291135e-03	1.0064764155956964204994317645567439e+00	2.8486093712568010245273153424412081e-05	4.6221602708619110681639289950777533e-03
4.3892222850832287599894936529787075e-03	1.0250227541207311580828851425290621e+00	2.8846123168295160153086331414102403e-05	4.6512769179298352228819869667671939e-03
4.3330921236198577009808090321613302e-03	1.0436873692220090521416932879895592e+00	2.9219807313599322871219265543687163e-05	4.6813063016297876847138174047364991e-03
4.2763168893761619696099974830744548e-03	1.0624739748163263997330302749331634e+00	2.9607766138932118107601623237368902e-05	4.7122803053231455160259420034355964e-03
4.2189099419985836465689424344103569e-03	1.0813864157426478629038605364917045e+00	3.0010658910209586998108838643402465e-05	4.7442325319094024716834584501404690e-03
4.1608849713604336076434619443633411e-03	1.1004286748628507342650307131179810e+00	3.0429187185339147659618380167181561e-05	4.7771984171290544117690557893795488e-03
4.1022560053437328178478996919383662e-03	1.1196048806338510839676464487956964e+00	3.0864098110511295638055282356546156e-05	4.8112153521413322348507003209586160e-03
4.0430374179695203988581402950429607e-03	1.1389193151899620867026675190700734e+00	3.1316188026515654798147257835666867e-05	4.8463228162731898753338671582163634e-03
3.9832439378958909912867713149911469e-03	1.1583764229781169191586899415451855e+00	3.1786306419103964659103968663004400e-05	4.8825625209368363148076743918472580e-03
3.9228906573044111008440048559673780e-03	1.1779808199927994259694329131990812e+00	3.2275360251715590255413874116607571e-05	4.9199785658269563231416802950551620e-03
3.8619930411970714473364809527086766e-03	1.1977373036622208207599751975816917e+00	3.2784318723787833237894395705639214e-05	4.9586176086374793751424069139149111e-03
3.8005669371275721787605754757371580e-03	1.2176508634425236924558339039464073e+00	3.3314218503492053835265276973007593e-05	4.9985290496835204633373709980994970e-03
3.7386285853925239900325597683313127e-03	1.2377266921826586581704135600584344e+00	3.3866169490183238314795477897972639e-05	5.0397652329794819741970643025467523e-03
3.6761946297100961869949341896157748e-03	1.2579701983291483050038843196220812e+00	3.4441361169261970413272650358905297e-05	5.0823816655122510711673848404975072e-03
3.6132821284157699505486450896127140e-03	1.2783870190473246462949074270211932e+00	3.5041069630685720446107298094086974e-05	5.1264372566624370828842037855233255e-03
3.5499085662071810378977535283417931e-03	1.2989830343439123341280446008132189e+00	3.5666665332223106072723884918730140e-05	5.1719945799707549376297863955296528e-03
3.4860918664725829363528923499600209e-03	1.3197643822851601969164214869143693e+00	3.6319621699948904062428278566076574e-05	5.2191201597257774827300299639415279e-03
3.4218504042402539194288592307018295e-03	1.3407374754152490492525587070530841e+00	3.7001524671701781629245384570894043e-05	5.2678847851690120507890270833679715e-03
3.3572030197892376515589561642662630e-03	1.3619090184915995063812658361667135e+00	3.7714083304597112597643882768239881e-05	5.3183638554802916798865137726097654e-03
3.2921690329651787848818813840045892e-03	1.3832860276671741990018824599018874e+00	3.8459141585595036307969552801662798e-05	5.3706377591287287374920589750171784e-03
3.2267682582487285258299294589764317e-03	1.4048758512651533283751490496445719e+00	3.9238691605039673004180612139519460e-05	5.4247922916613636380743174450787112e-03
3.1610210206280915193377676571633219e-03	1.4266861923087409952981550942653873e+00	4.0054888277576877542018417741235340e-05	5.4809191165643543222490068344609812e-03
3.0949481723318114447150430994658064e-03	1.4487251329886612220493486618115651e+00	4.0910065823612214304294046254804470e-05	5.5391162744834695909649217728763201e-03
3.0285711104829019395253029417217637e-03	1.4710011612735146824479809920432068e+00	4.1806756258322220398114717873461329e-05	5.5994887468477936611712387913260934e-03
2.9619117957409831096987985228019436e-03	1.4935231998940477512946594344234298e+00	4.2747710175196724883084782832141126e-05	5.6621490808221709537992681238346286e-03
2.8949927720052522161542522186263870e-03	1.5163006379620770338740782957166170e+00	4.3735920158410158861161550385703831e-05	5.7272180835432214056599450742054072e-03
2.8278371872579809722650979085877168e-03	1.5393433655189595833174010536781221e+00	4.4774647214519092460745054304400981e-05	5.7948255947987943852482891425005772e-03
2.7604688156358844312139260820127731e-03	1.5626618113478697658458527838974242e+00	4.5867450680937516287420343626204915e-05	5.8651113487255459705722745121526616e-03
2.6929120808252554122812061828479934e-03	1.5862669844296567094843153468368115e+00	4.7018222148668857913665006948784373e-05	5.9382259367653700629030693663591399e-03
2.6251920808863286713015699033830477e-03	1.6101705194748133449043746507955110e+00	4.8231224032750586841358461238281539e-05	6.0143318860893426228203110182257322e-03
2.5573346146230756873484806024775467e-03	1.6343847270254155895547789188123639e+00	4.9511133539376619724498035190757782e-05	6.0936048700297863611260916307511691e-03
2.4893662096267031775292107428497659e-03	1.6589226486923905427219140152437772e+00	5.0863092918187334881504058498331396e-05	6.1762350698335512706441121194612882e-03
2.4213141521347340364972545445373184e-03	1.6837981181770884668610060427553722e+00	5.2292767057389900186128939419886378e-05	6.2624287103572552366641486449668892e-03
2.3532065188629202665950872394757261e-03	1.7090258288242296071133817673869416e+00	5.3806409685303929611022916705782832e-05	6.3524097962855383746067254246719419e-03
2.2850722109846465099073134288173460e-03	1.7346214085687634841642147082225762e+00	5.5410939693639210574746281210264227e-05	6.4464220802129115282150745870309525e-03
2.2169409904522521720923162345124417e-03	1.7606015032755616783899823775828527e+00	5.7114029406801778661341758776282903e-05	6.5447312996721663059712191442370525e-03
2.1488435188772114943522045787448043e-03	1.7869838696325364925735099392783425e+00	5.8924207002526012012347580138112126e-05	6.6476277271487814020823115892158889e-03
2.0808113992118180843885458299132728e-03	1.8137874789501494097289167551490302e+00	6.0850975761126490867528048515702599e-05	6.7554290855838934052302436872343478e-03
2.0128772205044650116634657940051860e-03	1.8410326334500778788717747487218047e+00	6.2904953408249729677967900622185335e-05	6.8684838922103792981693724220356031e-03
1.9450746060344427092787305731238714e-03	1.8687410969014642962958331673254268e+00	6.5098035551239756309827973831854397e-05	6.9871753062634451435512043580908371e-03
1.8774382651711757358422552625570186e-03	1.8969362417952557512642616615261659e+00	6.7443588134155118813183350331524718e-05	7.1119255717711673977783743902084432e-03
1.8100040493479300824113596145049494e-03	1.9256432156490241268228489291465170e+00	6.9956675006584906436540285528210856e-05	7.2432011660541155089012250093471689e-03
1.7428090125923916035234331433791719e-03	1.9548891295233203212463574968031585e+00	7.2654328190465578115241192991244489e-05	7.3815187887784524471319490343126944e-03
1.6758914771175421261764157264369902e-03	1.9847032724277804160327164176829070e+00	7.5555870335830946179237629351645996e-05	7.5274523567665681815557555463997466e-03
1.6092911045476582864471242512618155e-03	2.0151173560288046865780135198581942e+00	7.8683301313996456231092950126083691e-05	7.6816412080591346743224592148576493e-03
1.5430489734381441598553788663492650e-03	2.0461657949768560614213103232290570e+00	8.2061764086114136063541822505839468e-05	7.8447997673171502458696849754088584e-03
1.4772076638469046419785846731188103e-03	2.0778860292974629010392761842032680e+00	8.5720109154504381333545673405304653e-05	8.0177289867342933754655061351635685e-03
1.4118113498323431029917454187292636e-03	2.1103188966978621066570270256496532e+00	8.9691582396904019973576058178983641e-05	8.2013299564980602203509542056465276e-03
1.3469059008929294085093121458091887e-03	2.1435090644129802828009609392134721e+00	9.4014668378928894234036108345171367e-05	8.3966201823516204159088988807104259e-03
1.2825389935308201529197107132147854e-03	2.1775055324597358541039166332507615e+00	9.8734131013225203641795320032872256e-05	8.6047531630246081861339747714322784e-03
1.2187602343238224740360214602392341e-03	2.2123622230350942366658046958090182e+00	1.0390230664759701449100904674535621e-04	8.8270420784093612175498932253146077e-03
1.1556212961345384790752344621336164e-03	2.2481386744816475460916158932134531e+00	1.0958072270587495413710365428765971e-04	9.0649886360585668493954067705497712e-03
1.0931760693837454437772498358109132e-03	2.2849008630303464668645331786571840e+00	1.1584213989696177811023619558751052e-04	9.3203184411411735728431320919055993e-03
1.0314808306812121109537891432908636e-03	2.3227221817958999847054911138826588e+00	1.2277315073636542972896043908140192e-04	9.5950246853806459703366215950431764e-03
9.7059443155997335793051340447622029e-04	2.3616846147831982298366510610360180e+00	1.3047751616261542365710159931661188e-04	9.8914225401726809457570401704575504e-03
9.1057851062448890290769219587069390e-04	2.4018801547257925044193089867858295e+00	1.3908049217225511157656765777012642e-04	1.0212217456481257765782731872161011e-02
8.5149773313252588758815622725735454e-04	2.4434125285182365680277298287274261e+00	1.4873450012716234056300154703404905e-04	1.0560591721542895134971129464666300e-02
7.9342006293041265188626376856188381e-04	2.4863993144264930695312134045480786e+00	1.5962664416725993609164278950273064e-04	1.0940315255186433866126274125886875e-02
7.3641707281387992449608650017085480e-04	2.5309745635419982400730163064448008e+00	1.7198880331057818668468518723239157e-04	1.1355888986534224178039495516312645e-02
6.8056430087889141626456929461097436e-04	2.5772920776689214042870806915085303e+00	1.8611136727802041282434219358183634e-04	1.1812732612203453566009227740712769e-02
6.2594166238138402879116125439137410e-04	2.6255295525009319326708462884449363e+00	2.0236221543145292167490064201032972e-04	1.2317433705162330681382574034156797e-02
5.7263392921782548573617738991926049e-04	2.6758938771641105887381005623416080e+00	2.2121337971104829700123113632809776e-04	1.2878083011914171143156715407044877e-02
5.2073129262717910789398417357664072e-04	2.7286280027526040951276595676599087e+00	2.4327919942763303924318202884993255e-04	1.3504733012814750570211952623616904e-02
4.7033002948211531960953880069255764e-04	2.7840199759381545244045146317725545e+00	2.6937205505664708797349182093971453e-04	1.4210036304592134189925360126570876e-02
4.2153329916519132740807197884833579e-04	2.8424150170853892402474226553541119e+00	3.0058568101292251167901165004744997e-04	1.5010152211934435298668947957428680e-02
3.7445210742019109560062955569102380e-04	2.9042319714182125714741012873025534e+00	3.3842299802281032095930855234998544e-04	1.5926063646590642569372044970514969e-02
3.2920648717767554005758574435577116e-04	2.9699861947367978980225461935647794e+00	3.8499818212742966283586284861202373e-04	1.6985539535012253997407934123301741e-02
2.8592696656078441557062461128236583e-04	3.0403221718410188020653980055248842e+00	4.4336722432100646843897830352819776e-04	1.8226146797875516656381215087427543e-02
2.4475642514283391646524130546164460e-04	3.1160613337262974704065902032133885e+00	5.1809072140194166187136881407960903e-04	1.9700034389190850622700474442889651e-02
2.0585248824412133142087646689089087e-04	3.1982745130684290366899985366312296e+00	6.1623832359269649093440122465783171e-04	2.1481844932411370161129608969459254e-02
1.6939068895197800730242015754862993e-04	3.2883961528254802741683442980277207e+00	7.4928584426157006854751689635480736e-04	2.3682445832456569171022252668324670e-02
1.3556876469116529661557442798962750e-04	3.3884131722388186120350447111541005e+00	9.3695559958532497941259964301976616e-04	2.6474205445076648640591426122871883e-02
1.0461270388818894905759932487793569e-04	3.5011964791937254017060720389598316e+00	1.2156983485362166449360575350911811e-03	3.0141071577948455270060268980505231e-02
7.6785640891309645423823267146436182e-05	3.6311290155795122341865298716274067e+00	1.6596759442911781714739031057038786e-03	3.5187655378348149871172965182240289e-02
5.2401716536285231291509338222076645e-05	3.7854228898624431207744735000557330e+00	2.4413629302348780953552863535829185e-03	4.2609195445180830737238170590172622e-02
3.1849415191875598800748617650332993e-05	3.9773073962295192452791903068580431e+00	4.0514474636939955426420002352104347e-03	5.4694184911105034822380290213251030e-02
1.5635167053258307811340275270667999e-05	4.2356584382934961841105486325331463e+00	8.4747029882567555382406096682739282e-03	7.8229057564644351650462358038966470e-02
4.4512907983668050504303673956009726e-06	4.6488281435603927850047389418635096e+00	3.9622523044349216838972891545989833e-02	1.4901002276829897043940123173783745e-01
0.0000000000000000000000000000000000e+00	0.0000000000000000000000000000000000e+00	3.5197944912176593432433262927943395e-05	4.7814370563312519734591549539390715e-03