4.2779285247973243666421641639680194e-06	-4.6570280575847948720534308695073179e+00	3.9501538461283370992252521055693565e-02	1.4877543290672317458233557856213637e-01
1.5031458889181059756398948185312668e-05	-4.2445338876283245448073404289730740e+00	8.4454093633697843381409063534173775e-03	7.8092823543257570360037039908901954e-02
3.0628538608967235223502882860174958e-05	-3.9866491188059023577662168834397721e+00	4.0362356136761072477535390319548520e-03	5.4591066262805692575868258033482425e-02
5.0405726840733110898894113189431380e-05	-3.7951374604761452562132924606025422e+00	2.4315743428649980416609654919380234e-03	4.2523516415085423972709339935510283e-02
7.3877603349057423960537943672777599e-05	-3.6411620200000288235397976198295209e+00	1.6526438836278985340854852958843857e-03	3.5112928774778885449893266819681022e-02
1.0067176470690267803596371264791395e-04	-3.5115118268365170423198977964082185e+00	1.2102939242875285905113011475054453e-03	3.0073933592220848634180148393870831e-02
1.3048704841392204702344576512343541e-04	-3.3989849808529199150041136953844422e+00	9.3260814705941421142759083769895252e-04	2.6412667407232452808668114340454147e-02
1.6307117133786163469449818904729057e-04	-3.2992048645999427454941770370392425e+00	7.4567161790576644116440223344663079e-04	2.3625225507156367542485903565072775e-02
1.9820744795743347522510676684974576e-04	-3.2093047853422444926785491399528109e+00	6.1315805071386198691872594049899107e-04	2.1428062765957016760137064197759368e-02
2.3570626664578378555708482807172705e-04	-3.1273007876314627475934738608063250e+00	5.1541404073645587157727731153087250e-04	1.9649058316458930005264275537727837e-02
2.7539929521669868992050789137038751e-04	-3.0517605996302285895183022938978600e+00	4.4100472359340692860146922044244383e-04	1.8177505817361513617226954730747780e-02
3.1713536348955025983338114617652954e-04	-2.9816150315583927149372662961361982e+00	3.8288616990507455366934648482466318e-04	1.6938872291236315603831757622163668e-02
3.6077743305190902520475886464964490e-04	-2.9160439287948379500865606268868299e+00	3.3651467733473839783593986015253826e-04	1.5881086192969105017976800679090710e-02
4.0620030271471192243141525507824638e-04	-2.8544038200576010397322575829132571e+00	2.9884576822407006005394153320146265e-04	1.4966636918047569833159868087719882e-02
4.5328882956594718003532279460602859e-04	-2.7961801692988477277660334570627338e+00	2.6777335886782812152270305490959829e-04	1.4167797557412035275011543347627637e-02
5.0193652208747015382635875305256105e-04	-2.7409548048520469754560381545651671e+00	2.4180036787361206626183370256398807e-04	1.3463617229207665717511275705964153e-02
5.5204440848084031286142677670178990e-04	-2.6883830673868571228143327246207018e+00	2.1983737093795189158272911324524024e-04	1.2837961481590011551386982149731631e-02
6.0352011292487443777522601671887662e-04	-2.6381773831508860299473609832096608e+00	2.0107523230369715870697669995507957e-04	1.2278197346958081335113801440506548e-02
6.5627709185114273040929937937566413e-04	-2.5900952039177802539657317980615418e+00	1.8490209801870190929956896357347293e-04	1.1774288056990229267098048382531964e-02
7.1023399536458118618076084131701694e-04	-2.5439299869910386282307600859581079e+00	1.7084786928539339216070625935977069e-04	1.1318155600651872658859847956630237e-02
7.6531412793890984337393428438141059e-04	-2.4995043370945863182919502422881898e+00	1.5854619107726851178751960169289174e-04	1.0903222843934524060933368585429261e-02
8.2144498886795737804225469022655928e-04	-2.4566647149306933180714131382190600e+00	1.4770789050105653825303233814770071e-04	1.0524078733092332787938179290563660e-02
8.7855787752242232826200275399680586e-04	-2.4152773003789697398128746466694940e+00	1.3810207071362014692900755900298199e-04	1.0176229559857993150659766649335740e-02
9.3658755180481226232768843464132287e-04	-2.3752247196859037897221757764972283e+00	1.2954242835223504793961198163235967e-04	9.8559114868600985237355170316757310e-03
9.9547193068018577207401680507246302e-04	-2.3364034280961921651612676757463337e+00	1.2187720093933016215732946615478330e-04	9.5599473887420340820117533371675296e-03
1.0551518335333677817212911161031423e-03	-2.2987215959617295348105472783116449e+00	1.1498167916963871910222451444151560e-04	9.2856362250989961163572577714435495e-03
1.1155707505333032667423615745440835e-03	-2.2620973860301588944294590159454290e+00	1.0875255920639321802599407264227345e-04	9.0306666167105126960043740901822773e-03
1.1766746392897537330638409281925959e-03	-2.2264575378548284158111475720939500e+00	1.0310363344347538076181845053266682e-04	8.7930486510865062557909177019406546e-03
1.2384117439498568914683726982894478e-03	-2.1917361956603187151398915950789203e+00	9.7962467418300583733429841491172787e-05	8.5710595737446523545883379318603261e-03
1.3007324335619296229536395556471259e-03	-2.1578739309163579383995726418543365e+00	9.3267811912800598333378204287374049e-05	8.3632001673892634133387081955946247e-03
1.3635890570747874650755830629160969e-03	-2.1248169219191660694818847948881733e+00	8.8967569158921013231838243919932625e-05	8.1681594373626437165947694397155237e-03
1.4269358127748158008385222624667293e-03	-2.0925162609497316644794256058192994e+00	8.5017180918436151471411975229915525e-05	7.9847858105427266188830524909883768e-03
1.4907286303139250104798881339906255e-03	-2.0609273658350059977798458804128270e+00	8.1378340804015111584677391438202743e-05	7.8120634846102231928708464752000235e-03
1.5549250637673221453225400323646426e-03	-2.0300094775166394267309436710915496e+00	7.8017958005056209286707416412759665e-05	7.6490928816968657154269243269081058e-03
1.6194841943943955775910414936597475e-03	-1.9997252289146387325094848904348699e+00	7.4907317553896233197267591828351062e-05	7.4950743967721365326515156282277348e-03
1.6843665419694170841570249298739145e-03	-1.9700402732354143495157170234223459e+00	7.2021395430655676314456054113966151e-05	7.3492948089670166765303611811147860e-03
1.7495339837093276376974058268221803e-03	-1.9409229621155431536518493803690467e+00	6.9338296540074399236043066685051514e-05	7.2111158590459726100433273306218252e-03
1.8149496799599143400543679380521358e-03	-1.9123440657616180109168168749536996e+00	6.6838790860244574967707693363346394e-05	7.0799645995954089088461264930528836e-03
1.8805780059141774927982344717440919e-03	-1.8842765286522397239341474295300120e+00	6.4505928534209493864772021900149523e-05	6.9553252042438099953624312975328176e-03
1.9463844887315630472174721069421426e-03	-1.8566952554925056982259110080869387e+00	6.2324718828316729505432865214539906e-05	6.8367319842160286697868543596228742e-03
2.0123357495071311573412916024170439e-03	-1.8295769230161701605981633756602654e+00	6.0281861057914880756561508842376857e-05	6.7237634090446126780483446887111290e-03
2.0783994496081593962510591964237053e-03	-1.8028998139631121757561237389575221e+00	5.8365518028682870937589551444258296e-05	6.6160369664921898367805866631863823e-03
2.1445442409541662966542513868536768e-03	-1.7766436701559791473939826381476236e+00	5.6565124440911076878606092760207319e-05	6.5132047270518863726610683208127053e-03
2.2107397198665312388770828833022177e-03	-1.7507895620877718497102252139635079e+00	5.4871224187060987904126139275545374e-05	6.4149495025706451438421292053601913e-03
2.2769563841571209004624572436316812e-03	-1.7253197728333861116273910433538228e+00	5.3275331638262721683271699733128934e-05	6.3209815079339144860478368004514398e-03
2.3431655931627092054555963595557867e-03	-1.7002176944296870547740821174869716e+00	5.1769812936536926476048143293375870e-05	6.2310354503898964185853544077507547e-03
2.4093395304644018040396150673004492e-03	-1.6754677351439108171293860196517476e+00	5.0347784041727914874538942453493562e-05	6.1448679837686037947861790231694041e-03
2.4754511690594961851692559278418422e-03	-1.6510552362796284264410921511861955e+00	4.9003022867284465328940597299716765e-05	6.0622554751767885612625781918157804e-03
2.5414742387778466568399744916958988e-03	-1.6269663973615716228896365256475829e+00	4.7729893309053558724561353429639187e-05	5.9829920401996672075819407160263084e-03
2.6073831957563787255350291816012063e-03	-1.6031882087020335228021151951365411e+00	4.6523279350657894635855541567574125e-05	5.9068878095858971685750265118997520e-03
2.6731531938043447796169213518835299e-03	-1.5797083904877218746830001598031803e+00	4.5378527736717095590500283197422570e-05	5.8337673961255880147478655720057269e-03
2.7387600575085982010637847365044289e-03	-1.5565153376412236980119823112191185e+00	4.4291397955819787527896497795018945e-05	5.7634685351831297310201332783507284e-03
2.8041802569428948458319142153508563e-03	-1.5335980698091782949928766101513742e+00	4.3258018480211124160573245846455407e-05	5.6958408763006478809535393316783064e-03
2.8693908838582707805102253905182590e-03	-1.5109461859127364192256812808925865e+00	4.2274848377611153523316796082435136e-05	5.6307449065902830200872799525881646e-03
2.9343696292431155301187689588753511e-03	-1.4885498227672678548151970960903130e+00	4.1338643549505804471162754876151614e-05	5.5680509894015576218478087444041797e-03
2.9990947621518504217452700560021693e-03	-1.4663996173395075772236275231845480e+00	4.0446426965264169454546821998758747e-05	5.5076385040783122631086147951375012e-03
3.0635451097102940253725427497550432e-03	-1.4444866722630018199876262779874590e+00	3.9595462356997468273606828472338463e-05	5.4493950745844658418783479160830862e-03
3.1277000382139902834922492273855243e-03	-1.4228025242781540415055782517686244e+00	3.8783230919754889585804517876130900e-05	5.3932158764412215778609872336496134e-03
3.1915394352431093514802078961392089e-03	-1.4013391153024771071652289521759749e+00	3.8007410628313682106063155415045584e-05	5.3390030128308764868193581984964545e-03
3.2550436927241096846819791382982650e-03	-1.3800887658707490378522667385130934e+00	3.7265857837773954567247548418589315e-05	5.2866649519254822231943867856627978e-03
3.3181936908742618180656738712737188e-03	-1.3590441507144124142531032424853076e+00	3.6556590882280638768319725629202257e-05	5.2361160185262386470742175934468464e-03
3.3809707829704570502910888241687542e-03	-1.3381982762753954860545399987545935e+00	3.5877775425983239517946028192204039e-05	5.1872759339796909563167902964287931e-03
3.4433567808885252140148505491999403e-03	-1.3175444599721078040611048832462531e+00	3.5227711354045249595634180754085236e-05	5.1400693990927124361055653444415246e-03
3.5053339413636235846041005077605693e-03	-1.2970763110551319288497581668528736e+00	3.4604821020141377361977769685310123e-05	5.0944257154191079353562759099207108e-03
3.5668849529261850251553084811106928e-03	-1.2767877129074824692206443617970861e+00	3.4007638691262723642828905025465849e-05	5.0502784408524651165771519114525624e-03
3.6279929234714725792140314406153371e-03	-1.2566728066595628815016222454254475e+00	3.3434801051471942150760587930501337e-05	5.0075650759459665285431332359800149e-03
3.6886413684240192934686344625223709e-03	-1.2367259760023987342892438152208558e+00	3.2885038644077541827329118896341751e-05	4.9662267778014382474049450079622970e-03
3.7488141994611707148608864942418946e-03	-1.2169418330946021296188136976663858e+00	3.2357168146997384855396322304131517e-05	4.9262080987363405310783490107092264e-03
3.8084957137626237743635655904992203e-03	-1.1973152054690298117067985397219653e+00	3.1850085389245601796617411227504456e-05	4.8874567472566097583456751469650219e-03
3.8676705837552965808866013406128834e-03	-1.1778411238544122596723884925178339e+00	3.1362759027829317117672290435489611e-05	4.8499233691419149696460341748456290e-03
3.9263238473250928292214726469023215e-03	-1.1585148108355032469544101738009515e+00	3.0894224814153248469839984367313270e-05	4.8135613466936479800436962040147156e-03
3.9844408984691631880676017294639430e-03	-1.1393316702826586239890003007716190e+00	3.0443580387529014989624021886093988e-05	4.7783266144096193397824403698987228e-03
4.0420074783641329197215795914019130e-03	-1.1202872774883114102491893437842226e+00	3.0009980540763176663163238300324551e-05	4.7441774895370634978181550268920855e-03
4.0990096668274767581915019740028692e-03	-1.1013773699536645609004041053207562e+00	2.9592632909214850254497266511547665e-05	4.7110745161206447008201440131985400e-03
4.1554338741507935830610916600117887e-03	-1.0825978387741570267807130450412156e+00	2.9190794040306409625849582208252564e-05	4.6789803213076742712849723687468224e-03
4.2112668332851779182535884522432282e-03	-1.0639447205769459670503348690974098e+00	2.8803765805354623363502559408656625e-05	4.6478594828012474426026122541033570e-03
4.2664955923602145953029471770699630e-03	-1.0454141899678517712650148103167483e+00	2.8430892119862520151528066514249867e-05	4.6176784064656709061446108194677750e-03
4.3211075075193476449455253509644349e-03	-1.0270025524489883558177349244013647e+00	2.8071555942157603061961082653235965e-05	4.5884052131892621804684659315879371e-03
4.3750902360555041164069523991447775e-03	-1.0087062377716974835320167348089357e+00	2.7725176523550787099791979815999126e-05	4.5600096341989809008677260743967556e-03
4.4284317298318965970302732428623953e-03	-9.9052179369246504827357066727897382e-01	2.7391206886083306554875941711666690e-05	4.5324629141008013124833053393027359e-03
4.4811202289738923813012331789822963e-03	-9.7244588010225658738806448397453138e-01	2.7069131506477806272947506171221883e-05	4.5057377209904673471702561741283050e-03
4.5331442558187294189617091955098577e-03	-9.5447526350220143432729163298164939e-01	2.6758464187159494001568144778731462e-05	4.4798080630423382795941930254297080e-03
4.5844926091106855782080312632018920e-03	-9.3660681180080868148714440021583923e-01	2.6458746097201936698275557177577974e-05	4.4546492110403476802840265464039364e-03
4.6351543584300740081548932310865957e-03	-9.1883748940993885887095375285443079e-01	2.6169543967812867214168737713446262e-05	4.4302376263654563292873718753610566e-03
4.6851188388451485512461223194554632e-03	-9.0116435261860534742829511541052153e-01	2.5890448428536741952413164158982129e-05	4.4065508939990741482863454596838509e-03
4.7343756457766638354788836406594732e-03	-8.8358454522535884481949370013487936e-01	2.5621072471737410153893129866456357e-05	4.3835676601423624775642237413710935e-03
4.7829146300654490314075236203744993e-03	-8.6609529441153422860081366119244052e-01	2.5361050034157479316793295132953618e-05	4.3612675740876357987757730488424216e-03
4.8307258932339260670256092008388426e-03	-8.4869390683902747675338491982725603e-01	2.5110034685449323108685757598179416e-05	4.3396312340107253674908097403710497e-03
4.8777997829330357856642834295609843e-03	-8.3137776495753472817668369106100060e-01	2.4867698414552289396041850657079714e-05	4.3186401363825534646219606257861824e-03
4.9241268885665322279726435057487087e-03	-8.1414432350733838871693427972144260e-01	2.4633730505665555533916658660816089e-05	4.2982766287246541132918944961748774e-03
4.9696980370850687593385030027895165e-03	-7.9699110620477736020917787950931312e-01	2.4407836496348481294207701599707430e-05	4.2785238654572793058340509828160341e-03
5.0145042889429327376511790086789559e-03	-7.7991570259849975574217108586642986e-01	2.4189737210980915195895012016470170e-05	4.2593657666103269098691103299865615e-03
5.0585369342106901852497693280628357e-03	-7.6291576508547558429209524260287564e-01	2.3979167863444069142874592595354440e-05	4.2407869791868628060337267619704833e-03
5.1017874888373806508112339072913847e-03	-7.4598900607655163955498689980755167e-01	2.3775877223446483671316160617103541e-05	4.2227728409867023705012204511826947e-03
5.1442476910562570945898283239723223e-03	-7.2913319530206819226063219726595719e-01	2.3579626841426453059217188938272041e-05	4.2053093467135572124389975262564331e-03
5.1859094979283980094931172683434821e-03	-7.1234615724873332005679948255148821e-01	2.3390190327418386209803930943235523e-05	4.1883831162038123913571341485030079e-03
5.2267650820188307553624360567732901e-03	-6.9562576871957142996694036956962621e-01	2.3207352679681508080721483996240717e-05	4.1719813646282283456391579863683811e-03
5.2668068282000977518181312791068825e-03	-6.7896995650933278102355855894396995e-01	2.3030909659259960019488251959318083e-05	4.1560918745298948466808067867851826e-03
5.3060273305784721390694961499695329e-03	-6.6237669518827513736014422279142773e-01	2.2860667206978062481772664866231565e-05	4.1407029695727210669979386988309913e-03
5.3444193895382880561833589126843589e-03	-6.4584400498771116149013894878099423e-01	2.2696440899677084076700062887117888e-05	4.1258034898847329152779448528135739e-03
5.3819760089000939798138672897966434e-03	-6.2936994978115947758198348352014027e-01	2.2538055442773700482333089416263076e-05	4.1113827688895612652740810977680462e-03
5.4186903931885666972901909554832276e-03	-6.1295263515534681948052863584606289e-01	2.2385344196468423759329298285529363e-05	4.0974306115278275652446149420739674e-03
5.4545559450063394551658295299434949e-03	-5.9659020656568633076549110135354166e-01	2.2238148733157296994135822093324424e-05	4.0839372737777425664166847154793640e-03
5.4895662625101015492667811085528018e-03	-5.8028084757120561929900946675430726e-01	2.2096318423804443938007091046990790e-05	4.0708934433911976147585464735640760e-03
5.5237151369855189556391702039755626e-03	-5.6402277814422004372607058068639398e-01	2.1959710051218739934828790894050056e-05	4.0582902217680071286291704196413831e-03
5.5569965505177073297345151947305540e-03	-5.4781425305034415023858814160976009e-01	2.1828187448346800324156092530628412e-05	4.0461191068968103015047529275210480e-03
5.5894046737541605508376769747817358e-03	-5.3165356029470920291694725256528299e-01	2.1701621159848334053626140388982727e-05	4.0343719772965089329981976348277117e-03
5.6209338637572006333514449531854125e-03	-5.1553901963050919174636386000148401e-01	2.1579888125360172603520389556694727e-05	4.0230410768970508677985172905874851e-03
5.6515786619431688899519109106295752e-03	-4.9946898112623322256356764301614419e-01	2.1462871382983288256858607559412297e-05	4.0121190008029046723347196725651745e-03
5.6813337921057242924640195690240861e-03	-4.8344182378816030492033676643608639e-01	2.1350459791644051777168398626313937e-05	4.0015986818867468377992495432188145e-03
5.7101941585207535717952495705124853e-03	-4.6745595423489463279636444487493111e-01	2.1242547771087913999178601777166199e-05	3.9914733781647303958764130554049359e-03
5.7381548441305292276398732020093105e-03	-4.5150980542090675159282634909143414e-01	2.1139035058361584833181253993686753e-05	3.9817366609082526690522895498616835e-03
5.7652111088048767463070584755650618e-03	-4.3560183540621966376978351968128767e-01	2.1039826479729485042194869186503905e-05	3.9723824034504164492733881914223089e-03
5.7913583876772313833187603010695571e-03	-4.1973052616953998487624008025861015e-01	2.0944831737052532231983519330840621e-05	3.9634047706484071986899867930584180e-03
5.8165922895535782593669203226107471e-03	-4.0389438246228367021567803614505102e-01	2.0853965207732886796845940290266826e-05	3.9547982089658106399577833922330859e-03
5.8409085953923776198099425510069009e-03	-3.8809193070108445578835104938763196e-01	2.0767145757397751195132666208468257e-05	3.9465574371414900826842459359600623e-03
5.8643032568536802702990556744042391e-03	-3.7232171789650178602525466238091213e-01	2.0684296564559250585138719356668064e-05	3.9386774374140489411417265762118667e-03
5.8867723949157367527034185272364437e-03	-3.5658231061576435737558481375648944e-01	2.0605344956546333446902825970334645e-05	3.9311534472731374369326757121425551e-03
5.9083122985574980736007977368136750e-03	-3.4087229397749615101205730869030944e-01	2.0530222256058977345701158362237619e-05	3.9239809517109382903762785323012239e-03
5.9289194235054960302554683969265089e-03	-3.2519027067647456307895596510747571e-01	2.0458863637745183748061849767583880e-05	3.9171556759490978152239969790814925e-03
5.9485903910436776664828902712941867e-03	-3.0953486003656551862820619208676503e-01	2.0391207994247673988707928379546242e-05	3.9106735786181685912708486092012623e-03
5.9673219868848513870177730099838135e-03	-2.9390469709006878005325710941850789e-01	2.0327197811210198347939390834766108e-05	3.9045308453683090837208301237325112e-03
5.9851111601024820028332176639794172e-03	-2.7829843168178849364177737166353387e-01	2.0266779050773252672710706558423610e-05	3.8987238828915545344337368899194988e-03
6.0019550221216486963448912438341272e-03	-2.6271472759621978048348609828367492e-01	2.0209901043126044966945347605938000e-05	3.8932493133374416333515436072626883e-03
6.0178508457680537968988109698796174e-03	-2.4715226170631225577719078665119815e-01	2.0156516385716025679460239860475760e-05	3.8881039691051455759956731275065475e-03
6.0327960643740415440217153857397537e-03	-2.3160972314233610565300634094296568e-01	2.0106580849749425320616548623492024e-05	3.8832848879965801119153889044350466e-03
6.0467882709406548785176350488600667e-03	-2.1608581247943608437725143837098655e-01	2.0060053293646246667576085981128552e-05	3.8787893087161264451281259329962498e-03
6.0598252173548249196908982707712946e-03	-2.0057924094251381039453889614048128e-01	2.0016895583141233235045645848893158e-05	3.8746146667038021481841671818273186e-03
6.0719048136608523318177150696424891e-03	-1.8508872962712930413847291562624497e-01	1.9977072517748661779414137056768418e-05	3.8707585902897628720125003158434406e-03
6.0830251273854024172846265225586950e-03	-1.6961300873515906680385829808547058e-01	1.9940551763333550778876592483148216e-05	3.8672188971590533894068505590453321e-03
6.0931843829152966528464442656554697e-03	-1.5415081682399036779989961193691446e-01	1.9907303790555192559113476604106164e-05	3.8639935911164958027119301608565282e-03
6.1023809609274426576613295678387957e-03	-1.3870090006806998902835865248556034e-01	1.9877301818970945930281872640234820e-05	3.8610808591425266070607209444552329e-03
6.1106133978703023893496464078352975e-03	-1.2326201153166064664158094615681102e-01	1.9850521766609100492563608160675214e-05	3.8584790687316754287806031900793459e-03
6.1178803854963548438853546856927149e-03	-1.0783291045168983753083509118830475e-01	1.9826942204839465637294268948254450e-05	3.8561867655062210577936794149715799e-03
6.1241807704450648181909721095870418e-03	-9.2412361529604083399936769939498522e-02	1.9806544318389261107055603985841814e-05	3.8542026710983690034466817191697806e-03
6.1295135538759235078665231224778643e-03	-7.6999134231166598733485311040348549e-02	1.9789311870369999036016569709641390e-05	3.8525256812950731330799227498377795e-03
6.1338778911511799795122968063686450e-03	-6.1592002093158403903584066020540240e-02	1.9775231172198450678352303946975280e-05	3.8511548644403757052402777210697643e-03
6.1372730915679349970360806740969139e-03	-4.6189742035961940257806891540458909e-02	1.9764291058311580126562856395601407e-05	3.8500894600908688100887468719580092e-03
6.1396986181393204105201408894986366e-03	-3.0791133681022405694978063989908226e-02	1.9756482865591593136296795967811103e-05	3.8493288779205892500631259388438453e-03
6.1411540874245384483795896956670745e-03	-1.5394958672195389148114374726100457e-02	1.9751800417433078672157697258058629e-05	3.8488726968723514757248380651258056e-03
6.1416392694075859001854841343878803e-03	0.0000000000000000000000000000000000e+00	1.9750240012399697654898440870197588e-05	3.8487206645532024681156254925195728e-03
6.1411540874245384483795896956670745e-03	1.5394958672195389148114374726100457e-02	1.9751800417433078672157697258058629e-05	3.8488726968723514757248380651258056e-03
6.1396986181393204105201408894986366e-03	3.0791133681022405694978063989908226e-02	1.9756482865591593136296795967811103e-05	3.8493288779205892500631259388438453e-03
6.1372730915679349970360806740969139e-03	4.6189742035961940257806891540458909e-02	1.9764291058311580126562856395601407e-05	3.8500894600908688100887468719580092e-03
6.1338778911511799795122968063686450e-03	6.1592002093158403903584066020540240e-02	1.9775231172198450678352303946975280e-05	3.8511548644403757052402777210697643e-03
6.1295135538759235078665231224778643e-03	7.6999134231166598733485311040348549e-02	1.9789311870369999036016569709641390e-05	3.8525256812950731330799227498377795e-03
6.1241807704450648181909721095870418e-03	9.2412361529604083399936769939498522e-02	1.9806544318389261107055603985841814e-05	3.8542026710983690034466817191697806e-03
6.1178803854963548438853546856927149e-03	1.0783291045168983753083509118830475e-01	1.9826942204839465637294268948254450e-05	3.8561867655062210577936794149715799e-03
6.1106133978703023893496464078352975e-03	1.2326201153166064664158094615681102e-01	1.9850521766609100492563608160675214e-05	3.8584790687316754287806031900793459e-03
6.1023809609274426576613295678387957e-03	1.3870090006806998902835865248556034e-01	1.9877301818970945930281872640234820e-05	3.8610808591425266070607209444552329e-03
6.0931843829152966528464442656554697e-03	1.5415081682399036779989961193691446e-01	1.9907303790555192559113476604106164e-05	3.8639935911164958027119301608565282e-03
6.0830251273854024172846265225586950e-03	1.6961300873515906680385829808547058e-01	1.9940551763333550778876592483148216e-05	3.8672188971590533894068505590453321e-03
6.0719048136608523318177150696424891e-03	1.8508872962712930413847291562624497e-01	1.9977072517748661779414137056768418e-05	3.8707585902897628720125003158434406e-03
6.0598252173548249196908982707712946e-03	2.0057924094251381039453889614048128e-01	2.0016895583141233235045645848893158e-05	3.8746146667038021481841671818273186e-03
6.0467882709406548785176350488600667e-03	2.1608581247943608437725143837098655e-01	2.0060053293646246667576085981128552e-05	3.8787893087161264451281259329962498e-03
6.0327960643740415440217153857397537e-03	2.3160972314233610565300634094296568e-01	2.0106580849749425320616548623492024e-05	3.8832848879965801119153889044350466e-03
6.0178508457680537968988109698796174e-03	2.4715226170631225577719078665119815e-01	2.0156516385716025679460239860475760e-05	3.8881039691051455759956731275065475e-03
6.0019550221216486963448912438341272e-03	2.6271472759621978048348609828367492e-01	2.0209901043126044966945347605938000e-05	3.8932493133374416333515436072626883e-03
5.9851111601024820028332176639794172e-03	2.7829843168178849364177737166353387e-01	2.0266779050773252672710706558423610e-05	3.8987238828915545344337368899194988e-03
5.9673219868848513870177730099838135e-03	2.9390469709006878005325710941850789e-01	2.0327197811210198347939390834766108e-05	3.9045308453683090837208301237325112e-03
5.9485903910436776664828902712941867e-03	3.0953486003656551862820619208676503e-01	2.0391207994247673988707928379546242e-05	3.9106735786181685912708486092012623e-03
5.9289194235054960302554683969265089e-03	3.2519027067647456307895596510747571e-01	2.0458863637745183748061849767583880e-05	3.9171556759490978152239969790814925e-03
5.9083122985574980736007977368136750e-03	3.4087229397749615101205730869030944e-01	2.0530222256058977345701158362237619e-05	3.9239809517109382903762785323012239e-03
5.8867723949157367527034185272364437e-03	3.5658231061576435737558481375648944e-01	2.0605344956546333446902825970334645e-05	3.9311534472731374369326757121425551e-03
5.8643032568536802702990556744042391e-03	3.7232171789650178602525466238091213e-01	2.0684296564559250585138719356668064e-05	3.9386774374140489411417265762118667e-03
5.8409085953923776198099425510069009e-03	3.8809193070108445578835104938763196e-01	2.0767145757397751195132666208468257e-05	3.9465574371414900826842459359600623e-03
5.8165922895535782593669203226107471e-03	4.0389438246228367021567803614505102e-01	2.0853965207732886796845940290266826e-05	3.9547982089658106399577833922330859e-03
5.7913583876772313833187603010695571e-03	4.1973052616953998487624008025861015e-01	2.0944831737052532231983519330840621e-05	3.9634047706484071986899867930584180e-03
5.7652111088048767463070584755650618e-03	4.3560183540621966376978351968128767e-01	2.1039826479729485042194869186503905e-05	3.9723824034504164492733881914223089e-03
5.7381548441305292276398732020093105e-03	4.5150980542090675159282634909143414e-01	2.1139035058361584833181253993686753e-05	3.9817366609082526690522895498616835e-03
5.7101941585207535717952495705124853e-03	4.6745595423489463279636444487493111e-01	2.1242547771087913999178601777166199e-05	3.9914733781647303958764130554049359e-03
5.6813337921057242924640195690240861e-03	4.8344182378816030492033676643608639e-01	2.1350459791644051777168398626313937e-05	4.0015986818867468377992495432188145e-03
5.6515786619431688899519109106295752e-03	4.9946898112623322256356764301614419e-01	2.1462871382983288256858607559412297e-05	4.0121190008029046723347196725651745e-03
5.6209338637572006333514449531854125e-03	5.1553901963050919174636386000148401e-01	2.1579888125360172603520389556694727e-05	4.0230410768970508677985172905874851e-03
5.5894046737541605508376769747817358e-03	5.3165356029470920291694725256528299e-01	2.1701621159848334053626140388982727e-05	4.0343719772965089329981976348277117e-03
5.5569965505177073297345151947305540e-03	5.4781425305034415023858814160976009e-01	2.1828187448346800324156092530628412e-05	4.0461191068968103015047529275210480e-03
5.5237151369855189556391702039755626e-03	5.6402277814422004372607058068639398e-01	2.1959710051218739934828790894050056e-05	4.0582902217680071286291704196413831e-03
5.4895662625101015492667811085528018e-03	5.8028084757120561929900946675430726e-01	2.2096318423804443938007091046990790e-05	4.0708934433911976147585464735640760e-03
5.4545559450063394551658295299434949e-03	5.9659020656568633076549110135354166e-01	2.2238148733157296994135822093324424e-05	4.0839372737777425664166847154793640e-03
5.4186903931885666972901909554832276e-03	6.1295263515534681948052863584606289e-01	2.2385344196468423759329298285529363e-05	4.0974306115278275652446149420739674e-03
5.3819760089000939798138672897966434e-03	6.2936994978115947758198348352014027e-01	2.2538055442773700482333089416263076e-05	4.1113827688895612652740810977680462e-03
5.3444193895382880561833589126843589e-03	6.4584400498771116149013894878099423e-01	2.2696440899677084076700062887117888e-05	4.1258034898847329152779448528135739e-03
5.3060273305784721390694961499695329e-03	6.6237669518827513736014422279142773e-01	2.2860667206978062481772664866231565e-05	4.1407029695727210669979386988309913e-03
5.2668068282000977518181312791068825e-03	6.7896995650933278102355855894396995e-01	2.3030909659259960019488251959318083e-05	4.1560918745298948466808067867851826e-03
5.2267650820188307553624360567732901e-03	6.9562576871957142996694036956962621e-01	2.3207352679681508080721483996240717e-05	4.1719813646282283456391579863683811e-03
5.1859094979283980094931172683434821e-03	7.1234615724873332005679948255148821e-01	2.3390190327418386209803930943235523e-05	4.1883831162038123913571341485030079e-03
5.1442476910562570945898283239723223e-03	7.2913319530206819226063219726595719e-01	2.3579626841426453059217188938272041e-05	4.2053093467135572124389975262564331e-03
5.1017874888373806508112339072913847e-03	7.4598900607655163955498689980755167e-01	2.3775877223446483671316160617103541e-05	4.2227728409867023705012204511826947e-03
5.0585369342106901852497693280628357e-03	7.6291576508547558429209524260287564e-01	2.3979167863444069142874592595354440e-05	4.2407869791868628060337267619704833e-03
5.0145042889429327376511790086789559e-03	7.7991570259849975574217108586642986e-01	2.4189737210980915195895012016470170e-05	4.2593657666103269098691103299865615e-03
4.9696980370850687593385030027895165e-03	7.9699110620477736020917787950931312e-01	2.4407836496348481294207701599707430e-05	4.2785238654572793058340509828160341e-03
4.9241268885665322279726435057487087e-03	8.1414432350733838871693427972144260e-01	2.4633730505665555533916658660816089e-05	4.2982766287246541132918944961748774e-03
4.8777997829330357856642834295609843e-03	8.3137776495753472817668369106100060e-01	2.4867698414552289396041850657079714e-05	4.3186401363825534646219606257861824e-03
4.8307258932339260670256092008388426e-03	8.4869390683902747675338491982725603e-01	2.5110034685449323108685757598179416e-05	4.3396312340107253674908097403710497e-03
4.7829146300654490314075236203744993e-03	8.6609529441153422860081366119244052e-01	2.5361050034157479316793295132953618e-05	4.3612675740876357987757730488424216e-03
4.7343756457766638354788836406594732e-03	8.8358454522535884481949370013487936e-01	2.5621072471737410153893129866456357e-05	4.3835676601423624775642237413710935e-03
4.6851188388451485512461223194554632e-03	9.0116435261860534742829511541052153e-01	2.5890448428536741952413164158982129e-05	4.4065508939990741482863454596838509e-03
4.6351543584300740081548932310865957e-03	9.1883748940993885887095375285443079e-01	2.6169543967812867214168737713446262e-05	4.4302376263654563292873718753610566e-03
4.5844926091106855782080312632018920e-03	9.3660681180080868148714440021583923e-01	2.6458746097201936698275557177577974e-05	4.4546492110403476802840265464039364e-03
4.5331442558187294189617091955098577e-03	9.5447526350220143432729163298164939e-01	2.6758464187159494001568144778731462e-05	4.4798080630423382795941930254297080e-03
4.4811202289738923813012331789822963e-03	9.7244588010225658738806448397453138e-01	2.7069131506477806272947506171221883e-05	4.5057377209904673471702561741283050e-03
4.4284317298318965970302732428623953e-03	9.9052179369246504827357066727897382e-01	2.7391206886083306554875941711666690e-05	4.5324629141008013124833053393027359e-03
4.3750902360555041164069523991447775e-03	1.0087062377716974835320167348089357e+00	2.7725176523550787099791979815999126e-05	4.5600096341989809008677260743967556e-03
4.3211075075193476449455253509644349e-03	1.0270025524489883558177349244013647e+00	2.8071555942157603061961082653235965e-05	4.5884052131892621804684659315879371e-03
4.2664955923602145953029471770699630e-03	1.0454141899678517712650148103167483e+00	2.8430892119862520151528066514249867e-05	4.6176784064656709061446108194677750e-03
4.2112668332851779182535884522432282e-03	1.0639447205769459670503348690974098e+00	2.8803765805354623363502559408656625e-05	4.6478594828012474426026122541033570e-03
4.1554338741507935830610916600117887e-03	1.0825978387741570267807130450412156e+00	2.9190794040306409625849582208252564e-05	4.6789803213076742712849723687468224e-03
4.0990096668274767581915019740028692e-03	1.1013773699536645609004041053207562e+00	2.9592632909214850254497266511547665e-05	4.7110745161206447008201440131985400e-03
4.0420074783641329197215795914019130e-03	1.1202872774883114102491893437842226e+00	3.0009980540763176663163238300324551e-05	4.7441774895370634978181550268920855e-03
3.9844408984691631880676017294639430e-03	1.1393316702826586239890003007716190e+00	3.0443580387529014989624021886093988e-05	4.7783266144096193397824403698987228e-03
3.9263238473250928292214726469023215e-03	1.1585148108355032469544101738009515e+00	3.0894224814153248469839984367313270e-05	4.8135613466936479800436962040147156e-03
3.8676705837552965808866013406128834e-03	1.1778411238544122596723884925178339e+00	3.1362759027829317117672290435489611e-05	4.8499233691419149696460341748456290e-03
3.8084957137626237743635655904992203e-03	1.1973152054690298117067985397219653e+00	3.1850085389245601796617411227504456e-05	4.8874567472566097583456751469650219e-03
3.7488141994611707148608864942418946e-03	1.2169418330946021296188136976663858e+00	3.2357168146997384855396322304131517e-05	4.9262080987363405310783490107092264e-03
3.6886413684240192934686344625223709e-03	1.2367259760023987342892438152208558e+00	3.2885038644077541827329118896341751e-05	4.9662267778014382474049450079622970e-03
3.6279929234714725792140314406153371e-03	1.2566728066595628815016222454254475e+00	3.3434801051471942150760587930501337e-05	5.0075650759459665285431332359800149e-03
3.5668849529261850251553084811106928e-03	1.2767877129074824692206443617970861e+00	3.4007638691262723642828905025465849e-05	5.0502784408524651165771519114525624e-03
3.5053339413636235846041005077605693e-03	1.2970763110551319288497581668528736e+00	3.4604821020141377361977769685310123e-05	5.0944257154191079353562759099207108e-03
3.4433567808885252140148505491999403e-03	1.3175444599721078040611048832462531e+00	3.5227711354045249595634180754085236e-05	5.1400693990927124361055653444415246e-03
3.3809707829704570502910888241687542e-03	1.3381982762753954860545399987545935e+00	3.5877775425983239517946028192204039e-05	5.1872759339796909563167902964287931e-03
3.3181936908742618180656738712737188e-03	1.3590441507144124142531032424853076e+00	3.6556590882280638768319725629202257e-05	5.2361160185262386470742175934468464e-03
3.2550436927241096846819791382982650e-03	1.3800887658707490378522667385130934e+00	3.7265857837773954567247548418589315e-05	5.2866649519254822231943867856627978e-03
3.1915394352431093514802078961392089e-03	1.4013391153024771071652289521759749e+00	3.8007410628313682106063155415045584e-05	5.3390030128308764868193581984964545e-03
3.1277000382139902834922492273855243e-03	1.4228025242781540415055782517686244e+00	3.8783230919754889585804517876130900e-05	5.3932158764412215778609872336496134e-03
3.0635451097102940253725427497550432e-03	1.4444866722630018199876262779874590e+00	3.9595462356997468273606828472338463e-05	5.4493950745844658418783479160830862e-03
2.9990947621518504217452700560021693e-03	1.4663996173395075772236275231845480e+00	4.0446426965264169454546821998758747e-05	5.5076385040783122631086147951375012e-03
2.9343696292431155301187689588753511e-03	1.4885498227672678548151970960903130e+00	4.1338643549505804471162754876151614e-05	5.5680509894015576218478087444041797e-03
2.8693908838582707805102253905182590e-03	1.5109461859127364192256812808925865e+00	4.2274848377611153523316796082435136e-05	5.6307449065902830200872799525881646e-03
2.8041802569428948458319142153508563e-03	1.5335980698091782949928766101513742e+00	4.3258018480211124160573245846455407e-05	5.6958408763006478809535393316783064e-03
2.7387600575085982010637847365044289e-03	1.5565153376412236980119823112191185e+00	4.4291397955819787527896497795018945e-05	5.7634685351831297310201332783507284e-03
2.6731531938043447796169213518835299e-03	1.5797083904877218746830001598031803e+00	4.5378527736717095590500283197422570e-05	5.8337673961255880147478655720057269e-03
2.6073831957563787255350291816012063e-03	1.6031882087020335228021151951365411e+00	4.6523279350657894635855541567574125e-05	5.9068878095858971685750265118997520e-03
2.5414742387778466568399744916958988e-03	1.6269663973615716228896365256475829e+00	4.7729893309053558724561353429639187e-05	5.9829920401996672075819407160263084e-03
2.4754511690594961851692559278418422e-03	1.6510552362796284264410921511861955e+00	4.9003022867284465328940597299716765e-05	6.0622554751767885612625781918157804e-03
2.4093395304644018040396150673004492e-03	1.6754677351439108171293860196517476e+00	5.0347784041727914874538942453493562e-05	6.1448679837686037947861790231694041e-03
2.3431655931627092054555963595557867e-03	1.7002176944296870547740821174869716e+00	5.1769812936536926476048143293375870e-05	6.2310354503898964185853544077507547e-03
2.2769563841571209004624572436316812e-03	1.7253197728333861116273910433538228e+00	5.3275331638262721683271699733128934e-05	6.3209815079339144860478368004514398e-03
2.2107397198665312388770828833022177e-03	1.7507895620877718497102252139635079e+00	5.4871224187060987904126139275545374e-05	6.4149495025706451438421292053601913e-03
2.1445442409541662966542513868536768e-03	1.7766436701559791473939826381476236e+00	5.6565124440911076878606092760207319e-05	6.5132047270518863726610683208127053e-03
2.0783994496081593962510591964237053e-03	1.8028998139631121757561237389575221e+00	5.8365518028682870937589551444258296e-05	6.6160369664921898367805866631863823e-03
2.0123357495071311573412916024170439e-03	1.8295769230161701605981633756602654e+00	6.0281861057914880756561508842376857e-05	6.7237634090446126780483446887111290e-03
1.9463844887315630472174721069421426e-03	1.8566952554925056982259110080869387e+00	6.2324718828316729505432865214539906e-05	6.8367319842160286697868543596228742e-03
1.8805780059141774927982344717440919e-03	1.8842765286522397239341474295300120e+00	6.4505928534209493864772021900149523e-05	6.9553252042438099953624312975328176e-03
1.8149496799599143400543679380521358e-03	1.9123440657616180109168168749536996e+00	6.6838790860244574967707693363346394e-05	7.0799645995954089088461264930528836e-03
1.7495339837093276376974058268221803e-03	1.9409229621155431536518493803690467e+00	6.9338296540074399236043066685051514e-05	7.2111158590459726100433273306218252e-03
1.6843665419694170841570249298739145e-03	1.9700402732354143495157170234223459e+00	7.2021395430655676314456054113966151e-05	7.3492948089670166765303611811147860e-03
1.6194841943943955775910414936597475e-03	1.9997252289146387325094848904348699e+00	7.4907317553896233197267591828351062e-05	7.4950743967721365326515156282277348e-03
1.5549250637673221453225400323646426e-03	2.0300094775166394267309436710915496e+00	7.8017958005056209286707416412759665e-05	7.6490928816968657154269243269081058e-03
1.4907286303139250104798881339906255e-03	2.0609273658350059977798458804128270e+00	8.1378340804015111584677391438202743e-05	7.8120634846102231928708464752000235e-03
1.4269358127748158008385222624667293e-03	2.0925162609497316644794256058192994e+00	8.5017180918436151471411975229915525e-05	7.9847858105427266188830524909883768e-03
1.3635890570747874650755830629160969e-03	2.1248169219191660694818847948881733e+00	8.8967569158921013231838243919932625e-05	8.1681594373626437165947694397155237e-03
1.3007324335619296229536395556471259e-03	2.1578739309163579383995726418543365e+00	9.3267811912800598333378204287374049e-05	8.3632001673892634133387081955946247e-03
1.2384117439498568914683726982894478e-03	2.1917361956603187151398915950789203e+00	9.7962467418300583733429841491172787e-05	8.5710595737446523545883379318603261e-03
1.1766746392897537330638409281925959e-03	2.2264575378548284158111475720939500e+00	1.0310363344347538076181845053266682e-04	8.7930486510865062557909177019406546e-03
1.1155707505333032667423615745440835e-03	2.2620973860301588944294590159454290e+00	1.0875255920639321802599407264227345e-04	9.0306666167105126960043740901822773e-03
1.0551518335333677817212911161031423e-03	2.2987215959617295348105472783116449e+00	1.1498167916963871910222451444151560e-04	9.2856362250989961163572577714435495e-03
9.9547193068018577207401680507246302e-04	2.3364034280961921651612676757463337e+00	1.2187720093933016215732946615478330e-04	9.5599473887420340820117533371675296e-03
9.3658755180481226232768843464132287e-04	2.3752247196859037897221757764972283e+00	1.2954242835223504793961198163235967e-04	9.8559114868600985237355170316757310e-03
8.7855787752242232826200275399680586e-04	2.4152773003789697398128746466694940e+00	1.3810207071362014692900755900298199e-04	1.0176229559857993150659766649335740e-02
8.2144498886795737804225469022655928e-04	2.4566647149306933180714131382190600e+00	1.4770789050105653825303233814770071e-04	1.0524078733092332787938179290563660e-02
7.6531412793890984337393428438141059e-04	2.4995043370945863182919502422881898e+00	1.5854619107726851178751960169289174e-04	1.0903222843934524060933368585429261e-02
7.1023399536458118618076084131701694e-04	2.5439299869910386282307600859581079e+00	1.7084786928539339216070625935977069e-04	1.1318155600651872658859847956630237e-02
6.5627709185114273040929937937566413e-04	2.5900952039177802539657317980615418e+00	1.8490209801870190929956896357347293e-04	1.1774288056990229267098048382531964e-02
6.0352011292487443777522601671887662e-04	2.6381773831508860299473609832096608e+00	2.0107523230369715870697669995507957e-04	1.2278197346958081335113801440506548e-02
5.5204440848084031286142677670178990e-04	2.6883830673868571228143327246207018e+00	2.1983737093795189158272911324524024e-04	1.2837961481590011551386982149731631e-02
5.0193652208747015382635875305256105e-04	2.7409548048520469754560381545651671e+00	2.4180036787361206626183370256398807e-04	1.3463617229207665717511275705964153e-02
4.5328882956594718003532279460602859e-04	2.7961801692988477277660334570627338e+00	2.6777335886782812152270305490959829e-04	1.4167797557412035275011543347627637e-02
4.0620030271471192243141525507824638e-04	2.8544038200576010397322575829132571e+00	2.9884576822407006005394153320146265e-04	1.4966636918047569833159868087719882e-02
3.6077743305190902520475886464964490e-04	2.9160439287948379500865606268868299e+00	3.3651467733473839783593986015253826e-04	1.5881086192969105017976800679090710e-02
3.1713536348955025983338114617652954e-04	2.9816150315583927149372662961361982e+00	3.8288616990507455366934648482466318e-04	1.6938872291236315603831757622163668e-02
2.7539929521669868992050789137038751e-04	3.0517605996302285895183022938978600e+00	4.4100472359340692860146922044244383e-04	1.8177505817361513617226954730747780e-02
2.3570626664578378555708482807172705e-04	3.1273007876314627475934738608063250e+00	5.1541404073645587157727731153087250e-04	1.9649058316458930005264275537727837e-02
1.9820744795743347522510676684974576e-04	3.2093047853422444926785491399528109e+00	6.1315805071386198691872594049899107e-04	2.1428062765957016760137064197759368e-02
1.6307117133786163469449818904729057e-04	3.2992048645999427454941770370392425e+00	7.4567161790576644116440223344663079e-04	2.3625225507156367542485903565072775e-02
1.3048704841392204702344576512343541e-04	3.3989849808529199150041136953844422e+00	9.3260814705941421142759083769895252e-04	2.6412667407232452808668114340454147e-02
1.0067176470690267803596371264791395e-04	3.5115118268365170423198977964082185e+00	1.2102939242875285905113011475054453e-03	3.0073933592220848634180148393870831e-02
7.3877603349057423960537943672777599e-05	3.6411620200000288235397976198295209e+00	1.6526438836278985340854852958843857e-03	3.5112928774778885449893266819681022e-02
5.0405726840733110898894113189431380e-05	3.7951374604761452562132924606025422e+00	2.4315743428649980416609654919380234e-03	4.2523516415085423972709339935510283e-02
3.0628538608967235223502882860174958e-05	3.9866491188059023577662168834397721e+00	4.0362356136761072477535390319548520e-03	5.4591066262805692575868258033482425e-02
1.5031458889181059756398948185312668e-05	4.2445338876283245448073404289730740e+00	8.4454093633697843381409063534173775e-03	7.8092823543257570360037039908901954e-02
4.2779285247973243666421641639680194e-06	4.6570280575847948720534308695073179e+00	3.9501538461283370992252521055693565e-02	1.4877543290672317458233557856213637e-01
0.0000000000000000000000000000000000e+00	0.0000000000000000000000000000000000e+00	3.4206517451644542048568281007143905e-05	4.7136158285461177238753661127437517e-03