3.0619092344989249783481121446973109e-06	-4.7255352862840146272871526352118441e+00	3.8511324947938524959864358051872662e-02	1.4684277783994126411642958097503600e-01
1.0789344819157539619903379613864912e-05	-4.3186020536223914632536835570942313e+00	8.2064907525605274073162996616292286e-03	7.6972913118768959053488594121802569e-02
2.2036857657856909395567464865439969e-05	-4.0645471224126572303714346356150309e+00	3.9124909130545272364702278317167542e-03	5.3744956373801289927629893939036134e-02
3.6340851842415086891691141454823586e-05	-3.8760924892235594909246279082572394e+00	2.3521225466622317181597971015320665e-03	4.1821630079020174259237171241674860e-02
5.3361468041235162808922794069068072e-05	-3.7247239109109705974552926455676265e+00	1.5956781574559596762288163276623625e-03	3.4501641413785526323947939594917458e-02
7.2837771921391934495503259435780191e-05	-3.5973819340624793773890976799669202e+00	1.1665917421760386064733449893301132e-03	2.9525441694591291073641638607679674e-02
9.4558604819673300658865458062552966e-05	-3.4869490535510422837577437140711577e+00	8.9751139576712477293416793255978165e-04	2.5910535730835463000165687382498693e-02
1.1834696890482587525709672934056010e-04	-3.3891009276589658659761634457592931e+00	7.1653971970976069138949188194367474e-04	2.3158858624024143008216783482363763e-02
1.4405074942308230896426116744137489e-04	-3.3010056981103721472896633257803760e+00	5.8836681457380275306524425388532828e-04	2.0990193841706517617145875547141601e-02
1.7153675919935275752776139151468226e-04	-3.2207038979276135556164184649053644e+00	4.9390163681480854484630374028270128e-04	1.9234466132180477152423168796616813e-02
2.0068668932609317934384457769126974e-04	-3.1467811907644860722429582425671251e+00	4.2204330590849626364819004364772963e-04	1.7782300334293980670304287771756810e-02
2.3139423135197096366414394751607695e-04	-3.0781819559302717081997327821657100e+00	3.6595756495125160034322170637400687e-04	1.6560069630555597178397422477794814e-02
2.6356295906210177450117052875250272e-04	-3.0140965784092809902917904251196640e+00	3.2123836538404505316310107799395419e-04	1.5516342178784893515019143785964939e-02
2.9710472433149239612185894034738056e-04	-2.9538899540352649515049946994539379e+00	2.8493499534566114185817529839696477e-04	1.4614072745705440781582422174020810e-02
3.3193841329995207698805028049528277e-04	-2.8970543125097879020304197954962332e+00	2.5500724714001548073065948976533608e-04	1.3825881621313167307411407517670202e-02
3.6798896258675554550956316523803153e-04	-2.8431770397497452775817072448840562e+00	2.3000555498552703191295838932511511e-04	1.3131082586190886180088469543931214e-02
4.0518656787042588020724793338429799e-04	-2.7919181041401855350782569404358273e+00	2.0887555278866434477124902180595135e-04	1.2513746708645237088979820850852223e-02
4.4346603782073824734743867228803012e-04	-2.7429938314949410644129647359823284e+00	1.9083448719635488978728058014610774e-04	1.1961403212306870013909266214985482e-02
4.8276625989828209633902389808530995e-04	-2.6961649942776011512047168536717474e+00	1.7529070511569353415627239519535537e-04	1.1464145154935822492179721028523244e-02
5.2302975364869396614291514684741772e-04	-2.6512279040963953362152988984636786e+00	1.6178981480638616429603932963650108e-04	1.1013999758969219596627734302543743e-02
5.6420229340927043178830809245565034e-04	-2.6080076397442370408073942795208300e+00	1.4997784259152518398574817789725024e-04	1.0604476151003287576709056833898351e-02
6.0623258678410485200622893426913611e-04	-2.5663528226876644539012637190718897e+00	1.3957549608127637199615184447009907e-04	1.0230234700145879229956856974249062e-02
6.4907199843657618065017676319210367e-04	-2.5261315329406273011458656618574348e+00	1.3035985116412613120543194531236621e-04	9.8868413741661209663983776961896057e-03
6.9267431108459753538108051863487637e-04	-2.4872280781944825685130197231214346e+00	1.2215110283899035734648534505321956e-04	9.5705826083423839926840664996428024e-03
7.3699551732082880453884787469670059e-04	-2.4495404101974387337330420779604813e+00	1.1480283403322031434756156108489724e-04	9.2783239462769412655213832813811744e-03
7.8199363718928795481852911576765309e-04	-2.4129780382821742321041317975879532e+00	1.0819476946685557554311166201175537e-04	9.0074008112359081011646891295730634e-03
8.2762855744939454057395526804557043e-04	-2.3774603291277406486463115293501943e+00	1.0222731175837301526267376671613083e-04	8.7555331806729811331912081059176167e-03
8.7386188923061716052152749801997713e-04	-2.3429151097392465799504303814568713e+00	9.6817373624107380486225697492154788e-05	8.5207582628872568675570620302122581e-03
9.2065684138373653788196934362309453e-04	-2.3092775107725145720876278429394998e+00	9.1895164757057196450159629877057693e-05	8.3013768855138345726108219989494097e-03
9.6797810731004437014338140433721799e-04	-2.2764890020667727232174190480023252e+00	8.7401690247535418944924830717610505e-05	8.0959104374262908422220573358915428e-03
1.0157917634279686599034976141887349e-03	-2.2444965831586794139777783858500626e+00	8.3286785150734269131889616299415101e-05	7.9030660119052434870698329032760822e-03
1.0640651777400383055030484884821390e-03	-2.2132520997191521921699723259875803e+00	7.9507557155263950267317874150458282e-05	7.7217079805390326686716061031897597e-03
1.1127669272084541324282807892706329e-03	-2.1827116630332231971681394829961751e+00	7.6027142830992558048185785184033154e-05	7.5508346518013880192950512808360043e-03
1.1618667228473792231093409310884844e-03	-2.1528351543621521911887751447082975e+00	7.2813706956901592671978080019509485e-05	7.3895589814344781975268195196585399e-03
1.2113353416039467731358072916609571e-03	-2.1235857996636292778587485247621278e+00	6.9839631836906840043863354846301885e-05	7.2370925351893618600426279463311519e-03
1.2611445642352347950950421006072397e-03	-2.0949298029719715046121885637560922e+00	6.7080856257872624070580236019924314e-05	7.0927320801095497385240347104100355e-03
1.3112671185007428228518118161233550e-03	-2.0668360289537467407021773286353080e+00	6.4516333169242469924835149052703230e-05	6.9558483138738006966852969363818373e-03
1.3616766270836483125507151073578767e-03	-2.0392757269008617554922421384117414e+00	6.2127582197517733701436271002231959e-05	6.8258763437786151200756314453715609e-03
1.4123475597327949174279047460072680e-03	-2.0122222898109343345983571782240757e+00	5.9898318403586480379977131321818933e-05	6.7023076056868406518135219371246434e-03
1.4632551891837217590387289951109676e-03	-1.9856510433146957392126480462042265e+00	5.7814142709219682463602308574596385e-05	6.5846829744751339001019097293686171e-03
1.5143755504732737174057930305779235e-03	-1.9595390601033810177857826650540904e+00	5.5862282492195982708470020381609829e-05	6.4725868654200510551821585718135163e-03
1.5656854033101947005870605092095479e-03	-1.9338649962320943091702090013974429e+00	5.4031373216974567941888595459780253e-05	6.3656421637086786738977015374373628e-03
1.6171621972050160176882225001298848e-03	-1.9086089462636630462505060887523848e+00	5.2311273804267958047362538083204395e-05	6.2635058491868282441986269078079164e-03
1.6687840390976598655828397156121922e-03	-1.8837523146990668101401623994846011e+00	5.0692909876725337312766542096368132e-05	6.1658652073269402191722047459617170e-03
1.7205296632514209137196225609213546e-03	-1.8592777015365551493239013374175422e+00	4.9168140144444825211204306616619293e-05	6.0724345365429722221795729587291048e-03
1.7723784032081353034949949898748769e-03	-1.8351688001288013867153639336649868e+00	4.7729642084312309896181776380800476e-05	5.9829522774182465318218775326304596e-03
1.8243101656220287948857625345707894e-03	-1.8114103057790542494807577386597783e+00	4.6370813774719094523432130747587091e-05	5.8971785019258451620035044713394199e-03
1.8763054058094777907554358739565787e-03	-1.7879878337436746803022000076224042e+00	4.5085689312565880354012535185523009e-05	5.8148927109134125281026615934857599e-03
1.9283451048691535765994631272874583e-03	-1.7648878454979792998310820891733183e+00	4.3868865693511496352298044485563513e-05	5.7358918964644807328108316691988253e-03
1.9804107482421143565181004706595392e-03	-1.7420975822815915386405671925075956e+00	4.2715439402870967621270009298827128e-05	5.6599888326035985661922915598841945e-03
2.0324843055946657000195857424373866e-03	-1.7196050050738611578279681941617799e+00	4.1620951261697139191255162233191757e-05	5.5870105634710677136180821683369566e-03
2.0845482119184836467780133018689985e-03	-1.6973987402636611757158707921024778e+00	4.0581338314585551772346021024054681e-05	5.5167970627829075901243313430470876e-03
2.1365853497528018830469280318338251e-03	-1.6754680303745035569803050906710291e+00	3.9592891743697412880638537983890001e-05	5.4492000422938133813898260214461259e-03
2.1885790324425880228118372613687097e-03	-1.6538026892882796222052151430523494e+00	3.8652219956085791334644661005107625e-05	5.3840818902398060928738951256799133e-03
2.2405129883547295720772087210254185e-03	-1.6323930614813585490132834855782843e+00	3.7756216125481831674356624876393071e-05	5.3213147234688175842330538235188580e-03
2.2923713459814501994054928496126604e-03	-1.6112299848471821804095999879864283e+00	3.6902029580673186980072454884434977e-05	5.2607795392648713783869694639408156e-03
2.3441386198665948784447080383844175e-03	-1.5903047567314556192460713223637145e+00	3.6087040524800365089206723451877468e-05	5.2023654548102319299856122762866131e-03
2.3957996972961555958230412042928012e-03	-1.5696091028508577895884547752676968e+00	3.5308837646756236216355008928552944e-05	5.1459690238711414090146800628018657e-03
2.4473398256995413355975939337431928e-03	-1.5491351488049700424836808291289685e+00	3.4565198250166836787910664896772316e-05	5.0914936216864659201909585903889894e-03
2.4987446007126991784173215852398038e-03	-1.5288753939247490236509040712224827e+00	3.3854070579387895327084224197790219e-05	5.0388488902255820866614643383917344e-03
2.5499999548583300651897991549055006e-03	-1.5088226872301093178858061685127569e+00	3.3173558067375445616975927930944653e-05	4.9879502369956980852424967277774479e-03
2.6010921468021672571379074552095715e-03	-1.4889702052946668852626084391447968e+00	3.2521905268645763195044466665247670e-05	4.9387183814471689785289604636878045e-03
2.6520077511476448896140945775432718e-03	-1.4693114318379604474684029339510004e+00	3.1897485273024034259322573077854562e-05	4.8910789437710982626755037418102815e-03
2.7027336487343193275108379500525965e-03	-1.4498401388849658783520334507253908e+00	3.1298788423469638104061748882293823e-05	4.8449620715255849226544547435926351e-03
2.7532570174081531561219095061531223e-03	-1.4305503693498301667508835144527838e+00	3.0724412184760615578851216090844390e-05	4.8003021000811654938744905492727882e-03
2.8035653232342619889074948895157149e-03	-1.4114364209158007999256279198496447e+00	3.0173052029881201783355441964097229e-05	4.7570372433554935586457127548068822e-03
2.8536463121249853996266999742101749e-03	-1.3924928310965893555085685688418547e+00	2.9643493228129807805505477571218675e-05	4.7151093117231302778737230104578056e-03
2.9034880018581994208774454158106304e-03	-1.3737143633761201205121603798847845e+00	2.9134603433702676515172094973120063e-05	4.6744634543477554796194901195915575e-03
2.9530786744626605426152636754904846e-03	-1.3550959943339770874632618291109640e+00	2.8645325986186420918845063405406476e-05	4.6350479234989521460750008116658968e-03
3.0024068689488788391176742283991616e-03	-1.3366329016730484344006773660356350e+00	2.8174673845324057699614756533101472e-05	4.5968138586905555509332382104763627e-03
3.0514613743655774205388790528516816e-03	-1.3183204530740250514296789795761126e+00	2.7721724091865858032546026261519161e-05	4.5597150887179681981903530579911014e-03
3.1002312231632216168584397324603168e-03	-1.3001541958086667527632937557438770e+00	2.7285612934497872766314244842669672e-05	4.5237079498825553693120340470166789e-03
3.1487056848474072703176088941091292e-03	-1.2821298470502169676147998408315348e+00	2.6865531169941845403940652918495009e-05	4.4887511188762792532886154260021130e-03
3.1968742599060948979858873542345747e-03	-1.2642432848251195204511396018542624e+00	2.6460720049495861770798110195733546e-05	4.4548054589625351762819076446554048e-03
3.2447266739957756758635751481416482e-03	-1.2464905395553524780346772595289050e+00	2.6070467510666816521802747472526013e-05	4.4218338782326554099645338470257632e-03
3.2922528723726654575317623579340720e-03	-1.2288677861453159799328882787680911e+00	2.5694104737244796867979188192841469e-05	4.3898011988442577527814711280330585e-03
3.3394430145559526559565605463857743e-03	-1.2113713365713561866242806426197854e+00	2.5331003015280168133203939553478086e-05	4.3586740362596951829525644956052743e-03
3.3862874692109821996077449279059194e-03	-1.1939976329357306742608472031983065e+00	2.4980570856026777944767606248864556e-05	4.3284206876021655802930255743489725e-03
3.4327768092410475686071133598445472e-03	-1.1767432409501695817885647910369300e+00	2.4642251360077724804951978375802869e-05	4.2990110283351669793317804808361706e-03
3.4789018070771920886181706169985363e-03	-1.1596048438172034287806583990835711e+00	2.4315519799702047143375282820225282e-05	4.2704164165493162717987349866008533e-03
3.5246534301560945726414867162038028e-03	-1.1425792364801494808094721230495564e+00	2.3999881398841557017186554174018718e-05	4.2426096042102840103872549216993741e-03
3.5700228365767378819466153123612858e-03	-1.1256633202151060966124530662855055e+00	2.3694869292389833195085521395747551e-05	4.2155646547837723096565520070278668e-03
3.6150013709271363796042562475441510e-03	-1.1088540975405270327972649871861218e+00	2.3400042648287038289722832682667951e-05	4.1892568667089779554972857256283572e-03
3.6595805602729335024799694337361579e-03	-1.0921486674219602291902700921365796e+00	2.3114984937656550354821579914094221e-05	4.1636627022416229994782491962799314e-03
3.7037521103001773313579621176047839e-03	-1.0755442207513602433553197186456506e+00	2.2839302339709858825966445063796628e-05	4.1387597212320840824213639975082410e-03
3.7475079016050433079362095716874215e-03	-1.0590380360820397821998550344355223e+00	2.2572622269478508092272915667495959e-05	4.1145265194440066386189277447304506e-03
3.7908399861237020438703528073115471e-03	-1.0426274756018309935337388181370670e+00	2.2314592017616642305245823956895407e-05	4.0909426710545733405490354106929720e-03
3.8337405836959291326835865111086684e-03	-1.0263099813283966764290457398035456e+00	2.2064877492572754535339709977084735e-05	4.0679886750097653508217101496315772e-03
3.8762020787564254096756712944972640e-03	-1.0100830715118789764070494576115595e+00	2.1823162056370080226977254902335186e-05	4.0456459049369118285565232684367695e-03
3.9182170171481623897912856301518219e-03	-9.9394433723121057348899142629798822e-01	2.1589145446075201057806004025158145e-05	4.0238965623429207494158600766144503e-03
3.9597781030523906349028431168304624e-03	-9.7789143917145164644862620278595112e-01	2.1362542773785615354387803432234679e-05	4.0027236328501332381036740222153507e-03
4.0008781960302503701300161890284300e-03	-9.6192210457046463624533792081086928e-01	2.1143083598639569748211690670321929e-05	3.9821108452430182776558543848370961e-03
4.0415103081712054348957485302313355e-03	-9.4603412432410663671302155405060099e-01	2.0930511064954330965678895534062266e-05	3.9620426331181667585707504088701045e-03
4.0816676013437851263799206441036276e-03	-9.3022535023991380230340379258036366e-01	2.0724581101140189497625542067534572e-05	3.9425040989474672397569380620468888e-03
4.1213433845443650494245394391607767e-03	-9.1449369242998036714346049751871890e-01	2.0525061674523745421119888129365007e-05	3.9234809803801398686919435847341992e-03
4.1605311113399489892603136178779249e-03	-8.9883711683440288973408439755314517e-01	2.0331732097651509169017441542292561e-05	3.9049596186236375237590557693889280e-03
4.1992243774011302271717159318770468e-03	-8.8325364286727371342037832759725633e-01	2.0144382382038905490434856137956614e-05	3.8869269287564434227153326659846866e-03
4.2374169181216136838411761592165169e-03	-8.6774134117777134237290524732250980e-01	1.9962812635685110856477469622778000e-05	3.8693703718376346520597536499824608e-03
4.2751026063208707728958242143042772e-03	-8.5229833151941395439014905490708707e-01	1.9786832500994942618547187223493784e-05	3.8522779286888592059021605600408612e-03
4.3122754500266777712377351643830101e-03	-8.3692278072101963832424919922360080e-01	1.9616260630038927699979208238734333e-05	3.8356380752341952347844632769328257e-03
4.3489295903344566842081288369197302e-03	-8.2161290075335679134711749894853403e-01	1.9450924194344961370345163229081032e-05	3.8194397592923190233870362725376193e-03
4.3850592993404957581482252914716474e-03	-8.0636694688587372124585294434203214e-01	1.9290658426652503576559631920627124e-05	3.8036723787235864640626676006445340e-03
4.4206589781462756664314048559619793e-03	-7.9118321592827083637555708934559745e-01	1.9135306192275606770395809551333566e-05	3.7883257608421063432100587567539636e-03
4.4557231549312676090982134870068911e-03	-7.7606004455202455231169774194697023e-01	1.8984717587916494649242347682513600e-05	3.7733901430097196439069212215115151e-03
4.4902464830917017127135710402514746e-03	-7.6099580768729162726483798804238930e-01	1.8838749565948933696206785973477820e-05	3.7588561543350573748232872084506328e-03
4.5242237394429287425075546470374933e-03	-7.4598891699091825790246594435088075e-01	1.8697265582352055348673144701195567e-05	3.7447147984065840754999126229977736e-03
4.5576498224831157483062535895458288e-03	-7.3103781938155191891604021954446280e-01	1.8560135266622197192430458626337848e-05	3.7309574369937935501693397098436052e-03
4.5905197507161273263043952190811333e-03	-7.1614099563810742531980582396574885e-01	1.8427234112124165455144339111394448e-05	3.7175757746555510942782922640315304e-03
4.6228286610315491227157971329840433e-03	-7.0129695905807368263726126052446430e-01	1.8298443185465354475679453505277021e-05	3.7045618441990116994591736420431009e-03
4.6545718071399094332414536321376728e-03	-6.8650425417236556453644490729252653e-01	1.8173648853587533026874319831127620e-05	3.6919079929366217756257887725117125e-03
4.6857445580612486353734423601164876e-03	-6.7176145551362768363953151516861385e-01	1.8052742527372844063848657332366304e-05	3.6796068696924646724258953867252591e-03
4.7163423966652750732310992033955254e-03	-6.5706716643508474158157744190688384e-01	1.7935620420653579271866954810006488e-05	3.6676514125126664810490482239473298e-03
4.7463609182614302166792636805342905e-03	-6.4242001797720779196680320904756901e-01	1.7822183323600404097569753423320795e-05	3.6560348370377642470066530838624768e-03
4.7757958292372657350178931528238457e-03	-6.2781866777962815880379351296758605e-01	1.7712336389541660399160493179868351e-05	3.6447506254978773406295468631943987e-03
4.8046429457436108368156167196786923e-03	-6.1326179903588186791837279314438996e-01	1.7605988934337825521285679295265392e-05	3.6337925162942356069024267517219600e-03
4.8328981924250800885435481425735310e-03	-5.9874811948870813328528182493764805e-01	1.7503054247500755133400280233760205e-05	3.6231544941331243467503058854286415e-03
4.8605576011945401749150173100569449e-03	-5.8427636046375648420870446430663860e-01	1.7403449414307519957878966276795213e-05	3.6128307806806236724713270648089361e-03
4.8876173100502189263051362583540535e-03	-5.6984527593967924611874680176027582e-01	1.7307095148213948043807725959069257e-05	3.6028158257086642235044114037449697e-03
4.9140735619342016213152392353276041e-03	-5.5545364165269996013382621203388030e-01	1.7213915632923841720195326953965960e-05	3.5931042987049070675445320485788423e-03
4.9399227036311182695717923314805884e-03	-5.4110025423385455206812602887052480e-01	1.7123838373516646695529193056978728e-05	3.5836910809207959820797170034003206e-03
4.9651611847058814724839450411706524e-03	-5.2678393037720119770479921495810354e-01	1.7036794056079466989563370790563999e-05	3.5745712578338371707115250068716423e-03
4.9897855564793877173427964134559430e-03	-5.1250350603738738971696024731946268e-01	1.6952716415329066569368722042477702e-05	3.5657401120017457122251764926311009e-03
5.0137924710411457412726542423197130e-03	-4.9825783565504916278939229606672464e-01	1.6871542109746169340110294417111427e-05	3.5571931162875696034687541423733825e-03
5.0371786802978440544331828739433549e-03	-4.8404579140859820949692292601829897e-01	1.6793210603778228789534634322149154e-05	3.5489259274362702072282839009001777e-03
5.0599410350569159754170232335668843e-03	-4.6986626249102811788710841102141628e-01	1.6717664056698127804416920295463852e-05	3.5409343799845105361581460909064588e-03
5.0820764841442047361817354897780603e-03	-4.5571815441044154837282680110569244e-01	1.6644847217735206561599129157601106e-05	3.5332144804865876656623209889390584e-03
5.1035820735548734812235935319105320e-03	-4.4160038831306617936855259949687234e-01	1.6574707327121800639801082608248603e-05	3.5257624020405496009628469419896426e-03
5.1244549456367454306924827239504229e-03	-4.2751190032758899848445891226575839e-01	1.6507194022723283366336489477471650e-05	3.5185744790995664714111748470686559e-03
5.1446923383052982074761795647152240e-03	-4.1345164092969628510865020847455323e-01	1.6442259251942610505251205461398920e-05	3.5116472025545868039272531759064219e-03
5.1642915842895734452296603436173080e-03	-3.9941857432576068466294400545491176e-01	1.6379857188611711724282628914531270e-05	3.5049772150752071721625548518069844e-03
5.1832501104082983932016571663384641e-03	-3.8541167785466735806709818781559110e-01	1.6319944154601898690970854804537200e-05	3.4985613066965226267991979186972697e-03
5.2015654368755504042853576079929735e-03	-3.7142994140681852656321223820706951e-01	1.6262478545903889086195693625212438e-05	3.4923964106405104866291742904748849e-03
5.2192351766353280196162255359019537e-03	-3.5747236685940002934101472965915539e-01	1.6207420762945193469178243186677585e-05	3.4864795993612354500229682351567985e-03
5.2362570347244239261022797580803714e-03	-3.4353796752703496078006215386960253e-01	1.6154733144928582229389432895914448e-05	3.4808080808038533839126023030591346e-03
5.2526288076630254379077344368416201e-03	-3.2962576762698823236394621639123801e-01	1.6104379907990238453120074720965524e-05	3.4753791948680380752214944366536953e-03
5.2683483828724974104046820146655890e-03	-3.1573480175812217470693986959858979e-01	1.6056327086990097069251628754048870e-05	3.4701904100670629281088593512749385e-03
5.2834137381198307029161574589743359e-03	-3.0186411439283720849286972648366918e-01	1.6010542480759851540984570946130967e-05	3.4652393203743410515914353932656353e-03
5.2978229409882665285988583278700176e-03	-2.8801275938126330878034248532834006e-01	1.5966995600646250502392849963092402e-05	3.4605236422497651719672987739346607e-03
5.3115741483736333266553496687575128e-03	-2.7417979946699759375602469043016973e-01	1.5925657622198676019514834513680904e-05	3.4560412118386958826636487975216669e-03
5.3246656060059582212599945368591327e-03	-2.6036430581371100544184260214508077e-01	1.5886501339860655111028466322488552e-05	3.4517899823369252822837405203841152e-03
5.3370956479959397478233763446383836e-03	-2.4656535754197282576956939331411934e-01	1.5849501124534964426465257893048528e-05	3.4477680215153952498899720848359644e-03
5.3488626964058923825634991240417038e-03	-2.3278204127566578803262540192761304e-01	1.5814632883901397744465609770193587e-05	3.4439735093988775087410463699977998e-03
5.3599652608447965554123742800199961e-03	-2.1901345069738689433102729692169853e-01	1.5781874025375126386720729650832127e-05	3.4404047360932281370901551839748090e-03
5.3704019380871103064155763929977098e-03	-2.0525868611224982022225151458244010e-01	1.5751203421601939259273530102655087e-05	3.4370600997562140686600872307853313e-03
5.3801714117150206072398154705653957e-03	-1.9151685401952405751516283289298631e-01	1.5722601378394544234314975099857962e-05	3.4339381047072750391603482684252570e-03
5.3892724517838336555170919727013132e-03	-1.7778706669156378774030720337008583e-01	1.5696049605021585174235368253329108e-05	3.4310373596719329241626989733238556e-03
5.3977039145102242020692529615038791e-03	-1.6406844175949595906007863811818906e-01	1.5671531186768115560389104107434892e-05	3.4283565761568929253845205993745818e-03
5.4054647419830842294794086230525066e-03	-1.5036010180515221940013144212891887e-01	1.5649030559693004449889219706913015e-05	3.4258945669521989556469002330214342e-03
5.4125539618967311034064123354083909e-03	-1.3666117395874329427238903361367296e-01	1.5628533487515165154471857364270598e-05	3.4236502447571101256157639908008730e-03
5.4189706873062547024962281578968338e-03	-1.2297078950178714004005438035979657e-01	1.5610027040566621426634010513306321e-05	3.4216226209266576531684735971624002e-03
5.4247141164048020344919123461205406e-03	-1.0928808347481379847957565215042781e-01	1.5593499576756288063391671174972346e-05	3.4198108043361229383893555849845667e-03
5.4297835323226164998009079857184467e-03	-9.5612194289380368219901738592995668e-02	1.5578940724493969100480836937584873e-05	3.4182140003609490542250003928900893e-03
5.4341783029476673029290641572821825e-03	-8.1942263343938930568632336447214568e-02	1.5566341367529492136088128227084101e-05	3.4168315099698605222647763667852466e-03
5.4378978807677225694905798007377802e-03	-6.8277434643108654937425013693704573e-02	1.5555693631667125484126472815960381e-05	3.4156627289292209553997438705562888e-03
5.4409418027337375337785140815253878e-03	-5.4616854419910692288731616240209372e-02	1.5546990873320488378716472575842512e-05	3.4147071471169058930609379807054103e-03
5.4433096901444467502262558602503003e-03	-4.0959670760530869796056726746474091e-02	1.5540227669878084916645775534828610e-05	3.4139643479442098326648671946201906e-03
5.4450012485520666819627013476315295e-03	-2.7305033231180648749984136494031464e-02	1.5535399811854390566106584313419342e-05	3.4134340078845429435168882535938653e-03
5.4460162676890322609715014555365498e-03	-1.3652092506631319734791670255149848e-02	1.5532504296806115897716851396124264e-05	3.4131158961079050805135310026140835e-03
5.4463546214157081265568941468189343e-03	0.0000000000000000000000000000000000e+00	1.5531539324997885115068931728005606e-05	3.4130098742203533158324911424301391e-03
5.4460162676890322609715014555365498e-03	1.3652092506631319734791670255149848e-02	1.5532504296806115897716851396124264e-05	3.4131158961079050805135310026140835e-03
5.4450012485520666819627013476315295e-03	2.7305033231180648749984136494031464e-02	1.5535399811854390566106584313419342e-05	3.4134340078845429435168882535938653e-03
5.4433096901444467502262558602503003e-03	4.0959670760530869796056726746474091e-02	1.5540227669878084916645775534828610e-05	3.4139643479442098326648671946201906e-03
5.4409418027337375337785140815253878e-03	5.4616854419910692288731616240209372e-02	1.5546990873320488378716472575842512e-05	3.4147071471169058930609379807054103e-03
5.4378978807677225694905798007377802e-03	6.8277434643108654937425013693704573e-02	1.5555693631667125484126472815960381e-05	3.4156627289292209553997438705562888e-03
5.4341783029476673029290641572821825e-03	8.1942263343938930568632336447214568e-02	1.5566341367529492136088128227084101e-05	3.4168315099698605222647763667852466e-03
5.4297835323226164998009079857184467e-03	9.5612194289380368219901738592995668e-02	1.5578940724493969100480836937584873e-05	3.4182140003609490542250003928900893e-03
5.4247141164048020344919123461205406e-03	1.0928808347481379847957565215042781e-01	1.5593499576756288063391671174972346e-05	3.4198108043361229383893555849845667e-03
5.4189706873062547024962281578968338e-03	1.2297078950178714004005438035979657e-01	1.5610027040566621426634010513306321e-05	3.4216226209266576531684735971624002e-03
5.4125539618967311034064123354083909e-03	1.3666117395874329427238903361367296e-01	1.5628533487515165154471857364270598e-05	3.4236502447571101256157639908008730e-03
5.4054647419830842294794086230525066e-03	1.5036010180515221940013144212891887e-01	1.5649030559693004449889219706913015e-05	3.4258945669521989556469002330214342e-03
5.3977039145102242020692529615038791e-03	1.6406844175949595906007863811818906e-01	1.5671531186768115560389104107434892e-05	3.4283565761568929253845205993745818e-03
5.3892724517838336555170919727013132e-03	1.7778706669156378774030720337008583e-01	1.5696049605021585174235368253329108e-05	3.4310373596719329241626989733238556e-03
5.3801714117150206072398154705653957e-03	1.9151685401952405751516283289298631e-01	1.5722601378394544234314975099857962e-05	3.4339381047072750391603482684252570e-03
5.3704019380871103064155763929977098e-03	2.0525868611224982022225151458244010e-01	1.5751203421601939259273530102655087e-05	3.4370600997562140686600872307853313e-03
5.3599652608447965554123742800199961e-03	2.1901345069738689433102729692169853e-01	1.5781874025375126386720729650832127e-05	3.4404047360932281370901551839748090e-03
5.3488626964058923825634991240417038e-03	2.3278204127566578803262540192761304e-01	1.5814632883901397744465609770193587e-05	3.4439735093988775087410463699977998e-03
5.3370956479959397478233763446383836e-03	2.4656535754197282576956939331411934e-01	1.5849501124534964426465257893048528e-05	3.4477680215153952498899720848359644e-03
5.3246656060059582212599945368591327e-03	2.6036430581371100544184260214508077e-01	1.5886501339860655111028466322488552e-05	3.4517899823369252822837405203841152e-03
5.3115741483736333266553496687575128e-03	2.7417979946699759375602469043016973e-01	1.5925657622198676019514834513680904e-05	3.4560412118386958826636487975216669e-03
5.2978229409882665285988583278700176e-03	2.8801275938126330878034248532834006e-01	1.5966995600646250502392849963092402e-05	3.4605236422497651719672987739346607e-03
5.2834137381198307029161574589743359e-03	3.0186411439283720849286972648366918e-01	1.6010542480759851540984570946130967e-05	3.4652393203743410515914353932656353e-03
5.2683483828724974104046820146655890e-03	3.1573480175812217470693986959858979e-01	1.6056327086990097069251628754048870e-05	3.4701904100670629281088593512749385e-03
5.2526288076630254379077344368416201e-03	3.2962576762698823236394621639123801e-01	1.6104379907990238453120074720965524e-05	3.4753791948680380752214944366536953e-03
5.2362570347244239261022797580803714e-03	3.4353796752703496078006215386960253e-01	1.6154733144928582229389432895914448e-05	3.4808080808038533839126023030591346e-03
5.2192351766353280196162255359019537e-03	3.5747236685940002934101472965915539e-01	1.6207420762945193469178243186677585e-05	3.4864795993612354500229682351567985e-03
5.2015654368755504042853576079929735e-03	3.7142994140681852656321223820706951e-01	1.6262478545903889086195693625212438e-05	3.4923964106405104866291742904748849e-03
5.1832501104082983932016571663384641e-03	3.8541167785466735806709818781559110e-01	1.6319944154601898690970854804537200e-05	3.4985613066965226267991979186972697e-03
5.1642915842895734452296603436173080e-03	3.9941857432576068466294400545491176e-01	1.6379857188611711724282628914531270e-05	3.5049772150752071721625548518069844e-03
5.1446923383052982074761795647152240e-03	4.1345164092969628510865020847455323e-01	1.6442259251942610505251205461398920e-05	3.5116472025545868039272531759064219e-03
5.1244549456367454306924827239504229e-03	4.2751190032758899848445891226575839e-01	1.6507194022723283366336489477471650e-05	3.5185744790995664714111748470686559e-03
5.1035820735548734812235935319105320e-03	4.4160038831306617936855259949687234e-01	1.6574707327121800639801082608248603e-05	3.5257624020405496009628469419896426e-03
5.0820764841442047361817354897780603e-03	4.5571815441044154837282680110569244e-01	1.6644847217735206561599129157601106e-05	3.5332144804865876656623209889390584e-03
5.0599410350569159754170232335668843e-03	4.6986626249102811788710841102141628e-01	1.6717664056698127804416920295463852e-05	3.5409343799845105361581460909064588e-03
5.0371786802978440544331828739433549e-03	4.8404579140859820949692292601829897e-01	1.6793210603778228789534634322149154e-05	3.5489259274362702072282839009001777e-03
5.0137924710411457412726542423197130e-03	4.9825783565504916278939229606672464e-01	1.6871542109746169340110294417111427e-05	3.5571931162875696034687541423733825e-03
4.9897855564793877173427964134559430e-03	5.1250350603738738971696024731946268e-01	1.6952716415329066569368722042477702e-05	3.5657401120017457122251764926311009e-03
4.9651611847058814724839450411706524e-03	5.2678393037720119770479921495810354e-01	1.7036794056079466989563370790563999e-05	3.5745712578338371707115250068716423e-03
4.9399227036311182695717923314805884e-03	5.4110025423385455206812602887052480e-01	1.7123838373516646695529193056978728e-05	3.5836910809207959820797170034003206e-03
4.9140735619342016213152392353276041e-03	5.5545364165269996013382621203388030e-01	1.7213915632923841720195326953965960e-05	3.5931042987049070675445320485788423e-03
4.8876173100502189263051362583540535e-03	5.6984527593967924611874680176027582e-01	1.7307095148213948043807725959069257e-05	3.6028158257086642235044114037449697e-03
4.8605576011945401749150173100569449e-03	5.8427636046375648420870446430663860e-01	1.7403449414307519957878966276795213e-05	3.6128307806806236724713270648089361e-03
4.8328981924250800885435481425735310e-03	5.9874811948870813328528182493764805e-01	1.7503054247500755133400280233760205e-05	3.6231544941331243467503058854286415e-03
4.8046429457436108368156167196786923e-03	6.1326179903588186791837279314438996e-01	1.7605988934337825521285679295265392e-05	3.6337925162942356069024267517219600e-03
4.7757958292372657350178931528238457e-03	6.2781866777962815880379351296758605e-01	1.7712336389541660399160493179868351e-05	3.6447506254978773406295468631943987e-03
4.7463609182614302166792636805342905e-03	6.4242001797720779196680320904756901e-01	1.7822183323600404097569753423320795e-05	3.6560348370377642470066530838624768e-03
4.7163423966652750732310992033955254e-03	6.5706716643508474158157744190688384e-01	1.7935620420653579271866954810006488e-05	3.6676514125126664810490482239473298e-03
4.6857445580612486353734423601164876e-03	6.7176145551362768363953151516861385e-01	1.8052742527372844063848657332366304e-05	3.6796068696924646724258953867252591e-03
4.6545718071399094332414536321376728e-03	6.8650425417236556453644490729252653e-01	1.8173648853587533026874319831127620e-05	3.6919079929366217756257887725117125e-03
4.6228286610315491227157971329840433e-03	7.0129695905807368263726126052446430e-01	1.8298443185465354475679453505277021e-05	3.7045618441990116994591736420431009e-03
4.5905197507161273263043952190811333e-03	7.1614099563810742531980582396574885e-01	1.8427234112124165455144339111394448e-05	3.7175757746555510942782922640315304e-03
4.5576498224831157483062535895458288e-03	7.3103781938155191891604021954446280e-01	1.8560135266622197192430458626337848e-05	3.7309574369937935501693397098436052e-03
4.5242237394429287425075546470374933e-03	7.4598891699091825790246594435088075e-01	1.8697265582352055348673144701195567e-05	3.7447147984065840754999126229977736e-03
4.4902464830917017127135710402514746e-03	7.6099580768729162726483798804238930e-01	1.8838749565948933696206785973477820e-05	3.7588561543350573748232872084506328e-03
4.4557231549312676090982134870068911e-03	7.7606004455202455231169774194697023e-01	1.8984717587916494649242347682513600e-05	3.7733901430097196439069212215115151e-03
4.4206589781462756664314048559619793e-03	7.9118321592827083637555708934559745e-01	1.9135306192275606770395809551333566e-05	3.7883257608421063432100587567539636e-03
4.3850592993404957581482252914716474e-03	8.0636694688587372124585294434203214e-01	1.9290658426652503576559631920627124e-05	3.8036723787235864640626676006445340e-03
4.3489295903344566842081288369197302e-03	8.2161290075335679134711749894853403e-01	1.9450924194344961370345163229081032e-05	3.8194397592923190233870362725376193e-03
4.3122754500266777712377351643830101e-03	8.3692278072101963832424919922360080e-01	1.9616260630038927699979208238734333e-05	3.8356380752341952347844632769328257e-03
4.2751026063208707728958242143042772e-03	8.5229833151941395439014905490708707e-01	1.9786832500994942618547187223493784e-05	3.8522779286888592059021605600408612e-03
4.2374169181216136838411761592165169e-03	8.6774134117777134237290524732250980e-01	1.9962812635685110856477469622778000e-05	3.8693703718376346520597536499824608e-03
4.1992243774011302271717159318770468e-03	8.8325364286727371342037832759725633e-01	2.0144382382038905490434856137956614e-05	3.8869269287564434227153326659846866e-03
4.1605311113399489892603136178779249e-03	8.9883711683440288973408439755314517e-01	2.0331732097651509169017441542292561e-05	3.9049596186236375237590557693889280e-03
4.1213433845443650494245394391607767e-03	9.1449369242998036714346049751871890e-01	2.0525061674523745421119888129365007e-05	3.9234809803801398686919435847341992e-03
4.0816676013437851263799206441036276e-03	9.3022535023991380230340379258036366e-01	2.0724581101140189497625542067534572e-05	3.9425040989474672397569380620468888e-03
4.0415103081712054348957485302313355e-03	9.4603412432410663671302155405060099e-01	2.0930511064954330965678895534062266e-05	3.9620426331181667585707504088701045e-03
4.0008781960302503701300161890284300e-03	9.6192210457046463624533792081086928e-01	2.1143083598639569748211690670321929e-05	3.9821108452430182776558543848370961e-03
3.9597781030523906349028431168304624e-03	9.7789143917145164644862620278595112e-01	2.1362542773785615354387803432234679e-05	4.0027236328501332381036740222153507e-03
3.9182170171481623897912856301518219e-03	9.9394433723121057348899142629798822e-01	2.1589145446075201057806004025158145e-05	4.0238965623429207494158600766144503e-03
3.8762020787564254096756712944972640e-03	1.0100830715118789764070494576115595e+00	2.1823162056370080226977254902335186e-05	4.0456459049369118285565232684367695e-03
3.8337405836959291326835865111086684e-03	1.0263099813283966764290457398035456e+00	2.2064877492572754535339709977084735e-05	4.0679886750097653508217101496315772e-03
3.7908399861237020438703528073115471e-03	1.0426274756018309935337388181370670e+00	2.2314592017616642305245823956895407e-05	4.0909426710545733405490354106929720e-03
3.7475079016050433079362095716874215e-03	1.0590380360820397821998550344355223e+00	2.2572622269478508092272915667495959e-05	4.1145265194440066386189277447304506e-03
3.7037521103001773313579621176047839e-03	1.0755442207513602433553197186456506e+00	2.2839302339709858825966445063796628e-05	4.1387597212320840824213639975082410e-03
3.6595805602729335024799694337361579e-03	1.0921486674219602291902700921365796e+00	2.3114984937656550354821579914094221e-05	4.1636627022416229994782491962799314e-03
3.6150013709271363796042562475441510e-03	1.1088540975405270327972649871861218e+00	2.3400042648287038289722832682667951e-05	4.1892568667089779554972857256283572e-03
3.5700228365767378819466153123612858e-03	1.1256633202151060966124530662855055e+00	2.3694869292389833195085521395747551e-05	4.2155646547837723096565520070278668e-03
3.5246534301560945726414867162038028e-03	1.1425792364801494808094721230495564e+00	2.3999881398841557017186554174018718e-05	4.2426096042102840103872549216993741e-03
3.4789018070771920886181706169985363e-03	1.1596048438172034287806583990835711e+00	2.4315519799702047143375282820225282e-05	4.2704164165493162717987349866008533e-03
3.4327768092410475686071133598445472e-03	1.1767432409501695817885647910369300e+00	2.4642251360077724804951978375802869e-05	4.2990110283351669793317804808361706e-03
3.3862874692109821996077449279059194e-03	1.1939976329357306742608472031983065e+00	2.4980570856026777944767606248864556e-05	4.3284206876021655802930255743489725e-03
3.3394430145559526559565605463857743e-03	1.2113713365713561866242806426197854e+00	2.5331003015280168133203939553478086e-05	4.3586740362596951829525644956052743e-03
3.2922528723726654575317623579340720e-03	1.2288677861453159799328882787680911e+00	2.5694104737244796867979188192841469e-05	4.3898011988442577527814711280330585e-03
3.2447266739957756758635751481416482e-03	1.2464905395553524780346772595289050e+00	2.6070467510666816521802747472526013e-05	4.4218338782326554099645338470257632e-03
3.1968742599060948979858873542345747e-03	1.2642432848251195204511396018542624e+00	2.6460720049495861770798110195733546e-05	4.4548054589625351762819076446554048e-03
3.1487056848474072703176088941091292e-03	1.2821298470502169676147998408315348e+00	2.6865531169941845403940652918495009e-05	4.4887511188762792532886154260021130e-03
3.1002312231632216168584397324603168e-03	1.3001541958086667527632937557438770e+00	2.7285612934497872766314244842669672e-05	4.5237079498825553693120340470166789e-03
3.0514613743655774205388790528516816e-03	1.3183204530740250514296789795761126e+00	2.7721724091865858032546026261519161e-05	4.5597150887179681981903530579911014e-03
3.0024068689488788391176742283991616e-03	1.3366329016730484344006773660356350e+00	2.8174673845324057699614756533101472e-05	4.5968138586905555509332382104763627e-03
2.9530786744626605426152636754904846e-03	1.3550959943339770874632618291109640e+00	2.8645325986186420918845063405406476e-05	4.6350479234989521460750008116658968e-03
2.9034880018581994208774454158106304e-03	1.3737143633761201205121603798847845e+00	2.9134603433702676515172094973120063e-05	4.6744634543477554796194901195915575e-03
2.8536463121249853996266999742101749e-03	1.3924928310965893555085685688418547e+00	2.9643493228129807805505477571218675e-05	4.7151093117231302778737230104578056e-03
2.8035653232342619889074948895157149e-03	1.4114364209158007999256279198496447e+00	3.0173052029881201783355441964097229e-05	4.7570372433554935586457127548068822e-03
2.7532570174081531561219095061531223e-03	1.4305503693498301667508835144527838e+00	3.0724412184760615578851216090844390e-05	4.8003021000811654938744905492727882e-03
2.7027336487343193275108379500525965e-03	1.4498401388849658783520334507253908e+00	3.1298788423469638104061748882293823e-05	4.8449620715255849226544547435926351e-03
2.6520077511476448896140945775432718e-03	1.4693114318379604474684029339510004e+00	3.1897485273024034259322573077854562e-05	4.8910789437710982626755037418102815e-03
2.6010921468021672571379074552095715e-03	1.4889702052946668852626084391447968e+00	3.2521905268645763195044466665247670e-05	4.9387183814471689785289604636878045e-03
2.5499999548583300651897991549055006e-03	1.5088226872301093178858061685127569e+00	3.3173558067375445616975927930944653e-05	4.9879502369956980852424967277774479e-03
2.4987446007126991784173215852398038e-03	1.5288753939247490236509040712224827e+00	3.3854070579387895327084224197790219e-05	5.0388488902255820866614643383917344e-03
2.4473398256995413355975939337431928e-03	1.5491351488049700424836808291289685e+00	3.4565198250166836787910664896772316e-05	5.0914936216864659201909585903889894e-03
2.3957996972961555958230412042928012e-03	1.5696091028508577895884547752676968e+00	3.5308837646756236216355008928552944e-05	5.1459690238711414090146800628018657e-03
2.3441386198665948784447080383844175e-03	1.5903047567314556192460713223637145e+00	3.6087040524800365089206723451877468e-05	5.2023654548102319299856122762866131e-03
2.2923713459814501994054928496126604e-03	1.6112299848471821804095999879864283e+00	3.6902029580673186980072454884434977e-05	5.2607795392648713783869694639408156e-03
2.2405129883547295720772087210254185e-03	1.6323930614813585490132834855782843e+00	3.7756216125481831674356624876393071e-05	5.3213147234688175842330538235188580e-03
2.1885790324425880228118372613687097e-03	1.6538026892882796222052151430523494e+00	3.8652219956085791334644661005107625e-05	5.3840818902398060928738951256799133e-03
2.1365853497528018830469280318338251e-03	1.6754680303745035569803050906710291e+00	3.9592891743697412880638537983890001e-05	5.4492000422938133813898260214461259e-03
2.0845482119184836467780133018689985e-03	1.6973987402636611757158707921024778e+00	4.0581338314585551772346021024054681e-05	5.5167970627829075901243313430470876e-03
2.0324843055946657000195857424373866e-03	1.7196050050738611578279681941617799e+00	4.1620951261697139191255162233191757e-05	5.5870105634710677136180821683369566e-03
1.9804107482421143565181004706595392e-03	1.7420975822815915386405671925075956e+00	4.2715439402870967621270009298827128e-05	5.6599888326035985661922915598841945e-03
1.9283451048691535765994631272874583e-03	1.7648878454979792998310820891733183e+00	4.3868865693511496352298044485563513e-05	5.7358918964644807328108316691988253e-03
1.8763054058094777907554358739565787e-03	1.7879878337436746803022000076224042e+00	4.5085689312565880354012535185523009e-05	5.8148927109134125281026615934857599e-03
1.8243101656220287948857625345707894e-03	1.8114103057790542494807577386597783e+00	4.6370813774719094523432130747587091e-05	5.8971785019258451620035044713394199e-03
1.7723784032081353034949949898748769e-03	1.8351688001288013867153639336649868e+00	4.7729642084312309896181776380800476e-05	5.9829522774182465318218775326304596e-03
1.7205296632514209137196225609213546e-03	1.8592777015365551493239013374175422e+00	4.9168140144444825211204306616619293e-05	6.0724345365429722221795729587291048e-03
1.6687840390976598655828397156121922e-03	1.8837523146990668101401623994846011e+00	5.0692909876725337312766542096368132e-05	6.1658652073269402191722047459617170e-03
1.6171621972050160176882225001298848e-03	1.9086089462636630462505060887523848e+00	5.2311273804267958047362538083204395e-05	6.2635058491868282441986269078079164e-03
1.5656854033101947005870605092095479e-03	1.9338649962320943091702090013974429e+00	5.4031373216974567941888595459780253e-05	6.3656421637086786738977015374373628e-03
1.5143755504732737174057930305779235e-03	1.9595390601033810177857826650540904e+00	5.5862282492195982708470020381609829e-05	6.4725868654200510551821585718135163e-03
1.4632551891837217590387289951109676e-03	1.9856510433146957392126480462042265e+00	5.7814142709219682463602308574596385e-05	6.5846829744751339001019097293686171e-03
1.4123475597327949174279047460072680e-03	2.0122222898109343345983571782240757e+00	5.9898318403586480379977131321818933e-05	6.7023076056868406518135219371246434e-03
1.3616766270836483125507151073578767e-03	2.0392757269008617554922421384117414e+00	6.2127582197517733701436271002231959e-05	6.8258763437786151200756314453715609e-03
1.3112671185007428228518118161233550e-03	2.0668360289537467407021773286353080e+00	6.4516333169242469924835149052703230e-05	6.9558483138738006966852969363818373e-03
1.2611445642352347950950421006072397e-03	2.0949298029719715046121885637560922e+00	6.7080856257872624070580236019924314e-05	7.0927320801095497385240347104100355e-03
1.2113353416039467731358072916609571e-03	2.1235857996636292778587485247621278e+00	6.9839631836906840043863354846301885e-05	7.2370925351893618600426279463311519e-03
1.1618667228473792231093409310884844e-03	2.1528351543621521911887751447082975e+00	7.2813706956901592671978080019509485e-05	7.3895589814344781975268195196585399e-03
1.1127669272084541324282807892706329e-03	2.1827116630332231971681394829961751e+00	7.6027142830992558048185785184033154e-05	7.5508346518013880192950512808360043e-03
1.0640651777400383055030484884821390e-03	2.2132520997191521921699723259875803e+00	7.9507557155263950267317874150458282e-05	7.7217079805390326686716061031897597e-03
1.0157917634279686599034976141887349e-03	2.2444965831586794139777783858500626e+00	8.3286785150734269131889616299415101e-05	7.9030660119052434870698329032760822e-03
9.6797810731004437014338140433721799e-04	2.2764890020667727232174190480023252e+00	8.7401690247535418944924830717610505e-05	8.0959104374262908422220573358915428e-03
9.2065684138373653788196934362309453e-04	2.3092775107725145720876278429394998e+00	9.1895164757057196450159629877057693e-05	8.3013768855138345726108219989494097e-03
8.7386188923061716052152749801997713e-04	2.3429151097392465799504303814568713e+00	9.6817373624107380486225697492154788e-05	8.5207582628872568675570620302122581e-03
8.2762855744939454057395526804557043e-04	2.3774603291277406486463115293501943e+00	1.0222731175837301526267376671613083e-04	8.7555331806729811331912081059176167e-03
7.8199363718928795481852911576765309e-04	2.4129780382821742321041317975879532e+00	1.0819476946685557554311166201175537e-04	9.0074008112359081011646891295730634e-03
7.3699551732082880453884787469670059e-04	2.4495404101974387337330420779604813e+00	1.1480283403322031434756156108489724e-04	9.2783239462769412655213832813811744e-03
6.9267431108459753538108051863487637e-04	2.4872280781944825685130197231214346e+00	1.2215110283899035734648534505321956e-04	9.5705826083423839926840664996428024e-03
6.4907199843657618065017676319210367e-04	2.5261315329406273011458656618574348e+00	1.3035985116412613120543194531236621e-04	9.8868413741661209663983776961896057e-03
6.0623258678410485200622893426913611e-04	2.5663528226876644539012637190718897e+00	1.3957549608127637199615184447009907e-04	1.0230234700145879229956856974249062e-02
5.6420229340927043178830809245565034e-04	2.6080076397442370408073942795208300e+00	1.4997784259152518398574817789725024e-04	1.0604476151003287576709056833898351e-02
5.2302975364869396614291514684741772e-04	2.6512279040963953362152988984636786e+00	1.6178981480638616429603932963650108e-04	1.1013999758969219596627734302543743e-02
4.8276625989828209633902389808530995e-04	2.6961649942776011512047168536717474e+00	1.7529070511569353415627239519535537e-04	1.1464145154935822492179721028523244e-02
4.4346603782073824734743867228803012e-04	2.7429938314949410644129647359823284e+00	1.9083448719635488978728058014610774e-04	1.1961403212306870013909266214985482e-02
4.0518656787042588020724793338429799e-04	2.7919181041401855350782569404358273e+00	2.0887555278866434477124902180595135e-04	1.2513746708645237088979820850852223e-02
3.6798896258675554550956316523803153e-04	2.8431770397497452775817072448840562e+00	2.3000555498552703191295838932511511e-04	1.3131082586190886180088469543931214e-02
3.3193841329995207698805028049528277e-04	2.8970543125097879020304197954962332e+00	2.5500724714001548073065948976533608e-04	1.3825881621313167307411407517670202e-02
2.9710472433149239612185894034738056e-04	2.9538899540352649515049946994539379e+00	2.8493499534566114185817529839696477e-04	1.4614072745705440781582422174020810e-02
2.6356295906210177450117052875250272e-04	3.0140965784092809902917904251196640e+00	3.2123836538404505316310107799395419e-04	1.5516342178784893515019143785964939e-02
2.3139423135197096366414394751607695e-04	3.0781819559302717081997327821657100e+00	3.6595756495125160034322170637400687e-04	1.6560069630555597178397422477794814e-02
2.0068668932609317934384457769126974e-04	3.1467811907644860722429582425671251e+00	4.2204330590849626364819004364772963e-04	1.7782300334293980670304287771756810e-02
1.7153675919935275752776139151468226e-04	3.2207038979276135556164184649053644e+00	4.9390163681480854484630374028270128e-04	1.9234466132180477152423168796616813e-02
1.4405074942308230896426116744137489e-04	3.3010056981103721472896633257803760e+00	5.8836681457380275306524425388532828e-04	2.0990193841706517617145875547141601e-02
1.1834696890482587525709672934056010e-04	3.3891009276589658659761634457592931e+00	7.1653971970976069138949188194367474e-04	2.3158858624024143008216783482363763e-02
9.4558604819673300658865458062552966e-05	3.4869490535510422837577437140711577e+00	8.9751139576712477293416793255978165e-04	2.5910535730835463000165687382498693e-02
7.2837771921391934495503259435780191e-05	3.5973819340624793773890976799669202e+00	1.1665917421760386064733449893301132e-03	2.9525441694591291073641638607679674e-02
5.3361468041235162808922794069068072e-05	3.7247239109109705974552926455676265e+00	1.5956781574559596762288163276623625e-03	3.4501641413785526323947939594917458e-02
3.6340851842415086891691141454823586e-05	3.8760924892235594909246279082572394e+00	2.3521225466622317181597971015320665e-03	4.1821630079020174259237171241674860e-02
2.2036857657856909395567464865439969e-05	4.0645471224126572303714346356150309e+00	3.9124909130545272364702278317167542e-03	5.3744956373801289927629893939036134e-02
1.0789344819157539619903379613864912e-05	4.3186020536223914632536835570942313e+00	8.2064907525605274073162996616292286e-03	7.6972913118768959053488594121802569e-02
3.0619092344989249783481121446973109e-06	4.7255352862840146272871526352118441e+00	3.8511324947938524959864358051872662e-02	1.4684277783994126411642958097503600e-01
0.0000000000000000000000000000000000e+00	0.0000000000000000000000000000000000e+00	2.6900158844752405224227886442671893e-05	4.1800056366423173898932408194676089e-03