2.6482166905737129644718777413333952e-06	-4.7549835447861539322677653068649696e+00	3.8096692808955872665774488922010035e-02	1.4602670005375894161367998187050523e-01
9.3427100175502964526949972657014498e-06	-4.3503961058892212852525975927039196e+00	8.1068911501087410038418908380033407e-03	7.6501321668464614473924830877058121e-02
1.9101025356978587820033448300461713e-05	-4.0979522367632246133046138051618062e+00	3.8610743334342942935650510951544552e-03	5.3389495597892046432514939499779734e-02
3.1526300523554616231170850665867055e-05	-3.9107806969051959657171008216440861e+00	2.3192020138001593393717952305321463e-03	4.1527354363374312906912690320111857e-02
4.6327358347718656927877666229165752e-05	-3.7605041545163261616400968828064508e+00	1.5721330479730844814171330470668727e-03	3.4245811624866670792817522883499653e-02
6.3280570430406509705531669345705831e-05	-3.6341274319715682901063581533440823e+00	1.1485694594242113204551114473939403e-03	2.9296269366957809599315908060078210e-02
8.2204918470923003179725098504401525e-05	-3.5245688163966007962677827832278197e+00	8.8306817717172095142158690415781111e-04	2.5701053599610578415347696023565727e-02
1.0294863062994384770778448059059687e-04	-3.4275261309612926896037825919642339e+00	7.0457477017789343685354193265699741e-04	2.2964575874768455788936325090766262e-02
1.2538124017627863381762163536287379e-04	-3.3401822836807247443674118430963926e+00	5.7820365440666576006357700035292849e-04	2.0808031066351442546429947754708851e-02
1.4938848733578007430467787751345918e-04	-3.2605881857817462295124021799381313e+00	4.8509837833165932038195606143762703e-04	1.9062211230986624197390927040319635e-02
1.7486885264855300523067741454971691e-04	-3.1873371001728408918390024175819596e+00	4.1429728564835171942300354635605385e-04	1.7618305553318595923270685258774856e-02
2.0173109309616841800947954670640032e-04	-3.1193791539731970803304413450213384e+00	3.5905346527233268850023161084578367e-04	1.6403071342731810986272308812482876e-02
2.2989242845982835181280325006725151e-04	-3.0559091955567321787128809365535261e+00	3.1501817693723161739298741257959718e-04	1.5365347909144891185163126371380614e-02
2.5927716776342883314501221618592040e-04	-2.9962956631593060218583104298315168e+00	2.7927972251830630777969998868359261e-04	1.4468287262923031041526973320691236e-02
2.8981564419350781992526929399077054e-04	-2.9400336500714901275559229073273044e+00	2.4982528845129533998588667916425473e-04	1.3684656842408980722275598074159673e-02
3.2144337265294888381796308797981059e-04	-2.8867128936981307973524556729432615e+00	2.2522505752856075421565719473439891e-04	1.2993882590631135588791831841605494e-02
3.5410037201509158434429145667749512e-04	-2.8359953197944185607311638819645816e+00	2.0443922727088364316587291844443077e-04	1.2380122670892512533653871060909813e-02
3.8773061183094154635460292436718243e-04	-2.7875989029364047793228454616683142e+00	1.8669599860152714339684671095195530e-04	1.1830975038277640760953206548842754e-02
4.2228155482254256601827181093049766e-04	-2.7412858190140433556795128979262096e+00	1.7141210217424776831091401422572559e-04	1.1336587766120641407701462701669587e-02
4.5770377429566714321219862651437822e-04	-2.6968535854034185711551885412766591e+00	1.5813966209053729511044544375952758e-04	1.0889032671205896902894007537763376e-02
4.9395063099019757941271588809104627e-04	-2.6541283255167025766327039167589459e+00	1.4652983870999341341616741448439479e-04	1.0481855435219503832142847776367230e-02
5.3097799768631319668258697659104226e-04	-2.6129595726540093212302782346839060e+00	1.3630743500864061917025271209533782e-04	1.0109746695696660625044784442045244e-02
5.6874402261793443987591323318871203e-04	-2.5732162081970708840755344079654333e+00	1.2725283019359691140083814723212810e-04	9.7682977121335691885243662011385748e-03
6.0720892474533087739370013897771239e-04	-2.5347832485092795419297988702588372e+00	1.1918891069697927451187533537387703e-04	9.4538162279460087350583021578877769e-03
6.4633481542579148969466561839715176e-04	-2.4975592756129927220300168374902227e+00	1.1197147255726379056791886077352430e-04	9.1631858739287140451557202392074762e-03
6.8608554214220497129879028600023694e-04	-2.4614543623325218821834207723041671e+00	1.0548207563767934919255144365896167e-04	8.8937575321581612635603608248424525e-03
7.2642655080526337257817596870446297e-04	-2.4263883815756681019855060628517654e+00	9.9622656064159912944823864957703916e-05	8.6432644758878661852031494105140406e-03
7.6732476380612860888910578976799715e-04	-2.3922896171788197849404876626215264e+00	9.4311417142284377224641299037519207e-05	8.4097554153008993004487884128474385e-03
8.0874847151258043995555482304502970e-04	-2.3590936137789232819968935298478258e+00	8.9479661874415490030704731360487189e-05	8.1915411814019243683114628096529134e-03
8.5066723530865351070283800199091777e-04	-2.3267422178340208549514851000688980e+00	8.5069327194343973430543411697517321e-05	7.9871519063308795624142373969278497e-03
8.9305180060159071253136294584394336e-04	-2.2951827727666428877172080161522460e+00	8.1031046890062024877852918861952377e-05	7.7953023604481406842433381834162479e-03
9.3587401847975903608982236876670721e-04	-2.2643674393291560255234154402046755e+00	7.7322616908237767501765883660726123e-05	7.6148636851046917026467698822498511e-03
9.7910677491527371018496442879402955e-04	-2.2342526184359739470554956262353291e+00	7.3907769811877814085985487345247414e-05	7.4448401822556837697171152025240289e-03
1.0227239265762094144951411939184119e-03	-2.2047984584012724579008976223152175e+00	7.0755188863035687295010727446182956e-05	7.2843501336042607172808565130187542e-03
1.0667002424536189813325960999951288e-03	-2.1759684321378913107651205083443951e+00	6.7837709374772150313345024106403048e-05	7.1326098541476552166964415625081690e-03
1.1110113506244028441384237759359099e-03	-2.1477289726839129605923320337415287e+00	6.5131667549747538212449013069763865e-05	6.9889203596957119151969366555996889e-03
1.1556336895672304636050820811101286e-03	-2.1200491576249330412365464497695327e+00	6.2616366319213769605528517060998621e-05	6.8526561605494725168960980011776700e-03
1.2005444635289943007464937005038209e-03	-2.0929004347171308241310011812503846e+00	6.0273634633265280452814965734118494e-05	6.7232557950439945355024503141958012e-03
1.2457216015066532536685579869975550e-03	-2.0662563823964451436897507039828942e+00	5.8087461874737064241724068049439714e-05	6.6002137949813228998928351966931929e-03
1.2911437194661509906814437912986095e-03	-2.0400924999629978043674566082569775e+00	5.6043693031541870233765153177467174e-05	6.4830738358549556354499780133053023e-03
1.3367900854682518028629458785079336e-03	-2.0143860231181986499714172768083326e+00	5.4129773292377616007602804508584986e-05	6.3714228724142549488694629301540228e-03
1.3826405874121270226891731176266265e-03	-1.9891157612509998494433828512193177e+00	5.2334533064878465893598359654638978e-05	6.2648860976578939296309331546617720e-03
1.4286757031425622399016435075702206e-03	-1.9642619534550293490306156071901856e+00	5.0648006225730154764174776903405683e-05	6.1631225931090586964388825294377564e-03
1.4748764726967238110821276172230003e-03	-1.9398061407372248922718388206466090e+00	4.9061275825730927148641238575943490e-05	6.0658215619634250462131943610896821e-03
1.5212244724923251859244943037423210e-03	-1.9157310522724068320458522131347722e+00	4.7566342583177015517612292509569959e-05	5.9726990557407845277237090307487238e-03
1.5677017912814272509661343611239372e-03	-1.8920205038836270672277922368460118e+00	4.6156012376433046283355350414624997e-05	5.8834951204247314209893424461014312e-03
1.6142910077135340474156631921587403e-03	-1.8686593071982193444328287446225800e+00	4.4823799643879691610131452590090880e-05	5.7979713005191906169365124689715904e-03
1.6609751693685541493278614902205127e-03	-1.8456331881546247647915418095306314e+00	4.3563844156577284860782501786300423e-05	5.7159084495862651088381746028030794e-03
1.7077377731349612313645231347949694e-03	-1.8229287137235282342907047841701502e+00	4.2370839076410035294445117515001479e-05	5.6371048041237038084374444192855408e-03
1.7545627468214157954437773796059031e-03	-1.8005332258652173283655947295865435e+00	4.1239968573549257398333838534233716e-05	5.5613742844571781937553344087420381e-03
1.8014344319014641342411754114776874e-03	-1.7784347818786700445435597670298058e+00	4.0166853569826953427948527022202378e-05	5.4885449919493902293704387299181745e-03
1.8483375673009294572825440130061298e-03	-1.7566221004109769220901050218740962e+00	3.9147504413035327484744855333711748e-05	5.4184578764915131121253086906932049e-03
1.8952572741464386184593555590684087e-03	-1.7350845124917821635555124487711004e+00	3.8178279482180239387918042795179340e-05	5.3509655521226327612863800197137421e-03
1.9421790414013427147938290523276587e-03	-1.7138119170393201560262260950700557e+00	3.7255848883879068488589071199447356e-05	5.2859312418633871282653001065999427e-03
1.9890887123222241245951544232751817e-03	-1.6927947403546457722392917585390656e+00	3.6377162532154327823659387567096628e-05	5.2232278355660759789590266073279718e-03
2.0359724716753498577796835224363533e-03	-1.6720238991807129969792068982557496e+00	3.5539422013178153618083594083209927e-05	5.1627370468678865957937410301097105e-03
2.0828168336579285201524736231680741e-03	-1.6514907669546169479654263280792195e+00	3.4740055727321659717628643374689979e-05	5.1043486572615554710134970869784896e-03
2.1296086304739390674860530112855082e-03	-1.6311871429258789493315187059215460e+00	3.3976696876555143040895056977584803e-05	5.0479598369296644023762753497645428e-03
2.1763350015186955334470837639914395e-03	-1.6111052238522026351274107916588034e+00	3.3247163928557312918886307625275138e-05	4.9934745333744968400149729391872363e-03
2.2229833831302549102714867555676694e-03	-1.5912375780175610684276038345969826e+00	3.2549443242021624140472926163606754e-05	4.9408029200555795975747599367681481e-03
2.2695414988693188506420136213860337e-03	-1.5715771213465432049111716048822523e+00	3.1881673582373234409619544008544597e-05	4.8898608982550673276320854458962767e-03
2.3159973502924702521520299565277332e-03	-1.5521170954142241646544921076913866e+00	3.1242132294874816799823552694309247e-05	4.8405696462544865904133449397197437e-03
2.3623392081864634333417801043585432e-03	-1.5328510471729591142491780441963725e+00	3.0629222934080176367302945043355324e-05	4.7928552106477787094859129288664051e-03
2.4085556042338866813422352726834292e-03	-1.5137728102368836507753149881071635e+00	3.0041464175753867686786286700653792e-05	4.7466481352539285141972469480282684e-03
2.4546353230828691686235633734087970e-03	-1.4948764875819141115270811871758605e+00	2.9477479860502780640632827513888842e-05	4.7018831236434383108916918284153730e-03
2.5005673947956374995736388826002879e-03	-1.4761564355340015072204630853297649e+00	2.8935990038112492804577590819483219e-05	4.6584987317696086415790910236912298e-03
2.5463410876526640593166511667300887e-03	-1.4576072489315771069473798834430507e+00	2.8415802898484491559260635554669389e-05	4.6164370876089927910528109788053283e-03
2.5919459012909106508479974428450365e-03	-1.4392237473597701727179225933803161e+00	2.7915807489575483002934847013299789e-05	4.5756436350747146629309551805596848e-03
2.6373715601562749075965461025312859e-03	-1.4210009623642792029025745367543525e+00	2.7434967135217067755886824041194530e-05	4.5360668997793379628357470797281279e-03
2.6826080072518097994327725713922804e-03	-1.4029341255619090271841426117997777e+00	2.6972313476451610402831322805681423e-05	4.4976582744971988563212876925117963e-03
2.7276453981646224888720483435265688e-03	-1.3850186575728948183204333373365234e+00	2.6526941069316066026586332061230787e-05	4.4603718224151090499425482133363587e-03
2.7724740953555804929203612600013066e-03	-1.3672501577073477295543927651784320e+00	2.6098002480056028196305295660599796e-05	4.4241640964698068368423691467987239e-03
2.8170846626970717962776141914608689e-03	-1.3496243943445852488988512643512344e+00	2.5684703825739002112209153149410926e-05	4.3889939732544827854597641807851918e-03
2.8614678602450912313904564052049425e-03	-1.3321372959498475124101631094785271e+00	2.5286300714311956805846995410341270e-05	4.3548225001385476220076820313944095e-03
2.9056146392328669871560728769990482e-03	-1.3147849426780311428875213195631122e+00	2.4902094543442866545649939832699179e-05	4.3216127543874596620441575880379759e-03
2.9495161372741064692190573472697581e-03	-1.2975635585186662810036024217752950e+00	2.4531429122108689818601501289527617e-05	4.2893297131953867553740201119439534e-03
2.9931636737647370049833806347195015e-03	-1.2804695039404826923929501443504713e+00	2.4173687582935967334400647007257649e-05	4.2579401336548883194459434206845225e-03
3.0365487454727504154072321818749142e-03	-1.2634992689976115459770400581704622e+00	2.3828289556843984625044433559018021e-05	4.2274124417865121313820327378247230e-03
3.0796630223064369553275066591857339e-03	-1.2466494668627981898299895320225422e+00	2.3494688584651621637952208032353122e-05	4.1977166298387990400391554831425653e-03
3.1224983432519186643256500409221275e-03	-1.2299168277559996097343785074658575e+00	2.3172369743045171292990382600081058e-05	4.1688241611470508548411297946709453e-03
3.1650467124714693648395083472790668e-03	-1.2132981932394447361213564205392193e+00	2.2860847464714842091810287772540514e-05	4.1407078819085317052442107219497408e-03
3.2073002955546425290481221230502342e-03	-1.1967905108526784304360094138070380e+00	2.2559663534594655328011704449297237e-05	4.1133419392935724371755957076331627e-03
3.2492514159147227393189599662353394e-03	-1.1803908290633190496946095573522919e+00	2.2268385246020359219090182883037409e-05	4.0867017053672270264860557408843695e-03
3.2908925513234748542121498676387657e-03	-1.1640962925112598320030141161037374e+00	2.1986603702284123257710296904492841e-05	4.0607637063454692395394855469409998e-03
3.3322163305775903051056997609138774e-03	-1.1479041375258579274836271961255606e+00	2.1713932250540168286324316259403033e-05	4.0355055567540966085748640455260954e-03
3.3732155302906249403540824302293723e-03	-1.1318116878973011384842870945204964e+00	2.1450005036325493526315326505706209e-05	4.0109058980981208480481642411871659e-03
3.4138830718045899989456610819964641e-03	-1.1158163508848385289795069848320012e+00	2.1194475668124715700418904949470147e-05	3.9869443416849884106207671835676858e-03
3.4542120182156993967998462460737055e-03	-1.0999156134459222699652240899038854e+00	2.0947015982445294067955884769823058e-05	3.9636014152769469702342022694495402e-03
3.4941955715090946014407173722837850e-03	-1.0841070386715479544185890362507792e+00	2.0707314900794337784392102122540910e-05	3.9408585132766525306196209101332154e-03
3.5338270697976648236607390360820091e-03	-1.0683882624142111934332693481826276e+00	2.0475077370774063068159517606892733e-05	3.9186978501760485620089453464232947e-03
3.5730999846603567691780690467051459e-03	-1.0527569900959303284910112980095676e+00	2.0250023384251371659027416689026212e-05	3.8971024170219520223277814571568823e-03
3.6120079185756263195217447803442678e-03	-1.0372109936847281370377102999889358e+00	2.0031887066218077048422719030422746e-05	3.8760559406729236943642651143618499e-03
3.6505446024459256637665956422880414e-03	-1.0217481088288280193225642604239744e+00	1.9820415828550862059066505832356927e-05	3.8555428456411224363146351222299198e-03
3.6887038932093448728653115959054480e-03	-1.0063662321386099790239103316844482e+00	1.9615369583411865165161410038225679e-05	3.8355482183301573024069349979579020e-03
3.7264797715347378768888731964501447e-03	-9.9106331860709559345350783925751399e-01	1.9416520011508667577353165048681745e-05	3.8160577734956462686298698530596526e-03
3.7638663395968603529033436437388371e-03	-9.7583737916039524704924826001001584e-01	1.9223649880862367378808001099858353e-05	3.7970578227694323649743723302859256e-03
3.8008578189282321470934871925757253e-03	-9.6068647833016068142951138162371007e-01	1.9036552412119642009443203139101221e-05	3.7785352451013455013429686375273833e-03
3.8374485483446104464000354823307722e-03	-9.4560873204064634479930832496502829e-01	1.8855030686793852199252594237494439e-05	3.7604774589841628472410988923363798e-03
3.8736329819411228149952662639741002e-03	-9.3060230550349855437150003522905836e-01	1.8678897095135419866061310441494799e-05	3.7428723963381294679102759259312359e-03
3.9094056871562621841755277614548654e-03	-9.1566541121386612658673731283893718e-01	1.8507972820616534057577470625850032e-05	3.7257084779411584515199565193509076e-03
3.9447613429010896338187136976848255e-03	-9.0079630704186349561944588665867451e-01	1.8342087358272900626979654164639503e-05	3.7089745902997291436156390045765638e-03
3.9796947377511259764266079751304065e-03	-8.8599329441382069306220210368429561e-01	1.8181078064378585888994566862540090e-05	3.6926600638636265497550713333335370e-03
4.0142007681985403467970894406035975e-03	-8.7125471657812684811109989444404470e-01	1.8024789735141524731465956108523285e-05	3.6767546524950888905583823907150579e-03
4.0482744369623637607704321776859698e-03	-8.5657895695081775368318063175616688e-01	1.7873074212299201025885598575085738e-05	3.6612485141097203186832699440697321e-03
4.0819108513545684419290814007435039e-03	-8.4196443753637594301898584696565311e-01	1.7725790013668346777373278286125493e-05	3.6461321924127416485609684946349534e-03
4.1151052216999600933835399460288138e-03	-8.2740961741950582052043807032083636e-01	1.7582801986861012495770657256216865e-05	3.6313965996598471869849164067022538e-03
4.1478528598079306450811288104256483e-03	-8.1291299132391867377002136875981829e-01	1.7443980984523608843917482133947674e-05	3.6170330003771585133786642636574692e-03
4.1801491774942137351292812806879921e-03	-7.9847308823441466223273774356754294e-01	1.7309203559586913182227313873247333e-05	3.6030329959795596183954428882879630e-03
4.2119896851508746563329727522425685e-03	-7.8408847007878276917669109593461526e-01	1.7178351679134828679177667343038399e-05	3.5893885102311011214878974431347994e-03
4.2433699903628510590940701627029142e-03	-7.6975773046625670606902705418730014e-01	1.7051312455608999973585384051300564e-05	3.5760917754952094500983498299545813e-03
4.2742857965694406665361761238719803e-03	-7.5547949347946622898025048839060805e-01	1.6927977894166232131689267966503591e-05	3.5631353197261615308782298469988054e-03
4.3047329017692079217201757143826651e-03	-7.4125241251701049991019879647034617e-01	1.6808244655096928687697622520272954e-05	3.5505119541567152959368404403356866e-03
4.3347071972668531234786107278859012e-03	-7.2707516918395412930338721170387091e-01	1.6692013830296267083272722753416340e-05	3.5382147616399469708077831644770547e-03
4.3642046664606554706539459673924770e-03	-7.1294647222770839796403158604265209e-01	1.6579190732856290642855965635748670e-05	3.5262370856062610462386125062900538e-03
4.3932213836691657604167786454344918e-03	-6.9886505651691081680898385014868867e-01	1.6469684698917166828525386217296215e-05	3.5145725195992291930561079990144063e-03
4.4217535129958854944267366225661328e-03	-6.8482968206105650056819492792399919e-01	1.6363408900980128069663345779969670e-05	3.5032148973563993242662610767765234e-03
4.4497973072307270412561900054539739e-03	-6.7083913306876559279852922578925610e-01	1.6260280171943601846832482496531041e-05	3.4921582834035129249646550890346854e-03
4.4773491067871044750938745685788894e-03	-6.5689221704269290430328373592660858e-01	1.6160218839178226785381899164730486e-05	3.4813969641326934396875199934025560e-03
4.5044053386735569367249371934514458e-03	-6.4298776390919967495837397672604755e-01	1.6063148568006270641375418566745729e-05	3.4709254393371352672322673048651159e-03
4.5309625154988560086512825626456282e-03	-6.2912462518101354505155421192540450e-01	1.5968996213996801998258128382678897e-05	3.4607384141766448039962805592445817e-03
4.5570172345095958164455473333139726e-03	-6.1530167315120198179687894165306019e-01	1.5877691683530170741035940224426214e-05	3.4508307915500738661373009650594374e-03
4.5825661766593095072969668436187895e-03	-6.0151780011687705963805154029693476e-01	1.5789167802124240046505985755753976e-05	3.4411976648522525185654385094866618e-03
4.6076061057081985490428355613474755e-03	-5.8777191763113610795812411733826584e-01	1.5703360190050671874209265132744476e-05	3.4318343110944827000556881471333446e-03
4.6321338673526020648818647718665565e-03	-5.7406295578182374787030355001780274e-01	1.5620207144802659009799435562493101e-05	3.4227361843690050503123491550066458e-03
4.6561463883833722884372537951167320e-03	-5.6038986249577663750618622740630469e-01	1.5539649530006055664652399898924995e-05	3.4138989096391072271074333386277342e-03
4.6796406758723593013763168198144851e-03	-5.4675160286728319787784893268718056e-01	1.5461630670394099782287021883290497e-05	3.4053182768377102527475641888237673e-03
4.7026138163862436049402080475777022e-03	-5.3314715850955703550040972104362612e-01	1.5386096252492038265318797900161742e-05	3.3969902352583569111311096652043291e-03
4.7250629752269888745751205518857042e-03	-5.1957552692808502379295044918380175e-01	1.5312994230682138386530664775917202e-05	3.3889108882235392101697173097740530e-03
4.7469853956982195444745518318683478e-03	-5.0603572091476933905428886051296711e-01	1.5242274738341955834705141180373070e-05	3.3810764880162461822976776528261725e-03
4.7683783983968587517625237516498701e-03	-4.9252676796183743272927675709677236e-01	1.5173890003769478950946632809714467e-05	3.3734834310614940917985604836908750e-03
4.7892393805293917186180034631445421e-03	-4.7904770969454520372942016097253774e-01	1.5107794270628013534448273493006152e-05	3.3661282533454232896838892746102635e-03
4.8095658152521479403993284894723432e-03	-4.6559760132174673819425933642082150e-01	1.5043943722661535203065208616180966e-05	3.3590076260603139465107576065767218e-03
4.8293552510350226498388524578174322e-03	-4.5217551110344911769241271094990143e-01	1.4982296412447828131724639676548451e-05	3.3521183514645907817518266084021926e-03
4.8486053110480840085446916194376614e-03	-4.3878051983451315322563233369684336e-01	1.4922812193972151896288384580802815e-05	3.3454573589475584475028358646908670e-03
4.8673136925705374003966288857540744e-03	-4.2541172034370065987939861207305144e-01	1.4865452658818525248519122210067497e-05	3.3390217012892378673464559029004426e-03
4.8854781664215421263780224292252112e-03	-4.1206821700730621066882871677983329e-01	1.4810181075789072169672522509118927e-05	3.3328085511062627579058944970806598e-03
4.9030965764123987830064535649175791e-03	-3.9874912527664635095747872041733765e-01	1.4756962333774319562505781818553687e-05	3.3268151974753477016263727226637116e-03
4.9201668388196476997444086262532114e-03	-3.8545357121871215841921686165960898e-01	1.4705762887708939007143524198321252e-05	3.3210390427263571976868327969143990e-03
4.9366869418786400646025112122500647e-03	-3.7218069106932192912168887210123294e-01	1.4656550707458252780466315503228766e-05	3.3154775993974915888716004030665366e-03
4.9526549452971638288883714357283256e-03	-3.5892963079813977959262444044773459e-01	1.4609295229490937106967956901899603e-05	3.3101284873455629509369484952837319e-03
4.9680689797887261964667583585642952e-03	-3.4569954568495319047943385875837440e-01	1.4563967311202808773539152516907447e-05	3.3049894310047640689746397224745234e-03
4.9829272466251135123820645967766629e-03	-3.3248959990662808421846923610810069e-01	1.4520539187765425760312645264827426e-05	3.3000582567877384850555282808796189e-03
4.9972280172078677104501851952374961e-03	-3.1929896613418402398961036911854088e-01	1.4478984431381515328758114778505657e-05	3.2953328906231411101331296920209554e-03
5.0109696326583361975991498755178626e-03	-3.0612682513945463410421459233496701e-01	1.4439277912837007297337137814040068e-05	3.2908113556242387447453543210501097e-03
5.0241505034259691805574517757499873e-03	-2.9297236541081945629251007314546588e-01	1.4401395765246735899101116836430241e-05	3.2864917698834396194821641145194711e-03
5.0367691089145550124035790424415899e-03	-2.7983478277751324949245104686357225e-01	1.4365315349897717471304289037257806e-05	3.2823723443879622078125473958002477e-03
5.0488239971261001852852788813427783e-03	-2.6671328004203728443542499193485785e-01	1.4331015224100347303382074634625892e-05	3.2784513810521574386999211178037753e-03
5.0603137843220761525299216968129406e-03	-2.5360706662021454507358320581338287e-01	1.4298475110963918753958106491439732e-05	3.2747272708622863087656370157240682e-03
5.0712371547017702581939795902447170e-03	-2.4051535818844698831546669153517739e-01	1.4267675871018580410060146269888281e-05	3.2711984921298279420057309480899032e-03
5.0815928600974927132949325834349756e-03	-2.2743737633774818869421493047708523e-01	1.4238599475611239659854818742555055e-05	3.2678636088496524689974440703970339e-03
5.0913797196864058127407209711480822e-03	-2.1437234823413885829695212986654171e-01	1.4211228982008018715352531687678619e-05	3.2647212691596397248999905164012769e-03
5.1005966197187554613696283000197684e-03	-2.0131950628500593336936409870523956e-01	1.4185548510140695229823588834048326e-05	3.2617702038985596581860872084600203e-03
5.1092425132622985965117354021639452e-03	-1.8827808781103820258613087829138380e-01	1.4161543220939135983315178837595358e-05	3.2590092252592544014578955288099768e-03
5.1173164199627332820602014906390853e-03	-1.7524733472336285966226951722163281e-01	1.4139199296196078980311369117161885e-05	3.2564372255343760282993545865045266e-03
5.1248174258199511282532626780583809e-03	-1.6222649320551793310621162006160650e-01	1.4118503919914755713990510856020048e-05	3.2540531759521389019560058152510115e-03
5.1317446829799442844214278436270841e-03	-1.4921481339990531372570585334335984e-01	1.4099445261093789096740467634653535e-05	3.2518561255997419628694297914492620e-03
5.1380974095422115802699723275290091e-03	-1.3621154909837809832023636788925027e-01	1.4082012457907570340620309803539405e-05	3.2498452004323050110911734758718098e-03
5.1438748893825204755447449174920436e-03	-1.2321595743662422540054747615565608e-01	1.4066195603243925610560988474637393e-05	3.2480196023653446867570333798451526e-03
5.1490764719908933382094909076233592e-03	-1.1022729859201592272778891545092005e-01	1.4051985731564345391375622360009334e-05	3.2463786084489910731074675527711496e-03
5.1537015723246982269828253588002496e-03	-9.7244835484601341442101269017055863e-02	1.4039374807055380227855604716211197e-05	3.2449215701223152469072556111257252e-03
5.1577496706767358241329212595766558e-03	-8.4267833480920939671117732004012168e-02	1.4028355713043019115498982542494957e-05	3.2436479125463022575027594437401402e-03
5.1612203125582254672039888217581280e-03	-7.1295560100336719634340095683361810e-02	1.4018922242644973994593477050706332e-05	3.2425571340141634800876961399929804e-03
5.1641131085966043818036493599216417e-03	-5.8327284723567334089133978029599080e-02	1.4011069090638807618530088584285575e-05	3.2416488054378375906974961375379253e-03
5.1664277344480652392733657389370089e-03	-4.5362278303126376119409748022342421e-02	1.4004791846526774111962262277714962e-05	3.2409225699096810600461946924336441e-03
5.1681639307247680702079151178484145e-03	-3.2399813075364864365419479908314492e-02	1.4000086988781102951505423523327835e-05	3.2403781423384975534355537379186560e-03
5.1693215029366733742971761965426083e-03	-1.9439162273822045508095330030228406e-02	1.3996951880256258660407512290882423e-05	3.2400153091592014327083294594677940e-03
5.1699003214479539954919577257672504e-03	-6.4795998435911669431362539909673796e-03	1.3995384764757460660563965579396116e-05	3.2398339281155541492008607245488819e-03
5.1699003214479539954919577257672504e-03	6.4795998435911669431362539909673796e-03	1.3995384764757460660563965579396116e-05	3.2398339281155541492008607245488819e-03
5.1693215029366733742971761965426083e-03	1.9439162273822045508095330030228406e-02	1.3996951880256258660407512290882423e-05	3.2400153091592014327083294594677940e-03
5.1681639307247680702079151178484145e-03	3.2399813075364864365419479908314492e-02	1.4000086988781102951505423523327835e-05	3.2403781423384975534355537379186560e-03
5.1664277344480652392733657389370089e-03	4.5362278303126376119409748022342421e-02	1.4004791846526774111962262277714962e-05	3.2409225699096810600461946924336441e-03
5.1641131085966043818036493599216417e-03	5.8327284723567334089133978029599080e-02	1.4011069090638807618530088584285575e-05	3.2416488054378375906974961375379253e-03
5.1612203125582254672039888217581280e-03	7.1295560100336719634340095683361810e-02	1.4018922242644973994593477050706332e-05	3.2425571340141634800876961399929804e-03
5.1577496706767358241329212595766558e-03	8.4267833480920939671117732004012168e-02	1.4028355713043019115498982542494957e-05	3.2436479125463022575027594437401402e-03
5.1537015723246982269828253588002496e-03	9.7244835484601341442101269017055863e-02	1.4039374807055380227855604716211197e-05	3.2449215701223152469072556111257252e-03
5.1490764719908933382094909076233592e-03	1.1022729859201592272778891545092005e-01	1.4051985731564345391375622360009334e-05	3.2463786084489910731074675527711496e-03
5.1438748893825204755447449174920436e-03	1.2321595743662422540054747615565608e-01	1.4066195603243925610560988474637393e-05	3.2480196023653446867570333798451526e-03
5.1380974095422115802699723275290091e-03	1.3621154909837809832023636788925027e-01	1.4082012457907570340620309803539405e-05	3.2498452004323050110911734758718098e-03
5.1317446829799442844214278436270841e-03	1.4921481339990531372570585334335984e-01	1.4099445261093789096740467634653535e-05	3.2518561255997419628694297914492620e-03
5.1248174258199511282532626780583809e-03	1.6222649320551793310621162006160650e-01	1.4118503919914755713990510856020048e-05	3.2540531759521389019560058152510115e-03
5.1173164199627332820602014906390853e-03	1.7524733472336285966226951722163281e-01	1.4139199296196078980311369117161885e-05	3.2564372255343760282993545865045266e-03
5.1092425132622985965117354021639452e-03	1.8827808781103820258613087829138380e-01	1.4161543220939135983315178837595358e-05	3.2590092252592544014578955288099768e-03
5.1005966197187554613696283000197684e-03	2.0131950628500593336936409870523956e-01	1.4185548510140695229823588834048326e-05	3.2617702038985596581860872084600203e-03
5.0913797196864058127407209711480822e-03	2.1437234823413885829695212986654171e-01	1.4211228982008018715352531687678619e-05	3.2647212691596397248999905164012769e-03
5.0815928600974927132949325834349756e-03	2.2743737633774818869421493047708523e-01	1.4238599475611239659854818742555055e-05	3.2678636088496524689974440703970339e-03
5.0712371547017702581939795902447170e-03	2.4051535818844698831546669153517739e-01	1.4267675871018580410060146269888281e-05	3.2711984921298279420057309480899032e-03
5.0603137843220761525299216968129406e-03	2.5360706662021454507358320581338287e-01	1.4298475110963918753958106491439732e-05	3.2747272708622863087656370157240682e-03
5.0488239971261001852852788813427783e-03	2.6671328004203728443542499193485785e-01	1.4331015224100347303382074634625892e-05	3.2784513810521574386999211178037753e-03
5.0367691089145550124035790424415899e-03	2.7983478277751324949245104686357225e-01	1.4365315349897717471304289037257806e-05	3.2823723443879622078125473958002477e-03
5.0241505034259691805574517757499873e-03	2.9297236541081945629251007314546588e-01	1.4401395765246735899101116836430241e-05	3.2864917698834396194821641145194711e-03
5.0109696326583361975991498755178626e-03	3.0612682513945463410421459233496701e-01	1.4439277912837007297337137814040068e-05	3.2908113556242387447453543210501097e-03
4.9972280172078677104501851952374961e-03	3.1929896613418402398961036911854088e-01	1.4478984431381515328758114778505657e-05	3.2953328906231411101331296920209554e-03
4.9829272466251135123820645967766629e-03	3.3248959990662808421846923610810069e-01	1.4520539187765425760312645264827426e-05	3.3000582567877384850555282808796189e-03
4.9680689797887261964667583585642952e-03	3.4569954568495319047943385875837440e-01	1.4563967311202808773539152516907447e-05	3.3049894310047640689746397224745234e-03
4.9526549452971638288883714357283256e-03	3.5892963079813977959262444044773459e-01	1.4609295229490937106967956901899603e-05	3.3101284873455629509369484952837319e-03
4.9366869418786400646025112122500647e-03	3.7218069106932192912168887210123294e-01	1.4656550707458252780466315503228766e-05	3.3154775993974915888716004030665366e-03
4.9201668388196476997444086262532114e-03	3.8545357121871215841921686165960898e-01	1.4705762887708939007143524198321252e-05	3.3210390427263571976868327969143990e-03
4.9030965764123987830064535649175791e-03	3.9874912527664635095747872041733765e-01	1.4756962333774319562505781818553687e-05	3.3268151974753477016263727226637116e-03
4.8854781664215421263780224292252112e-03	4.1206821700730621066882871677983329e-01	1.4810181075789072169672522509118927e-05	3.3328085511062627579058944970806598e-03
4.8673136925705374003966288857540744e-03	4.2541172034370065987939861207305144e-01	1.4865452658818525248519122210067497e-05	3.3390217012892378673464559029004426e-03
4.8486053110480840085446916194376614e-03	4.3878051983451315322563233369684336e-01	1.4922812193972151896288384580802815e-05	3.3454573589475584475028358646908670e-03
4.8293552510350226498388524578174322e-03	4.5217551110344911769241271094990143e-01	1.4982296412447828131724639676548451e-05	3.3521183514645907817518266084021926e-03
4.8095658152521479403993284894723432e-03	4.6559760132174673819425933642082150e-01	1.5043943722661535203065208616180966e-05	3.3590076260603139465107576065767218e-03
4.7892393805293917186180034631445421e-03	4.7904770969454520372942016097253774e-01	1.5107794270628013534448273493006152e-05	3.3661282533454232896838892746102635e-03
4.7683783983968587517625237516498701e-03	4.9252676796183743272927675709677236e-01	1.5173890003769478950946632809714467e-05	3.3734834310614940917985604836908750e-03
4.7469853956982195444745518318683478e-03	5.0603572091476933905428886051296711e-01	1.5242274738341955834705141180373070e-05	3.3810764880162461822976776528261725e-03
4.7250629752269888745751205518857042e-03	5.1957552692808502379295044918380175e-01	1.5312994230682138386530664775917202e-05	3.3889108882235392101697173097740530e-03
4.7026138163862436049402080475777022e-03	5.3314715850955703550040972104362612e-01	1.5386096252492038265318797900161742e-05	3.3969902352583569111311096652043291e-03
4.6796406758723593013763168198144851e-03	5.4675160286728319787784893268718056e-01	1.5461630670394099782287021883290497e-05	3.4053182768377102527475641888237673e-03
4.6561463883833722884372537951167320e-03	5.6038986249577663750618622740630469e-01	1.5539649530006055664652399898924995e-05	3.4138989096391072271074333386277342e-03
4.6321338673526020648818647718665565e-03	5.7406295578182374787030355001780274e-01	1.5620207144802659009799435562493101e-05	3.4227361843690050503123491550066458e-03
4.6076061057081985490428355613474755e-03	5.8777191763113610795812411733826584e-01	1.5703360190050671874209265132744476e-05	3.4318343110944827000556881471333446e-03
4.5825661766593095072969668436187895e-03	6.0151780011687705963805154029693476e-01	1.5789167802124240046505985755753976e-05	3.4411976648522525185654385094866618e-03
4.5570172345095958164455473333139726e-03	6.1530167315120198179687894165306019e-01	1.5877691683530170741035940224426214e-05	3.4508307915500738661373009650594374e-03
4.5309625154988560086512825626456282e-03	6.2912462518101354505155421192540450e-01	1.5968996213996801998258128382678897e-05	3.4607384141766448039962805592445817e-03
4.5044053386735569367249371934514458e-03	6.4298776390919967495837397672604755e-01	1.6063148568006270641375418566745729e-05	3.4709254393371352672322673048651159e-03
4.4773491067871044750938745685788894e-03	6.5689221704269290430328373592660858e-01	1.6160218839178226785381899164730486e-05	3.4813969641326934396875199934025560e-03
4.4497973072307270412561900054539739e-03	6.7083913306876559279852922578925610e-01	1.6260280171943601846832482496531041e-05	3.4921582834035129249646550890346854e-03
4.4217535129958854944267366225661328e-03	6.8482968206105650056819492792399919e-01	1.6363408900980128069663345779969670e-05	3.5032148973563993242662610767765234e-03
4.3932213836691657604167786454344918e-03	6.9886505651691081680898385014868867e-01	1.6469684698917166828525386217296215e-05	3.5145725195992291930561079990144063e-03
4.3642046664606554706539459673924770e-03	7.1294647222770839796403158604265209e-01	1.6579190732856290642855965635748670e-05	3.5262370856062610462386125062900538e-03
4.3347071972668531234786107278859012e-03	7.2707516918395412930338721170387091e-01	1.6692013830296267083272722753416340e-05	3.5382147616399469708077831644770547e-03
4.3047329017692079217201757143826651e-03	7.4125241251701049991019879647034617e-01	1.6808244655096928687697622520272954e-05	3.5505119541567152959368404403356866e-03
4.2742857965694406665361761238719803e-03	7.5547949347946622898025048839060805e-01	1.6927977894166232131689267966503591e-05	3.5631353197261615308782298469988054e-03
4.2433699903628510590940701627029142e-03	7.6975773046625670606902705418730014e-01	1.7051312455608999973585384051300564e-05	3.5760917754952094500983498299545813e-03
4.2119896851508746563329727522425685e-03	7.8408847007878276917669109593461526e-01	1.7178351679134828679177667343038399e-05	3.5893885102311011214878974431347994e-03
4.1801491774942137351292812806879921e-03	7.9847308823441466223273774356754294e-01	1.7309203559586913182227313873247333e-05	3.6030329959795596183954428882879630e-03
4.1478528598079306450811288104256483e-03	8.1291299132391867377002136875981829e-01	1.7443980984523608843917482133947674e-05	3.6170330003771585133786642636574692e-03
4.1151052216999600933835399460288138e-03	8.2740961741950582052043807032083636e-01	1.7582801986861012495770657256216865e-05	3.6313965996598471869849164067022538e-03
4.0819108513545684419290814007435039e-03	8.4196443753637594301898584696565311e-01	1.7725790013668346777373278286125493e-05	3.6461321924127416485609684946349534e-03
4.0482744369623637607704321776859698e-03	8.5657895695081775368318063175616688e-01	1.7873074212299201025885598575085738e-05	3.6612485141097203186832699440697321e-03
4.0142007681985403467970894406035975e-03	8.7125471657812684811109989444404470e-01	1.8024789735141524731465956108523285e-05	3.6767546524950888905583823907150579e-03
3.9796947377511259764266079751304065e-03	8.8599329441382069306220210368429561e-01	1.8181078064378585888994566862540090e-05	3.6926600638636265497550713333335370e-03
3.9447613429010896338187136976848255e-03	9.0079630704186349561944588665867451e-01	1.8342087358272900626979654164639503e-05	3.7089745902997291436156390045765638e-03
3.9094056871562621841755277614548654e-03	9.1566541121386612658673731283893718e-01	1.8507972820616534057577470625850032e-05	3.7257084779411584515199565193509076e-03
3.8736329819411228149952662639741002e-03	9.3060230550349855437150003522905836e-01	1.8678897095135419866061310441494799e-05	3.7428723963381294679102759259312359e-03
3.8374485483446104464000354823307722e-03	9.4560873204064634479930832496502829e-01	1.8855030686793852199252594237494439e-05	3.7604774589841628472410988923363798e-03
3.8008578189282321470934871925757253e-03	9.6068647833016068142951138162371007e-01	1.9036552412119642009443203139101221e-05	3.7785352451013455013429686375273833e-03
3.7638663395968603529033436437388371e-03	9.7583737916039524704924826001001584e-01	1.9223649880862367378808001099858353e-05	3.7970578227694323649743723302859256e-03
3.7264797715347378768888731964501447e-03	9.9106331860709559345350783925751399e-01	1.9416520011508667577353165048681745e-05	3.8160577734956462686298698530596526e-03
3.6887038932093448728653115959054480e-03	1.0063662321386099790239103316844482e+00	1.9615369583411865165161410038225679e-05	3.8355482183301573024069349979579020e-03
3.6505446024459256637665956422880414e-03	1.0217481088288280193225642604239744e+00	1.9820415828550862059066505832356927e-05	3.8555428456411224363146351222299198e-03
3.6120079185756263195217447803442678e-03	1.0372109936847281370377102999889358e+00	2.0031887066218077048422719030422746e-05	3.8760559406729236943642651143618499e-03
3.5730999846603567691780690467051459e-03	1.0527569900959303284910112980095676e+00	2.0250023384251371659027416689026212e-05	3.8971024170219520223277814571568823e-03
3.5338270697976648236607390360820091e-03	1.0683882624142111934332693481826276e+00	2.0475077370774063068159517606892733e-05	3.9186978501760485620089453464232947e-03
3.4941955715090946014407173722837850e-03	1.0841070386715479544185890362507792e+00	2.0707314900794337784392102122540910e-05	3.9408585132766525306196209101332154e-03
3.4542120182156993967998462460737055e-03	1.0999156134459222699652240899038854e+00	2.0947015982445294067955884769823058e-05	3.9636014152769469702342022694495402e-03
3.4138830718045899989456610819964641e-03	1.1158163508848385289795069848320012e+00	2.1194475668124715700418904949470147e-05	3.9869443416849884106207671835676858e-03
3.3732155302906249403540824302293723e-03	1.1318116878973011384842870945204964e+00	2.1450005036325493526315326505706209e-05	4.0109058980981208480481642411871659e-03
3.3322163305775903051056997609138774e-03	1.1479041375258579274836271961255606e+00	2.1713932250540168286324316259403033e-05	4.0355055567540966085748640455260954e-03
3.2908925513234748542121498676387657e-03	1.1640962925112598320030141161037374e+00	2.1986603702284123257710296904492841e-05	4.0607637063454692395394855469409998e-03
3.2492514159147227393189599662353394e-03	1.1803908290633190496946095573522919e+00	2.2268385246020359219090182883037409e-05	4.0867017053672270264860557408843695e-03
3.2073002955546425290481221230502342e-03	1.1967905108526784304360094138070380e+00	2.2559663534594655328011704449297237e-05	4.1133419392935724371755957076331627e-03
3.1650467124714693648395083472790668e-03	1.2132981932394447361213564205392193e+00	2.2860847464714842091810287772540514e-05	4.1407078819085317052442107219497408e-03
3.1224983432519186643256500409221275e-03	1.2299168277559996097343785074658575e+00	2.3172369743045171292990382600081058e-05	4.1688241611470508548411297946709453e-03
3.0796630223064369553275066591857339e-03	1.2466494668627981898299895320225422e+00	2.3494688584651621637952208032353122e-05	4.1977166298387990400391554831425653e-03
3.0365487454727504154072321818749142e-03	1.2634992689976115459770400581704622e+00	2.3828289556843984625044433559018021e-05	4.2274124417865121313820327378247230e-03
2.9931636737647370049833806347195015e-03	1.2804695039404826923929501443504713e+00	2.4173687582935967334400647007257649e-05	4.2579401336548883194459434206845225e-03
2.9495161372741064692190573472697581e-03	1.2975635585186662810036024217752950e+00	2.4531429122108689818601501289527617e-05	4.2893297131953867553740201119439534e-03
2.9056146392328669871560728769990482e-03	1.3147849426780311428875213195631122e+00	2.4902094543442866545649939832699179e-05	4.3216127543874596620441575880379759e-03
2.8614678602450912313904564052049425e-03	1.3321372959498475124101631094785271e+00	2.5286300714311956805846995410341270e-05	4.3548225001385476220076820313944095e-03
2.8170846626970717962776141914608689e-03	1.3496243943445852488988512643512344e+00	2.5684703825739002112209153149410926e-05	4.3889939732544827854597641807851918e-03
2.7724740953555804929203612600013066e-03	1.3672501577073477295543927651784320e+00	2.6098002480056028196305295660599796e-05	4.4241640964698068368423691467987239e-03
2.7276453981646224888720483435265688e-03	1.3850186575728948183204333373365234e+00	2.6526941069316066026586332061230787e-05	4.4603718224151090499425482133363587e-03
2.6826080072518097994327725713922804e-03	1.4029341255619090271841426117997777e+00	2.6972313476451610402831322805681423e-05	4.4976582744971988563212876925117963e-03
2.6373715601562749075965461025312859e-03	1.4210009623642792029025745367543525e+00	2.7434967135217067755886824041194530e-05	4.5360668997793379628357470797281279e-03
2.5919459012909106508479974428450365e-03	1.4392237473597701727179225933803161e+00	2.7915807489575483002934847013299789e-05	4.5756436350747146629309551805596848e-03
2.5463410876526640593166511667300887e-03	1.4576072489315771069473798834430507e+00	2.8415802898484491559260635554669389e-05	4.6164370876089927910528109788053283e-03
2.5005673947956374995736388826002879e-03	1.4761564355340015072204630853297649e+00	2.8935990038112492804577590819483219e-05	4.6584987317696086415790910236912298e-03
2.4546353230828691686235633734087970e-03	1.4948764875819141115270811871758605e+00	2.9477479860502780640632827513888842e-05	4.7018831236434383108916918284153730e-03
2.4085556042338866813422352726834292e-03	1.5137728102368836507753149881071635e+00	3.0041464175753867686786286700653792e-05	4.7466481352539285141972469480282684e-03
2.3623392081864634333417801043585432e-03	1.5328510471729591142491780441963725e+00	3.0629222934080176367302945043355324e-05	4.7928552106477787094859129288664051e-03
2.3159973502924702521520299565277332e-03	1.5521170954142241646544921076913866e+00	3.1242132294874816799823552694309247e-05	4.8405696462544865904133449397197437e-03
2.2695414988693188506420136213860337e-03	1.5715771213465432049111716048822523e+00	3.1881673582373234409619544008544597e-05	4.8898608982550673276320854458962767e-03
2.2229833831302549102714867555676694e-03	1.5912375780175610684276038345969826e+00	3.2549443242021624140472926163606754e-05	4.9408029200555795975747599367681481e-03
2.1763350015186955334470837639914395e-03	1.6111052238522026351274107916588034e+00	3.3247163928557312918886307625275138e-05	4.9934745333744968400149729391872363e-03
2.1296086304739390674860530112855082e-03	1.6311871429258789493315187059215460e+00	3.3976696876555143040895056977584803e-05	5.0479598369296644023762753497645428e-03
2.0828168336579285201524736231680741e-03	1.6514907669546169479654263280792195e+00	3.4740055727321659717628643374689979e-05	5.1043486572615554710134970869784896e-03
2.0359724716753498577796835224363533e-03	1.6720238991807129969792068982557496e+00	3.5539422013178153618083594083209927e-05	5.1627370468678865957937410301097105e-03
1.9890887123222241245951544232751817e-03	1.6927947403546457722392917585390656e+00	3.6377162532154327823659387567096628e-05	5.2232278355660759789590266073279718e-03
1.9421790414013427147938290523276587e-03	1.7138119170393201560262260950700557e+00	3.7255848883879068488589071199447356e-05	5.2859312418633871282653001065999427e-03
1.8952572741464386184593555590684087e-03	1.7350845124917821635555124487711004e+00	3.8178279482180239387918042795179340e-05	5.3509655521226327612863800197137421e-03
1.8483375673009294572825440130061298e-03	1.7566221004109769220901050218740962e+00	3.9147504413035327484744855333711748e-05	5.4184578764915131121253086906932049e-03
1.8014344319014641342411754114776874e-03	1.7784347818786700445435597670298058e+00	4.0166853569826953427948527022202378e-05	5.4885449919493902293704387299181745e-03
1.7545627468214157954437773796059031e-03	1.8005332258652173283655947295865435e+00	4.1239968573549257398333838534233716e-05	5.5613742844571781937553344087420381e-03
1.7077377731349612313645231347949694e-03	1.8229287137235282342907047841701502e+00	4.2370839076410035294445117515001479e-05	5.6371048041237038084374444192855408e-03
1.6609751693685541493278614902205127e-03	1.8456331881546247647915418095306314e+00	4.3563844156577284860782501786300423e-05	5.7159084495862651088381746028030794e-03
1.6142910077135340474156631921587403e-03	1.8686593071982193444328287446225800e+00	4.4823799643879691610131452590090880e-05	5.7979713005191906169365124689715904e-03
1.5677017912814272509661343611239372e-03	1.8920205038836270672277922368460118e+00	4.6156012376433046283355350414624997e-05	5.8834951204247314209893424461014312e-03
1.5212244724923251859244943037423210e-03	1.9157310522724068320458522131347722e+00	4.7566342583177015517612292509569959e-05	5.9726990557407845277237090307487238e-03
1.4748764726967238110821276172230003e-03	1.9398061407372248922718388206466090e+00	4.9061275825730927148641238575943490e-05	6.0658215619634250462131943610896821e-03
1.4286757031425622399016435075702206e-03	1.9642619534550293490306156071901856e+00	5.0648006225730154764174776903405683e-05	6.1631225931090586964388825294377564e-03
1.3826405874121270226891731176266265e-03	1.9891157612509998494433828512193177e+00	5.2334533064878465893598359654638978e-05	6.2648860976578939296309331546617720e-03
1.3367900854682518028629458785079336e-03	2.0143860231181986499714172768083326e+00	5.4129773292377616007602804508584986e-05	6.3714228724142549488694629301540228e-03
1.2911437194661509906814437912986095e-03	2.0400924999629978043674566082569775e+00	5.6043693031541870233765153177467174e-05	6.4830738358549556354499780133053023e-03
1.2457216015066532536685579869975550e-03	2.0662563823964451436897507039828942e+00	5.8087461874737064241724068049439714e-05	6.6002137949813228998928351966931929e-03
1.2005444635289943007464937005038209e-03	2.0929004347171308241310011812503846e+00	6.0273634633265280452814965734118494e-05	6.7232557950439945355024503141958012e-03
1.1556336895672304636050820811101286e-03	2.1200491576249330412365464497695327e+00	6.2616366319213769605528517060998621e-05	6.8526561605494725168960980011776700e-03
1.1110113506244028441384237759359099e-03	2.1477289726839129605923320337415287e+00	6.5131667549747538212449013069763865e-05	6.9889203596957119151969366555996889e-03
1.0667002424536189813325960999951288e-03	2.1759684321378913107651205083443951e+00	6.7837709374772150313345024106403048e-05	7.1326098541476552166964415625081690e-03
1.0227239265762094144951411939184119e-03	2.2047984584012724579008976223152175e+00	7.0755188863035687295010727446182956e-05	7.2843501336042607172808565130187542e-03
9.7910677491527371018496442879402955e-04	2.2342526184359739470554956262353291e+00	7.3907769811877814085985487345247414e-05	7.4448401822556837697171152025240289e-03
9.3587401847975903608982236876670721e-04	2.2643674393291560255234154402046755e+00	7.7322616908237767501765883660726123e-05	7.6148636851046917026467698822498511e-03
8.9305180060159071253136294584394336e-04	2.2951827727666428877172080161522460e+00	8.1031046890062024877852918861952377e-05	7.7953023604481406842433381834162479e-03
8.5066723530865351070283800199091777e-04	2.3267422178340208549514851000688980e+00	8.5069327194343973430543411697517321e-05	7.9871519063308795624142373969278497e-03
8.0874847151258043995555482304502970e-04	2.3590936137789232819968935298478258e+00	8.9479661874415490030704731360487189e-05	8.1915411814019243683114628096529134e-03
7.6732476380612860888910578976799715e-04	2.3922896171788197849404876626215264e+00	9.4311417142284377224641299037519207e-05	8.4097554153008993004487884128474385e-03
7.2642655080526337257817596870446297e-04	2.4263883815756681019855060628517654e+00	9.9622656064159912944823864957703916e-05	8.6432644758878661852031494105140406e-03
6.8608554214220497129879028600023694e-04	2.4614543623325218821834207723041671e+00	1.0548207563767934919255144365896167e-04	8.8937575321581612635603608248424525e-03
6.4633481542579148969466561839715176e-04	2.4975592756129927220300168374902227e+00	1.1197147255726379056791886077352430e-04	9.1631858739287140451557202392074762e-03
6.0720892474533087739370013897771239e-04	2.5347832485092795419297988702588372e+00	1.1918891069697927451187533537387703e-04	9.4538162279460087350583021578877769e-03
5.6874402261793443987591323318871203e-04	2.5732162081970708840755344079654333e+00	1.2725283019359691140083814723212810e-04	9.7682977121335691885243662011385748e-03
5.3097799768631319668258697659104226e-04	2.6129595726540093212302782346839060e+00	1.3630743500864061917025271209533782e-04	1.0109746695696660625044784442045244e-02
4.9395063099019757941271588809104627e-04	2.6541283255167025766327039167589459e+00	1.4652983870999341341616741448439479e-04	1.0481855435219503832142847776367230e-02
4.5770377429566714321219862651437822e-04	2.6968535854034185711551885412766591e+00	1.5813966209053729511044544375952758e-04	1.0889032671205896902894007537763376e-02
4.2228155482254256601827181093049766e-04	2.7412858190140433556795128979262096e+00	1.7141210217424776831091401422572559e-04	1.1336587766120641407701462701669587e-02
3.8773061183094154635460292436718243e-04	2.7875989029364047793228454616683142e+00	1.8669599860152714339684671095195530e-04	1.1830975038277640760953206548842754e-02
3.5410037201509158434429145667749512e-04	2.8359953197944185607311638819645816e+00	2.0443922727088364316587291844443077e-04	1.2380122670892512533653871060909813e-02
3.2144337265294888381796308797981059e-04	2.8867128936981307973524556729432615e+00	2.2522505752856075421565719473439891e-04	1.2993882590631135588791831841605494e-02
2.8981564419350781992526929399077054e-04	2.9400336500714901275559229073273044e+00	2.4982528845129533998588667916425473e-04	1.3684656842408980722275598074159673e-02
2.5927716776342883314501221618592040e-04	2.9962956631593060218583104298315168e+00	2.7927972251830630777969998868359261e-04	1.4468287262923031041526973320691236e-02
2.2989242845982835181280325006725151e-04	3.0559091955567321787128809365535261e+00	3.1501817693723161739298741257959718e-04	1.5365347909144891185163126371380614e-02
2.0173109309616841800947954670640032e-04	3.1193791539731970803304413450213384e+00	3.5905346527233268850023161084578367e-04	1.6403071342731810986272308812482876e-02
1.7486885264855300523067741454971691e-04	3.1873371001728408918390024175819596e+00	4.1429728564835171942300354635605385e-04	1.7618305553318595923270685258774856e-02
1.4938848733578007430467787751345918e-04	3.2605881857817462295124021799381313e+00	4.8509837833165932038195606143762703e-04	1.9062211230986624197390927040319635e-02
1.2538124017627863381762163536287379e-04	3.3401822836807247443674118430963926e+00	5.7820365440666576006357700035292849e-04	2.0808031066351442546429947754708851e-02
1.0294863062994384770778448059059687e-04	3.4275261309612926896037825919642339e+00	7.0457477017789343685354193265699741e-04	2.2964575874768455788936325090766262e-02
8.2204918470923003179725098504401525e-05	3.5245688163966007962677827832278197e+00	8.8306817717172095142158690415781111e-04	2.5701053599610578415347696023565727e-02
6.3280570430406509705531669345705831e-05	3.6341274319715682901063581533440823e+00	1.1485694594242113204551114473939403e-03	2.9296269366957809599315908060078210e-02
4.6327358347718656927877666229165752e-05	3.7605041545163261616400968828064508e+00	1.5721330479730844814171330470668727e-03	3.4245811624866670792817522883499653e-02
3.1526300523554616231170850665867055e-05	3.9107806969051959657171008216440861e+00	2.3192020138001593393717952305321463e-03	4.1527354363374312906912690320111857e-02
1.9101025356978587820033448300461713e-05	4.0979522367632246133046138051618062e+00	3.8610743334342942935650510951544552e-03	5.3389495597892046432514939499779734e-02
9.3427100175502964526949972657014498e-06	4.3503961058892212852525975927039196e+00	8.1068911501087410038418908380033407e-03	7.6501321668464614473924830877058121e-02
2.6482166905737129644718777413333952e-06	4.7549835447861539322677653068649696e+00	3.8096692808955872665774488922010035e-02	1.4602670005375894161367998187050523e-01
0.0000000000000000000000000000000000e+00	0.0000000000000000000000000000000000e+00	2.4239328016035667134088157755388595e-05	3.9678897833873976995685658406302745e-03