2.6262991428677389571477152420004888e-06	-4.7566644870534003756734951180979498e+00	3.8073220414151103144152947870357971e-02	1.4598037914026657936425855518053345e-01
9.2660102523568551957590057436604621e-06	-4.3522101547354481424317935329631345e+00	8.1012605969791535855616732737811681e-03	7.6474576893586553131327207773301056e-02
1.8945272394646985473145054352341886e-05	-4.0998576222383623530006590461138201e+00	3.8581706351682674459961384701462960e-03	5.3369351492286855027039259148801483e-02
3.1270738345482247204456452458266206e-05	-3.9127587746919865421053321445946455e+00	2.3173444728324409498365276365855920e-03	4.1510688102066451520089394887836244e-02
4.5953796330931298507550704006510436e-05	-3.7625440633014102280600224116260287e+00	1.5708055352581731559458380855195908e-03	3.4231330832817077860176002147317227e-02
6.2772784265993384303203076195909554e-05	-3.6362219639968643252385467977524187e+00	1.1475540427370646460982758241982483e-03	2.9283304075536856223594099205201694e-02
8.1548272773581969294550474352734240e-05	-3.5267127982324737876170714538272437e+00	8.8225493987256648467812026003166917e-04	2.5689207862321691150605399885052250e-02
1.0212982009523161306965559943618719e-04	-3.4297156488682697042902735956569288e+00	7.0390148322158946828661140112107279e-04	2.2953594495462581330180120803213825e-02
1.2438810111854907992099685147888023e-04	-3.3424142630650406451836773135419822e+00	5.7763208648988349393920291611404565e-04	2.0797739064418233150632972950058188e-02
1.4820985438043937597437999164769077e-04	-3.2628601417844431985758688551348615e+00	4.8460356264143161161515528475893558e-04	1.9052482916606851277163980580991405e-02
1.7349444611339712520528453401500362e-04	-3.1896469797266356602193599748594193e+00	4.1386212574293187478452702185643154e-04	1.7609047308494569271203073992807037e-02
2.0015142817568123614210914735755511e-04	-3.1217252305790174785072368171733747e+00	3.5866580135485202028927463692602574e-04	1.6394211378766027384036521090971458e-02
2.2809874045275943567852891309357608e-04	-3.0582899962887911763990708168701272e+00	3.1466908754736062326071453242384367e-04	1.5356829846035836242107675551391234e-02
2.5726134944678929848379791435852042e-04	-2.9987099163261818680445109898537993e+00	2.7896249034767792447235075840832165e-04	1.4460065929102397535572153580807166e-02
2.8757019261232251715220591691799569e-04	-2.9424802466408965087130090909127245e+00	2.4953474360080618466458455095086536e-04	1.3676695427873380200919364008455033e-02
3.1896134335553431703427089559051686e-04	-2.8891908581962450065448969659774546e+00	2.2495714544814840218190880741224140e-04	1.2986150658779431492305144284500800e-02
3.5137533927668261857061942658545413e-04	-2.8385037879102047058610173756359795e+00	2.0419071579515958303829630698783433e-04	1.2372594734041269096295019244038106e-02
3.8475663376482846146654867777328730e-04	-2.7901371039853219326248413034761916e+00	1.8646427404185746354593539879236383e-04	1.1823629514159412014338495671902637e-02
4.1905314253163137133224483417039947e-04	-2.7438530619972969748775693668717625e+00	1.7119502411801508468559402486543833e-04	1.1329406198502982418516434852074002e-02
4.5421586440204443628538227666969251e-04	-2.6994492477764839527711991124978989e+00	1.5793545790345568053845108306330113e-04	1.0881999137737281785912166400953992e-02
4.9019856101726442590198792059903800e-04	-2.6567518440324747795765309324659997e+00	1.4633702550296391966412667591700149e-04	1.0474956090633828023700324962731743e-02
5.2695748387139613791913631189102307e-04	-2.6156104358175962485452896083214952e+00	1.3612476098935469341216880764322122e-04	1.0102969414609300640742520930359142e-02
5.6445113981243121273708729270594349e-04	-2.5758939499888202717159917427687127e+00	1.2707922994907169020106878692100668e-04	9.7616318062748938030996094056597778e-03
6.0264008812089385325015575226295224e-04	-2.5374874431174897073753835293794999e+00	1.1902347065170192472542643138056203e-04	9.4472522198264968216262466117079905e-03
6.4148676375333948601155847517575779e-04	-2.5002895329790000968826752397371678e+00	1.1181340397423624425821624226176267e-04	9.1567153138391436603251983700623834e-03
6.8095532244892442617861081352677144e-04	-2.4642103243557357321706959295588628e+00	1.0533069328630488256889575483409430e-04	8.8873728488399048569047614817767558e-03
7.2101150424555925675340326573338662e-04	-2.4291697188594665631661058412424033e+00	9.9477361198053975762776845821148400e-05	8.6369588536457220306490247649826738e-03
7.6162251260743734829343834684140742e-04	-2.3950960262233113588862005162602317e+00	9.4171683792110417432781461292489986e-05	8.4035226920876725232470502643509225e-03
8.0275690687734415980821675453442722e-04	-2.3619248145456780217699990832778741e+00	8.9345025717085269447464945137630064e-05	8.1853757636873162755585663034062556e-03
8.4438450617054317709808950465911243e-04	-2.3295979516225721484756383877980696e+00	8.4939376443792596409421964578449622e-05	7.9810486975164032341742140793568968e-03
8.8647630314799101048825344222383846e-04	-2.2980628003539816135160778255723654e+00	8.0905414788429968870687899121310507e-05	7.7892567002998411658041742292824386e-03
9.2900438636415620884819242302187786e-04	-2.2672715393323958350471487782494565e+00	7.7200975494543119283935579559509911e-05	7.6088712982122930045690795181407253e-03
9.7194187009295883923569588723441722e-04	-2.2371805858654511988182568043604706e+00	7.3789824718296116960548231791493517e-05	7.4388971339366792819969937375935041e-03
1.0152628307049683482464440786399117e-03	-2.2077501033769929187634955513082512e+00	7.0640674943748040474860769643571544e-05	7.2784527919873097535027227868231018e-03
1.0589422488080985992030296934775338e-03	-2.1789435787467728302331897898106413e+00	6.7726387013917481220500566170957397e-05	7.1267548574151170120066319690514131e-03
1.1029559564788383601870654268830373e-03	-2.1507274579589430435231916019540724e+00	6.5023319526812910040171663010405672e-05	6.9831045876574557517552835672152784e-03
1.1472805890063638829579128664665072e-03	-2.1230708306303478295374249002472185e+00	6.2510795134719700094012106225964006e-05	6.8468767098718985521793807796847354e-03
1.1918935406514503092251912390101157e-03	-2.0959451557261692035252239103875864e+00	6.0170660216664135968164152377023805e-05	6.7175099575788680562286377071772233e-03
1.2367729239888797968878415844326850e-03	-2.0693240221502478693707797156642461e+00	5.7986919611367686460664599240231522e-05	6.5944990387355886780741818697323432e-03
1.2818975324583708079850340816112492e-03	-2.0431829390008916839701541699844465e+00	5.5945432057251586280934494555115689e-05	6.4773877882204604138834340606436919e-03
1.3272468057967848563033050884676502e-03	-2.0174991511709964681460581178360543e+00	5.4033655013762582514773930495103913e-05	6.3657633053392986064907286130675398e-03
1.3728007980649954321997079533417497e-03	-1.9922514766901103002890208945193267e+00	5.2240429870552109068709394784999272e-05	6.2592509144938458793023460585120288e-03
1.4185401480175316051146673066582590e-03	-1.9674201627911493476710131511135079e+00	5.0555800360021275853148204862695033e-05	6.1575098169073030470787522645515469e-03
1.4644460515929115690749582630307986e-03	-1.9429867581632124476744695090464869e+00	4.8970858401053340726146764465167025e-05	6.0602293250324918182211784309995965e-03
1.5105002363282547288229084294570347e-03	-1.9189339992456328086518735249620388e+00	4.7477612711243488897920865987192166e-05	5.9671255903021365156517192904550841e-03
1.5566849375239568994878280479439926e-03	-1.8952457087437001290419266140337003e+00	4.6068876401694839008802534233978896e-05	5.8779387502294497777553413668483562e-03
1.6029828760034688493538207226498464e-03	-1.8719067048164875881970654076791630e+00	4.4738170465204538622157952947979607e-05	5.7924304333076414205302037918822793e-03
1.6493772373299780873753855449782884e-03	-1.8489027196122942122550830226742650e+00	4.3479640625346916418633471636444840e-05	5.7103815702894540700949978532062679e-03
1.6958516523564267324386339359344011e-03	-1.8262203260156140987342640467996176e+00	4.2287985461012695695378996784029325e-05	5.6315904687190130291551872568529477e-03
1.7423901789981126368291266713639608e-03	-1.8038468716278683652907534691308526e+00	4.1158394081733878978219651392194098e-05	5.5558711144029908317913233232433066e-03
1.7889772851283748422196186645158074e-03	-1.7817704191376872450968696953781722e+00	4.0086491921629865366314775791401966e-05	5.4830516691331204919553374788225271e-03
1.8355978325077750579155143451088199e-03	-1.7599796923495918672276924297906319e+00	3.9068293458032528588452256318246027e-05	5.4129731386340741353877826017859113e-03
1.8822370616659374607096131377990250e-03	-1.7384640272359729877471169703833642e+00	3.8100160855694378385455051011693773e-05	5.3454881885896414805779275968504621e-03
1.9288805776629549923662087841941066e-03	-1.7172133274591288362217422084046341e+00	3.7178767697509413406687623004304242e-05	5.2804600898396261344309947423707149e-03
1.9755143366641434478480267859979606e-03	-1.6962180238801231906382361086074173e+00	3.6301067094623702041287514972312277e-05	5.2177617765550744294642957287015005e-03
2.0221246332680375411505160583599569e-03	-1.6754690376312611491442020791915901e+00	3.5464263578022210522722392119787121e-05	5.1572750034830832043735463443403402e-03
2.0686980885329720664092094823382948e-03	-1.6549577463806235046309160060860611e+00	3.4665788264398590301569903180557216e-05	5.0988895902794805063429256892906883e-03
2.1152216386524588246315898843101474e-03	-1.6346759534616504389895451654289284e+00	3.3903276864740774087949883755930464e-05	5.0425027425790193231181290556853443e-03
2.1616825242339272171053775370233453e-03	-1.6146158595793007571711472560370024e+00	3.3174550167322100575735359118603934e-05	4.9880184408379988008361128461965572e-03
2.2080682801393046215708226752211518e-03	-1.5947700368377337461499667905624265e+00	3.2477596679870985132451990047648984e-05	4.9353468891640398058756956626381717e-03
2.2543667258494249022523467186396373e-03	-1.5751314048635193743723262271328337e+00	3.1810557160378199896227863667574865e-05	4.8844040173554427274071012255390154e-03
2.3005659563174156587719002862365018e-03	-1.5556932088237101958018937174630588e+00	3.1171710803732140858774012696000550e-05	4.8351110302356304431568583680313484e-03
2.3466543332790670868824216954708447e-03	-1.5364489991602362291135628506091150e+00	3.0559462883324786455331723904716159e-05	4.7873939991093569097473570763526550e-03
2.3926204769907624641813497713549987e-03	-1.5173926128814606489336753763557979e+00	2.9972333673906095420930544148897701e-05	4.7411834908054984527616444922586500e-03
2.4384532583678827382620289433329687e-03	-1.4985181562687389206720713196136540e+00	2.9408948505071672227010503000861534e-05	4.6964142303220342734301622088279741e-03
2.4841417914987121450568511218421073e-03	-1.4798199888707792268779858841526729e+00	2.8868028814497627601651063343814073e-05	4.6530247935653663783318304036918163e-03
2.5296754265107916157880066314210722e-03	-1.4612927086717818967730289910974335e+00	2.8348384086924631674274436393466791e-05	4.6109573270893967470741740350662863e-03
2.5750437427684125123298597667345149e-03	-1.4429311383309740673456751030092135e+00	2.7848904579385150084809759315189868e-05	4.5701572920989821730151558738750758e-03
2.6202365423815330869146709839417146e-03	-1.4247303124014531612513703051324817e+00	2.7368554745633589018336433762901657e-05	4.5305732302952807309720202694200406e-03
2.6652438440078499930291422461335338e-03	-1.4066854654453806371931769172347962e+00	2.6906367283486820599215148902898637e-05	4.4921565494136363699608991241123216e-03
2.7100558769310813320090736952485182e-03	-1.3887920209706734213607195911850798e+00	2.6461437738069997405337631086720481e-05	4.4548613265435625338139653373581781e-03
2.7546630753997286447442912149959857e-03	-1.3710455811215516033144008467308513e+00	2.6032919602005679459182470499972697e-05	4.4186441275297857045232386805123890e-03
2.7990560732116940825550375866599926e-03	-1.3534419170617271580717414726036037e+00	2.5620019860564603996730105678413385e-05	4.3834638409371967664643467827346373e-03
2.8432256985311456155071254314175154e-03	-1.3359769599947546362003770445474079e+00	2.5221994935866865501624242505334731e-05	4.3492815252243441772525473466620089e-03
2.8871629689249563787225227385170459e-03	-1.3186467927711933229942479576340066e+00	2.4838146989512022105215903032615560e-05	4.3160602679127043435769927533756034e-03
2.9308590866069019858771543283255828e-03	-1.3014476420368228852682076059621347e+00	2.4467820547635083563537436335074305e-05	4.2837650556648793880506383600643008e-03
2.9743054338785888856797261908195556e-03	-1.2843758708802733188531098436208296e+00	2.4110399416425296056865301930877361e-05	4.2523626542962451470499315431955997e-03
3.0174935687568138954041046448918783e-03	-1.2674279719421294426059959470782783e+00	2.3765303859685085848936541521661446e-05	4.2218214978432476326371338338581925e-03
3.0604152207777255572579153947991911e-03	-1.2506005609508977637888390078221332e+00	2.3431988013114778862916952005979287e-05	4.1921115858991147101110956374763668e-03
3.1030622869687769932881247238714638e-03	-1.2338903706542208595981284395343791e+00	2.3109937512742294955730307127561480e-05	4.1632043885055851390031728524952206e-03
3.1454268279800320359692332785347901e-03	-1.2172942451164279620552016287258753e+00	2.2798667317325170609161273227153947e-05	4.1350727579585483423254346252252082e-03
3.1875010643669156838116095247835467e-03	-1.2008091343559522506972380059494119e+00	2.2497719706677242587174910837740340e-05	4.1076908469472662571713052060278357e-03
3.2292773730169900696903050013615767e-03	-1.1844320892983536575974858554567251e+00	2.2206662439750448940920204646700886e-05	4.0810340325020089867150678659933591e-03
3.2707482837137914699443383466299062e-03	-1.1681602570226856376822616079225205e+00	2.1925087057964757077245768004523468e-05	4.0550788452742581541305003440162814e-03
3.3119064758311854397228096293670464e-03	-1.1519908762807573080657429082632014e+00	2.1652607320753208896972207506136061e-05	4.0298029037177953766619992034489373e-03
3.3527447751520886631892072642587234e-03	-1.1359212732704880266794479031109015e+00	2.1388857761597821240491672721921663e-05	4.0051848527785915677578140035478341e-03
3.3932561508057700284618994488322578e-03	-1.1199488576460470558546297638235716e+00	2.1133492353995812203433953097588597e-05	3.9812043067369649553257034386399359e-03
3.4334337123182820195237069719828615e-03	-1.1040711187488316897776795085646166e+00	2.0886183277831880793642573848965581e-05	3.9578417958774366242070007527468644e-03
3.4732707067708887979447986886660002e-03	-1.0882856220445766602929670698963014e+00	2.0646619777556293994880468376468218e-05	3.9350787166904812221730718586070692e-03
3.5127605160616511785056846940817864e-03	-1.0725900057530178206538153124898219e+00	2.0414507104393603897017684567061268e-05	3.9128972853362980640353054608098608e-03
3.5518966542656027709049456511100354e-03	-1.0569819776575647718984612345977069e+00	2.0189565535544501882106044280237190e-05	3.8912804941241230789309176439253014e-03
3.5906727650892074013402214174129608e-03	-1.0414593120833798118274856167483968e+00	1.9971529464003725600669269170485288e-05	3.8702120707817371518267833567954729e-03
3.6290826194150269446985919701449393e-03	-1.0260198470331228988824321103836007e+00	1.9760146553208910506543593806364678e-05	3.8496764403089417991366066816112066e-03
3.6671201129327521705688740128070160e-03	-1.0106614814704118751457066590264121e+00	1.9555176951266568425563805681126649e-05	3.8296586892260813204671458955374934e-03
3.7047792638529583045748712921735708e-03	-9.9538217274177082678162315153940569e-01	1.9356392559978778752576383203322983e-05	3.8101445320443797453854308350541160e-03
3.7420542107001428015051238126624941e-03	-9.8017993412850331036004185369824406e-01	1.9163576354323666606382289205756451e-05	3.7911202797990978577815206634835324e-03
3.7789392101817862992590890497369951e-03	-9.6505283252053674475268381453178907e-01	1.8976521748429572796076378571192572e-05	3.7725728104994484115164813375965164e-03
3.8154286351303497720406379392730771e-03	-9.4999898620484450727805796664950296e-01	1.8795032004431624438825518224141061e-05	3.7544895413609679722881666821157667e-03
3.8515169725152823527832571878076890e-03	-9.3501656276156762936848973157236784e-01	1.8618919680914279468667858185426919e-05	3.7368584026967487741214917743417429e-03
3.8871988215222659065279898348128729e-03	-9.2010377706143246875704328021343309e-01	1.8448006117927954202069493846979005e-05	3.7196678133536879484505089805812711e-03
3.9224688916970649053033215546589827e-03	-9.0525888935849795512933358926233503e-01	1.8282120955825245434163364167158442e-05	3.7029066575888075974497603361128758e-03
3.9573220011514841222464765672120731e-03	-8.9048020347266922535507959969639972e-01	1.8121101685395357433631877899559148e-05	3.6865642632888206258129682393045078e-03
3.9917530748290627188421427521533098e-03	-8.7576606505678662912141990081791245e-01	1.7964793226986650004957634136934411e-05	3.6706303814435384061395837922387112e-03
4.0257571428282519886025434096528363e-03	-8.6111485994344286077611075998161497e-01	1.7813047536498965826115778311795274e-05	3.6550951667905038327081264720353273e-03
4.0593293387809358454522667176316726e-03	-8.4652501256699877096561262165311460e-01	1.7665723236301555729343234255534766e-05	3.6399491595544468098792061374030657e-03
4.0924648982842585691551138509569285e-03	-8.3199498445656241853805758239232581e-01	1.7522685269290763986048088680944068e-05	3.6251832682108522857925938782501551e-03
4.1251591573838237717343732751472644e-03	-8.1752327279596812242459604784763867e-01	1.7383804574445734552065242197452592e-05	3.6107887532081516900156305238030094e-03
4.1574075511064224241514391418464789e-03	-8.0310840904704446556703422017820524e-01	1.7248957782371656720439069584867252e-05	3.5967572115878403256886753782667203e-03
4.1892056120405364481438628517848618e-03	-7.8874895763269402499351246746207151e-01	1.7118026929439737994863187283057947e-05	3.5830805624462248417417932113847286e-03
4.2205489689629481736308908679598971e-03	-7.7444351467652454256683905330855213e-01	1.6990899189242293922077875806946411e-05	3.5697510331855514542720635991253882e-03
4.2514333455098652021806087660471973e-03	-7.6019070679597266516052870596350542e-01	1.6867466620181082298482383631805821e-05	3.5567611465059887425390267934106056e-03
4.2818545588910451935990361002290812e-03	-7.4598918994604850619703478226259656e-01	1.6747625928098181559050817444201930e-05	3.5441037080933671830288349938797431e-03
4.3118085186454760766915518403880605e-03	-7.3183764831100323911354621961908190e-01	1.6631278242942126662663602065737055e-05	3.5317717949607369215327115215616842e-03
4.3412912254372344283321839457585950e-03	-7.1773479324138375568505788171648664e-01	1.6518328908538394503702704605738389e-05	3.5197587444047189702581491269022660e-03
4.3702987698902085010918119617534700e-03	-7.0367936223408904763013442018622368e-01	1.6408687284603325648949775867197844e-05	3.5080581435403141968274386661941128e-03
4.3988273314604328264232248888692457e-03	-6.8967011795318325744059562665295336e-01	1.6302266560204765596280902017632083e-05	3.4966638193803183034960730440192552e-03
4.4268731773448386803262799009181677e-03	-6.7570584728935107981162484528361797e-01	1.6198983577931634136142224816918265e-05	3.4855698294277868552343604520553261e-03
4.4544326614252791601833308989402545e-03	-6.6178536045600309807215589100469066e-01	1.6098758668088761148554387196300856e-05	3.4747704527521180795584660664603425e-03
4.4815022232467393609134509022650092e-03	-6.4790749012015237014484532893792940e-01	1.6001515492283090211597605940835672e-05	3.4642601815212869623227970875440036e-03
4.5080783870286913197601457705631077e-03	-6.3407109056628974064280016609183870e-01	1.5907180895813135094772929376802267e-05	3.4540337129645851362395747278128230e-03
4.5341577607086001749820911594817515e-03	-6.2027503689158450483748669245074854e-01	1.5815684768315728706679654186128499e-05	3.4440859417419090655321706631555518e-03
4.5597370350166324974285263944909028e-03	-6.0651822423082969621972064393703003e-01	1.5726959912162946144411604115438477e-05	3.4344119526972048766557205147623275e-03
4.5848129825806601390621929770927372e-03	-5.9279956700963788076282318939838887e-01	1.5640941918137900003910144714818624e-05	3.4250070139751317224328705706014799e-03
4.6093824570606933238921080318302505e-03	-5.7911799822447434868364816036023282e-01	1.5557569047951157029294282038199437e-05	3.4158665704813557830926232019007898e-03
4.6334423923119152014197913889810275e-03	-5.6547246874819039502760343937125687e-01	1.5476782123190046318600199538382991e-05	3.4069862376681421094325866426412501e-03
4.6569898015755268000708684541609497e-03	-5.5186194665979033893985959455981405e-01	1.5398524420321334742892696162455933e-05	3.3983617956280790003323201429019544e-03
4.6800217766966463607653916509618656e-03	-5.3828541659723238449906429975378821e-01	1.5322741571393829485506995862268295e-05	3.3899891834798563379321081478339823e-03
4.7025354873685404949592262868047894e-03	-5.2474187913212568370651340768480175e-01	1.5249381470111607543348593754671426e-05	3.3818644940310315565174269556939589e-03
4.7245281804024965874065560092289666e-03	-5.1123035016524431083453094674368337e-01	1.5178394182970928622716334824795035e-05	3.3739839687036604455130004779065877e-03
4.7459971790226764362705518296758110e-03	-4.9774986034183356101297550682728100e-01	1.5109731865174607721489919969929330e-05	3.3663439927095500537956624975226832e-03
4.7669398821853203716358256758106284e-03	-4.8429945448573528864863290741960166e-01	1.5043348681056840462209481523394509e-05	3.3589410904627124070077377080348622e-03
4.7873537639216990927730402173945236e-03	-4.7087819105140712847303550598577317e-01	1.4979200728769309846390319822483825e-05	3.3517719212173650107045247112384452e-03
4.8072363727042372850571393981060869e-03	-4.5748514159295560212433737671128119e-01	1.4917245968995968851464159344945420e-05	3.3448332749205412683586383502571614e-03
4.8265853308352587855022004529330852e-03	-4.4411939024934549896966201376546368e-01	1.4857444157479290895876376080442135e-05	3.3381220682690447443220617690032590e-03
4.8453983338578277238613972952331659e-03	-4.3078003324498770975881659733379633e-01	1.4799756781155102661025473141302116e-05	3.3316353409611090982475984601184137e-03
4.8636731499881837329854116738824980e-03	-4.1746617840494505081687543513350143e-01	1.4744146997706446196982308568616177e-05	3.3253702521337136865532815090595951e-03
4.8814076195692920531393603776522496e-03	-4.0417694468403069777929460812826052e-01	1.4690579578359337609987079764073770e-05	3.3193240769770561964340427757768916e-03
4.8985996545450512026441164740583017e-03	-3.9091146170910679304789484939368774e-01	1.4639020853754869392423518002267251e-05	3.3134942035182009492990830884194085e-03
4.9152472379547219010359391632314946e-03	-3.7766886933392173151977116265332618e-01	1.4589438662742908165328251172280685e-05	3.3078781295664071760736204856497173e-03
4.9313484234471611577340524121300446e-03	-3.6444831720585368645110301887306921e-01	1.4541802303952729448123780788410854e-05	3.3024734598130979292657502008555080e-03
4.9469013348144649232596247033679590e-03	-3.5124896434395522444461401117263094e-01	1.4496082490005361358149737170652373e-05	3.2972779030798594850078233788390646e-03
4.9619041655446414833068223294659915e-03	-3.3806997872771948018215139632891757e-01	1.4452251304241230740535980356127831e-05	3.2922892697082650723975319915965024e-03
4.9763551783929558981858436053357033e-03	-3.2491053689601241476847998903132927e-01	1.4410282159844964960627345663081644e-05	3.2875054690856973718329732856491753e-03
4.9902527049716032890586430884750225e-03	-3.1176982355563825648873474544071588e-01	1.4370149761256943597600462822273136e-05	3.2829245073017031398718062886673074e-03
5.0035951453573856837887254626512414e-03	-2.9864703119902640297380925948634692e-01	1.4331830067768456344806636182740990e-05	3.2785444849297521146360415272439284e-03
5.0163809677170834931727102745175541e-03	-2.8554135973054792673018109799263170e-01	1.4295300259204143277144632808697414e-05	3.2743635949295924903334094735757958e-03
5.0286087079502285252069743671155629e-03	-2.7245201610098844361740443483327586e-01	1.4260538703601805227561401982604848e-05	3.2703801206656980770508090029697470e-03
5.0402769693490007917217242036318642e-03	-2.5937821394972154281329075286568255e-01	1.4227524926805706720150689397120625e-05	3.2665924340375890437151276987664649e-03
5.0513844222749862476075925102215877e-03	-2.4631917325414329889007114806923234e-01	1.4196239583895180813982635904169305e-05	3.2629989937180800531252869174275731e-03
5.0619298038525470560516988300965175e-03	-2.3327411998594364909122923598232488e-01	1.4166664432375711282646027255499845e-05	3.2595983434957677345448314187327900e-03
5.0719119176785700205346491210171274e-03	-2.2024228577380467476681914920820345e-01	1.4138782307064737823841362840597433e-05	3.2563891107183148256228332966019307e-03
5.0813296335483724915064403892145985e-03	-2.0722290757212912425189562430948879e-01	1.4112577096609227737214436570077444e-05	3.2533700048333219093875784109724925e-03
5.0901818871975583672750272542948909e-03	-1.9421522733541490060653136476199204e-01	1.4088033721576604400430566528127702e-05	3.2505398160238003712265037843193338e-03
5.0984676800596297883295415590259190e-03	-1.8121849169790275344805558094932217e-01	1.4065138114064939127017906188358449e-05	3.2478974139354728472736963944939028e-03
5.1061860790391727947831916899530471e-03	-1.6823195165813509820250374237302215e-01	1.4043877198782417489923829962757191e-05	3.2454417464933308210413129367651103e-03
5.1133362163004475997097456453258844e-03	-1.5525486226807377401665858413294817e-01	1.4024238875550001619190983880898180e-05	3.2431718388050738948564864557152312e-03
5.1199172890712262479277931836383836e-03	-1.4228648232643367594261756230828396e-01	1.4006212003184942910920733358281918e-05	3.2410867921492423200287808556053278e-03
5.1259285594617323006013297291440963e-03	-1.2932607407589758773654593395497115e-01	1.3989786384726370603676489225186200e-05	3.2391857830460342797282000824040310e-03
5.1313693542985488305528357033893816e-03	-1.1637290290388522601595788065829368e-01	1.3974952753967605474220470169501844e-05	3.2374680624089728116161786691843516e-03
5.1362390649733724504985149961610732e-03	-1.0342623704655650945233328296018659e-01	1.3961702763263138352195968134386534e-05	3.2359329547757547322229107236460493e-03
5.1405371473065023450348911827328499e-03	-9.0485347295735410657449902615541053e-02	1.3950028972581383398925644777291900e-05	3.2345798576167760524405420976125444e-03
5.1442631214249643551513376423120160e-03	-7.7549506708446453741812350900909451e-02	1.3939924839777378631888916766581079e-05	3.2334082407199856983970869903334640e-03
5.1474165716551810888837139129569834e-03	-6.4617990318761005337545256702101475e-02	1.3931384712062572915432202744799720e-05	3.2324176456508723967745537806975368e-03
5.1499971464301098206271940364722568e-03	-5.1690074851654987293485815529555904e-02	1.3924403818651720977739239613410102e-05	3.2316076852865388505945752992821205e-03
5.1520045582107806114029505318428829e-03	-3.8765038438583529401746372182746568e-02	1.3918978264569716901634484956722781e-05	3.2309780434229633051995657340199040e-03
5.1534385834221776495242973634070929e-03	-2.5842160334481392630870432943565092e-02	1.3915105025603942530010689502292248e-05	3.2305284744546917538538288850256124e-03
5.1542990624034172918671072934272078e-03	-1.2920720635900737799219859191661748e-02	1.3912781944390400550652510206802992e-05	3.2302588031263448142249671678682051e-03
5.1545858993721866963267300615222760e-03	0.0000000000000000000000000000000000e+00	1.3912007727624552627636225159632775e-05	3.2301689243554621661840970105910331e-03
5.1542990624034172918671072934272078e-03	1.2920720635900737799219859191661748e-02	1.3912781944390400550652510206802992e-05	3.2302588031263448142249671678682051e-03
5.1534385834221776495242973634070929e-03	2.5842160334481392630870432943565092e-02	1.3915105025603942530010689502292248e-05	3.2305284744546917538538288850256124e-03
5.1520045582107806114029505318428829e-03	3.8765038438583529401746372182746568e-02	1.3918978264569716901634484956722781e-05	3.2309780434229633051995657340199040e-03
5.1499971464301098206271940364722568e-03	5.1690074851654987293485815529555904e-02	1.3924403818651720977739239613410102e-05	3.2316076852865388505945752992821205e-03
5.1474165716551810888837139129569834e-03	6.4617990318761005337545256702101475e-02	1.3931384712062572915432202744799720e-05	3.2324176456508723967745537806975368e-03
5.1442631214249643551513376423120160e-03	7.7549506708446453741812350900909451e-02	1.3939924839777378631888916766581079e-05	3.2334082407199856983970869903334640e-03
5.1405371473065023450348911827328499e-03	9.0485347295735410657449902615541053e-02	1.3950028972581383398925644777291900e-05	3.2345798576167760524405420976125444e-03
5.1362390649733724504985149961610732e-03	1.0342623704655650945233328296018659e-01	1.3961702763263138352195968134386534e-05	3.2359329547757547322229107236460493e-03
5.1313693542985488305528357033893816e-03	1.1637290290388522601595788065829368e-01	1.3974952753967605474220470169501844e-05	3.2374680624089728116161786691843516e-03
5.1259285594617323006013297291440963e-03	1.2932607407589758773654593395497115e-01	1.3989786384726370603676489225186200e-05	3.2391857830460342797282000824040310e-03
5.1199172890712262479277931836383836e-03	1.4228648232643367594261756230828396e-01	1.4006212003184942910920733358281918e-05	3.2410867921492423200287808556053278e-03
5.1133362163004475997097456453258844e-03	1.5525486226807377401665858413294817e-01	1.4024238875550001619190983880898180e-05	3.2431718388050738948564864557152312e-03
5.1061860790391727947831916899530471e-03	1.6823195165813509820250374237302215e-01	1.4043877198782417489923829962757191e-05	3.2454417464933308210413129367651103e-03
5.0984676800596297883295415590259190e-03	1.8121849169790275344805558094932217e-01	1.4065138114064939127017906188358449e-05	3.2478974139354728472736963944939028e-03
5.0901818871975583672750272542948909e-03	1.9421522733541490060653136476199204e-01	1.4088033721576604400430566528127702e-05	3.2505398160238003712265037843193338e-03
5.0813296335483724915064403892145985e-03	2.0722290757212912425189562430948879e-01	1.4112577096609227737214436570077444e-05	3.2533700048333219093875784109724925e-03
5.0719119176785700205346491210171274e-03	2.2024228577380467476681914920820345e-01	1.4138782307064737823841362840597433e-05	3.2563891107183148256228332966019307e-03
5.0619298038525470560516988300965175e-03	2.3327411998594364909122923598232488e-01	1.4166664432375711282646027255499845e-05	3.2595983434957677345448314187327900e-03
5.0513844222749862476075925102215877e-03	2.4631917325414329889007114806923234e-01	1.4196239583895180813982635904169305e-05	3.2629989937180800531252869174275731e-03
5.0402769693490007917217242036318642e-03	2.5937821394972154281329075286568255e-01	1.4227524926805706720150689397120625e-05	3.2665924340375890437151276987664649e-03
5.0286087079502285252069743671155629e-03	2.7245201610098844361740443483327586e-01	1.4260538703601805227561401982604848e-05	3.2703801206656980770508090029697470e-03
5.0163809677170834931727102745175541e-03	2.8554135973054792673018109799263170e-01	1.4295300259204143277144632808697414e-05	3.2743635949295924903334094735757958e-03
5.0035951453573856837887254626512414e-03	2.9864703119902640297380925948634692e-01	1.4331830067768456344806636182740990e-05	3.2785444849297521146360415272439284e-03
4.9902527049716032890586430884750225e-03	3.1176982355563825648873474544071588e-01	1.4370149761256943597600462822273136e-05	3.2829245073017031398718062886673074e-03
4.9763551783929558981858436053357033e-03	3.2491053689601241476847998903132927e-01	1.4410282159844964960627345663081644e-05	3.2875054690856973718329732856491753e-03
4.9619041655446414833068223294659915e-03	3.3806997872771948018215139632891757e-01	1.4452251304241230740535980356127831e-05	3.2922892697082650723975319915965024e-03
4.9469013348144649232596247033679590e-03	3.5124896434395522444461401117263094e-01	1.4496082490005361358149737170652373e-05	3.2972779030798594850078233788390646e-03
4.9313484234471611577340524121300446e-03	3.6444831720585368645110301887306921e-01	1.4541802303952729448123780788410854e-05	3.3024734598130979292657502008555080e-03
4.9152472379547219010359391632314946e-03	3.7766886933392173151977116265332618e-01	1.4589438662742908165328251172280685e-05	3.3078781295664071760736204856497173e-03
4.8985996545450512026441164740583017e-03	3.9091146170910679304789484939368774e-01	1.4639020853754869392423518002267251e-05	3.3134942035182009492990830884194085e-03
4.8814076195692920531393603776522496e-03	4.0417694468403069777929460812826052e-01	1.4690579578359337609987079764073770e-05	3.3193240769770561964340427757768916e-03
4.8636731499881837329854116738824980e-03	4.1746617840494505081687543513350143e-01	1.4744146997706446196982308568616177e-05	3.3253702521337136865532815090595951e-03
4.8453983338578277238613972952331659e-03	4.3078003324498770975881659733379633e-01	1.4799756781155102661025473141302116e-05	3.3316353409611090982475984601184137e-03
4.8265853308352587855022004529330852e-03	4.4411939024934549896966201376546368e-01	1.4857444157479290895876376080442135e-05	3.3381220682690447443220617690032590e-03
4.8072363727042372850571393981060869e-03	4.5748514159295560212433737671128119e-01	1.4917245968995968851464159344945420e-05	3.3448332749205412683586383502571614e-03
4.7873537639216990927730402173945236e-03	4.7087819105140712847303550598577317e-01	1.4979200728769309846390319822483825e-05	3.3517719212173650107045247112384452e-03
4.7669398821853203716358256758106284e-03	4.8429945448573528864863290741960166e-01	1.5043348681056840462209481523394509e-05	3.3589410904627124070077377080348622e-03
4.7459971790226764362705518296758110e-03	4.9774986034183356101297550682728100e-01	1.5109731865174607721489919969929330e-05	3.3663439927095500537956624975226832e-03
4.7245281804024965874065560092289666e-03	5.1123035016524431083453094674368337e-01	1.5178394182970928622716334824795035e-05	3.3739839687036604455130004779065877e-03
4.7025354873685404949592262868047894e-03	5.2474187913212568370651340768480175e-01	1.5249381470111607543348593754671426e-05	3.3818644940310315565174269556939589e-03
4.6800217766966463607653916509618656e-03	5.3828541659723238449906429975378821e-01	1.5322741571393829485506995862268295e-05	3.3899891834798563379321081478339823e-03
4.6569898015755268000708684541609497e-03	5.5186194665979033893985959455981405e-01	1.5398524420321334742892696162455933e-05	3.3983617956280790003323201429019544e-03
4.6334423923119152014197913889810275e-03	5.6547246874819039502760343937125687e-01	1.5476782123190046318600199538382991e-05	3.4069862376681421094325866426412501e-03
4.6093824570606933238921080318302505e-03	5.7911799822447434868364816036023282e-01	1.5557569047951157029294282038199437e-05	3.4158665704813557830926232019007898e-03
4.5848129825806601390621929770927372e-03	5.9279956700963788076282318939838887e-01	1.5640941918137900003910144714818624e-05	3.4250070139751317224328705706014799e-03
4.5597370350166324974285263944909028e-03	6.0651822423082969621972064393703003e-01	1.5726959912162946144411604115438477e-05	3.4344119526972048766557205147623275e-03
4.5341577607086001749820911594817515e-03	6.2027503689158450483748669245074854e-01	1.5815684768315728706679654186128499e-05	3.4440859417419090655321706631555518e-03
4.5080783870286913197601457705631077e-03	6.3407109056628974064280016609183870e-01	1.5907180895813135094772929376802267e-05	3.4540337129645851362395747278128230e-03
4.4815022232467393609134509022650092e-03	6.4790749012015237014484532893792940e-01	1.6001515492283090211597605940835672e-05	3.4642601815212869623227970875440036e-03
4.4544326614252791601833308989402545e-03	6.6178536045600309807215589100469066e-01	1.6098758668088761148554387196300856e-05	3.4747704527521180795584660664603425e-03
4.4268731773448386803262799009181677e-03	6.7570584728935107981162484528361797e-01	1.6198983577931634136142224816918265e-05	3.4855698294277868552343604520553261e-03
4.3988273314604328264232248888692457e-03	6.8967011795318325744059562665295336e-01	1.6302266560204765596280902017632083e-05	3.4966638193803183034960730440192552e-03
4.3702987698902085010918119617534700e-03	7.0367936223408904763013442018622368e-01	1.6408687284603325648949775867197844e-05	3.5080581435403141968274386661941128e-03
4.3412912254372344283321839457585950e-03	7.1773479324138375568505788171648664e-01	1.6518328908538394503702704605738389e-05	3.5197587444047189702581491269022660e-03
4.3118085186454760766915518403880605e-03	7.3183764831100323911354621961908190e-01	1.6631278242942126662663602065737055e-05	3.5317717949607369215327115215616842e-03
4.2818545588910451935990361002290812e-03	7.4598918994604850619703478226259656e-01	1.6747625928098181559050817444201930e-05	3.5441037080933671830288349938797431e-03
4.2514333455098652021806087660471973e-03	7.6019070679597266516052870596350542e-01	1.6867466620181082298482383631805821e-05	3.5567611465059887425390267934106056e-03
4.2205489689629481736308908679598971e-03	7.7444351467652454256683905330855213e-01	1.6990899189242293922077875806946411e-05	3.5697510331855514542720635991253882e-03
4.1892056120405364481438628517848618e-03	7.8874895763269402499351246746207151e-01	1.7118026929439737994863187283057947e-05	3.5830805624462248417417932113847286e-03
4.1574075511064224241514391418464789e-03	8.0310840904704446556703422017820524e-01	1.7248957782371656720439069584867252e-05	3.5967572115878403256886753782667203e-03
4.1251591573838237717343732751472644e-03	8.1752327279596812242459604784763867e-01	1.7383804574445734552065242197452592e-05	3.6107887532081516900156305238030094e-03
4.0924648982842585691551138509569285e-03	8.3199498445656241853805758239232581e-01	1.7522685269290763986048088680944068e-05	3.6251832682108522857925938782501551e-03
4.0593293387809358454522667176316726e-03	8.4652501256699877096561262165311460e-01	1.7665723236301555729343234255534766e-05	3.6399491595544468098792061374030657e-03
4.0257571428282519886025434096528363e-03	8.6111485994344286077611075998161497e-01	1.7813047536498965826115778311795274e-05	3.6550951667905038327081264720353273e-03
3.9917530748290627188421427521533098e-03	8.7576606505678662912141990081791245e-01	1.7964793226986650004957634136934411e-05	3.6706303814435384061395837922387112e-03
3.9573220011514841222464765672120731e-03	8.9048020347266922535507959969639972e-01	1.8121101685395357433631877899559148e-05	3.6865642632888206258129682393045078e-03
3.9224688916970649053033215546589827e-03	9.0525888935849795512933358926233503e-01	1.8282120955825245434163364167158442e-05	3.7029066575888075974497603361128758e-03
3.8871988215222659065279898348128729e-03	9.2010377706143246875704328021343309e-01	1.8448006117927954202069493846979005e-05	3.7196678133536879484505089805812711e-03
3.8515169725152823527832571878076890e-03	9.3501656276156762936848973157236784e-01	1.8618919680914279468667858185426919e-05	3.7368584026967487741214917743417429e-03
3.8154286351303497720406379392730771e-03	9.4999898620484450727805796664950296e-01	1.8795032004431624438825518224141061e-05	3.7544895413609679722881666821157667e-03
3.7789392101817862992590890497369951e-03	9.6505283252053674475268381453178907e-01	1.8976521748429572796076378571192572e-05	3.7725728104994484115164813375965164e-03
3.7420542107001428015051238126624941e-03	9.8017993412850331036004185369824406e-01	1.9163576354323666606382289205756451e-05	3.7911202797990978577815206634835324e-03
3.7047792638529583045748712921735708e-03	9.9538217274177082678162315153940569e-01	1.9356392559978778752576383203322983e-05	3.8101445320443797453854308350541160e-03
3.6671201129327521705688740128070160e-03	1.0106614814704118751457066590264121e+00	1.9555176951266568425563805681126649e-05	3.8296586892260813204671458955374934e-03
3.6290826194150269446985919701449393e-03	1.0260198470331228988824321103836007e+00	1.9760146553208910506543593806364678e-05	3.8496764403089417991366066816112066e-03
3.5906727650892074013402214174129608e-03	1.0414593120833798118274856167483968e+00	1.9971529464003725600669269170485288e-05	3.8702120707817371518267833567954729e-03
3.5518966542656027709049456511100354e-03	1.0569819776575647718984612345977069e+00	2.0189565535544501882106044280237190e-05	3.8912804941241230789309176439253014e-03
3.5127605160616511785056846940817864e-03	1.0725900057530178206538153124898219e+00	2.0414507104393603897017684567061268e-05	3.9128972853362980640353054608098608e-03
3.4732707067708887979447986886660002e-03	1.0882856220445766602929670698963014e+00	2.0646619777556293994880468376468218e-05	3.9350787166904812221730718586070692e-03
3.4334337123182820195237069719828615e-03	1.1040711187488316897776795085646166e+00	2.0886183277831880793642573848965581e-05	3.9578417958774366242070007527468644e-03
3.3932561508057700284618994488322578e-03	1.1199488576460470558546297638235716e+00	2.1133492353995812203433953097588597e-05	3.9812043067369649553257034386399359e-03
3.3527447751520886631892072642587234e-03	1.1359212732704880266794479031109015e+00	2.1388857761597821240491672721921663e-05	4.0051848527785915677578140035478341e-03
3.3119064758311854397228096293670464e-03	1.1519908762807573080657429082632014e+00	2.1652607320753208896972207506136061e-05	4.0298029037177953766619992034489373e-03
3.2707482837137914699443383466299062e-03	1.1681602570226856376822616079225205e+00	2.1925087057964757077245768004523468e-05	4.0550788452742581541305003440162814e-03
3.2292773730169900696903050013615767e-03	1.1844320892983536575974858554567251e+00	2.2206662439750448940920204646700886e-05	4.0810340325020089867150678659933591e-03
3.1875010643669156838116095247835467e-03	1.2008091343559522506972380059494119e+00	2.2497719706677242587174910837740340e-05	4.1076908469472662571713052060278357e-03
3.1454268279800320359692332785347901e-03	1.2172942451164279620552016287258753e+00	2.2798667317325170609161273227153947e-05	4.1350727579585483423254346252252082e-03
3.1030622869687769932881247238714638e-03	1.2338903706542208595981284395343791e+00	2.3109937512742294955730307127561480e-05	4.1632043885055851390031728524952206e-03
3.0604152207777255572579153947991911e-03	1.2506005609508977637888390078221332e+00	2.3431988013114778862916952005979287e-05	4.1921115858991147101110956374763668e-03
3.0174935687568138954041046448918783e-03	1.2674279719421294426059959470782783e+00	2.3765303859685085848936541521661446e-05	4.2218214978432476326371338338581925e-03
2.9743054338785888856797261908195556e-03	1.2843758708802733188531098436208296e+00	2.4110399416425296056865301930877361e-05	4.2523626542962451470499315431955997e-03
2.9308590866069019858771543283255828e-03	1.3014476420368228852682076059621347e+00	2.4467820547635083563537436335074305e-05	4.2837650556648793880506383600643008e-03
2.8871629689249563787225227385170459e-03	1.3186467927711933229942479576340066e+00	2.4838146989512022105215903032615560e-05	4.3160602679127043435769927533756034e-03
2.8432256985311456155071254314175154e-03	1.3359769599947546362003770445474079e+00	2.5221994935866865501624242505334731e-05	4.3492815252243441772525473466620089e-03
2.7990560732116940825550375866599926e-03	1.3534419170617271580717414726036037e+00	2.5620019860564603996730105678413385e-05	4.3834638409371967664643467827346373e-03
2.7546630753997286447442912149959857e-03	1.3710455811215516033144008467308513e+00	2.6032919602005679459182470499972697e-05	4.4186441275297857045232386805123890e-03
2.7100558769310813320090736952485182e-03	1.3887920209706734213607195911850798e+00	2.6461437738069997405337631086720481e-05	4.4548613265435625338139653373581781e-03
2.6652438440078499930291422461335338e-03	1.4066854654453806371931769172347962e+00	2.6906367283486820599215148902898637e-05	4.4921565494136363699608991241123216e-03
2.6202365423815330869146709839417146e-03	1.4247303124014531612513703051324817e+00	2.7368554745633589018336433762901657e-05	4.5305732302952807309720202694200406e-03
2.5750437427684125123298597667345149e-03	1.4429311383309740673456751030092135e+00	2.7848904579385150084809759315189868e-05	4.5701572920989821730151558738750758e-03
2.5296754265107916157880066314210722e-03	1.4612927086717818967730289910974335e+00	2.8348384086924631674274436393466791e-05	4.6109573270893967470741740350662863e-03
2.4841417914987121450568511218421073e-03	1.4798199888707792268779858841526729e+00	2.8868028814497627601651063343814073e-05	4.6530247935653663783318304036918163e-03
2.4384532583678827382620289433329687e-03	1.4985181562687389206720713196136540e+00	2.9408948505071672227010503000861534e-05	4.6964142303220342734301622088279741e-03
2.3926204769907624641813497713549987e-03	1.5173926128814606489336753763557979e+00	2.9972333673906095420930544148897701e-05	4.7411834908054984527616444922586500e-03
2.3466543332790670868824216954708447e-03	1.5364489991602362291135628506091150e+00	3.0559462883324786455331723904716159e-05	4.7873939991093569097473570763526550e-03
2.3005659563174156587719002862365018e-03	1.5556932088237101958018937174630588e+00	3.1171710803732140858774012696000550e-05	4.8351110302356304431568583680313484e-03
2.2543667258494249022523467186396373e-03	1.5751314048635193743723262271328337e+00	3.1810557160378199896227863667574865e-05	4.8844040173554427274071012255390154e-03
2.2080682801393046215708226752211518e-03	1.5947700368377337461499667905624265e+00	3.2477596679870985132451990047648984e-05	4.9353468891640398058756956626381717e-03
2.1616825242339272171053775370233453e-03	1.6146158595793007571711472560370024e+00	3.3174550167322100575735359118603934e-05	4.9880184408379988008361128461965572e-03
2.1152216386524588246315898843101474e-03	1.6346759534616504389895451654289284e+00	3.3903276864740774087949883755930464e-05	5.0425027425790193231181290556853443e-03
2.0686980885329720664092094823382948e-03	1.6549577463806235046309160060860611e+00	3.4665788264398590301569903180557216e-05	5.0988895902794805063429256892906883e-03
2.0221246332680375411505160583599569e-03	1.6754690376312611491442020791915901e+00	3.5464263578022210522722392119787121e-05	5.1572750034830832043735463443403402e-03
1.9755143366641434478480267859979606e-03	1.6962180238801231906382361086074173e+00	3.6301067094623702041287514972312277e-05	5.2177617765550744294642957287015005e-03
1.9288805776629549923662087841941066e-03	1.7172133274591288362217422084046341e+00	3.7178767697509413406687623004304242e-05	5.2804600898396261344309947423707149e-03
1.8822370616659374607096131377990250e-03	1.7384640272359729877471169703833642e+00	3.8100160855694378385455051011693773e-05	5.3454881885896414805779275968504621e-03
1.8355978325077750579155143451088199e-03	1.7599796923495918672276924297906319e+00	3.9068293458032528588452256318246027e-05	5.4129731386340741353877826017859113e-03
1.7889772851283748422196186645158074e-03	1.7817704191376872450968696953781722e+00	4.0086491921629865366314775791401966e-05	5.4830516691331204919553374788225271e-03
1.7423901789981126368291266713639608e-03	1.8038468716278683652907534691308526e+00	4.1158394081733878978219651392194098e-05	5.5558711144029908317913233232433066e-03
1.6958516523564267324386339359344011e-03	1.8262203260156140987342640467996176e+00	4.2287985461012695695378996784029325e-05	5.6315904687190130291551872568529477e-03
1.6493772373299780873753855449782884e-03	1.8489027196122942122550830226742650e+00	4.3479640625346916418633471636444840e-05	5.7103815702894540700949978532062679e-03
1.6029828760034688493538207226498464e-03	1.8719067048164875881970654076791630e+00	4.4738170465204538622157952947979607e-05	5.7924304333076414205302037918822793e-03
1.5566849375239568994878280479439926e-03	1.8952457087437001290419266140337003e+00	4.6068876401694839008802534233978896e-05	5.8779387502294497777553413668483562e-03
1.5105002363282547288229084294570347e-03	1.9189339992456328086518735249620388e+00	4.7477612711243488897920865987192166e-05	5.9671255903021365156517192904550841e-03
1.4644460515929115690749582630307986e-03	1.9429867581632124476744695090464869e+00	4.8970858401053340726146764465167025e-05	6.0602293250324918182211784309995965e-03
1.4185401480175316051146673066582590e-03	1.9674201627911493476710131511135079e+00	5.0555800360021275853148204862695033e-05	6.1575098169073030470787522645515469e-03
1.3728007980649954321997079533417497e-03	1.9922514766901103002890208945193267e+00	5.2240429870552109068709394784999272e-05	6.2592509144938458793023460585120288e-03
1.3272468057967848563033050884676502e-03	2.0174991511709964681460581178360543e+00	5.4033655013762582514773930495103913e-05	6.3657633053392986064907286130675398e-03
1.2818975324583708079850340816112492e-03	2.0431829390008916839701541699844465e+00	5.5945432057251586280934494555115689e-05	6.4773877882204604138834340606436919e-03
1.2367729239888797968878415844326850e-03	2.0693240221502478693707797156642461e+00	5.7986919611367686460664599240231522e-05	6.5944990387355886780741818697323432e-03
1.1918935406514503092251912390101157e-03	2.0959451557261692035252239103875864e+00	6.0170660216664135968164152377023805e-05	6.7175099575788680562286377071772233e-03
1.1472805890063638829579128664665072e-03	2.1230708306303478295374249002472185e+00	6.2510795134719700094012106225964006e-05	6.8468767098718985521793807796847354e-03
1.1029559564788383601870654268830373e-03	2.1507274579589430435231916019540724e+00	6.5023319526812910040171663010405672e-05	6.9831045876574557517552835672152784e-03
1.0589422488080985992030296934775338e-03	2.1789435787467728302331897898106413e+00	6.7726387013917481220500566170957397e-05	7.1267548574151170120066319690514131e-03
1.0152628307049683482464440786399117e-03	2.2077501033769929187634955513082512e+00	7.0640674943748040474860769643571544e-05	7.2784527919873097535027227868231018e-03
9.7194187009295883923569588723441722e-04	2.2371805858654511988182568043604706e+00	7.3789824718296116960548231791493517e-05	7.4388971339366792819969937375935041e-03
9.2900438636415620884819242302187786e-04	2.2672715393323958350471487782494565e+00	7.7200975494543119283935579559509911e-05	7.6088712982122930045690795181407253e-03
8.8647630314799101048825344222383846e-04	2.2980628003539816135160778255723654e+00	8.0905414788429968870687899121310507e-05	7.7892567002998411658041742292824386e-03
8.4438450617054317709808950465911243e-04	2.3295979516225721484756383877980696e+00	8.4939376443792596409421964578449622e-05	7.9810486975164032341742140793568968e-03
8.0275690687734415980821675453442722e-04	2.3619248145456780217699990832778741e+00	8.9345025717085269447464945137630064e-05	8.1853757636873162755585663034062556e-03
7.6162251260743734829343834684140742e-04	2.3950960262233113588862005162602317e+00	9.4171683792110417432781461292489986e-05	8.4035226920876725232470502643509225e-03
7.2101150424555925675340326573338662e-04	2.4291697188594665631661058412424033e+00	9.9477361198053975762776845821148400e-05	8.6369588536457220306490247649826738e-03
6.8095532244892442617861081352677144e-04	2.4642103243557357321706959295588628e+00	1.0533069328630488256889575483409430e-04	8.8873728488399048569047614817767558e-03
6.4148676375333948601155847517575779e-04	2.5002895329790000968826752397371678e+00	1.1181340397423624425821624226176267e-04	9.1567153138391436603251983700623834e-03
6.0264008812089385325015575226295224e-04	2.5374874431174897073753835293794999e+00	1.1902347065170192472542643138056203e-04	9.4472522198264968216262466117079905e-03
5.6445113981243121273708729270594349e-04	2.5758939499888202717159917427687127e+00	1.2707922994907169020106878692100668e-04	9.7616318062748938030996094056597778e-03
5.2695748387139613791913631189102307e-04	2.6156104358175962485452896083214952e+00	1.3612476098935469341216880764322122e-04	1.0102969414609300640742520930359142e-02
4.9019856101726442590198792059903800e-04	2.6567518440324747795765309324659997e+00	1.4633702550296391966412667591700149e-04	1.0474956090633828023700324962731743e-02
4.5421586440204443628538227666969251e-04	2.6994492477764839527711991124978989e+00	1.5793545790345568053845108306330113e-04	1.0881999137737281785912166400953992e-02
4.1905314253163137133224483417039947e-04	2.7438530619972969748775693668717625e+00	1.7119502411801508468559402486543833e-04	1.1329406198502982418516434852074002e-02
3.8475663376482846146654867777328730e-04	2.7901371039853219326248413034761916e+00	1.8646427404185746354593539879236383e-04	1.1823629514159412014338495671902637e-02
3.5137533927668261857061942658545413e-04	2.8385037879102047058610173756359795e+00	2.0419071579515958303829630698783433e-04	1.2372594734041269096295019244038106e-02
3.1896134335553431703427089559051686e-04	2.8891908581962450065448969659774546e+00	2.2495714544814840218190880741224140e-04	1.2986150658779431492305144284500800e-02
2.8757019261232251715220591691799569e-04	2.9424802466408965087130090909127245e+00	2.4953474360080618466458455095086536e-04	1.3676695427873380200919364008455033e-02
2.5726134944678929848379791435852042e-04	2.9987099163261818680445109898537993e+00	2.7896249034767792447235075840832165e-04	1.4460065929102397535572153580807166e-02
2.2809874045275943567852891309357608e-04	3.0582899962887911763990708168701272e+00	3.1466908754736062326071453242384367e-04	1.5356829846035836242107675551391234e-02
2.0015142817568123614210914735755511e-04	3.1217252305790174785072368171733747e+00	3.5866580135485202028927463692602574e-04	1.6394211378766027384036521090971458e-02
1.7349444611339712520528453401500362e-04	3.1896469797266356602193599748594193e+00	4.1386212574293187478452702185643154e-04	1.7609047308494569271203073992807037e-02
1.4820985438043937597437999164769077e-04	3.2628601417844431985758688551348615e+00	4.8460356264143161161515528475893558e-04	1.9052482916606851277163980580991405e-02
1.2438810111854907992099685147888023e-04	3.3424142630650406451836773135419822e+00	5.7763208648988349393920291611404565e-04	2.0797739064418233150632972950058188e-02
1.0212982009523161306965559943618719e-04	3.4297156488682697042902735956569288e+00	7.0390148322158946828661140112107279e-04	2.2953594495462581330180120803213825e-02
8.1548272773581969294550474352734240e-05	3.5267127982324737876170714538272437e+00	8.8225493987256648467812026003166917e-04	2.5689207862321691150605399885052250e-02
6.2772784265993384303203076195909554e-05	3.6362219639968643252385467977524187e+00	1.1475540427370646460982758241982483e-03	2.9283304075536856223594099205201694e-02
4.5953796330931298507550704006510436e-05	3.7625440633014102280600224116260287e+00	1.5708055352581731559458380855195908e-03	3.4231330832817077860176002147317227e-02
3.1270738345482247204456452458266206e-05	3.9127587746919865421053321445946455e+00	2.3173444728324409498365276365855920e-03	4.1510688102066451520089394887836244e-02
1.8945272394646985473145054352341886e-05	4.0998576222383623530006590461138201e+00	3.8581706351682674459961384701462960e-03	5.3369351492286855027039259148801483e-02
9.2660102523568551957590057436604621e-06	4.3522101547354481424317935329631345e+00	8.1012605969791535855616732737811681e-03	7.6474576893586553131327207773301056e-02
2.6262991428677389571477152420004888e-06	4.7566644870534003756734951180979498e+00	3.8073220414151103144152947870357971e-02	1.4598037914026657936425855518053345e-01
0.0000000000000000000000000000000000e+00	0.0000000000000000000000000000000000e+00	2.4095264716994713888091776399383427e-05	3.9560808232346222884480788764334603e-03