2.5831949918126837720998208649003883e-06	-4.7600099851126334593576002938401806e+00	3.8026566714411549591152965276454547e-02	1.4588827249626805504902234281724771e-01
9.1151511729790983111610357687567203e-06	-4.3558203147992314550099796569123261e+00	8.0900717957575824019140866170901851e-03	7.6421403653728285701859871618710850e-02
1.8638895498781996517805306639940424e-05	-4.1036493659333125597770753162154170e+00	3.8524014719593827130015694933615565e-03	5.3329306198373827447690460636073383e-02
3.0767987082150428537236977491797656e-05	-3.9166950197069278875246152145831949e+00	2.3136543606480772771668812657864476e-03	4.1477559881832222754754701413058107e-02
4.5218855123119905007945518763417742e-05	-3.7666032071862743987874239150000888e+00	1.5681686779752886711944704481116329e-03	3.4202549329315238013505486154637918e-02
6.1773701447245379024360035248420509e-05	-3.6403896708653462378422250235876276e+00	1.1455373309658894539612965382936265e-03	2.9257536821701026398776359281543854e-02
8.0256219084724735857405301636698554e-05	-3.5309787782238077805284543033804160e+00	8.8063994179312800223999361584126416e-04	2.5665667386753861875709900950099532e-02
1.0051858010050739734630095309440766e-04	-3.4340721174568394965055569410377177e+00	7.0256454027550946410673804528490281e-04	2.2931773260422689116231387840064016e-02
1.2243370290574857086637271081957235e-04	-3.3468551046405122744233793500891008e+00	5.7649723070476739840578306661017571e-04	2.0777289069356030939033024713238471e-02
1.4589028798107521517892896842642637e-04	-3.2673804136031675732591433150059432e+00	4.8362118548181619782642866570392637e-04	1.9033154192752989042185838975538472e-02
1.7078944222179535805952327530204801e-04	-3.1942425977839399676135198551808435e+00	4.1299825825867841176546696439566009e-04	1.7590653672648980878232696903355150e-02
1.9704227970751069255830885334842816e-04	-3.1263927603352836880233707334032784e+00	3.5789628410692545993350638482645560e-04	1.6376610062392565528224386184505069e-02
2.2456815562629030716984176570352108e-04	-3.0630265074942282373629524527093784e+00	3.1397619572973858056856086345772693e-04	1.5339908725659873409469947014169344e-02
2.5329332873022828575461803144355301e-04	-3.0035128789276608752658467712784555e+00	2.7833287871373518937737647480104676e-04	1.4443735172666791687879898076503361e-02
2.8314992417192643461951635134885422e-04	-2.9473474540627846104380220687660125e+00	2.4895814145587225655940049835357554e-04	1.3660881832802708450096190160923356e-02
3.1407511313330953454099051866551057e-04	-2.8941203694646682591304883854542351e+00	2.2442549812837993897357609868357227e-04	1.2970793697880542634808759332557511e-02
3.4601045283453665767017111692657417e-04	-2.8434938831124387748004811117754744e+00	2.0369760254961954723382382252494773e-04	1.2357643722470604833496738398124660e-02
3.7890134773218428725058753911198492e-04	-2.7951862493936494760213381155782374e+00	1.8600450287847078978452597675502858e-04	1.1809041534102239530487265757961322e-02
4.1269660399209464010311661880445206e-04	-2.7489598823437383136140916620682129e+00	1.7076434330395657107413030852897089e-04	1.1315144549143203662324690792439756e-02
4.4734805691755810541305684250417623e-04	-2.7046125039157467868471362781354174e+00	1.5753034635609739984480556089239307e-04	1.0868032157587976598467607498284917e-02
4.8281025625733623772939146456707687e-04	-2.6619704147309178406228986905163430e+00	1.4595453775220001142330240908844781e-04	1.0461256249070832272237824421416536e-02
5.1904019801803953839932112708355178e-04	-2.6208833027474132131901086411318908e+00	1.3576241065621883883389420587101146e-04	1.0089512601473214974247444323220445e-02
5.5599709406697776627779264267038369e-04	-2.5812201852444649043993484314437815e+00	1.2673490090374435553230477836214717e-04	9.7483967695143875243424903355910623e-03
5.9364217275956705607343084054242461e-04	-2.5428661987401344544860971673694713e+00	1.1869534838909127697480894030166866e-04	9.4342201153725250808862252351532840e-03
6.3193850527335871845642764098208840e-04	-2.5057200320966228502492418780007492e+00	1.1149992197603471675281676458052442e-04	9.1438693416635039592677932347487621e-03
6.7085085342230059072863936292762584e-04	-2.4696918536356828344904877976875955e+00	1.0503049064192010431289348856385853e-04	8.8746979559763685374648677095907709e-03
7.1034553555826063278312260901711785e-04	-2.4347016220366548237007061125824256e+00	9.9189248788352870372108206128556699e-05	8.6244414897995281257563949418737601e-03
7.5039030781063169490647315058492617e-04	-2.4006776985171312356886519314261583e+00	9.3894617059240014739313770675067482e-05	8.3911506069530961886378192401356924e-03
7.9095425841748127352218765802087686e-04	-2.3675556978166465507707925242491651e+00	8.9078082552768839812819215127025046e-05	8.1731378376453598042357133222872590e-03
8.3200771329802917848502249089179263e-04	-2.3352775301490129910583994200155509e+00	8.4681739093837618971803389257318520e-05	7.9689347992723546659459851689628112e-03
8.7352215133156727398876497246032657e-04	-2.3037905971317233888914920169448272e+00	8.0656354936678261913394072746508315e-05	7.7772575664326170164103892300486494e-03
9.1547012806094441687674616827503982e-04	-2.2730471128182934741614411408729321e+00	7.6959841884705707404019026032380002e-05	7.5969784306751568187888531273335863e-03
9.5782520674333317445769182041969623e-04	-2.2430035270996251573556181485617769e+00	7.3556032817223326608916918835315692e-05	7.4271027123641239267638120434248133e-03
1.0005618958376434377372133035237994e-03	-2.2136200334299149014999649810613451e+00	7.0413698258649152189660844304716799e-05	7.2667495982910433642101002242920291e-03
1.0436555921546124784207013264206695e-03	-2.1848601464463499413172269911150723e+00	6.7505749758645990362881042814681156e-05	7.1151362106402772971420703301155238e-03
1.0870825290083893932361818242728848e-03	-2.1566903378600505145716153154805508e+00	6.4808590395508799745122600108477691e-05	6.9715642874526349390642065607797349e-03
1.1308197288020708581596560624344726e-03	-2.1290797211952020910015402822336360e+00	6.2301581989821457764692496595235329e-05	6.8354089872284497551086724927020784e-03
1.1748449595578216275059660610657698e-03	-2.1019997776887999775304359045436604e+00	5.9966605536172445504477478330875196e-05	6.7061094317349456462549029132262559e-03
1.2191366949678248806598430768268543e-03	-2.0754241170423376538392204125898991e+00	5.7787696569894493502155383360983473e-05	6.5831606793324188747614485859572678e-03
1.2636740775976477550834579290776162e-03	-2.0493282678195725056403208160294847e+00	5.5750741138767510089786919812794268e-05	6.4661068819529875720692329354628975e-03
1.3084368849205035210514976594874123e-03	-2.0236894931719594294423140252974918e+00	5.3843221072510668625573818224362635e-05	6.3545354264686299602141356030010579e-03
1.3534054979008089707568460538326165e-03	-1.9984866282916975139323947437114767e+00	5.2053999571413891354800081497158645e-05	6.2480718986909727627559272982827198e-03
1.3985608718795554324773573163190915e-03	-1.9736999365770430510873928052748943e+00	5.0373139941524555733065504277316361e-05	6.1463757379811580928533502724120729e-03
1.4438845095432929014526827110311084e-03	-1.9493109819729784099599889779990139e+00	4.8791751713826820217333685128787293e-05	6.0491364741642001285139593529638428e-03
1.4893584357837507480310983146329522e-03	-1.9253025153437675450644791368318133e+00	4.7301859492532436463609853464212407e-05	5.9560704574642215730775391750733587e-03
1.5349651742769259709424747369032567e-03	-1.9016583730590166524983156715670629e+00	4.5896290752925900605698790401623100e-05	5.8669180075160343464427590687271838e-03
1.5806877256293886389427218740514761e-03	-1.8783633862446871109933475368788893e+00	4.4568579504815471934969716704802414e-05	5.7814409199411387978163000271943646e-03
1.6265095469560205576906021975341973e-03	-1.8554032993754396117346593563157539e+00	4.3312883293404296277006217022748723e-05	5.6994202791023077125637038556035484e-03
1.6724145327677800902490278221666811e-03	-1.8327646970729682099280950731175645e+00	4.2123911455705153869608248960101057e-05	5.6206545339368586099597495328894535e-03
1.7183869970606761886903329979180137e-03	-1.8104349381332052898438640444399179e+00	4.0996862910790672545334784154793807e-05	5.5449578005791056731161183828025346e-03
1.7644116565081917094976830503701142e-03	-1.7884020959387435888271390449272067e+00	3.9927372054186171857257529348430077e-05	5.4721583611039356925031784499024236e-03
1.8104736146691333192465973942882853e-03	-1.7666549045258101784613362003647163e+00	3.8911461564533039917432170169247620e-05	5.4020973323824590726954098923160514e-03
1.8565583471314828322224559307356571e-03	-1.7451827096711125248892264370444066e+00	3.7945501125167103743561004708742307e-05	5.3346274829171216018586541440292150e-03
1.9026516875204352081669770370437790e-03	-1.7239754244456882240468677782470996e+00	3.7026171223009833014207299404303697e-05	5.2696121787610666446038156789783458e-03
1.9487398143055613388153752255934723e-03	-1.7030234887528431469554970986287030e+00	3.6150431318892292225405558352660003e-05	5.2069244423399864436880194109779980e-03
1.9948092383480397321808682360545671e-03	-1.6823178324272596890925492414649813e+00	3.5315491792453909942819040031216446e-05	5.1464461102768590017785425367017375e-03
2.0408467911342548387923570767937679e-03	-1.6618498415239662754804923190061616e+00	3.4518789155322046949592824132089978e-05	5.0880670782457675607885647345060430e-03
2.0868396136468421933782257409951669e-03	-1.6416113274703796941926769127019830e+00	3.3757964101773656319089336472881775e-05	5.0316846225112874045947182812411797e-03
2.1327751458285415810953775632814993e-03	-1.6215944987931418465138189453859761e+00	3.3030842029227316829897549994448015e-05	4.9772027891942979879440502060127458e-03
2.1786411165980593125364252370821288e-03	-1.6017919351648712060499713187368982e+00	3.2335415713904631847908708149680340e-05	4.9245318434841214353237175655403842e-03
2.2244255343805915137607566336503168e-03	-1.5821965635449885932943201732414030e+00	3.1669829871607777956503170757018110e-05	4.8735877720239307318297983359823370e-03
2.2701166781187673003594151834081538e-03	-1.5628016362140876434900556448997757e+00	3.1032367371224964709513398375430221e-05	4.8242918325588803569341248559041320e-03
2.3157030887325731031946224675497650e-03	-1.5436007105234334718191954966282644e+00	3.0421436900471497338719634045884725e-05	4.7765701456771027629646822860641255e-03
2.3611735609993514962472699531715644e-03	-1.5245876302005366334984065461381480e+00	2.9835561910461098867971423960630878e-05	4.7303533241114305153095228531153237e-03
2.4065171358272595628531129657904856e-03	-1.5057565080687428600579798390966721e+00	2.9273370688768131109816330231785523e-05	4.6855761356201298171811312872382216e-03
2.4517230928976493208991318280132951e-03	-1.4871017100537242113779423340362011e+00	2.8733587430335231933640486351369755e-05	4.6421771959411595686285284447220223e-03
2.4967809436537189953178125339372083e-03	-1.4686178403629282632801810104768937e+00	2.8215024192438695202773775077964923e-05	4.6000986887274636886190536982598984e-03
2.5416804246144991879141896891249149e-03	-1.4502997277356726058348497459919157e+00	2.7716573634389850024224154658750924e-05	4.5592861097297683283791860865556231e-03
2.5864114909948000571149657892502834e-03	-1.4321424126718623144289672134960760e+00	2.7237202455093932125586330151189355e-05	4.5196880328060407116523425987105308e-03
2.6309643106131702037758572005954405e-03	-1.4141411355564297351592195499216126e+00	2.6775945452316217835386554047340183e-05	4.4812558956097165495802739691851636e-03
2.6753292580712189681083669878721546e-03	-1.3962913256046963703687695312920400e+00	2.6331900136775746518093876007532419e-05	4.4439438030475575418753222414158899e-03
2.7194969091888435982217450960353272e-03	-1.3785885905610629150235871769820075e+00	2.5904221842215400905726488988870790e-05	4.4077083468072600669744880007899982e-03
2.7634580356809921904880792252208695e-03	-1.3610287070898552894690690705641383e+00	2.5492119279564645518774021257079042e-05	4.3725084394386996049246395154025073e-03
2.8072036000625921525798970168338655e-03	-1.3436076118028867743447547597344693e+00	2.5094850489370511928685449653113587e-05	4.3383051616343725782723752520982665e-03
2.8507247507691908658847708755025217e-03	-1.3263213928734214021345046702279092e+00	2.4711719151952420696639234192273716e-05	4.3050616214971024754934953488372317e-03
2.8940128174816979557169859495125465e-03	-1.3091662821908131285249188387175232e+00	2.4342071219346330123853671647283272e-05	4.2727428247089067548619987043738614e-03
2.9370593066443940239651868617482501e-03	-1.2921386480142112729634952512313426e+00	2.3985291837136168103084414977929445e-05	4.2413155546262181999923490836190404e-03
2.9798558971660850431778505573934434e-03	-1.2752349880874196064874259116942405e+00	2.3640802527804361433161174275037648e-05	4.2107482614252627732186291887062275e-03
3.0223944362949403966861280902252360e-03	-1.2584519231803217524931722523447266e+00	2.3308058610335728889711166676178071e-05	4.1810109595089049294104928613923433e-03
3.0646669356581607524014223097242236e-03	-1.2417861910252808194480256565273496e+00	2.2986546833537466170695677452112374e-05	4.1520751324640536577887483835403337e-03
3.1066655674581840520968610997946689e-03	-1.2252346406196228608144081470984791e+00	2.2675783202941581086388629036874694e-05	4.1239136449279663705513457184651083e-03
3.1483826608176579108253593142422047e-03	-1.2087942268677538874917566384223939e+00	2.2375310983277111014795154215367119e-05	4.0965006607835234231419869347402476e-03
3.1898106982658882834459108826818634e-03	-1.1924620055386669310013266090607242e+00	2.2084698860374027525022420040985686e-05	4.0698115671586685454803843188082127e-03
3.2309423123599206445088808200264380e-03	-1.1762351285165939202188354398673812e+00	2.1803539248020133292393657598802073e-05	4.0438229037544987036849896049927532e-03
3.2717702824338241063578761930013582e-03	-1.1601108393243688298771071046988196e+00	2.1531446726763432636945817477487201e-05	4.0185122970706199693677436572891508e-03
3.3122875314701335491589423136477981e-03	-1.1440864689007130857081255249434459e+00	2.1268056602958707876981344817837705e-05	3.9938583991359568876393154391507270e-03
3.3524871230877623848570850203841494e-03	-1.1281594316141487503786505525714239e+00	2.1013023577518538595319924619841121e-05	3.9698408303887303773923511665598740e-03
3.3923622586410312285209154352012989e-03	-1.1123272214976048050333463648922793e+00	2.0766020514863268372331504270841359e-05	3.9464401263812579133483173574654959e-03
3.4319062744247675067133666489660950e-03	-1.0965874086890204185290137989258321e+00	2.0526737303486670771095245436908160e-05	3.9236376880139785325144064721912498e-03
3.4711126389807197134019004365607585e-03	-1.0809376360643784994287141864782964e+00	2.0294879800377541342109918824585590e-05	3.9014157350290146954253046773913031e-03
3.5099749505007992862311819803948095e-03	-1.0653756160506337776137924051723966e+00	2.0070168852273697600314046544810811e-05	3.8797572625169618581818463067178452e-03
3.5484869343229144295016197229747809e-03	-1.0498991276069417267295502994995836e+00	1.9852339387383994355705906762724246e-05	3.8586460002117168716658905613700593e-03
3.5866424405153950322484675168769161e-03	-1.0345060133634563565874686115961942e+00	1.9641139571804783973761168798859153e-05	3.8380663743672582444581273576629404e-03
3.6244354415462273781917769524809848e-03	-1.0191941769077539134682802173745937e+00	1.9436330025387503122896070821916241e-05	3.8180034720275872725282278476247944e-03
3.6618600300335227688375914224761864e-03	-1.0039615802096626639207331422873757e+00	1.9237683092290534435114350767125211e-05	3.7984430075167170856528374475732291e-03
3.6989104165738365338009584726112594e-03	-9.8880624117594233378601818282365647e-01	1.9044982161877135331754006269648530e-05	3.7793712909898234865030171416335736e-03
3.7355809276451341472076007521881068e-03	-9.7372623132686593014299056961349720e-01	1.8858021036007293397340625037012387e-05	3.7607751988995950432778061165878185e-03
3.7718660035813701893753003902947943e-03	-9.5871967358731653289498937819261920e-01	1.8676603339119481114584329941910634e-05	3.7426421462435717735747218174483861e-03
3.8077601966158044997103112616313920e-03	-9.4378474018552665163893593696138068e-01	1.8500541967812521772808766122624382e-05	3.7249600604689589879207731484300264e-03
3.8432581689903288046492729176631300e-03	-9.2891965065306190704817082339814431e-01	1.8329658576921747240237685049734338e-05	3.7077173569211497583879613559113537e-03
3.8783546911282170582392709955261512e-03	-9.1412266992008772489025958019554444e-01	1.8163783099340515867176010687399359e-05	3.6909029157310791050803032580382093e-03
3.9130446398678443326174430088519815e-03	-8.9939210650036068376334002256871874e-01	1.8002753297070789904697952923018312e-05	3.6745060600446484784618687898587703e-03
3.9473229967550429214648091075205762e-03	-8.8472631076075807897474165568965104e-01	1.7846414341197352034626122689930980e-05	3.6585165355048747967220607405581555e-03
3.9811848463918809062921335481964611e-03	-8.7012367327050281763025297177967161e-01	1.7694618418671594997121219608401570e-05	3.6429244909042007287780549664785839e-03
4.0146253748397582765450932910134286e-03	-8.5558262322555835482319509932554557e-01	1.7547224363964625267937532834628844e-05	3.6277204599306117468373779816802698e-03
4.0476398680748192455030061029561530e-03	-8.4110162694396220264367964198844876e-01	1.7404097313807442412477500350896899e-05	3.6128953439368942314850812101458380e-03
4.0802237104937770856785919267424043e-03	-8.2667918642813857447910458371794147e-01	1.7265108383379759675567372243307819e-05	3.5984403956675856739969384318115142e-03
4.1123723834683400091096505643728886e-03	-8.1231383799048276628581503015370665e-01	1.7130134362440018945665936069739759e-05	3.5843472038829560149714717873492524e-03
4.1440814639465136997499327210539715e-03	-7.9800415093874355964920149106015639e-01	1.6999057430008575317692308374695701e-05	3.5706076788237572972133983945392643e-03
4.1753466230991384006950434394245196e-03	-7.8374872631794674623109389521738718e-01	1.6871764886325001582106801621340547e-05	3.5572140384645221545837677727872582e-03
4.2061636250100962773917215376371496e-03	-7.6954619570580417414843936594538477e-01	1.6748148900899992331397113826861250e-05	3.5441587955069118290902199123539978e-03
4.2365283254086984060366232938139469e-03	-7.5539522005873973826395718970248755e-01	1.6628106275573328209153746202884974e-05	3.5314347450680399541328079949385870e-03
4.2664366704428304402421526643833848e-03	-7.4129448860583760406479735293737536e-01	1.6511538221572597950217557858061570e-05	3.5190349530218550608095274947874868e-03
4.2958846954915020359628155657532277e-03	-7.2724271778817969637684019457595533e-01	1.6398350149643591946800470446914153e-05	3.5069527449545759916357383873827367e-03
4.3248685240155076944388168168078415e-03	-7.1323865024119003840849875416424825e-01	1.6288451472393125685026827416022761e-05	3.4951816956978612686456332633139806e-03
4.3533843664449660292760986431094691e-03	-6.9928105381774375188704772272878200e-01	1.6181755418049108944027727973265878e-05	3.4837156194058751053394600657317540e-03
4.3814285191025607757026017860754735e-03	-6.8536872064992921075576439541319451e-01	1.6078178854901473445159865810912301e-05	3.4725485601447065385303677595334108e-03
4.4089973631613603228346273832972310e-03	-6.7150046624747369827364960221653901e-01	1.5977642125741582112048326735348305e-05	3.4616747829647198500087553681101929e-03
4.4360873636361433361783741813164237e-03	-6.5767512863095660952844056005413592e-01	1.5880068891667395315217688933889741e-05	3.4510887654283783712567706329980805e-03
4.4626950684072063086745242033014975e-03	-6.4389156749804037283170915469376561e-01	1.5785385984667350008033149153265093e-05	3.4407851895679029412285315732794004e-03
4.4888171072756747847156557011633880e-03	-6.3014866342104838900334375064569846e-01	1.5693523268437965945825783395872169e-05	3.4307589342488125709487765532062966e-03
4.5144501910493836831365917841539556e-03	-6.1644531707431191670886052220002365e-01	1.5604413506928945352079807421125525e-05	3.4210050679169590564749452516468128e-03
4.5395911106584337334098696801759652e-03	-6.0278044848979443308621168902981810e-01	1.5517992240145264714508658469223473e-05	3.4115188417081192165185029180813947e-03
4.5642367362995706568712539794647946e-03	-5.8915299633958300257999895091730447e-01	1.5434197666768729291860364613753709e-05	3.4022956829005570930051758372760846e-03
4.5883840166085714865645207183812211e-03	-5.7556191724391198955510908409053466e-01	1.5352970533191907707724887590560975e-05	3.3933311886922220418469581944508369e-03
4.6120299778598584327296055400292440e-03	-5.6200618510345541689859715266306311e-01	1.5274254028585499325522579587166744e-05	3.3846211202854146502126302608141586e-03
4.6351717231925950667809746584839298e-03	-5.4848479045469073978444597908954354e-01	1.5197993685646205031595439858149428e-05	3.3761613972628376981194215777721418e-03
4.6578064318625524092578068397727630e-03	-5.3499673984719908119350884138926072e-01	1.5124137286696249091048800514047019e-05	3.3679480922399602078061896762528780e-03
4.6799313585190638552552284767690786e-03	-5.2154105524182534976391948041185113e-01	1.5052634774827996498118871503546035e-05	3.3599774257795647383868058693445685e-03
4.7015438325064178374195127494443001e-03	-5.0811677342867639520977605492225042e-01	1.4983438169807773003540259352379810e-05	3.3522457615552267510673015332512119e-03
4.7226412571890657898183476633040203e-03	-4.9472294546398669582973687192699851e-01	1.4916501488472157104292446840399693e-05	3.3447496017512949217148348375951093e-03
4.7432211093000504092979799116936441e-03	-4.8135863612492924196266005080494960e-01	1.4851780669367796361112958904782666e-05	3.3374855826877071467226598577025303e-03
4.7632809383120854833669932962101154e-03	-4.6802292338149448706506029748395615e-01	1.4789233501402315512059952870748384e-05	3.3304504706586927483415515302864733e-03
4.7828183658307437301959360185437344e-03	-4.5471489788460267719196329894241005e-01	1.4728819556289232434212412992837845e-05	3.3236411579750807819681882145029425e-03
4.8018310850092332382070033905368329e-03	-4.4143366246965471849646028343998258e-01	1.4670500124584072840967124195224568e-05	3.3170546592005608259842382241369956e-03
4.8203168599842662576419578604704443e-03	-4.2817833167476416613594733969571763e-01	1.4614238155122160582919642117080441e-05	3.3106881075728293672973229189080841e-03
4.8382735253325463388529848458341513e-03	-4.1494803127294806971437006155772771e-01	1.4559998197680935292393223985591929e-05	3.3045387516011048062489704476094938e-03
4.8556989855474211832172174001687065e-03	-4.0174189781758743189961562665211887e-01	1.4507746348701184132469485754389461e-05	3.2986039518320098889914854368884195e-03
4.8725912145352691210389376748091763e-03	-3.8855907820049905957351053472687539e-01	1.4457450199912334942485023571290797e-05	3.2928811777763045218635448950244982e-03
4.8889482551312069024250838458545452e-03	-3.7539872922198973267404181746210206e-01	1.4409078789717004115551566902878551e-05	3.2873680049894067287250063807263786e-03
4.9047682186337255252732727530771754e-03	-3.6226001717229099781321738568244950e-01	1.4362602557199379226998255056161761e-05	3.2820621122990671028233608616389107e-03
4.9200492843578791702599117963165576e-03	-3.4914211742379861666485522906408020e-01	1.4317993298630794446412835861280801e-05	3.2769612791739644446667315773751638e-03
4.9347896992066700049663996469734777e-03	-3.3604421403356486031645578155758007e-01	1.4275224126354072761139012930695700e-05	3.2720633832273691860587683718862975e-03
4.9489877772602886949303646403303884e-03	-3.2296549935551453056403139753779435e-01	1.4234269429935905986530519687939163e-05	3.2673663978503783640337137792496496e-03
4.9626418993828869534770190875471547e-03	-3.0990517366187689129878946259855016e-01	1.4195104839483761054899324827724571e-05	3.2628683899695628908620225757036357e-03
4.9757505128465744079439480262112273e-03	-2.9686244477334568546279881324009055e-01	1.4157707191030575720035812055915234e-05	3.2585675179241861195618554079319786e-03
4.9883121309723474890000486409592600e-03	-2.8383652769749816771139100891036660e-01	1.4122054493896872357781830557432332e-05	3.2544620294584535778074032463675544e-03
5.0003253327876729922933055715075016e-03	-2.7082664427502166688159149707289722e-01	1.4088125899945906211746751818737578e-05	3.2505502598245384920468099257483004e-03
5.0117887627004634463416656152719645e-03	-2.5783202283331266775160738670763326e-01	1.4055901674653103132027761406032970e-05	3.2468306299923975170484836149652161e-03
5.0227011301891954747839360118289372e-03	-2.4485189784702882599472685727669394e-01	1.4025363169916358370791101895635867e-05	3.2433016449626470139199360531253305e-03
5.0330612095089359909801530000640040e-03	-2.3188550960518875707837438101659348e-01	1.3996492798538787186075517432723560e-05	3.2399618921790132993256491185287105e-03
5.0428678394130543334947370837916276e-03	-2.1893210388442791859769778646615185e-01	1.3969274010320262954990835037669256e-05	3.2368100400371014711621449479523968e-03
5.0521199228904113661475206634531146e-03	-2.0599093162803148194527840111740141e-01	1.3943691269698570691762299878285985e-05	3.2338448364864475914451909680325051e-03
5.0608164269178291490247443959235733e-03	-1.9306124863037680563991362006981054e-01	1.3919730034885263320161183932093347e-05	3.2310651077230290099963389908757806e-03
5.0689563822276570591339595412561585e-03	-1.8014231522642901817004578370451156e-01	1.3897376738445353442387967562280948e-05	3.2284697569696082260438084926255974e-03
5.0765388830902622224428163925351924e-03	-1.6723339598594332891512831807352015e-01	1.3876618769273822138850669726712369e-05	3.2260577633414776458019148395226009e-03
5.0835630871112838332550555536398585e-03	-1.5433375941203704479485552631035825e-01	1.3857444455925594879699810896422344e-05	3.2238281807953565966071468178739545e-03
5.0900282150435024019150987501845817e-03	-1.4144267764380290826825193844033846e-01	1.3839843051259138277823474259414794e-05	3.2217801371593686575867929154166068e-03
5.0959335506131862066948833213360810e-03	-1.2855942616264331711952483801551793e-01	1.3823804718357184600538382114485429e-05	3.2199128332421973831062088025557802e-03
5.1012784403607882487892576727254639e-03	-1.1568328350201226366833514335553891e-01	1.3809320517691307294362427911386153e-05	3.2182255420196824162959239470487418e-03
5.1060622934958778384547917236695358e-03	-1.0281353096025846387947876054246091e-01	1.3796382395500163130168855270416533e-05	3.2167176078972763746761143498941312e-03
5.1102845817662015927859382008771512e-03	-8.9949452316269156389740536057101766e-02	1.3784983173354197141079444165419119e-05	3.2153884460469362709605161627453701e-03
5.1139448393407791182840312328373002e-03	-7.7090333547619456704176442693493356e-02	1.3775116538882486899313079822945032e-05	3.2142375418171721187065716029731688e-03
5.1170426627069490006739334636826943e-03	-6.4235462550936969732984952611312868e-02	1.3766777037640193923459982781482874e-05	3.2132644502151202527608136070501339e-03
5.1195777105812909464234037455932853e-03	-5.1384128864195609521685629205287243e-02	1.3759960066097802714586920220217332e-05	3.2124687954596502379949268989663891e-03
5.1215497038343600308554685818899387e-03	-3.8535623390656261705188334679430609e-02	1.3754661865735972264515040876086769e-05	3.2118502706046524998585240618064982e-03
5.1229584254291790220608020264790587e-03	-2.5689238124175063340609196914840331e-02	1.3750879518232410680265799543896505e-05	3.2114086372317894258215436145600140e-03
5.1238037203734446832150180949305041e-03	-1.2844265875602676063488989837822698e-02	1.3748610941729720336950119574724422e-05	3.2111437252121260847548547342610769e-03
5.1240854956854138233772238598730051e-03	0.0000000000000000000000000000000000e+00	1.3747854888175657964000228967180348e-05	3.2110554325361883084863779733720478e-03
5.1238037203734446832150180949305041e-03	1.2844265875602676063488989837822698e-02	1.3748610941729720336950119574724422e-05	3.2111437252121260847548547342610769e-03
5.1229584254291790220608020264790587e-03	2.5689238124175063340609196914840331e-02	1.3750879518232410680265799543896505e-05	3.2114086372317894258215436145600140e-03
5.1215497038343600308554685818899387e-03	3.8535623390656261705188334679430609e-02	1.3754661865735972264515040876086769e-05	3.2118502706046524998585240618064982e-03
5.1195777105812909464234037455932853e-03	5.1384128864195609521685629205287243e-02	1.3759960066097802714586920220217332e-05	3.2124687954596502379949268989663891e-03
5.1170426627069490006739334636826943e-03	6.4235462550936969732984952611312868e-02	1.3766777037640193923459982781482874e-05	3.2132644502151202527608136070501339e-03
5.1139448393407791182840312328373002e-03	7.7090333547619456704176442693493356e-02	1.3775116538882486899313079822945032e-05	3.2142375418171721187065716029731688e-03
5.1102845817662015927859382008771512e-03	8.9949452316269156389740536057101766e-02	1.3784983173354197141079444165419119e-05	3.2153884460469362709605161627453701e-03
5.1060622934958778384547917236695358e-03	1.0281353096025846387947876054246091e-01	1.3796382395500163130168855270416533e-05	3.2167176078972763746761143498941312e-03
5.1012784403607882487892576727254639e-03	1.1568328350201226366833514335553891e-01	1.3809320517691307294362427911386153e-05	3.2182255420196824162959239470487418e-03
5.0959335506131862066948833213360810e-03	1.2855942616264331711952483801551793e-01	1.3823804718357184600538382114485429e-05	3.2199128332421973831062088025557802e-03
5.0900282150435024019150987501845817e-03	1.4144267764380290826825193844033846e-01	1.3839843051259138277823474259414794e-05	3.2217801371593686575867929154166068e-03
5.0835630871112838332550555536398585e-03	1.5433375941203704479485552631035825e-01	1.3857444455925594879699810896422344e-05	3.2238281807953565966071468178739545e-03
5.0765388830902622224428163925351924e-03	1.6723339598594332891512831807352015e-01	1.3876618769273822138850669726712369e-05	3.2260577633414776458019148395226009e-03
5.0689563822276570591339595412561585e-03	1.8014231522642901817004578370451156e-01	1.3897376738445353442387967562280948e-05	3.2284697569696082260438084926255974e-03
5.0608164269178291490247443959235733e-03	1.9306124863037680563991362006981054e-01	1.3919730034885263320161183932093347e-05	3.2310651077230290099963389908757806e-03
5.0521199228904113661475206634531146e-03	2.0599093162803148194527840111740141e-01	1.3943691269698570691762299878285985e-05	3.2338448364864475914451909680325051e-03
5.0428678394130543334947370837916276e-03	2.1893210388442791859769778646615185e-01	1.3969274010320262954990835037669256e-05	3.2368100400371014711621449479523968e-03
5.0330612095089359909801530000640040e-03	2.3188550960518875707837438101659348e-01	1.3996492798538787186075517432723560e-05	3.2399618921790132993256491185287105e-03
5.0227011301891954747839360118289372e-03	2.4485189784702882599472685727669394e-01	1.4025363169916358370791101895635867e-05	3.2433016449626470139199360531253305e-03
5.0117887627004634463416656152719645e-03	2.5783202283331266775160738670763326e-01	1.4055901674653103132027761406032970e-05	3.2468306299923975170484836149652161e-03
5.0003253327876729922933055715075016e-03	2.7082664427502166688159149707289722e-01	1.4088125899945906211746751818737578e-05	3.2505502598245384920468099257483004e-03
4.9883121309723474890000486409592600e-03	2.8383652769749816771139100891036660e-01	1.4122054493896872357781830557432332e-05	3.2544620294584535778074032463675544e-03
4.9757505128465744079439480262112273e-03	2.9686244477334568546279881324009055e-01	1.4157707191030575720035812055915234e-05	3.2585675179241861195618554079319786e-03
4.9626418993828869534770190875471547e-03	3.0990517366187689129878946259855016e-01	1.4195104839483761054899324827724571e-05	3.2628683899695628908620225757036357e-03
4.9489877772602886949303646403303884e-03	3.2296549935551453056403139753779435e-01	1.4234269429935905986530519687939163e-05	3.2673663978503783640337137792496496e-03
4.9347896992066700049663996469734777e-03	3.3604421403356486031645578155758007e-01	1.4275224126354072761139012930695700e-05	3.2720633832273691860587683718862975e-03
4.9200492843578791702599117963165576e-03	3.4914211742379861666485522906408020e-01	1.4317993298630794446412835861280801e-05	3.2769612791739644446667315773751638e-03
4.9047682186337255252732727530771754e-03	3.6226001717229099781321738568244950e-01	1.4362602557199379226998255056161761e-05	3.2820621122990671028233608616389107e-03
4.8889482551312069024250838458545452e-03	3.7539872922198973267404181746210206e-01	1.4409078789717004115551566902878551e-05	3.2873680049894067287250063807263786e-03
4.8725912145352691210389376748091763e-03	3.8855907820049905957351053472687539e-01	1.4457450199912334942485023571290797e-05	3.2928811777763045218635448950244982e-03
4.8556989855474211832172174001687065e-03	4.0174189781758743189961562665211887e-01	1.4507746348701184132469485754389461e-05	3.2986039518320098889914854368884195e-03
4.8382735253325463388529848458341513e-03	4.1494803127294806971437006155772771e-01	1.4559998197680935292393223985591929e-05	3.3045387516011048062489704476094938e-03
4.8203168599842662576419578604704443e-03	4.2817833167476416613594733969571763e-01	1.4614238155122160582919642117080441e-05	3.3106881075728293672973229189080841e-03
4.8018310850092332382070033905368329e-03	4.4143366246965471849646028343998258e-01	1.4670500124584072840967124195224568e-05	3.3170546592005608259842382241369956e-03
4.7828183658307437301959360185437344e-03	4.5471489788460267719196329894241005e-01	1.4728819556289232434212412992837845e-05	3.3236411579750807819681882145029425e-03
4.7632809383120854833669932962101154e-03	4.6802292338149448706506029748395615e-01	1.4789233501402315512059952870748384e-05	3.3304504706586927483415515302864733e-03
4.7432211093000504092979799116936441e-03	4.8135863612492924196266005080494960e-01	1.4851780669367796361112958904782666e-05	3.3374855826877071467226598577025303e-03
4.7226412571890657898183476633040203e-03	4.9472294546398669582973687192699851e-01	1.4916501488472157104292446840399693e-05	3.3447496017512949217148348375951093e-03
4.7015438325064178374195127494443001e-03	5.0811677342867639520977605492225042e-01	1.4983438169807773003540259352379810e-05	3.3522457615552267510673015332512119e-03
4.6799313585190638552552284767690786e-03	5.2154105524182534976391948041185113e-01	1.5052634774827996498118871503546035e-05	3.3599774257795647383868058693445685e-03
4.6578064318625524092578068397727630e-03	5.3499673984719908119350884138926072e-01	1.5124137286696249091048800514047019e-05	3.3679480922399602078061896762528780e-03
4.6351717231925950667809746584839298e-03	5.4848479045469073978444597908954354e-01	1.5197993685646205031595439858149428e-05	3.3761613972628376981194215777721418e-03
4.6120299778598584327296055400292440e-03	5.6200618510345541689859715266306311e-01	1.5274254028585499325522579587166744e-05	3.3846211202854146502126302608141586e-03
4.5883840166085714865645207183812211e-03	5.7556191724391198955510908409053466e-01	1.5352970533191907707724887590560975e-05	3.3933311886922220418469581944508369e-03
4.5642367362995706568712539794647946e-03	5.8915299633958300257999895091730447e-01	1.5434197666768729291860364613753709e-05	3.4022956829005570930051758372760846e-03
4.5395911106584337334098696801759652e-03	6.0278044848979443308621168902981810e-01	1.5517992240145264714508658469223473e-05	3.4115188417081192165185029180813947e-03
4.5144501910493836831365917841539556e-03	6.1644531707431191670886052220002365e-01	1.5604413506928945352079807421125525e-05	3.4210050679169590564749452516468128e-03
4.4888171072756747847156557011633880e-03	6.3014866342104838900334375064569846e-01	1.5693523268437965945825783395872169e-05	3.4307589342488125709487765532062966e-03
4.4626950684072063086745242033014975e-03	6.4389156749804037283170915469376561e-01	1.5785385984667350008033149153265093e-05	3.4407851895679029412285315732794004e-03
4.4360873636361433361783741813164237e-03	6.5767512863095660952844056005413592e-01	1.5880068891667395315217688933889741e-05	3.4510887654283783712567706329980805e-03
4.4089973631613603228346273832972310e-03	6.7150046624747369827364960221653901e-01	1.5977642125741582112048326735348305e-05	3.4616747829647198500087553681101929e-03
4.3814285191025607757026017860754735e-03	6.8536872064992921075576439541319451e-01	1.6078178854901473445159865810912301e-05	3.4725485601447065385303677595334108e-03
4.3533843664449660292760986431094691e-03	6.9928105381774375188704772272878200e-01	1.6181755418049108944027727973265878e-05	3.4837156194058751053394600657317540e-03
4.3248685240155076944388168168078415e-03	7.1323865024119003840849875416424825e-01	1.6288451472393125685026827416022761e-05	3.4951816956978612686456332633139806e-03
4.2958846954915020359628155657532277e-03	7.2724271778817969637684019457595533e-01	1.6398350149643591946800470446914153e-05	3.5069527449545759916357383873827367e-03
4.2664366704428304402421526643833848e-03	7.4129448860583760406479735293737536e-01	1.6511538221572597950217557858061570e-05	3.5190349530218550608095274947874868e-03
4.2365283254086984060366232938139469e-03	7.5539522005873973826395718970248755e-01	1.6628106275573328209153746202884974e-05	3.5314347450680399541328079949385870e-03
4.2061636250100962773917215376371496e-03	7.6954619570580417414843936594538477e-01	1.6748148900899992331397113826861250e-05	3.5441587955069118290902199123539978e-03
4.1753466230991384006950434394245196e-03	7.8374872631794674623109389521738718e-01	1.6871764886325001582106801621340547e-05	3.5572140384645221545837677727872582e-03
4.1440814639465136997499327210539715e-03	7.9800415093874355964920149106015639e-01	1.6999057430008575317692308374695701e-05	3.5706076788237572972133983945392643e-03
4.1123723834683400091096505643728886e-03	8.1231383799048276628581503015370665e-01	1.7130134362440018945665936069739759e-05	3.5843472038829560149714717873492524e-03
4.0802237104937770856785919267424043e-03	8.2667918642813857447910458371794147e-01	1.7265108383379759675567372243307819e-05	3.5984403956675856739969384318115142e-03
4.0476398680748192455030061029561530e-03	8.4110162694396220264367964198844876e-01	1.7404097313807442412477500350896899e-05	3.6128953439368942314850812101458380e-03
4.0146253748397582765450932910134286e-03	8.5558262322555835482319509932554557e-01	1.7547224363964625267937532834628844e-05	3.6277204599306117468373779816802698e-03
3.9811848463918809062921335481964611e-03	8.7012367327050281763025297177967161e-01	1.7694618418671594997121219608401570e-05	3.6429244909042007287780549664785839e-03
3.9473229967550429214648091075205762e-03	8.8472631076075807897474165568965104e-01	1.7846414341197352034626122689930980e-05	3.6585165355048747967220607405581555e-03
3.9130446398678443326174430088519815e-03	8.9939210650036068376334002256871874e-01	1.8002753297070789904697952923018312e-05	3.6745060600446484784618687898587703e-03
3.8783546911282170582392709955261512e-03	9.1412266992008772489025958019554444e-01	1.8163783099340515867176010687399359e-05	3.6909029157310791050803032580382093e-03
3.8432581689903288046492729176631300e-03	9.2891965065306190704817082339814431e-01	1.8329658576921747240237685049734338e-05	3.7077173569211497583879613559113537e-03
3.8077601966158044997103112616313920e-03	9.4378474018552665163893593696138068e-01	1.8500541967812521772808766122624382e-05	3.7249600604689589879207731484300264e-03
3.7718660035813701893753003902947943e-03	9.5871967358731653289498937819261920e-01	1.8676603339119481114584329941910634e-05	3.7426421462435717735747218174483861e-03
3.7355809276451341472076007521881068e-03	9.7372623132686593014299056961349720e-01	1.8858021036007293397340625037012387e-05	3.7607751988995950432778061165878185e-03
3.6989104165738365338009584726112594e-03	9.8880624117594233378601818282365647e-01	1.9044982161877135331754006269648530e-05	3.7793712909898234865030171416335736e-03
3.6618600300335227688375914224761864e-03	1.0039615802096626639207331422873757e+00	1.9237683092290534435114350767125211e-05	3.7984430075167170856528374475732291e-03
3.6244354415462273781917769524809848e-03	1.0191941769077539134682802173745937e+00	1.9436330025387503122896070821916241e-05	3.8180034720275872725282278476247944e-03
3.5866424405153950322484675168769161e-03	1.0345060133634563565874686115961942e+00	1.9641139571804783973761168798859153e-05	3.8380663743672582444581273576629404e-03
3.5484869343229144295016197229747809e-03	1.0498991276069417267295502994995836e+00	1.9852339387383994355705906762724246e-05	3.8586460002117168716658905613700593e-03
3.5099749505007992862311819803948095e-03	1.0653756160506337776137924051723966e+00	2.0070168852273697600314046544810811e-05	3.8797572625169618581818463067178452e-03
3.4711126389807197134019004365607585e-03	1.0809376360643784994287141864782964e+00	2.0294879800377541342109918824585590e-05	3.9014157350290146954253046773913031e-03
3.4319062744247675067133666489660950e-03	1.0965874086890204185290137989258321e+00	2.0526737303486670771095245436908160e-05	3.9236376880139785325144064721912498e-03
3.3923622586410312285209154352012989e-03	1.1123272214976048050333463648922793e+00	2.0766020514863268372331504270841359e-05	3.9464401263812579133483173574654959e-03
3.3524871230877623848570850203841494e-03	1.1281594316141487503786505525714239e+00	2.1013023577518538595319924619841121e-05	3.9698408303887303773923511665598740e-03
3.3122875314701335491589423136477981e-03	1.1440864689007130857081255249434459e+00	2.1268056602958707876981344817837705e-05	3.9938583991359568876393154391507270e-03
3.2717702824338241063578761930013582e-03	1.1601108393243688298771071046988196e+00	2.1531446726763432636945817477487201e-05	4.0185122970706199693677436572891508e-03
3.2309423123599206445088808200264380e-03	1.1762351285165939202188354398673812e+00	2.1803539248020133292393657598802073e-05	4.0438229037544987036849896049927532e-03
3.1898106982658882834459108826818634e-03	1.1924620055386669310013266090607242e+00	2.2084698860374027525022420040985686e-05	4.0698115671586685454803843188082127e-03
3.1483826608176579108253593142422047e-03	1.2087942268677538874917566384223939e+00	2.2375310983277111014795154215367119e-05	4.0965006607835234231419869347402476e-03
3.1066655674581840520968610997946689e-03	1.2252346406196228608144081470984791e+00	2.2675783202941581086388629036874694e-05	4.1239136449279663705513457184651083e-03
3.0646669356581607524014223097242236e-03	1.2417861910252808194480256565273496e+00	2.2986546833537466170695677452112374e-05	4.1520751324640536577887483835403337e-03
3.0223944362949403966861280902252360e-03	1.2584519231803217524931722523447266e+00	2.3308058610335728889711166676178071e-05	4.1810109595089049294104928613923433e-03
2.9798558971660850431778505573934434e-03	1.2752349880874196064874259116942405e+00	2.3640802527804361433161174275037648e-05	4.2107482614252627732186291887062275e-03
2.9370593066443940239651868617482501e-03	1.2921386480142112729634952512313426e+00	2.3985291837136168103084414977929445e-05	4.2413155546262181999923490836190404e-03
2.8940128174816979557169859495125465e-03	1.3091662821908131285249188387175232e+00	2.4342071219346330123853671647283272e-05	4.2727428247089067548619987043738614e-03
2.8507247507691908658847708755025217e-03	1.3263213928734214021345046702279092e+00	2.4711719151952420696639234192273716e-05	4.3050616214971024754934953488372317e-03
2.8072036000625921525798970168338655e-03	1.3436076118028867743447547597344693e+00	2.5094850489370511928685449653113587e-05	4.3383051616343725782723752520982665e-03
2.7634580356809921904880792252208695e-03	1.3610287070898552894690690705641383e+00	2.5492119279564645518774021257079042e-05	4.3725084394386996049246395154025073e-03
2.7194969091888435982217450960353272e-03	1.3785885905610629150235871769820075e+00	2.5904221842215400905726488988870790e-05	4.4077083468072600669744880007899982e-03
2.6753292580712189681083669878721546e-03	1.3962913256046963703687695312920400e+00	2.6331900136775746518093876007532419e-05	4.4439438030475575418753222414158899e-03
2.6309643106131702037758572005954405e-03	1.4141411355564297351592195499216126e+00	2.6775945452316217835386554047340183e-05	4.4812558956097165495802739691851636e-03
2.5864114909948000571149657892502834e-03	1.4321424126718623144289672134960760e+00	2.7237202455093932125586330151189355e-05	4.5196880328060407116523425987105308e-03
2.5416804246144991879141896891249149e-03	1.4502997277356726058348497459919157e+00	2.7716573634389850024224154658750924e-05	4.5592861097297683283791860865556231e-03
2.4967809436537189953178125339372083e-03	1.4686178403629282632801810104768937e+00	2.8215024192438695202773775077964923e-05	4.6000986887274636886190536982598984e-03
2.4517230928976493208991318280132951e-03	1.4871017100537242113779423340362011e+00	2.8733587430335231933640486351369755e-05	4.6421771959411595686285284447220223e-03
2.4065171358272595628531129657904856e-03	1.5057565080687428600579798390966721e+00	2.9273370688768131109816330231785523e-05	4.6855761356201298171811312872382216e-03
2.3611735609993514962472699531715644e-03	1.5245876302005366334984065461381480e+00	2.9835561910461098867971423960630878e-05	4.7303533241114305153095228531153237e-03
2.3157030887325731031946224675497650e-03	1.5436007105234334718191954966282644e+00	3.0421436900471497338719634045884725e-05	4.7765701456771027629646822860641255e-03
2.2701166781187673003594151834081538e-03	1.5628016362140876434900556448997757e+00	3.1032367371224964709513398375430221e-05	4.8242918325588803569341248559041320e-03
2.2244255343805915137607566336503168e-03	1.5821965635449885932943201732414030e+00	3.1669829871607777956503170757018110e-05	4.8735877720239307318297983359823370e-03
2.1786411165980593125364252370821288e-03	1.6017919351648712060499713187368982e+00	3.2335415713904631847908708149680340e-05	4.9245318434841214353237175655403842e-03
2.1327751458285415810953775632814993e-03	1.6215944987931418465138189453859761e+00	3.3030842029227316829897549994448015e-05	4.9772027891942979879440502060127458e-03
2.0868396136468421933782257409951669e-03	1.6416113274703796941926769127019830e+00	3.3757964101773656319089336472881775e-05	5.0316846225112874045947182812411797e-03
2.0408467911342548387923570767937679e-03	1.6618498415239662754804923190061616e+00	3.4518789155322046949592824132089978e-05	5.0880670782457675607885647345060430e-03
1.9948092383480397321808682360545671e-03	1.6823178324272596890925492414649813e+00	3.5315491792453909942819040031216446e-05	5.1464461102768590017785425367017375e-03
1.9487398143055613388153752255934723e-03	1.7030234887528431469554970986287030e+00	3.6150431318892292225405558352660003e-05	5.2069244423399864436880194109779980e-03
1.9026516875204352081669770370437790e-03	1.7239754244456882240468677782470996e+00	3.7026171223009833014207299404303697e-05	5.2696121787610666446038156789783458e-03
1.8565583471314828322224559307356571e-03	1.7451827096711125248892264370444066e+00	3.7945501125167103743561004708742307e-05	5.3346274829171216018586541440292150e-03
1.8104736146691333192465973942882853e-03	1.7666549045258101784613362003647163e+00	3.8911461564533039917432170169247620e-05	5.4020973323824590726954098923160514e-03
1.7644116565081917094976830503701142e-03	1.7884020959387435888271390449272067e+00	3.9927372054186171857257529348430077e-05	5.4721583611039356925031784499024236e-03
1.7183869970606761886903329979180137e-03	1.8104349381332052898438640444399179e+00	4.0996862910790672545334784154793807e-05	5.5449578005791056731161183828025346e-03
1.6724145327677800902490278221666811e-03	1.8327646970729682099280950731175645e+00	4.2123911455705153869608248960101057e-05	5.6206545339368586099597495328894535e-03
1.6265095469560205576906021975341973e-03	1.8554032993754396117346593563157539e+00	4.3312883293404296277006217022748723e-05	5.6994202791023077125637038556035484e-03
1.5806877256293886389427218740514761e-03	1.8783633862446871109933475368788893e+00	4.4568579504815471934969716704802414e-05	5.7814409199411387978163000271943646e-03
1.5349651742769259709424747369032567e-03	1.9016583730590166524983156715670629e+00	4.5896290752925900605698790401623100e-05	5.8669180075160343464427590687271838e-03
1.4893584357837507480310983146329522e-03	1.9253025153437675450644791368318133e+00	4.7301859492532436463609853464212407e-05	5.9560704574642215730775391750733587e-03
1.4438845095432929014526827110311084e-03	1.9493109819729784099599889779990139e+00	4.8791751713826820217333685128787293e-05	6.0491364741642001285139593529638428e-03
1.3985608718795554324773573163190915e-03	1.9736999365770430510873928052748943e+00	5.0373139941524555733065504277316361e-05	6.1463757379811580928533502724120729e-03
1.3534054979008089707568460538326165e-03	1.9984866282916975139323947437114767e+00	5.2053999571413891354800081497158645e-05	6.2480718986909727627559272982827198e-03
1.3084368849205035210514976594874123e-03	2.0236894931719594294423140252974918e+00	5.3843221072510668625573818224362635e-05	6.3545354264686299602141356030010579e-03
1.2636740775976477550834579290776162e-03	2.0493282678195725056403208160294847e+00	5.5750741138767510089786919812794268e-05	6.4661068819529875720692329354628975e-03
1.2191366949678248806598430768268543e-03	2.0754241170423376538392204125898991e+00	5.7787696569894493502155383360983473e-05	6.5831606793324188747614485859572678e-03
1.1748449595578216275059660610657698e-03	2.1019997776887999775304359045436604e+00	5.9966605536172445504477478330875196e-05	6.7061094317349456462549029132262559e-03
1.1308197288020708581596560624344726e-03	2.1290797211952020910015402822336360e+00	6.2301581989821457764692496595235329e-05	6.8354089872284497551086724927020784e-03
1.0870825290083893932361818242728848e-03	2.1566903378600505145716153154805508e+00	6.4808590395508799745122600108477691e-05	6.9715642874526349390642065607797349e-03
1.0436555921546124784207013264206695e-03	2.1848601464463499413172269911150723e+00	6.7505749758645990362881042814681156e-05	7.1151362106402772971420703301155238e-03
1.0005618958376434377372133035237994e-03	2.2136200334299149014999649810613451e+00	7.0413698258649152189660844304716799e-05	7.2667495982910433642101002242920291e-03
9.5782520674333317445769182041969623e-04	2.2430035270996251573556181485617769e+00	7.3556032817223326608916918835315692e-05	7.4271027123641239267638120434248133e-03
9.1547012806094441687674616827503982e-04	2.2730471128182934741614411408729321e+00	7.6959841884705707404019026032380002e-05	7.5969784306751568187888531273335863e-03
8.7352215133156727398876497246032657e-04	2.3037905971317233888914920169448272e+00	8.0656354936678261913394072746508315e-05	7.7772575664326170164103892300486494e-03
8.3200771329802917848502249089179263e-04	2.3352775301490129910583994200155509e+00	8.4681739093837618971803389257318520e-05	7.9689347992723546659459851689628112e-03
7.9095425841748127352218765802087686e-04	2.3675556978166465507707925242491651e+00	8.9078082552768839812819215127025046e-05	8.1731378376453598042357133222872590e-03
7.5039030781063169490647315058492617e-04	2.4006776985171312356886519314261583e+00	9.3894617059240014739313770675067482e-05	8.3911506069530961886378192401356924e-03
7.1034553555826063278312260901711785e-04	2.4347016220366548237007061125824256e+00	9.9189248788352870372108206128556699e-05	8.6244414897995281257563949418737601e-03
6.7085085342230059072863936292762584e-04	2.4696918536356828344904877976875955e+00	1.0503049064192010431289348856385853e-04	8.8746979559763685374648677095907709e-03
6.3193850527335871845642764098208840e-04	2.5057200320966228502492418780007492e+00	1.1149992197603471675281676458052442e-04	9.1438693416635039592677932347487621e-03
5.9364217275956705607343084054242461e-04	2.5428661987401344544860971673694713e+00	1.1869534838909127697480894030166866e-04	9.4342201153725250808862252351532840e-03
5.5599709406697776627779264267038369e-04	2.5812201852444649043993484314437815e+00	1.2673490090374435553230477836214717e-04	9.7483967695143875243424903355910623e-03
5.1904019801803953839932112708355178e-04	2.6208833027474132131901086411318908e+00	1.3576241065621883883389420587101146e-04	1.0089512601473214974247444323220445e-02
4.8281025625733623772939146456707687e-04	2.6619704147309178406228986905163430e+00	1.4595453775220001142330240908844781e-04	1.0461256249070832272237824421416536e-02
4.4734805691755810541305684250417623e-04	2.7046125039157467868471362781354174e+00	1.5753034635609739984480556089239307e-04	1.0868032157587976598467607498284917e-02
4.1269660399209464010311661880445206e-04	2.7489598823437383136140916620682129e+00	1.7076434330395657107413030852897089e-04	1.1315144549143203662324690792439756e-02
3.7890134773218428725058753911198492e-04	2.7951862493936494760213381155782374e+00	1.8600450287847078978452597675502858e-04	1.1809041534102239530487265757961322e-02
3.4601045283453665767017111692657417e-04	2.8434938831124387748004811117754744e+00	2.0369760254961954723382382252494773e-04	1.2357643722470604833496738398124660e-02
3.1407511313330953454099051866551057e-04	2.8941203694646682591304883854542351e+00	2.2442549812837993897357609868357227e-04	1.2970793697880542634808759332557511e-02
2.8314992417192643461951635134885422e-04	2.9473474540627846104380220687660125e+00	2.4895814145587225655940049835357554e-04	1.3660881832802708450096190160923356e-02
2.5329332873022828575461803144355301e-04	3.0035128789276608752658467712784555e+00	2.7833287871373518937737647480104676e-04	1.4443735172666791687879898076503361e-02
2.2456815562629030716984176570352108e-04	3.0630265074942282373629524527093784e+00	3.1397619572973858056856086345772693e-04	1.5339908725659873409469947014169344e-02
1.9704227970751069255830885334842816e-04	3.1263927603352836880233707334032784e+00	3.5789628410692545993350638482645560e-04	1.6376610062392565528224386184505069e-02
1.7078944222179535805952327530204801e-04	3.1942425977839399676135198551808435e+00	4.1299825825867841176546696439566009e-04	1.7590653672648980878232696903355150e-02
1.4589028798107521517892896842642637e-04	3.2673804136031675732591433150059432e+00	4.8362118548181619782642866570392637e-04	1.9033154192752989042185838975538472e-02
1.2243370290574857086637271081957235e-04	3.3468551046405122744233793500891008e+00	5.7649723070476739840578306661017571e-04	2.0777289069356030939033024713238471e-02
1.0051858010050739734630095309440766e-04	3.4340721174568394965055569410377177e+00	7.0256454027550946410673804528490281e-04	2.2931773260422689116231387840064016e-02
8.0256219084724735857405301636698554e-05	3.5309787782238077805284543033804160e+00	8.8063994179312800223999361584126416e-04	2.5665667386753861875709900950099532e-02
6.1773701447245379024360035248420509e-05	3.6403896708653462378422250235876276e+00	1.1455373309658894539612965382936265e-03	2.9257536821701026398776359281543854e-02
4.5218855123119905007945518763417742e-05	3.7666032071862743987874239150000888e+00	1.5681686779752886711944704481116329e-03	3.4202549329315238013505486154637918e-02
3.0767987082150428537236977491797656e-05	3.9166950197069278875246152145831949e+00	2.3136543606480772771668812657864476e-03	4.1477559881832222754754701413058107e-02
1.8638895498781996517805306639940424e-05	4.1036493659333125597770753162154170e+00	3.8524014719593827130015694933615565e-03	5.3329306198373827447690460636073383e-02
9.1151511729790983111610357687567203e-06	4.3558203147992314550099796569123261e+00	8.0900717957575824019140866170901851e-03	7.6421403653728285701859871618710850e-02
2.5831949918126837720998208649003883e-06	4.7600099851126334593576002938401806e+00	3.8026566714411549591152965276454547e-02	1.4588827249626805504902234281724771e-01
0.0000000000000000000000000000000000e+00	0.0000000000000000000000000000000000e+00	2.3810964658044021034769967889941173e-05	3.9326725324217144005057305960511734e-03