1.3499574131301549302507843772013660e-03	-3.2830862017815839850451617365238026e+00	7.0559608448095811909506404085772727e-02	2.0103870296610530919739107550044279e-01
4.3282162746279945248617514945646766e-03	-2.7168870011346204822400922755904179e+00	1.6744017471986852618498945481787818e-02	1.1028906296580388515247085140923172e-01
8.1233242689825907206947698840159985e-03	-2.3461892317264409312992664159514627e+00	8.7055002248995683818453993500609808e-03	8.0308254382004771592367687341772437e-02
1.2390522850956133249517389986050831e-02	-2.0595767740106419543405864741081250e+00	5.6633778731896562059599699400959447e-03	6.4970137396773304178243295554532304e-02
1.6892795275142216407691849187088831e-02	-1.8203516128692123032137769259522883e+00	4.1398963399399163995421044598351917e-03	5.5620504590813650231119593651083664e-02
2.1456496421037483706011031410146828e-02	-1.6115654544799682642715159048368746e+00	3.2535900910375650256186687691004892e-03	4.9341324553039283683654630119664626e-02
2.5947869704927983178399187995557123e-02	-1.4238933796049458951192379405498001e+00	2.6876457598357806316845911091163993e-03	4.4862240682144287909817911590777456e-02
3.0260721338253229819550733259899910e-02	-1.2516040535255186778409422970717219e+00	2.3031037572482774813602701039652910e-03	4.1538796257314452481606473717999936e-02
3.4309200841928627808247913888800534e-02	-1.0908884593375073574869956776688269e+00	2.0304690997938131676022196227669828e-03	3.9008740077412850789186217884506044e-02
3.8023236143045432524541653750316896e-02	-9.3905959371554264850014808996584395e-01	1.8315987973610538932335980437597362e-03	3.7053050844027180221912680050653864e-02
4.1345487485557721346806065375926760e-02	-7.9412775351874561712738607091596645e-01	1.6840752773392555390925292007311436e-03	3.5532099112771895342931278593951851e-02
4.4229236628925709653847656588754787e-02	-6.5455670925983276229450737731186559e-01	1.5740411938979210639875962278135443e-03	3.4353441051009426501023815343850351e-02
4.6636887381456960723836337308280779e-02	-5.1911447767378932566588462683260510e-01	1.4926235096776437952879832600525362e-03	3.3454375459025536766008490931878287e-02
4.8538886856263001349159091167709399e-02	-3.8677675061511088591104659121200838e-01	1.4340294880278564342170124542539471e-03	3.2791979325972465657304148726339841e-02
4.9912950473005575873805383775075129e-02	-2.5666099812755200156015316014742012e-01	1.3944840866358281205803793857999131e-03	3.2337203337585074579284196532530688e-02
5.0743517030637447942781464490995131e-02	-1.2797893641259643400275839348895198e-01	1.3716213144454428425198163839391539e-03	3.2071317978121122255343478071265412e-02
5.1021387224243472479993872119230041e-02	0.0000000000000000000000000000000000e+00	1.3641389957606701611028652598697430e-03	3.1983818318644699085976482507469462e-02
5.0743517030637447942781464490995131e-02	1.2797893641259643400275839348895198e-01	1.3716213144454428425198163839391539e-03	3.2071317978121122255343478071265412e-02
4.9912950473005575873805383775075129e-02	2.5666099812755200156015316014742012e-01	1.3944840866358281205803793857999131e-03	3.2337203337585074579284196532530688e-02
4.8538886856263001349159091167709399e-02	3.8677675061511088591104659121200838e-01	1.4340294880278564342170124542539471e-03	3.2791979325972465657304148726339841e-02
4.6636887381456960723836337308280779e-02	5.1911447767378932566588462683260510e-01	1.4926235096776437952879832600525362e-03	3.3454375459025536766008490931878287e-02
4.4229236628925709653847656588754787e-02	6.5455670925983276229450737731186559e-01	1.5740411938979210639875962278135443e-03	3.4353441051009426501023815343850351e-02
4.1345487485557721346806065375926760e-02	7.9412775351874561712738607091596645e-01	1.6840752773392555390925292007311436e-03	3.5532099112771895342931278593951851e-02
3.8023236143045432524541653750316896e-02	9.3905959371554264850014808996584395e-01	1.8315987973610538932335980437597362e-03	3.7053050844027180221912680050653864e-02
3.4309200841928627808247913888800534e-02	1.0908884593375073574869956776688269e+00	2.0304690997938131676022196227669828e-03	3.9008740077412850789186217884506044e-02
3.0260721338253229819550733259899910e-02	1.2516040535255186778409422970717219e+00	2.3031037572482774813602701039652910e-03	4.1538796257314452481606473717999936e-02
2.5947869704927983178399187995557123e-02	1.4238933796049458951192379405498001e+00	2.6876457598357806316845911091163993e-03	4.4862240682144287909817911590777456e-02
2.1456496421037483706011031410146828e-02	1.6115654544799682642715159048368746e+00	3.2535900910375650256186687691004892e-03	4.9341324553039283683654630119664626e-02
1.6892795275142216407691849187088831e-02	1.8203516128692123032137769259522883e+00	4.1398963399399163995421044598351917e-03	5.5620504590813650231119593651083664e-02
1.2390522850956133249517389986050831e-02	2.0595767740106419543405864741081250e+00	5.6633778731896562059599699400959447e-03	6.4970137396773304178243295554532304e-02
8.1233242689825907206947698840159985e-03	2.3461892317264409312992664159514627e+00	8.7055002248995683818453993500609808e-03	8.0308254382004771592367687341772437e-02
4.3282162746279945248617514945646766e-03	2.7168870011346204822400922755904179e+00	1.6744017471986852618498945481787818e-02	1.1028906296580388515247085140923172e-01
1.3499574131301549302507843772013660e-03	3.2830862017815839850451617365238026e+00	7.0559608448095811909506404085772727e-02	2.0103870296610530919739107550044279e-01
0.0000000000000000000000000000000000e+00	0.0000000000000000000000000000000000e+00	2.3591346476076738356215787058273147e-03	3.9141036138486093556333481526584637e-02