2.2885163159351841630622951368023983e-06	-4.7844300497674124811928345191632431e+00	3.7688517646438565035788511970793783e-02	1.4521930585519577898084013982020400e-01
8.0831671779819165241514590778131279e-06	-4.3821620795625423359988487706962922e+00	8.0090970623421034803557464512982733e-03	7.6035499746978983514569964045199005e-02
1.6541955518929401189576625229157830e-05	-4.1313085971666864626913594513757570e+00	3.8106867998301675853920860226691167e-03	5.3038864071090174464118708108404208e-02
2.7325419691183059406318505377156949e-05	-3.9454020293018321814190283363178556e+00	2.2869927703134877821660479188833267e-03	4.1237418287199357389980451630488745e-02
4.0184293346437870242510588574299063e-05	-3.7962008871254445030578769273351577e+00	1.5491297827042610894982480780454326e-03	3.3994018411404467729543931559321094e-02
5.4927077281315075646326801438251107e-05	-3.6707737562122935278120678937459316e+00	1.1309849453227386025707391475772587e-03	2.9070928159760979044056886224971078e-02
7.1398719841190763420567349840132774e-05	-3.5620744248945533719059703447121456e+00	8.6899285456460814243688212614123569e-04	2.5495255518030012128665925947336554e-02
8.9469188861332192585590235047768502e-05	-3.4658226977593892283410048066058442e+00	6.9292783916733852323868600579114568e-04	2.2773868224250999714031327554087991e-02
1.0902667953282823748742811748578425e-04	-3.3792161248360576780005821823636462e+00	5.6832127475185890434993271918083463e-04	2.0629360926343483545730933610722050e-02
1.2997325359556483131156473910370455e-04	-3.3003159068124837622352937182696593e+00	4.7654713095981911111956915625461210e-04	1.8893385787335150517622001619106476e-02
1.5222187385009877323448407735590368e-04	-3.2277228398561042259321823201023677e+00	4.0678044302878149767229997244122880e-04	1.7457691616971944257281701661885063e-02
1.7569429634036785751285032299827444e-04	-3.1603927482028136706764031829439637e+00	3.5236002308880005382017528905892967e-04	1.6249416616042487081186543845510146e-02
2.0031951871592672206607046314197771e-04	-3.0975249036305502121424228398594879e+00	3.0899335379903041456147195005276737e-04	1.5217668948101112854935512419777930e-02
2.2603260504437325400529127699463263e-04	-3.0384912545280836402750383957887170e+00	2.7380699854064830983775216313766563e-04	1.4325796185577918673624675637603939e-02
2.5277377450859189390540393827909058e-04	-2.9827897312659208620001787385440760e+00	2.4481500080942583504642261740210490e-04	1.3546711654306437608043875382761051e-02
2.8048768056292098610429384477964637e-04	-2.9300124005830730670731631569283222e+00	2.2060689870710774667018274705464195e-04	1.2859952494495539152504536375238316e-02
3.0912283099283864365621147564141711e-04	-2.8798231268192112923201392226203959e+00	2.0015715907632761712521626382623972e-04	1.2249763212197483850320007627384484e-02
3.3863111444982943691687325414509400e-04	-2.8319415171747369292288023229103001e+00	1.8270471268427830169940120957031844e-04	1.1703809898623053959746720461886467e-02
3.6896740893830215747170044224798050e-04	-2.7861311369394635411792038974905777e+00	1.6767449991106817389642134571146407e-04	1.1212295165186421005152057954438097e-02
4.0008925440343561460456057235174592e-04	-2.7421906969355103619631940860712339e+00	1.5462502377227098728221824058456439e-04	1.0767335035517940155432199437745466e-02
4.3195657617535925468098070760869442e-04	-2.6999473542639419770067280674793154e+00	1.4321246950384866962010391496509189e-04	1.0362511428663462394607396279014027e-02
4.6453144927548538388615469780688107e-04	-2.6592515442748453034068971644153109e+00	1.3316564739759739417289730408820356e-04	9.9925449876820336206577027237884772e-03
4.9777789592904920811115213820417488e-04	-2.6199729408873058571907100420613499e+00	1.2426816820214231508370815203144234e-04	9.6530520445025155833107783244079084e-03
5.3166171033925412341083117722953525e-04	-2.5819972611045658557866237669120229e+00	1.1634555070825549311222955018131922e-04	9.3403614664541366900649717823879254e-03
5.6615030605053602259012038801311234e-04	-2.5452237098638962945348199461512275e+00	1.0925575502021074052612925671943860e-04	9.0513748157882781060415241178415012e-03
6.0121258218745160627319176138139747e-04	-2.5095629166926569732419879807459576e+00	1.0288213510038868182962035303399265e-04	8.7834583010111097756312293758473439e-03
6.3681880558791974993897610746290681e-04	-2.4749352544252022575827124089995658e+00	9.7128125982696055846189063070044626e-05	8.5343583781053377655382312099127440e-03
6.7294050641517458838795779150060376e-04	-2.4412694578434213022553567773547053e+00	9.1913192198882908182201206302385037e-05	8.3021351621587502918791706551321501e-03
7.0955038527441749980757996478563289e-04	-2.4085014800374784858694090321294527e+00	8.7169704986935278098718415331139829e-05	8.0851094040738229870666441694354144e-03
7.4662223020837057142736469088620830e-04	-2.3765735388648693404987098015009143e+00	8.2840511590357649571539065549439979e-05	7.8818199072013129961959313453954820e-03
7.8413084222299603323797122068870469e-04	-2.3454333166813419104226925787109067e+00	7.8877025938120624808638624379351981e-05	7.6909890566365599768332311783434062e-03
8.2205196821695273614222547300925368e-04	-2.3150332845990577755586835914609284e+00	7.5237716103968774996112168394327598e-05	7.5114947094585567585730457050894365e-03
8.6036224036812965335540626910451907e-04	-2.2853301286405057789410183530063338e+00	7.1886896583978305790987481440593677e-05	7.3423471142216781697998166231284061e-03
8.9903912117702653348904787193798065e-04	-2.2562842598253584001019015983652258e+00	6.8793756815880704194968800449599880e-05	7.1826698378975070814457584950153231e-03
9.3806085348683731591267825940752686e-04	-2.2278593938251085631738516514337554e+00	6.5931574305737648345092129598674116e-05	7.0316839094213970480805311177699715e-03
9.7740641489919912633639784535905960e-04	-2.2000221886159992276656739210595792e+00	6.3277073131041609299816420707236743e-05	6.8886945627690319274594012745063655e-03
1.0170554760868513490124607736606366e-03	-2.1727419307503814665667413686833280e+00	6.0809897759458133509230595495145114e-05	6.7530800943989059935913846408877103e-03
1.0569883625731447671952637277321640e-03	-2.1459902625943023013419083765842685e+00	5.8512178964736258668008025821810724e-05	6.6242824508700954713959318025225169e-03
1.0971860196059959513552796567901090e-03	-2.1197409442518008111047774619952308e+00	5.6368173771075991228436929228716374e-05	6.5017992403458959165346750158706555e-03
1.1376299798025119914817073422554064e-03	-2.0939696449941905238626117269510702e+00	5.4363965264867924837480919029994934e-05	6.3851769222412778481406672073429042e-03
1.1783023332817208465947404593544194e-03	-2.0686537598960220637805697686800213e+00	5.2487211100730820687868323872219786e-05	6.2740049766615579619009468519154697e-03
1.2191857000379203330657931838652812e-03	-2.0437722480944920347870862966864126e+00	5.0726931830282799781123438167457884e-05	6.1679108926166091073111364378589739e-03
1.2602632043371424112722027389857452e-03	-2.0193054896710907096526713293930236e+00	4.9073331967079846107611532571740665e-05	6.0665558435965035954491086153598547e-03
1.3015184509449611712459271713290532e-03	-1.9952351586305156657054324234538301e+00	4.7517648094641238364937693682456097e-05	5.9696309427031033307660092346104419e-03
1.3429355030160395687934074986646450e-03	-1.9715441098435030311286853653205299e+00	4.6052019419104912277301433372962395e-05	5.8768539884676144470628334841485369e-03
1.3844988614949744489072365041021899e-03	-1.9482162781438096643297039883741623e+00	4.4669377033007845001650910448876968e-05	5.7879666277532439226858166672512039e-03
1.4261934458946253339627079604353602e-03	-1.9252365880381540679270832790337025e+00	4.3363348844011296283804395335614982e-05	5.7027318745178282079820359851207630e-03
1.4680045763325834444458125528177305e-03	-1.9025908727118068033222688491840297e+00	4.2128177671502213469549193268241793e-05	5.6209319332909280391338090684749083e-03
1.5099179567190722354380031614946806e-03	-1.8802658011999203532321964106930350e+00	4.0958650454944148341104155290881894e-05	5.5423662844676824692516899257888090e-03
1.5519196590006353935749551139012881e-03	-1.8582488127521683115938448208019053e+00	3.9850036873667390738950609757369830e-05	5.4668499953006632672446721207774065e-03
1.5939961083736856326743468417537600e-03	-1.8365280575511008773873663831498326e+00	3.8798035966258369350056789243720252e-05	5.3942122260663971644110835840873457e-03
1.6361340693905452128114327078462788e-03	-1.8150923430570791147003463914464178e+00	3.7798729572628751177961723177678549e-05	5.3242949055205976342691766254252878e-03
1.6783206328881651324575769434021430e-03	-1.7939310853481813385634225958240687e+00	3.6848541613978264920259223788958590e-05	5.2569515536145330118725363676513350e-03
1.7205432036763984586472091723698280e-03	-1.7730342649048981227224400819377972e+00	3.5944202383652856633071112634587242e-05	5.1920462326672459376398723879091075e-03
1.7627894889286382070825853118606119e-03	-1.7523923863590525912076471828238924e+00	3.5082717151993904429558806117598033e-05	5.1294526108890842683754959050064990e-03
1.8050474872229087233104733185262465e-03	-1.7319964417860932509196263304607827e+00	3.4261338495943164206179750383964853e-05	5.0690531244234481309277241962058254e-03
1.8473054781862047569711901963741385e-03	-1.7118378771712690887532688247526476e+00	3.3477541853603167708095103605873018e-05	5.0107382259903941311032582667989528e-03
1.8895520126990756664392805932693832e-03	-1.6919085617245034517775125226343498e+00	3.2729003878503143148589617941672466e-05	4.9544057098383322230585179814481329e-03
1.9317759036212147905650691800195800e-03	-1.6722007597571079808466688793044036e+00	3.2013583230673868910669488011180049e-05	4.8999601040878745743107841195245134e-03
1.9739662170021889098284429526270402e-03	-1.6527071048667154900155954029606295e+00	3.1329303493956884500654698710476683e-05	4.8473121227253467377326470409039285e-03
2.0161122637444756826314296132267114e-03	-1.6334205762057095927223915812444607e+00	3.0674337953016118053661318949856199e-05	4.7963781705057255976424370641604333e-03
2.0582035916887077000674062186788845e-03	-1.6143344766336169698291574717837347e+00	3.0046996000705895627172881924464550e-05	4.7470798948831670480042045564030939e-03
2.1002299780934848871244552215884634e-03	-1.5954424125759338650235733526931152e+00	2.9445710977937962624833762980342258e-05	4.6993437798244381910973870028979994e-03
2.1421814224843424877620456040511029e-03	-1.5767382754311276880986611316434760e+00	2.8869029274929928799038024403711115e-05	4.6531007769952311861731415404193245e-03
2.1840481398484760989515469579778433e-03	-1.5582162243844650436475155155033513e+00	2.8315600545486771759849552996807148e-05	4.6082859703571195730990969791603813e-03
2.2258205541536511857736447044201394e-03	-1.5398706705021895471781475788090781e+00	2.7784168905406594452518721808311990e-05	4.5648382706868549947737605341523345e-03
2.2674892921713824159973166457684088e-03	-1.5216962619926791940756922483740384e+00	2.7273565002741148464614000717309682e-05	4.5227001369407042024946258472682889e-03
2.3090451775859757599373427649829735e-03	-1.5036878705327865541687257121620438e+00	2.6782698861919394476689019402168241e-05	4.4818173217437551546311389727011348e-03
2.3504792253723992593040147759318303e-03	-1.4858405785678047820980883409331888e+00	2.6310553416023168663755380576225575e-05	4.4421386385952914595981339724734261e-03
2.3917826364272004928494740561451696e-03	-1.4681496675025791057039670877112468e+00	2.5856178652091756000973532639381769e-05	4.4036157486529595196099227118727450e-03
2.4329467924378322768169272220886106e-03	-1.4506106067093438498800245426888295e+00	2.5418686303480854543477316992485863e-05	4.3662029651960456684130650331954518e-03
2.4739632509767938630644503755924721e-03	-1.4332190432850356202913895609789806e+00	2.4997245031223951404484492556445790e-05	4.3298570740764198604077633486843897e-03
2.5148237408079524500911933604340296e-03	-1.4159707924972231938193650479182578e+00	2.4591076043219436988762820536174210e-05	4.2945371686485679768951491734022303e-03
2.5555201573932877505083908420773818e-03	-1.3988618288634984202893226762408681e+00	2.4199449106045599572122301626433030e-05	4.2602044978310202634697420399543426e-03
2.5960445585891082775976463719933747e-03	-1.3818882778142719600581210793529454e+00	2.3821678909415286681941650011554480e-05	4.2268223260932893032125067830342754e-03
2.6363891605215287177965578839395916e-03	-1.3650464078934841511645564401638991e+00	2.3457121747830290329265589752687596e-05	4.1943558042876418051526277400553434e-03
2.6765463336316793171470084147872314e-03	-1.3483326234558366947662577117948798e+00	2.3105172487973893779049848012687543e-05	4.1627718503557772183563103554751451e-03
2.7165085988817460626676378809306997e-03	-1.3317434578228292305903984625153553e+00	2.2765261793866324974971086810963521e-05	4.1320390390386076265660211401321855e-03
2.7562686241135194560522654779837875e-03	-1.3152755668631934914253320756760313e+00	2.2436853584868434764459356382396897e-05	4.1021274998044092722615707817777866e-03
2.7958192205516642306205686326849110e-03	-1.2989257229662979422111130355959033e+00	2.2119442704310433029468005991462937e-05	4.0730088222880126684378111346437941e-03
2.8351533394444163849860373310791418e-03	-1.2826908093797839048693533768398317e+00	2.1812552778893496012025715375072150e-05	4.0446559686025980326909914030112004e-03
2.8742640688348709382749054786916358e-03	-1.2665678148851220193429790069068433e+00	2.1515734251104131877903164325204472e-05	4.0170431919470910325334690047480041e-03
2.9131446304564470430632918984134902e-03	-1.2505538287869735458691645038830381e+00	2.1228562568730143413572892838931061e-05	3.9901459609870012623829191170268826e-03
2.9517883767465094041066158181584128e-03	-1.2346460361942292005108945393776508e+00	2.0950636517203677673910126407626580e-05	3.9639408895355876368747574000300020e-03
2.9901887879724889470703695192408163e-03	-1.2188417135724007671077040267573653e+00	2.0681576681947798673977264980771617e-05	3.9384056711061467680622420269507182e-03
3.0283394694651837181249270606400189e-03	-1.2031382245486769492540844649928445e+00	2.0421024029191253998617465809052595e-05	3.9135190179455925603355783613249142e-03
3.0662341489542352074842068334428545e-03	-1.1875330159524419126249345066419157e+00	2.0168638594861543516822286358400434e-05	3.8892606041948439592716108205046498e-03
3.1038666740010676146396060841376521e-03	-1.1720236140754078846544138290915087e+00	1.9924098272186315846556778664739163e-05	3.8656110128533153630450873434797933e-03
3.1412310095248497693488057731361888e-03	-1.1566076211367454937346587794860349e+00	1.9687097689542531807498791563267592e-05	3.8425516862534076072428182765031998e-03
3.1783212354172930899859209539718343e-03	-1.1412827119397192233930232751981885e+00	1.9457347170904816119654588632174218e-05	3.8200648797766755714997755740279073e-03
3.2151315442423355557649064397265506e-03	-1.1260466307073610983974765746308722e+00	1.9234571771970367890521306017262640e-05	3.7981336185666084631329617746074773e-03
3.2516562390169825185638859279959180e-03	-1.1108971880856530258423716390701384e+00	1.9018510385687672485981844816494010e-05	3.7767416570139714725270787944472104e-03
3.2878897310697814941333427846378599e-03	-1.0958322583035455836216661289400714e+00	1.8808914911498760716272199054593416e-05	3.7558734408096618133310248021908768e-03
3.3238265379736009568363715712438644e-03	-1.0808497764799260807641073204374583e+00	1.8605549483127525242807580113713224e-05	3.7355140713772394997747887817876295e-03
3.3594612815495636273013786202793117e-03	-1.0659477360683682128267066282843142e+00	1.8408189750216322625806290202682309e-05	3.7156492725128906812169896156347472e-03
3.3947886859391537131788046704448967e-03	-1.0511241864311557000910111263230312e+00	1.8216622209535644205521787522675412e-05	3.6962653590747348263749308444827754e-03
3.4298035757416758865672948210442154e-03	-1.0363772305346784006446649009124490e+00	1.8030643581872205499220575238077169e-05	3.6773492075762437746612130568575726e-03
3.4645008742143922341396250120892720e-03	-1.0217050227588564531673712466338156e+00	1.7850060231043942363920396168554772e-05	3.6588882285502315308966384801995753e-03
3.4988756015328027101527522825304131e-03	-1.0071057668137604500475282701411666e+00	1.7674687621800136681930911941882516e-05	3.6408703405605151532877441472495804e-03
3.5329228731086654128983343012913326e-03	-9.9257771375706745514348902785040579e-01	1.7504349813644779996313746100698776e-05	3.6232839457480429663945218616586777e-03
3.5666378979634758934694954871354725e-03	-9.7811916010642745469420510923614411e-01	1.7338878987874465635725539279951036e-05	3.6061179068071292210375209366815870e-03
3.6000159771552402456611737585811542e-03	-9.6372844604121580710063626139632207e-01	1.7178115005351364594275779120481900e-05	3.5893615252955069338561284914605409e-03
3.6330525022564854272805204042194828e-03	-9.4940395368851736716779351434409623e-01	1.7021904992739658935300602178119987e-05	3.5730045211892869365083962437880732e-03
3.6657429538815525960941590795185926e-03	-9.3514410548852985257475220897359988e-01	1.6870102955122373234407773717165504e-05	3.5570370136006573683539544360150732e-03
3.6980829002613156416160698944432150e-03	-9.2094736263489009369442400134141577e-01	1.6722569413086810666149984264038529e-05	3.5414495025823333084316961981009037e-03
3.7300679958635579571900902256364208e-03	-9.0681222358571923638520449761584825e-01	1.6579171062522502541213977449316696e-05	3.5262328519484242163399409546624840e-03
3.7616939800573261951524226763068563e-03	-8.9273722264145372309117917975505988e-01	1.6439780455517266193606756959405843e-05	3.5113782730465751709106732559692946e-03
3.7929566758196606232230148235251851e-03	-8.7872092858577975113820884931365501e-01	1.6304275700866017014158681945066165e-05	3.4968773094209995708272364892904955e-03
3.8238519884831780691050438772617700e-03	-8.6476194338622152588707179721207508e-01	1.6172540182824629540206840227083859e-05	3.4827218223103947061373494402421771e-03
3.8543759045230555956123309714932122e-03	-8.5085890095114947078809289359440525e-01	1.6044462296848492710623629699639388e-05	3.4689039769287523051885145668894176e-03
3.8845244903820312620772172243386313e-03	-8.3701046594017497424599705828778221e-01	1.5919935201153442879143849538147470e-05	3.4554162294807752673528956115336496e-03
3.9142938913321028511916448784618287e-03	-8.2321533262508447284744785533067634e-01	1.5798856583026369536248814581197424e-05	3.4422513148670177091066527964333897e-03
3.9436803303716665075679165017064376e-03	-8.0947222379863881222505292356326602e-01	1.5681128438894766383175921756812783e-05	3.4294022350370038441584020080943284e-03
3.9726801071568950622842975540790314e-03	-7.9577988972872491328896339276451661e-01	1.5566656867239556875296183030616685e-05	3.4168622479514753009134317026602284e-03
4.0012895969662106082874614083591162e-03	-7.8213710715549673705352963497316086e-01	1.5455351873504298941176179193806825e-05	3.4046248571175872685724042661522216e-03
4.0295052496967578324238510969212784e-03	-7.6854267832928224009759499587173464e-01	1.5347127186216944374525300197662203e-05	3.3926838016633404002798652579420169e-03
4.0573235888918338757175273614952465e-03	-7.5499543008716322654962381263734584e-01	1.5241900083598213170538471559755940e-05	3.3810330469198149598433762987305217e-03
4.0847412107982772469523191836008259e-03	-7.4149421296625644728177172501128043e-01	1.5139591229983809453485356569857129e-05	3.3696667754818819562939252940349425e-03
4.1117547834528627072214914081318769e-03	-7.2803790035183762884771516767393564e-01	1.5040124521436575508973643246811263e-05	3.3585793787200172126049727066662312e-03
4.1383610457967912162159454766768931e-03	-7.1462538765855593538857781392035649e-01	1.4943426939969634773316651214929112e-05	3.3477654487176514140015883727930449e-03
4.1645568068174041165111349298947232e-03	-7.0125559154308522861156021709201221e-01	1.4849428415842957791055986289499025e-05	3.3372197706101639653411987616173629e-03
4.1903389447162888531145104796501899e-03	-6.8792744914665090136676612308687981e-01	1.4758061697433908640010030527365310e-05	3.3269373153031816925637026666312091e-03
4.2157044061029797970845108257173455e-03	-6.7463991736595748565420626776988577e-01	1.4669262228217475189913580949752495e-05	3.3169132325492848370456124886571929e-03
4.2406502052134922716665392552853772e-03	-6.6139197215112310503733759808034298e-01	1.4582968030424310397325843790356455e-05	3.3071428443635613421244950135416086e-03
4.2651734231529607677012399801580801e-03	-6.4818260782930254924843877991197293e-01	1.4499119594974645456797390261461864e-05	3.2976216387596942694824831530481555e-03
4.2892712071616836761942997006495716e-03	-6.3501083645275165890309553663873320e-01	1.4417659777313789442919535977761633e-05	3.2883452637894237573548592787392017e-03
4.3129407699039067480673411360448068e-03	-6.2187568717015215586559920849519335e-01	1.4338533698800495242519310452068575e-05	3.2793095218693010528961501830361593e-03
4.3361793887787059968610663997853234e-03	-6.0877620562007834903400108348676309e-01	1.4261688653323121882882763845649004e-05	3.2705103643796540493651641175561441e-03
4.3589844052523579670068890831771157e-03	-5.9571145334554557139740939587258652e-01	1.4187074018840416943723051909951777e-05	3.2619438865216171419423332863337292e-03
4.3813532242116112709057752621138428e-03	-5.8268050722863502555976326258161697e-01	1.4114641173564023595563836476852259e-05	3.2536063224189483138759780248331537e-03
4.4032833133372981206846088326911275e-03	-5.6968245894424117489026381873389926e-01	1.4044343416518616162674905645453548e-05	3.2454940404521679735595851588308901e-03
4.4247722024977483092310171679279516e-03	-5.5671641443203614103749887250730801e-01	1.3976135892233005645369779074946212e-05	3.2376035388133115848490548475186249e-03
4.4458174831614907901721700794041765e-03	-5.4378149338579096384464024729861534e-01	1.3909975519331741586701093262489228e-05	3.2299314412702956100233422495519819e-03
4.4664168078287497245067639531679366e-03	-5.3087682875923623933698756411074003e-01	1.3845820922811768802968127026713509e-05	3.2224744931305574325919441915297153e-03
4.4865678894812626559230227410779754e-03	-5.1800156628768475377818834634018583e-01	1.3783632369802668011811644910318977e-05	3.2152295573942481625878812689987559e-03
4.5062685010499683976227344782726532e-03	-5.0515486402467644205296778519765351e-01	1.3723371708622001705161741514993242e-05	3.2081936110878356947429948940023689e-03
4.5255164749001313079991040429502898e-03	-4.9233589189294147000568505687645434e-01	1.3665002310949377088093706635766841e-05	3.2013637417695169861598722038329937e-03
4.5443097023334869453500801020092925e-03	-4.7954383124901061489760464648564467e-01	1.3608489016954096489675921785080993e-05	3.1947371441983459138382260206007719e-03
4.5626461331070116649839430407875681e-03	-4.6677787446083352764058080508868885e-01	1.3553798083221756473151813644883502e-05	3.1883111171594587251742658353866421e-03
4.5805237749679355952631415830407566e-03	-4.5403722449779502726124526957740135e-01	1.3500897133334938756771905412092738e-05	3.1820830604382252779491312778966153e-03
4.5979406932046346398022874865927553e-03	-4.4132109453254741575593674311832210e-01	1.3449755110972263007796211615334383e-05	3.1760504719365730781953880963205649e-03
4.6148950102130527365924831349176312e-03	-4.2862870755410301565376880583883633e-01	1.3400342235398593204031037104499009e-05	3.1702109449251245033715223011238780e-03
4.6313849050783205947463760117621342e-03	-4.1595929599165582129712860354502482e-01	1.3352629959227151181941892379355591e-05	3.1645621654251573373514205866997272e-03
4.6474086131712515575257758965961914e-03	-4.0331210134862440926026847247458040e-01	1.3306590928341735171960775588963238e-05	3.1591019097147465020274498914849330e-03
4.6629644257594091363223208539433739e-03	-3.9068637384643015825542959465022986e-01	1.3262198943874206196024890265476131e-05	3.1538280419537721843830412427411675e-03
4.6780506896324541527333492649144181e-03	-3.7808137207754546320317102915284371e-01	1.3219428926138926767722268339220741e-05	3.1487385119227878517295537809684337e-03
4.6926658067414923417592410636048935e-03	-3.6549636266736606526478267005156686e-01	1.3178256880431947215365789140140870e-05	3.1438313528710322421175177009953761e-03
4.7068082338521557340170479577521471e-03	-3.5293061994447992785592824629241750e-01	1.3138659864608465431527295804031318e-05	3.1391046794691435375169389406900717e-03
4.7204764822111631730016022823171947e-03	-3.4038342561892233156257403169307421e-01	1.3100615958357463910283020771299481e-05	3.1345566858623927128043443130353170e-03
4.7336691172261169579071500191044534e-03	-3.2785406846802309765232970547720868e-01	1.3064104234097479417500007663824672e-05	3.1301856438204975623262203007983244e-03
4.7463847581583038552994992867196086e-03	-3.1534184402946713562250024830549240e-01	1.3029104729422209462710561458066151e-05	3.1259899009803101225538229872774424e-03
4.7586220778282796148949281438890391e-03	-3.0284605430120389625555424618001465e-01	1.2995598421029128041541189969247965e-05	3.1219678791778890510356297831305097e-03
4.7703798023340266757646000449135656e-03	-2.9036600744785484572778924765915284e-01	1.2963567200068491408554206043970181e-05	3.1181180728666758430577921893773397e-03
4.7816567107814849784255577169454258e-03	-2.7790101751328080290076874635917141e-01	1.2932993848854081947083146760273354e-05	3.1144390476186903653230643717560827e-03
4.7924516350272657236216806677652728e-03	-2.6545040413898294239949032508388758e-01	1.2903862018880782187734115035233646e-05	3.1109294387058478049333752395144287e-03
4.8027634594333675574534560464441356e-03	-2.5301349228802249894955565999853379e-01	1.2876156210097608104819256046952388e-05	3.1075879497586764677966484777444717e-03
4.8125911206337240314432056645202757e-03	-2.4058961197415474951912006404619080e-01	1.2849861751388176260586713983853821e-05	3.1044133514998845643473662693309772e-03
4.8219336073124203009776815418500617e-03	-2.2817809799588273238088109641264736e-01	1.2824964782213747393609094866689953e-05	3.1014044805503848021077089029642543e-03
4.8307899599934259015509009476430360e-03	-2.1577828967514541720294599569925354e-01	1.2801452235376992923497804362911742e-05	3.0985602383055388362191151370419317e-03
4.8391592708416990939224755007177482e-03	-2.0338953060036369640571160993558877e-01	1.2779311820867482954099365595903312e-05	3.0958795898795299479513911882223130e-03
4.8470406834755267107257807229995722e-03	-1.9101116837357565191142178684763946e-01	1.2758532010752606282314811031707467e-05	3.0933615631159122326890000147152206e-03
4.8544333927899716816907202443814419e-03	-1.7864255436140008772882410216200287e-01	1.2739102025080215505012644831720977e-05	3.0910052476625185589887622124135452e-03
4.8613366447913084754792004976244276e-03	-1.6628304344957433037327003628242691e-01	1.2721011818761753735347513601266976e-05	3.0888097941090380580577405301410273e-03
4.8677497364423345857022129319654917e-03	-1.5393199380081880699271785471052060e-01	1.2704252069406973251615531225923220e-05	3.0867744131856973427971827164881974e-03
4.8736720155184539191069579341623893e-03	-1.4158876661578693467095972716778669e-01	1.2688814166083609606467247554380100e-05	3.0848983750215984392038515387053327e-03
4.8791028804744355269113762837812554e-03	-1.2925272589686441156441795571219840e-01	1.2674690198977535812391379317819635e-05	3.0831810084613809216003331700678534e-03
4.8840417803217585671826751911428637e-03	-1.1692323821458710766507700580925589e-01	1.2661872949930998218712226306779487e-05	3.0816217004389863392780608595499481e-03
4.8884882145164617080367027413007585e-03	-1.0459967247645142502187901333667287e-01	1.2650355883838536214532169231011449e-05	3.0802198954074100510032094154202157e-03
4.8924417328574223890053271393156524e-03	-9.2281399697895247798888037720241631e-02	1.2640133140882119161121020727651179e-05	3.0789750948234293753148036437107902e-03
4.8959019353949984616337954275742542e-03	-7.9967792775231443912518454977480877e-02	1.2631199529588902865682546264481895e-05	3.0778868566863978345483401741095782e-03
4.8988684723499717404355941944590133e-03	-6.7658226260319323245923379433667567e-02	1.2623550520696821040904180199615521e-05	3.0769547951302935224462104881846376e-03
4.9013410440427399217318948827573351e-03	-5.5352076136762512469351075164534350e-02	1.2617182241814990864843841069316976e-05	3.0761785800683055513139749323831515e-03
4.9033194008327101804211123540024641e-03	-4.3048719597424382035305829039908340e-02	1.2612091472867632038012576375525896e-05	3.0755579368893364173344622703510574e-03
4.9048033430678545429717044799703877e-03	-3.0747534823054464589350390694067476e-02	1.2608275642311881494663519026151086e-05	3.0750926462058902356199004602408853e-03
4.9057927210443938683669245960924449e-03	-1.8447900761821242384377399228226203e-02	1.2605732824121536849166167243774257e-05	3.0747825436529074061852912795482297e-03
4.9062874349765839566838304603084131e-03	-6.1491969095482597989992900873166459e-03	1.2604461735530386279779734629488992e-05	3.0746275197371956382839913094438059e-03
4.9062874349765839566838304603084131e-03	6.1491969095482597989992900873166459e-03	1.2604461735530386279779734629488992e-05	3.0746275197371956382839913094438059e-03
4.9057927210443938683669245960924449e-03	1.8447900761821242384377399228226203e-02	1.2605732824121536849166167243774257e-05	3.0747825436529074061852912795482297e-03
4.9048033430678545429717044799703877e-03	3.0747534823054464589350390694067476e-02	1.2608275642311881494663519026151086e-05	3.0750926462058902356199004602408853e-03
4.9033194008327101804211123540024641e-03	4.3048719597424382035305829039908340e-02	1.2612091472867632038012576375525896e-05	3.0755579368893364173344622703510574e-03
4.9013410440427399217318948827573351e-03	5.5352076136762512469351075164534350e-02	1.2617182241814990864843841069316976e-05	3.0761785800683055513139749323831515e-03
4.8988684723499717404355941944590133e-03	6.7658226260319323245923379433667567e-02	1.2623550520696821040904180199615521e-05	3.0769547951302935224462104881846376e-03
4.8959019353949984616337954275742542e-03	7.9967792775231443912518454977480877e-02	1.2631199529588902865682546264481895e-05	3.0778868566863978345483401741095782e-03
4.8924417328574223890053271393156524e-03	9.2281399697895247798888037720241631e-02	1.2640133140882119161121020727651179e-05	3.0789750948234293753148036437107902e-03
4.8884882145164617080367027413007585e-03	1.0459967247645142502187901333667287e-01	1.2650355883838536214532169231011449e-05	3.0802198954074100510032094154202157e-03
4.8840417803217585671826751911428637e-03	1.1692323821458710766507700580925589e-01	1.2661872949930998218712226306779487e-05	3.0816217004389863392780608595499481e-03
4.8791028804744355269113762837812554e-03	1.2925272589686441156441795571219840e-01	1.2674690198977535812391379317819635e-05	3.0831810084613809216003331700678534e-03
4.8736720155184539191069579341623893e-03	1.4158876661578693467095972716778669e-01	1.2688814166083609606467247554380100e-05	3.0848983750215984392038515387053327e-03
4.8677497364423345857022129319654917e-03	1.5393199380081880699271785471052060e-01	1.2704252069406973251615531225923220e-05	3.0867744131856973427971827164881974e-03
4.8613366447913084754792004976244276e-03	1.6628304344957433037327003628242691e-01	1.2721011818761753735347513601266976e-05	3.0888097941090380580577405301410273e-03
4.8544333927899716816907202443814419e-03	1.7864255436140008772882410216200287e-01	1.2739102025080215505012644831720977e-05	3.0910052476625185589887622124135452e-03
4.8470406834755267107257807229995722e-03	1.9101116837357565191142178684763946e-01	1.2758532010752606282314811031707467e-05	3.0933615631159122326890000147152206e-03
4.8391592708416990939224755007177482e-03	2.0338953060036369640571160993558877e-01	1.2779311820867482954099365595903312e-05	3.0958795898795299479513911882223130e-03
4.8307899599934259015509009476430360e-03	2.1577828967514541720294599569925354e-01	1.2801452235376992923497804362911742e-05	3.0985602383055388362191151370419317e-03
4.8219336073124203009776815418500617e-03	2.2817809799588273238088109641264736e-01	1.2824964782213747393609094866689953e-05	3.1014044805503848021077089029642543e-03
4.8125911206337240314432056645202757e-03	2.4058961197415474951912006404619080e-01	1.2849861751388176260586713983853821e-05	3.1044133514998845643473662693309772e-03
4.8027634594333675574534560464441356e-03	2.5301349228802249894955565999853379e-01	1.2876156210097608104819256046952388e-05	3.1075879497586764677966484777444717e-03
4.7924516350272657236216806677652728e-03	2.6545040413898294239949032508388758e-01	1.2903862018880782187734115035233646e-05	3.1109294387058478049333752395144287e-03
4.7816567107814849784255577169454258e-03	2.7790101751328080290076874635917141e-01	1.2932993848854081947083146760273354e-05	3.1144390476186903653230643717560827e-03
4.7703798023340266757646000449135656e-03	2.9036600744785484572778924765915284e-01	1.2963567200068491408554206043970181e-05	3.1181180728666758430577921893773397e-03
4.7586220778282796148949281438890391e-03	3.0284605430120389625555424618001465e-01	1.2995598421029128041541189969247965e-05	3.1219678791778890510356297831305097e-03
4.7463847581583038552994992867196086e-03	3.1534184402946713562250024830549240e-01	1.3029104729422209462710561458066151e-05	3.1259899009803101225538229872774424e-03
4.7336691172261169579071500191044534e-03	3.2785406846802309765232970547720868e-01	1.3064104234097479417500007663824672e-05	3.1301856438204975623262203007983244e-03
4.7204764822111631730016022823171947e-03	3.4038342561892233156257403169307421e-01	1.3100615958357463910283020771299481e-05	3.1345566858623927128043443130353170e-03
4.7068082338521557340170479577521471e-03	3.5293061994447992785592824629241750e-01	1.3138659864608465431527295804031318e-05	3.1391046794691435375169389406900717e-03
4.6926658067414923417592410636048935e-03	3.6549636266736606526478267005156686e-01	1.3178256880431947215365789140140870e-05	3.1438313528710322421175177009953761e-03
4.6780506896324541527333492649144181e-03	3.7808137207754546320317102915284371e-01	1.3219428926138926767722268339220741e-05	3.1487385119227878517295537809684337e-03
4.6629644257594091363223208539433739e-03	3.9068637384643015825542959465022986e-01	1.3262198943874206196024890265476131e-05	3.1538280419537721843830412427411675e-03
4.6474086131712515575257758965961914e-03	4.0331210134862440926026847247458040e-01	1.3306590928341735171960775588963238e-05	3.1591019097147465020274498914849330e-03
4.6313849050783205947463760117621342e-03	4.1595929599165582129712860354502482e-01	1.3352629959227151181941892379355591e-05	3.1645621654251573373514205866997272e-03
4.6148950102130527365924831349176312e-03	4.2862870755410301565376880583883633e-01	1.3400342235398593204031037104499009e-05	3.1702109449251245033715223011238780e-03
4.5979406932046346398022874865927553e-03	4.4132109453254741575593674311832210e-01	1.3449755110972263007796211615334383e-05	3.1760504719365730781953880963205649e-03
4.5805237749679355952631415830407566e-03	4.5403722449779502726124526957740135e-01	1.3500897133334938756771905412092738e-05	3.1820830604382252779491312778966153e-03
4.5626461331070116649839430407875681e-03	4.6677787446083352764058080508868885e-01	1.3553798083221756473151813644883502e-05	3.1883111171594587251742658353866421e-03
4.5443097023334869453500801020092925e-03	4.7954383124901061489760464648564467e-01	1.3608489016954096489675921785080993e-05	3.1947371441983459138382260206007719e-03
4.5255164749001313079991040429502898e-03	4.9233589189294147000568505687645434e-01	1.3665002310949377088093706635766841e-05	3.2013637417695169861598722038329937e-03
4.5062685010499683976227344782726532e-03	5.0515486402467644205296778519765351e-01	1.3723371708622001705161741514993242e-05	3.2081936110878356947429948940023689e-03
4.4865678894812626559230227410779754e-03	5.1800156628768475377818834634018583e-01	1.3783632369802668011811644910318977e-05	3.2152295573942481625878812689987559e-03
4.4664168078287497245067639531679366e-03	5.3087682875923623933698756411074003e-01	1.3845820922811768802968127026713509e-05	3.2224744931305574325919441915297153e-03
4.4458174831614907901721700794041765e-03	5.4378149338579096384464024729861534e-01	1.3909975519331741586701093262489228e-05	3.2299314412702956100233422495519819e-03
4.4247722024977483092310171679279516e-03	5.5671641443203614103749887250730801e-01	1.3976135892233005645369779074946212e-05	3.2376035388133115848490548475186249e-03
4.4032833133372981206846088326911275e-03	5.6968245894424117489026381873389926e-01	1.4044343416518616162674905645453548e-05	3.2454940404521679735595851588308901e-03
4.3813532242116112709057752621138428e-03	5.8268050722863502555976326258161697e-01	1.4114641173564023595563836476852259e-05	3.2536063224189483138759780248331537e-03
4.3589844052523579670068890831771157e-03	5.9571145334554557139740939587258652e-01	1.4187074018840416943723051909951777e-05	3.2619438865216171419423332863337292e-03
4.3361793887787059968610663997853234e-03	6.0877620562007834903400108348676309e-01	1.4261688653323121882882763845649004e-05	3.2705103643796540493651641175561441e-03
4.3129407699039067480673411360448068e-03	6.2187568717015215586559920849519335e-01	1.4338533698800495242519310452068575e-05	3.2793095218693010528961501830361593e-03
4.2892712071616836761942997006495716e-03	6.3501083645275165890309553663873320e-01	1.4417659777313789442919535977761633e-05	3.2883452637894237573548592787392017e-03
4.2651734231529607677012399801580801e-03	6.4818260782930254924843877991197293e-01	1.4499119594974645456797390261461864e-05	3.2976216387596942694824831530481555e-03
4.2406502052134922716665392552853772e-03	6.6139197215112310503733759808034298e-01	1.4582968030424310397325843790356455e-05	3.3071428443635613421244950135416086e-03
4.2157044061029797970845108257173455e-03	6.7463991736595748565420626776988577e-01	1.4669262228217475189913580949752495e-05	3.3169132325492848370456124886571929e-03
4.1903389447162888531145104796501899e-03	6.8792744914665090136676612308687981e-01	1.4758061697433908640010030527365310e-05	3.3269373153031816925637026666312091e-03
4.1645568068174041165111349298947232e-03	7.0125559154308522861156021709201221e-01	1.4849428415842957791055986289499025e-05	3.3372197706101639653411987616173629e-03
4.1383610457967912162159454766768931e-03	7.1462538765855593538857781392035649e-01	1.4943426939969634773316651214929112e-05	3.3477654487176514140015883727930449e-03
4.1117547834528627072214914081318769e-03	7.2803790035183762884771516767393564e-01	1.5040124521436575508973643246811263e-05	3.3585793787200172126049727066662312e-03
4.0847412107982772469523191836008259e-03	7.4149421296625644728177172501128043e-01	1.5139591229983809453485356569857129e-05	3.3696667754818819562939252940349425e-03
4.0573235888918338757175273614952465e-03	7.5499543008716322654962381263734584e-01	1.5241900083598213170538471559755940e-05	3.3810330469198149598433762987305217e-03
4.0295052496967578324238510969212784e-03	7.6854267832928224009759499587173464e-01	1.5347127186216944374525300197662203e-05	3.3926838016633404002798652579420169e-03
4.0012895969662106082874614083591162e-03	7.8213710715549673705352963497316086e-01	1.5455351873504298941176179193806825e-05	3.4046248571175872685724042661522216e-03
3.9726801071568950622842975540790314e-03	7.9577988972872491328896339276451661e-01	1.5566656867239556875296183030616685e-05	3.4168622479514753009134317026602284e-03
3.9436803303716665075679165017064376e-03	8.0947222379863881222505292356326602e-01	1.5681128438894766383175921756812783e-05	3.4294022350370038441584020080943284e-03
3.9142938913321028511916448784618287e-03	8.2321533262508447284744785533067634e-01	1.5798856583026369536248814581197424e-05	3.4422513148670177091066527964333897e-03
3.8845244903820312620772172243386313e-03	8.3701046594017497424599705828778221e-01	1.5919935201153442879143849538147470e-05	3.4554162294807752673528956115336496e-03
3.8543759045230555956123309714932122e-03	8.5085890095114947078809289359440525e-01	1.6044462296848492710623629699639388e-05	3.4689039769287523051885145668894176e-03
3.8238519884831780691050438772617700e-03	8.6476194338622152588707179721207508e-01	1.6172540182824629540206840227083859e-05	3.4827218223103947061373494402421771e-03
3.7929566758196606232230148235251851e-03	8.7872092858577975113820884931365501e-01	1.6304275700866017014158681945066165e-05	3.4968773094209995708272364892904955e-03
3.7616939800573261951524226763068563e-03	8.9273722264145372309117917975505988e-01	1.6439780455517266193606756959405843e-05	3.5113782730465751709106732559692946e-03
3.7300679958635579571900902256364208e-03	9.0681222358571923638520449761584825e-01	1.6579171062522502541213977449316696e-05	3.5262328519484242163399409546624840e-03
3.6980829002613156416160698944432150e-03	9.2094736263489009369442400134141577e-01	1.6722569413086810666149984264038529e-05	3.5414495025823333084316961981009037e-03
3.6657429538815525960941590795185926e-03	9.3514410548852985257475220897359988e-01	1.6870102955122373234407773717165504e-05	3.5570370136006573683539544360150732e-03
3.6330525022564854272805204042194828e-03	9.4940395368851736716779351434409623e-01	1.7021904992739658935300602178119987e-05	3.5730045211892869365083962437880732e-03
3.6000159771552402456611737585811542e-03	9.6372844604121580710063626139632207e-01	1.7178115005351364594275779120481900e-05	3.5893615252955069338561284914605409e-03
3.5666378979634758934694954871354725e-03	9.7811916010642745469420510923614411e-01	1.7338878987874465635725539279951036e-05	3.6061179068071292210375209366815870e-03
3.5329228731086654128983343012913326e-03	9.9257771375706745514348902785040579e-01	1.7504349813644779996313746100698776e-05	3.6232839457480429663945218616586777e-03
3.4988756015328027101527522825304131e-03	1.0071057668137604500475282701411666e+00	1.7674687621800136681930911941882516e-05	3.6408703405605151532877441472495804e-03
3.4645008742143922341396250120892720e-03	1.0217050227588564531673712466338156e+00	1.7850060231043942363920396168554772e-05	3.6588882285502315308966384801995753e-03
3.4298035757416758865672948210442154e-03	1.0363772305346784006446649009124490e+00	1.8030643581872205499220575238077169e-05	3.6773492075762437746612130568575726e-03
3.3947886859391537131788046704448967e-03	1.0511241864311557000910111263230312e+00	1.8216622209535644205521787522675412e-05	3.6962653590747348263749308444827754e-03
3.3594612815495636273013786202793117e-03	1.0659477360683682128267066282843142e+00	1.8408189750216322625806290202682309e-05	3.7156492725128906812169896156347472e-03
3.3238265379736009568363715712438644e-03	1.0808497764799260807641073204374583e+00	1.8605549483127525242807580113713224e-05	3.7355140713772394997747887817876295e-03
3.2878897310697814941333427846378599e-03	1.0958322583035455836216661289400714e+00	1.8808914911498760716272199054593416e-05	3.7558734408096618133310248021908768e-03
3.2516562390169825185638859279959180e-03	1.1108971880856530258423716390701384e+00	1.9018510385687672485981844816494010e-05	3.7767416570139714725270787944472104e-03
3.2151315442423355557649064397265506e-03	1.1260466307073610983974765746308722e+00	1.9234571771970367890521306017262640e-05	3.7981336185666084631329617746074773e-03
3.1783212354172930899859209539718343e-03	1.1412827119397192233930232751981885e+00	1.9457347170904816119654588632174218e-05	3.8200648797766755714997755740279073e-03
3.1412310095248497693488057731361888e-03	1.1566076211367454937346587794860349e+00	1.9687097689542531807498791563267592e-05	3.8425516862534076072428182765031998e-03
3.1038666740010676146396060841376521e-03	1.1720236140754078846544138290915087e+00	1.9924098272186315846556778664739163e-05	3.8656110128533153630450873434797933e-03
3.0662341489542352074842068334428545e-03	1.1875330159524419126249345066419157e+00	2.0168638594861543516822286358400434e-05	3.8892606041948439592716108205046498e-03
3.0283394694651837181249270606400189e-03	1.2031382245486769492540844649928445e+00	2.0421024029191253998617465809052595e-05	3.9135190179455925603355783613249142e-03
2.9901887879724889470703695192408163e-03	1.2188417135724007671077040267573653e+00	2.0681576681947798673977264980771617e-05	3.9384056711061467680622420269507182e-03
2.9517883767465094041066158181584128e-03	1.2346460361942292005108945393776508e+00	2.0950636517203677673910126407626580e-05	3.9639408895355876368747574000300020e-03
2.9131446304564470430632918984134902e-03	1.2505538287869735458691645038830381e+00	2.1228562568730143413572892838931061e-05	3.9901459609870012623829191170268826e-03
2.8742640688348709382749054786916358e-03	1.2665678148851220193429790069068433e+00	2.1515734251104131877903164325204472e-05	4.0170431919470910325334690047480041e-03
2.8351533394444163849860373310791418e-03	1.2826908093797839048693533768398317e+00	2.1812552778893496012025715375072150e-05	4.0446559686025980326909914030112004e-03
2.7958192205516642306205686326849110e-03	1.2989257229662979422111130355959033e+00	2.2119442704310433029468005991462937e-05	4.0730088222880126684378111346437941e-03
2.7562686241135194560522654779837875e-03	1.3152755668631934914253320756760313e+00	2.2436853584868434764459356382396897e-05	4.1021274998044092722615707817777866e-03
2.7165085988817460626676378809306997e-03	1.3317434578228292305903984625153553e+00	2.2765261793866324974971086810963521e-05	4.1320390390386076265660211401321855e-03
2.6765463336316793171470084147872314e-03	1.3483326234558366947662577117948798e+00	2.3105172487973893779049848012687543e-05	4.1627718503557772183563103554751451e-03
2.6363891605215287177965578839395916e-03	1.3650464078934841511645564401638991e+00	2.3457121747830290329265589752687596e-05	4.1943558042876418051526277400553434e-03
2.5960445585891082775976463719933747e-03	1.3818882778142719600581210793529454e+00	2.3821678909415286681941650011554480e-05	4.2268223260932893032125067830342754e-03
2.5555201573932877505083908420773818e-03	1.3988618288634984202893226762408681e+00	2.4199449106045599572122301626433030e-05	4.2602044978310202634697420399543426e-03
2.5148237408079524500911933604340296e-03	1.4159707924972231938193650479182578e+00	2.4591076043219436988762820536174210e-05	4.2945371686485679768951491734022303e-03
2.4739632509767938630644503755924721e-03	1.4332190432850356202913895609789806e+00	2.4997245031223951404484492556445790e-05	4.3298570740764198604077633486843897e-03
2.4329467924378322768169272220886106e-03	1.4506106067093438498800245426888295e+00	2.5418686303480854543477316992485863e-05	4.3662029651960456684130650331954518e-03
2.3917826364272004928494740561451696e-03	1.4681496675025791057039670877112468e+00	2.5856178652091756000973532639381769e-05	4.4036157486529595196099227118727450e-03
2.3504792253723992593040147759318303e-03	1.4858405785678047820980883409331888e+00	2.6310553416023168663755380576225575e-05	4.4421386385952914595981339724734261e-03
2.3090451775859757599373427649829735e-03	1.5036878705327865541687257121620438e+00	2.6782698861919394476689019402168241e-05	4.4818173217437551546311389727011348e-03
2.2674892921713824159973166457684088e-03	1.5216962619926791940756922483740384e+00	2.7273565002741148464614000717309682e-05	4.5227001369407042024946258472682889e-03
2.2258205541536511857736447044201394e-03	1.5398706705021895471781475788090781e+00	2.7784168905406594452518721808311990e-05	4.5648382706868549947737605341523345e-03
2.1840481398484760989515469579778433e-03	1.5582162243844650436475155155033513e+00	2.8315600545486771759849552996807148e-05	4.6082859703571195730990969791603813e-03
2.1421814224843424877620456040511029e-03	1.5767382754311276880986611316434760e+00	2.8869029274929928799038024403711115e-05	4.6531007769952311861731415404193245e-03
2.1002299780934848871244552215884634e-03	1.5954424125759338650235733526931152e+00	2.9445710977937962624833762980342258e-05	4.6993437798244381910973870028979994e-03
2.0582035916887077000674062186788845e-03	1.6143344766336169698291574717837347e+00	3.0046996000705895627172881924464550e-05	4.7470798948831670480042045564030939e-03
2.0161122637444756826314296132267114e-03	1.6334205762057095927223915812444607e+00	3.0674337953016118053661318949856199e-05	4.7963781705057255976424370641604333e-03
1.9739662170021889098284429526270402e-03	1.6527071048667154900155954029606295e+00	3.1329303493956884500654698710476683e-05	4.8473121227253467377326470409039285e-03
1.9317759036212147905650691800195800e-03	1.6722007597571079808466688793044036e+00	3.2013583230673868910669488011180049e-05	4.8999601040878745743107841195245134e-03
1.8895520126990756664392805932693832e-03	1.6919085617245034517775125226343498e+00	3.2729003878503143148589617941672466e-05	4.9544057098383322230585179814481329e-03
1.8473054781862047569711901963741385e-03	1.7118378771712690887532688247526476e+00	3.3477541853603167708095103605873018e-05	5.0107382259903941311032582667989528e-03
1.8050474872229087233104733185262465e-03	1.7319964417860932509196263304607827e+00	3.4261338495943164206179750383964853e-05	5.0690531244234481309277241962058254e-03
1.7627894889286382070825853118606119e-03	1.7523923863590525912076471828238924e+00	3.5082717151993904429558806117598033e-05	5.1294526108890842683754959050064990e-03
1.7205432036763984586472091723698280e-03	1.7730342649048981227224400819377972e+00	3.5944202383652856633071112634587242e-05	5.1920462326672459376398723879091075e-03
1.6783206328881651324575769434021430e-03	1.7939310853481813385634225958240687e+00	3.6848541613978264920259223788958590e-05	5.2569515536145330118725363676513350e-03
1.6361340693905452128114327078462788e-03	1.8150923430570791147003463914464178e+00	3.7798729572628751177961723177678549e-05	5.3242949055205976342691766254252878e-03
1.5939961083736856326743468417537600e-03	1.8365280575511008773873663831498326e+00	3.8798035966258369350056789243720252e-05	5.3942122260663971644110835840873457e-03
1.5519196590006353935749551139012881e-03	1.8582488127521683115938448208019053e+00	3.9850036873667390738950609757369830e-05	5.4668499953006632672446721207774065e-03
1.5099179567190722354380031614946806e-03	1.8802658011999203532321964106930350e+00	4.0958650454944148341104155290881894e-05	5.5423662844676824692516899257888090e-03
1.4680045763325834444458125528177305e-03	1.9025908727118068033222688491840297e+00	4.2128177671502213469549193268241793e-05	5.6209319332909280391338090684749083e-03
1.4261934458946253339627079604353602e-03	1.9252365880381540679270832790337025e+00	4.3363348844011296283804395335614982e-05	5.7027318745178282079820359851207630e-03
1.3844988614949744489072365041021899e-03	1.9482162781438096643297039883741623e+00	4.4669377033007845001650910448876968e-05	5.7879666277532439226858166672512039e-03
1.3429355030160395687934074986646450e-03	1.9715441098435030311286853653205299e+00	4.6052019419104912277301433372962395e-05	5.8768539884676144470628334841485369e-03
1.3015184509449611712459271713290532e-03	1.9952351586305156657054324234538301e+00	4.7517648094641238364937693682456097e-05	5.9696309427031033307660092346104419e-03
1.2602632043371424112722027389857452e-03	2.0193054896710907096526713293930236e+00	4.9073331967079846107611532571740665e-05	6.0665558435965035954491086153598547e-03
1.2191857000379203330657931838652812e-03	2.0437722480944920347870862966864126e+00	5.0726931830282799781123438167457884e-05	6.1679108926166091073111364378589739e-03
1.1783023332817208465947404593544194e-03	2.0686537598960220637805697686800213e+00	5.2487211100730820687868323872219786e-05	6.2740049766615579619009468519154697e-03
1.1376299798025119914817073422554064e-03	2.0939696449941905238626117269510702e+00	5.4363965264867924837480919029994934e-05	6.3851769222412778481406672073429042e-03
1.0971860196059959513552796567901090e-03	2.1197409442518008111047774619952308e+00	5.6368173771075991228436929228716374e-05	6.5017992403458959165346750158706555e-03
1.0569883625731447671952637277321640e-03	2.1459902625943023013419083765842685e+00	5.8512178964736258668008025821810724e-05	6.6242824508700954713959318025225169e-03
1.0170554760868513490124607736606366e-03	2.1727419307503814665667413686833280e+00	6.0809897759458133509230595495145114e-05	6.7530800943989059935913846408877103e-03
9.7740641489919912633639784535905960e-04	2.2000221886159992276656739210595792e+00	6.3277073131041609299816420707236743e-05	6.8886945627690319274594012745063655e-03
9.3806085348683731591267825940752686e-04	2.2278593938251085631738516514337554e+00	6.5931574305737648345092129598674116e-05	7.0316839094213970480805311177699715e-03
8.9903912117702653348904787193798065e-04	2.2562842598253584001019015983652258e+00	6.8793756815880704194968800449599880e-05	7.1826698378975070814457584950153231e-03
8.6036224036812965335540626910451907e-04	2.2853301286405057789410183530063338e+00	7.1886896583978305790987481440593677e-05	7.3423471142216781697998166231284061e-03
8.2205196821695273614222547300925368e-04	2.3150332845990577755586835914609284e+00	7.5237716103968774996112168394327598e-05	7.5114947094585567585730457050894365e-03
7.8413084222299603323797122068870469e-04	2.3454333166813419104226925787109067e+00	7.8877025938120624808638624379351981e-05	7.6909890566365599768332311783434062e-03
7.4662223020837057142736469088620830e-04	2.3765735388648693404987098015009143e+00	8.2840511590357649571539065549439979e-05	7.8818199072013129961959313453954820e-03
7.0955038527441749980757996478563289e-04	2.4085014800374784858694090321294527e+00	8.7169704986935278098718415331139829e-05	8.0851094040738229870666441694354144e-03
6.7294050641517458838795779150060376e-04	2.4412694578434213022553567773547053e+00	9.1913192198882908182201206302385037e-05	8.3021351621587502918791706551321501e-03
6.3681880558791974993897610746290681e-04	2.4749352544252022575827124089995658e+00	9.7128125982696055846189063070044626e-05	8.5343583781053377655382312099127440e-03
6.0121258218745160627319176138139747e-04	2.5095629166926569732419879807459576e+00	1.0288213510038868182962035303399265e-04	8.7834583010111097756312293758473439e-03
5.6615030605053602259012038801311234e-04	2.5452237098638962945348199461512275e+00	1.0925575502021074052612925671943860e-04	9.0513748157882781060415241178415012e-03
5.3166171033925412341083117722953525e-04	2.5819972611045658557866237669120229e+00	1.1634555070825549311222955018131922e-04	9.3403614664541366900649717823879254e-03
4.9777789592904920811115213820417488e-04	2.6199729408873058571907100420613499e+00	1.2426816820214231508370815203144234e-04	9.6530520445025155833107783244079084e-03
4.6453144927548538388615469780688107e-04	2.6592515442748453034068971644153109e+00	1.3316564739759739417289730408820356e-04	9.9925449876820336206577027237884772e-03
4.3195657617535925468098070760869442e-04	2.6999473542639419770067280674793154e+00	1.4321246950384866962010391496509189e-04	1.0362511428663462394607396279014027e-02
4.0008925440343561460456057235174592e-04	2.7421906969355103619631940860712339e+00	1.5462502377227098728221824058456439e-04	1.0767335035517940155432199437745466e-02
3.6896740893830215747170044224798050e-04	2.7861311369394635411792038974905777e+00	1.6767449991106817389642134571146407e-04	1.1212295165186421005152057954438097e-02
3.3863111444982943691687325414509400e-04	2.8319415171747369292288023229103001e+00	1.8270471268427830169940120957031844e-04	1.1703809898623053959746720461886467e-02
3.0912283099283864365621147564141711e-04	2.8798231268192112923201392226203959e+00	2.0015715907632761712521626382623972e-04	1.2249763212197483850320007627384484e-02
2.8048768056292098610429384477964637e-04	2.9300124005830730670731631569283222e+00	2.2060689870710774667018274705464195e-04	1.2859952494495539152504536375238316e-02
2.5277377450859189390540393827909058e-04	2.9827897312659208620001787385440760e+00	2.4481500080942583504642261740210490e-04	1.3546711654306437608043875382761051e-02
2.2603260504437325400529127699463263e-04	3.0384912545280836402750383957887170e+00	2.7380699854064830983775216313766563e-04	1.4325796185577918673624675637603939e-02
2.0031951871592672206607046314197771e-04	3.0975249036305502121424228398594879e+00	3.0899335379903041456147195005276737e-04	1.5217668948101112854935512419777930e-02
1.7569429634036785751285032299827444e-04	3.1603927482028136706764031829439637e+00	3.5236002308880005382017528905892967e-04	1.6249416616042487081186543845510146e-02
1.5222187385009877323448407735590368e-04	3.2277228398561042259321823201023677e+00	4.0678044302878149767229997244122880e-04	1.7457691616971944257281701661885063e-02
1.2997325359556483131156473910370455e-04	3.3003159068124837622352937182696593e+00	4.7654713095981911111956915625461210e-04	1.8893385787335150517622001619106476e-02
1.0902667953282823748742811748578425e-04	3.3792161248360576780005821823636462e+00	5.6832127475185890434993271918083463e-04	2.0629360926343483545730933610722050e-02
8.9469188861332192585590235047768502e-05	3.4658226977593892283410048066058442e+00	6.9292783916733852323868600579114568e-04	2.2773868224250999714031327554087991e-02
7.1398719841190763420567349840132774e-05	3.5620744248945533719059703447121456e+00	8.6899285456460814243688212614123569e-04	2.5495255518030012128665925947336554e-02
5.4927077281315075646326801438251107e-05	3.6707737562122935278120678937459316e+00	1.1309849453227386025707391475772587e-03	2.9070928159760979044056886224971078e-02
4.0184293346437870242510588574299063e-05	3.7962008871254445030578769273351577e+00	1.5491297827042610894982480780454326e-03	3.3994018411404467729543931559321094e-02
2.7325419691183059406318505377156949e-05	3.9454020293018321814190283363178556e+00	2.2869927703134877821660479188833267e-03	4.1237418287199357389980451630488745e-02
1.6541955518929401189576625229157830e-05	4.1313085971666864626913594513757570e+00	3.8106867998301675853920860226691167e-03	5.3038864071090174464118708108404208e-02
8.0831671779819165241514590778131279e-06	4.3821620795625423359988487706962922e+00	8.0090970623421034803557464512982733e-03	7.6035499746978983514569964045199005e-02
2.2885163159351841630622951368023983e-06	4.7844300497674124811928345191632431e+00	3.7688517646438565035788511970793783e-02	1.4521930585519577898084013982020400e-01
0.0000000000000000000000000000000000e+00	0.0000000000000000000000000000000000e+00	2.1830415633515932536548809866299658e-05	3.7655652912775137863845537978661041e-03