2.1833697358686267362210288688821042e-06	-4.7938815438413241557632368159994391e+00	3.7558847420211149446514615780019990e-02	1.4496196413291396328543348341139643e-01
7.7146496379963522609388803106889102e-06	-4.3923525766451145514313144839298036e+00	7.9780823166174937640534462258131860e-03	7.5887184027537158043292710580237802e-02
1.5792655840222663625777541069405733e-05	-4.1420052661300085216253158541875599e+00	3.7947267786311379812718231337415643e-03	5.2927324191149397824887853111736423e-02
2.6094584842123695617624233934363419e-05	-3.9565009573384629021729653472812031e+00	2.2768014563275910834696866986961034e-03	4.1145257098934163317997692002535295e-02
3.8383340390666764415835259594732156e-05	-3.8076415396497474297915568159617068e+00	1.5418581515561508419758409639588994e-03	3.3914036180004650678138924950539050e-02
5.2476755313475752079289331311167481e-05	-3.6825159575561799468304247178163130e+00	1.1254309866264354422969705725947277e-03	2.8999392868016765104985765624086907e-02
6.8227321702308946036588643613378867e-05	-3.5740893333607029158607603042910982e+00	8.6455075655367523285253677467044543e-04	2.5429961824844249568495721746199512e-02
8.5511324433118768394051321975595148e-05	-3.4780884886654599752293857904252045e+00	6.8925484603922979167577617937107310e-04	2.2713394915542215765662144223599395e-02
1.0422238249626720596073601756212259e-04	-3.3917156471652102370021291298437971e+00	5.6520693497998094928023506822828033e-04	2.0572733641676154510801915522929096e-02
1.2426730215711935771600897187111140e-04	-3.3130352936071075274427630664204171e+00	4.7385408561549692174437336304977060e-04	1.8839904728571417387681777915070694e-02
1.4556325690471683178283724116403112e-04	-3.2406506283190561907414016282197383e+00	4.0441468156744467418119205207310567e-04	1.7406835621371433026213266735506528e-02
1.6803578296797324880050468739994737e-04	-3.1735192935533733081621688472790193e+00	3.5025471297755377371481348861955939e-04	1.6200786098584779808620412826700071e-02
1.9161730371925829884581965033088537e-04	-3.1108419725223738688330568880089426e+00	3.0709948330931320793476115249766574e-04	1.5170950136635010176547715634414898e-02
2.1624601206170289001769868306617224e-04	-3.0519917335429990057754482847392652e+00	2.7208768079402029484844925549189274e-04	1.4280737725427343842017691180317561e-02
2.4186500376046796907127743472479422e-04	-2.9964674120800726613071468479073395e+00	2.4324185792504109046570490201296255e-04	1.3503108752215400406486967666721325e-02
2.6842159189533360371702374422166958e-04	-2.9438618179083930522492636349469510e+00	2.1915768378920678644170154833514084e-04	1.2817635845909988243213540773115373e-02
2.9586675531040336938521204373482191e-04	-2.8938394336905573310691730224842077e+00	1.9881414428624976792910616320427178e-04	1.2208591068302338883229030251151384e-02
3.2415468832124566752737283825288543e-04	-2.8461203873011905300312165028157086e+00	1.8145356765634337460080853441054609e-04	1.1663662255393817733562248222698188e-02
3.5324242835890327197223428339255747e-04	-2.8004686870796175156238412061825911e+00	1.6650349331883373515061354168980019e-04	1.1173069423480170690730551034990032e-02
3.8308954457485203900327257107524157e-04	-2.7566834243601032377878628691297651e+00	1.5352444337902295563187663885860859e-04	1.0728942703888845504791640150213507e-02
4.1365787481154896838543943737199313e-04	-2.7145920857709782034882023190658266e+00	1.4217419331001071952646549581974973e-04	1.0324875579997725547108575727556996e-02
4.4491130143420249600274404165341381e-04	-2.6740453941786034292796320901198972e+00	1.3218282140710448535145252455531434e-04	9.9555982704393330172225377361010317e-03
4.7681555874297758671437800556539450e-04	-2.6349132760687032205929816685889510e+00	1.2333496079241060793565988335645216e-04	9.6167351084679988417392853506222149e-03
5.0933806631228440685655789211049142e-04	-2.5970816716830180260960922832560213e+00	1.1545696294079889547356702450661099e-04	9.3046217027213352020027564026998214e-03
5.4244778381355493760879823129111615e-04	-2.5604499843919212288789815856557858e+00	1.0840747240909761569198215710334896e-04	9.0161653380375044917771382201444095e-03
5.7611508378989900724591881748761740e-04	-2.5249290210244202681229532507562747e+00	1.0207041052033686421832737488835064e-04	8.7487371142605839825073636477182522e-03
6.1031163954737095322779015009138302e-04	-2.4904393135959010999948346957234245e+00	9.6349686255386899009578502693149782e-05	8.5000876946872689148967940516977519e-03
6.4501032586549142889805702217190646e-04	-2.4569097404361327378621456951698551e+00	9.1165162887839988613691737096449341e-05	8.2682808344565985814733990931546368e-03
6.8018513064965998912038820988391855e-04	-2.4242763846204630723912934173369580e+00	8.6449549340829886000096828600120754e-05	8.0516404507040169534555175955372480e-03
7.1581107597925090824427651036625991e-04	-2.3924815821641616132500275968140196e+00	8.2145980585851757181140650928107848e-05	7.8487081146084644780749993636492755e-03
7.5186414726867531351730494150181272e-04	-2.3614731232170553230773250673021495e+00	7.8206117108117961421979451587050714e-05	7.6582086420253422155849963680905939e-03
7.8832122947011133815766205064538070e-04	-2.3312035775637062452949094060175423e+00	7.4588639377311238739353405829111116e-05	7.4790220339748469750841139800346824e-03
8.2516004941756927747172238746537826e-04	-2.3016297218370921870804215053881489e+00	7.1258045764085638124475872732862342e-05	7.3101604375780090703747768941113799e-03
8.6235912355121868112064991110006859e-04	-2.2727120505144308651636004551189286e+00	6.8183685627247928049391597300543542e-05	7.1507491073965670838616157263033128e-03
8.9989771037511021349118150781480139e-04	-2.2444143563552462900646356227382676e+00	6.5338976165663708824496889463755410e-05	7.0000105776980987071288913383059078e-03
9.3775576709568035402148739856655547e-04	-2.2167033687326208477517076706977587e+00	6.2700763978666486016387279845493496e-05	6.8572514296424136048781779630537103e-03
9.7591390996668083482425398582674677e-04	-2.1895484404944016081073390624090000e+00	6.0248801408899133818838120889992553e-05	6.7218511690702912813244884253455701e-03
1.0143533779315077437235205140285081e-03	-2.1629212757157860805434857323616210e+00	5.7965314553806875180666405877592791e-05	6.5932528313757655563981042928542018e-03
1.0530559992087385978099924362195103e-03	-2.1367956920749899589188941708574031e+00	5.5834644959034164231639239049309295e-05	6.4709550077101448084309326946626440e-03
1.0920041605129357345439003323314657e-03	-2.1111474126795722583637679931246625e+00	5.3842950897256766286497121862660988e-05	6.3545050472086419510356174644558365e-03
1.1311807786419679563344020213649281e-03	-2.0859538830528530713506631669575160e+00	5.1977957110650811691384224361567276e-05	6.2434932372377020350856829437401920e-03
1.1705692741954637569277128055434695e-03	-2.0611941097036670048035119324402066e+00	5.0228744186377892821620708274946298e-05	6.1375478009330293929157858821887952e-03
1.2101535472175261168326054825044786e-03	-2.0368485172836893364232057779647696e+00	4.8585570511405952293238142747437996e-05	6.0363305808481699957609438092114186e-03
1.2499179545813117475017322826958014e-03	-2.0128988218119586474325946770288954e+00	4.7039721140147926756186696322464763e-05	5.9395333011007393259308315165275792e-03
1.2898472889541599634745991053900586e-03	-1.9893279178371446228292314197212317e+00	4.5583378998030045633047868581762541e-05	5.8468743193055894113015628396338313e-03
1.3299267592001834285728944201563259e-03	-1.9661197777311114064510118832925290e+00	4.4209514705087790373007995059972954e-05	5.7580957948263896312118491226341574e-03
1.3701419720930457771598084562556097e-03	-1.9432593615754184361965744267625450e+00	4.2911791987844874888855274288620146e-05	5.6729612122309258336709376561462195e-03
1.4104789152254143682257478194621668e-03	-1.9207325363258797847845850476823849e+00	4.1684486194299119914673879499759581e-05	5.5912532088971525416050747952186430e-03
1.4509239410135933584209869399123204e-03	-1.8985260031273631033100552096749275e+00	4.0522413865729210975399800821861063e-05	5.5127716639501456622204036611294613e-03
1.4914637517063658786112418511840448e-03	-1.8766272318082033529695511828766914e+00	3.9420871673189010769057490968610118e-05	5.4373320124769446353888570505743915e-03
1.5320853853163163430594252412035650e-03	-1.8550244017162017669667255609075046e+00	3.8375583313671343680095291524948989e-05	5.3647637545516771992099806886940787e-03
1.5727762024000430966854122491996335e-03	-1.8337063481704306313575420253880333e+00	3.7382653194734932025281917818762645e-05	5.2949091332324042440898426181821956e-03
1.6135238736208582143078272117379146e-03	-1.8126625138984204296518751933578533e+00	3.6438525927610956419016659000666776e-05	5.2276219595425571684764233935322729e-03
1.6543163680339327982072928596021517e-03	-1.7918829049095795020561442712156934e+00	3.5539950805841986055673412423724093e-05	5.1627665656663078801164994954872240e-03
1.6951419420394909420471067469917292e-03	-1.7713580503251883239439129013862509e+00	3.4683950575977988024033772268458780e-05	5.1002168702830650710289037599700601e-03
1.7359891289546760464933937849642108e-03	-1.7510789657449108393171771726612404e+00	3.3867793914005944460162542173377355e-05	5.0398555422336097881758100201399485e-03
1.7768467291591884276371129965469337e-03	-1.7310371197810326477207647909413308e+00	3.3088971110193286909042142625706125e-05	4.9815732506236295188563709611566268e-03
1.8177038007737909677338333709756307e-03	-1.7112244034358603818903204691149899e+00	3.2345172539214630862908798012759689e-05	4.9252679910900422876100907142198683e-03
1.8585496508343582670076672851928477e-03	-1.6916331020359700300287393345377102e+00	3.1634269554481392905825085365915870e-05	4.8708444793308043012767019654858310e-03
1.8993738269273547079671366649989857e-03	-1.6722558694701675543913218775966441e+00	3.0954297497660401253249763451786875e-05	4.8182136041701925161479119320990439e-03
1.9401661092555115914184271560363111e-03	-1.6530857045068700035323936987636214e+00	3.0303440558194330712998927883050536e-05	4.7672919334319640828785080462135005e-03
1.9809165031050708197816000413249942e-03	-1.6341159289917561728764578314511542e+00	2.9680018254639682320338189506036940e-05	4.7180012667496102956021706682295434e-03
2.0216152316883053321438787101750957e-03	-1.6153401677485001903277102480034792e+00	2.9082473340971115904927459746982411e-05	4.6702682301787119775760716190342350e-03
2.0622527293371432624944880281112498e-03	-1.5967523300246343884951849744346085e+00	2.8509360967608106175627621073584208e-05	4.6240239081098897043813535947066925e-03
2.1028196350256386051545534706148484e-03	-1.5783465923414663227141206876265557e+00	2.7959338949575764554759583961605754e-05	4.5792035085276086762001457370581972e-03
2.1433067862007679248843464478683639e-03	-1.5601173826218186849243687679685098e+00	2.7431159013554094022445536920366574e-05	4.5357460581331529703845207289564978e-03
2.1837052129026095556773985881013683e-03	-1.5420593654824424001675819715433655e+00	2.6923658912125812424365860368978367e-05	4.4935941242603190882257719268166735e-03
2.2240061321563956850099575873710060e-03	-1.5241674285895046932043654740138557e+00	2.6435755307738775229179731569787112e-05	4.4526935608689396777471974780925816e-03
2.2642009426202336035945598918015107e-03	-1.5064366699857741178636602922262803e+00	2.5966437341117792657083871163459403e-05	4.4129932762119356237467610399879471e-03
2.3042812194734833546081097940952528e-03	-1.4888623863071838812399647324377415e+00	2.5514760809394698086058910707156713e-05	4.3744450200427096588277362809639591e-03
2.3442387095318666634046618467139972e-03	-1.4714400618144997665162797443341930e+00	2.5079842888327670639985316135536961e-05	4.3370031884668403888274473261900800e-03
2.3840653265763766680264718728894799e-03	-1.4541653581729757766432080465186914e+00	2.4660857340862912759693314146917572e-05	4.3006246447498820993419916709832045e-03
2.4237531468839687452719881025763978e-03	-1.4370341049192582677896655027452806e+00	2.4257030161131876601167703084066564e-05	4.2652685545755955538917410177105639e-03
2.4632944049488477672381376363814048e-03	-1.4200422905604921206369917786381578e+00	2.3867635608925324394882983116596606e-05	4.2308962344095156844279896729296598e-03
2.5026814893839336717151998095382934e-03	-1.4031860542556721838465038886398919e+00	2.3491992594868291704466615695317362e-05	4.1974710117642987868777689761214785e-03
2.5419069389927917487730913192982119e-03	-1.3864616780338408714253219791250007e+00	2.3129461381044765495549835866620581e-05	4.1649580962882645380494461461626888e-03
2.5809634390029623104479401788094723e-03	-1.3698655795078202652310790691765117e+00	2.2779440565778623025011518978215556e-05	4.1333244607090857847523283138068710e-03
2.6198438174522215897151928285673972e-03	-1.3533943050458383263743906731013144e+00	2.2441364324745533990036290748334806e-05	4.1025387307625130892872802178354648e-03
2.6585410417198564425923021797357327e-03	-1.3370445233667110124904104382788289e+00	2.2114699883635116242730555767952036e-05	4.0725710833229302555128856877647233e-03
2.6970482151955438630675795403178577e-03	-1.3208130195272165189576410287012302e+00	2.1798945200260048472291578331497771e-05	4.0433931520297852388468519138040639e-03
2.7353585740788962043701689765310586e-03	-1.3046966892729807226580092839665636e+00	2.1493626836367362249498644672465721e-05	4.0149779397727082162438009979855055e-03
2.7734654843031676987022648387727332e-03	-1.2886925337266160213709695523618817e+00	2.1198298001488180291287640395014491e-05	3.9872997374594385609841088485852942e-03
2.8113624385770204161354922277777551e-03	-1.2727976543890471288450521749238979e+00	2.0912536753001342266035206101062912e-05	3.9603340485454240701214147570695047e-03
2.8490430535386209417681652744043833e-03	-1.2570092484319416854125606213956456e+00	2.0635944338214329411068642258893221e-05	3.9340575188529027369146167697051746e-03
2.8865010670166852548718914540958538e-03	-1.2413246042609625669927799376396242e+00	2.0368143665708126394691743849493294e-05	3.9084478712511041676798447108842812e-03
2.9237303353934108057734519848562558e-03	-1.2257410973311917899768166508413548e+00	2.0108777894474019710826227741529478e-05	3.8834838448085034702746826193755616e-03
2.9607248310645336363374984759095508e-03	-1.2102561861975599802243749774374957e+00	1.9857509130509639143835565831128126e-05	3.8591451380633403728905457491859135e-03
2.9974786399920264203838049071503868e-03	-1.1948674087844656360450155360953990e+00	1.9614017221555991934579156166901139e-05	3.8354123560903319497206971322398046e-03
3.0339859593452121844116368462169958e-03	-1.1795723788599983103731546013042553e+00	1.9377998641561757368207498517376654e-05	3.8122669610700548458401376794070844e-03
3.0702410952263097280533165797820938e-03	-1.1643687827013013231351448276136401e+00	1.9149165457268707810598212390489145e-05	3.7896912260932005539837438243145783e-03
3.1062384604766517827080955366612085e-03	-1.1492543759386333406868110015458175e+00	1.8927244370034140930844858860361554e-05	3.7676681919551216536460832356509655e-03
3.1419725725600269879279232393561812e-03	-1.1342269805666236233379469140294275e+00	1.8711975826652551104234730336354452e-05	3.7461816267170582285932456054889495e-03
3.1774380515197929797160823023721036e-03	-1.1192844821120714267002019903099436e+00	1.8503113193518099260687428311522458e-05	3.7252159878294005245943222408408469e-03
3.2126296180065913244092625681751589e-03	-1.1044248269484235327467726631862117e+00	1.8300421988989349510592854240386642e-05	3.7047563866295172352711137592024723e-03
3.2475420913736666574178830357941799e-03	-1.0896460197477819729010410821685937e+00	1.8103679169284886833082778604082766e-05	3.6847885550422453616002162483092157e-03
3.2821703878369530773211989085798424e-03	-1.0749461210619527755942548191173411e+00	1.7912672463658664001630273596563213e-05	3.6652988143252629392280363189127264e-03
3.3165095186972414082439908655845700e-03	-1.0603232450246514879516478913794480e+00	1.7727199754982396149972253692402641e-05	3.6462740457143970339709446896169232e-03
3.3505545886218821156572102280021953e-03	-1.0457755571675371946913739987515381e+00	1.7547068502203564407273922075013178e-05	3.6277016628355869002576246258916152e-03
3.3843007939836111205145192449308810e-03	-1.0313012723432582030697210172310768e+00	1.7372095201455608570894006137310047e-05	3.6095695857608423372464420870547860e-03
3.4177434212542101264951308462767959e-03	-1.0168986527491634578798802523631770e+00	1.7202104882875219331752723808927898e-05	3.5918662165952136568559642099876562e-03
3.4508778454508299273844492296391481e-03	-1.0025660060457676807772532181821537e+00	1.7036930640433411787578218511080572e-05	3.5745804164906147188220550959925695e-03
3.4836995286329150228927500448301152e-03	-9.8830168356445842980352444533213832e-01	1.6876413192315045291252784823486869e-05	3.5577014839903967427000628174650060e-03
3.5162040184477712264514628916182429e-03	-9.7410407859930267186338591416415289e-01	1.6720400469588108129705252742070508e-05	3.5412191346159318984418684825206851e-03
3.5483869467229152447262425720836869e-03	-9.5997162477815169759325111503978582e-01	1.6568747231091591900088420520588412e-05	3.5251234816131980975634325765550291e-03
3.5802440281034368580758041670190964e-03	-9.4590279450855867876882574820490793e-01	1.6421314702641080433332962804993680e-05	3.5094050177835191922981296822723123e-03
3.6117710587326907146309173929205760e-03	-9.3189609749431504288398145582094181e-01	1.6277970238805999191262581131174281e-05	3.4940545983282610905924954722170546e-03
3.6429639149747162197808246764404438e-03	-9.1795007931868208604548644182529611e-01	1.6138587005653352708426352446549665e-05	3.4790634246424618507153465674748747e-03
3.6738185521768608828483589853819439e-03	-9.0406332009064465102279724329012191e-01	1.6003043682981093353355322152279062e-05	3.4644230289971255570135150493549211e-03
3.7043310034711550745522514537229188e-03	-8.9023443315074588640997652001995513e-01	1.5871224184681241210038679920213145e-05	3.4501252600542743356400288912539191e-03
3.7344973786130547311866908108678894e-03	-8.7646206383327755292593848512238544e-01	1.5743017395979609137823160908579845e-05	3.4361622691628650585641389062244501e-03
3.7643138628562333725700727579109848e-03	-8.6274488828180039917388195214814481e-01	1.5618316926396460906226643121333035e-05	3.4225264973873685033125359234123180e-03
3.7937767158621661202569218059255620e-03	-8.4908161231515501763787775221782400e-01	1.5497020877361523503394357732022590e-05	3.4092106632242073296025910598079353e-03
3.8228822706433064325719981984016718e-03	-8.3547097034129643046473663140773166e-01	1.5379031623498276423026213069766661e-05	3.3962077509643808159421689553600473e-03
3.8516269325387112201730474741231468e-03	-8.2191172431644646436739655472447666e-01	1.5264255606667059496947508594643060e-05	3.3835109996634920366629426009947294e-03
3.8800071782210220619559867752390256e-03	-8.0840266274720768731787710112887637e-01	1.5152603141924913486106917483993697e-05	3.3711138926830580266325775419648384e-03
3.9080195547337595846300621434804545e-03	-7.9494259973342214923231084577635572e-01	1.5043988234622767092790978362397678e-05	3.3590101477694444824608301564623218e-03
3.9356606785579348662772883779786590e-03	-7.8153037404968817484365296098923532e-01	1.4938328407918126233784766725462268e-05	3.3471937076390409223663095393523172e-03
3.9629272347070261293176968738664277e-03	-7.6816484826356971397072990017521233e-01	1.4835544540034271350459826065086382e-05	3.3356587310403956188074903962195028e-03
3.9898159758494111456364246006886639e-03	-7.5484490788864591732710005472668683e-01	1.4735560710645545777422994185443683e-05	3.3243995842659762440371237904257470e-03
4.0163237214573858205611639267808538e-03	-7.4156946057065427554644652085574737e-01	1.4638304055813001607083999609714268e-05	3.3134108330880249550229168207420050e-03
4.0424473569819374782803785709840980e-03	-7.2833743530507938658257265251835785e-01	1.4543704630935801496862066436527666e-05	3.3026872350946473541076199044932401e-03
4.0681838330524775562117535730732201e-03	-7.1514778168463170851280866079994118e-01	1.4451695281221665231889549398512788e-05	3.2922237324038241094277153973046665e-03
4.0935301647007728391106248857535562e-03	-7.0199946917514697655629174463066529e-01	1.4362211519214579039376807763239960e-05	3.2820154447344717706553445904502007e-03
4.1184834306083471275591259880993682e-03	-6.8889148641851774302233740062915243e-01	1.4275191408950207797120649839679330e-05	3.2720576628150143802869548391606865e-03
4.1430407723766564354964842622536526e-03	-6.7582284056134413108578356994655599e-01	1.4190575456339195881270145031367472e-05	3.2623458421111679922598447888269645e-03
4.1671993938193705371067295411480669e-03	-6.6279255660806174080209948371125334e-01	1.4108306505406020671911306072271923e-05	3.2528755968557935996910290146641439e-03
4.1909565602761220184514859334166624e-03	-6.4979967679737104325540800485772010e-01	1.4028329640036463733730887105774154e-05	3.2436426943647470371007405770477876e-03
4.2143095979471110122215075354370122e-03	-6.3684326000085485480625843627004131e-01	1.3950592090910261200238347247840479e-05	3.2346430496236533773958694238080765e-03
4.2372558932479795784752944325488228e-03	-6.2392238114272888290090739377670720e-01	1.3875043147317244126585965562204872e-05	3.2258727201314638838683903945395919e-03
4.2597928921843943092719960547022722e-03	-6.1103613063972514084512088690988567e-01	1.3801634073575424691398121454130727e-05	3.2173279009875209201258768768443410e-03
4.2819180997457992454853323360593335e-03	-5.9818361386015948437140226534134612e-01	1.3730318029788155573645475735172306e-05	3.2090049202096651509697802164527588e-03
4.3036290793178236606579036164501212e-03	-5.8536395060128285244223975901279616e-01	1.3661049996694806572972304393676346e-05	3.2009002342716742756892095232075573e-03
4.3249234521128507467021144687829485e-03	-5.7257627458406120640478208975290043e-01	1.3593786704385473154818421244974746e-05	3.1930104238490274543670157462946253e-03
4.3457988966182737833367985585401950e-03	-5.5981973296457184775305191684290255e-01	1.3528486564665155247408689273861628e-05	3.1853321897626482231871895639528560e-03
4.3662531480619860379431990852267097e-03	-5.4709348586124393355665152741275497e-01	1.3465109606866711928882478230855158e-05	3.1778623491108944540533746734255710e-03
4.3862839978946694726357327913213725e-03	-5.3439670589720876519803649032541981e-01	1.3403617416924791516186560319522235e-05	3.1705978315806399329105784971087351e-03
4.4058892932884653756072517192059312e-03	-5.2172857775706095350488561321007018e-01	1.3343973079534932878171380354637427e-05	3.1635356759288312976426140678710425e-03
4.4250669366516273264758262149432834e-03	-5.0908829775736500366286589632911556e-01	1.3286141123233202041586701382523870e-05	3.1566730266264090511683942642749587e-03
4.4438148851587734902680861565672836e-03	-4.9647507343027334821944089958891505e-01	1.3230087468242132041891419688027360e-05	3.1500071306569546019353582832827521e-03
4.4621311502963711494073378271831363e-03	-4.8388812311965150838604693237519193e-01	1.3175779376938431920399815519520440e-05	3.1435353344628690463048985926408191e-03
4.4800137974231016631125028091741832e-03	-4.7132667558913399635706050239176972e-01	1.3123185406806976416307596582121700e-05	3.1372550810323057856309387219137037e-03
4.4974609453447687224686639795792373e-03	-4.5878996964156089009558902652273082e-01	1.3072275365754030507466886839538844e-05	3.1311639071204699964242705251546022e-03
4.5144707659034268787747999666455240e-03	-4.4627725374926981516624956745830514e-01	1.3023020269660547795662345337888135e-05	3.1252594405992652304186155758715718e-03
4.5310414835804208925623835047282078e-03	-4.3378778569474144703192468736051737e-01	1.2975392302063750457069747126187429e-05	3.1195393979296126645265930802969864e-03
4.5471713751130395092542384195274901e-03	-4.2132083222111868672533845710503359e-01	1.2929364775862089419237244982654423e-05	3.1140015817510932779098182008694613e-03
4.5628587691244998416352259216128170e-03	-4.0887566869214044201957518986983299e-01	1.2884912096945131889545813211500168e-05	3.1086438785838689214588724437625242e-03
4.5781020457669906545647187644805312e-03	-3.9645157876105053876026727641965661e-01	1.2842009729655961890146740746544876e-05	3.1034642566381261772957045666260123e-03
4.5928996363775145277860572921287128e-03	-3.8404785404806076143185023882641863e-01	1.2800634163999338068234755688302359e-05	3.0984607637265583009080265154539810e-03
4.6072500231462801411557642561744400e-03	-3.7166379382596444216087719488815825e-01	1.2760762884514159455560114114147716e-05	3.0936315252756565273291291346877631e-03
4.6211517387974068048440516592101134e-03	-3.5929870471351344269979953812822415e-01	1.2722374340733769641168470347409774e-05	3.0889747424318236562192446395474602e-03
4.6346033662817138656835912305883558e-03	-3.4695190037618685992088711583356982e-01	1.2685447919162306655732957621052408e-05	3.0844886902585510857442718749701994e-03
4.6476035384813777794864635723740381e-03	-3.3462270123399438364874893814982724e-01	1.2649963916699701632136809389234682e-05	3.0801717160211162507513276308656120e-03
4.6601509379262494664800486945901618e-03	-3.2231043417597099442950448555682158e-01	1.2615903515452064269787940505476777e-05	3.0760222375554615832777649243637604e-03
4.6722442965216340808115636538560542e-03	-3.1001443228103265296524126874574386e-01	1.2583248758868086066692244154278109e-05	3.0720387417181094416225937224415621e-03
4.6838823952873445422844449670975493e-03	-2.9773403454487484427741886321557042e-01	1.2551982529145760607189370094752651e-05	3.0682197829141506836755938047137524e-03
4.6950640641078491152835337583112588e-03	-2.8546858561260733720293369068148377e-01	1.2522088525857180067674092799447247e-05	3.0645639817005183776338702416345263e-03
4.7057881814933419916548275835337123e-03	-2.7321743551682933991725369208551194e-01	1.2493551245742433543941101776754450e-05	3.0610700234619231902505293868818557e-03
4.7160536743515742558800690065380151e-03	-2.6097993942085940868412147370074914e-01	1.2466355963626719776301053269191288e-05	3.0577366571569838694248704461804915e-03
4.7258595177702907963372447414919764e-03	-2.4875545736684403149223766013936502e-01	1.2440488714417707351454408664004689e-05	3.0545626941322355060455857024647455e-03
4.7352047348101266892772280674065208e-03	-2.3654335402847779002218097764123417e-01	1.2415936276142941606952582972509220e-05	3.0515470070018404460524882608570066e-03
4.7440883963078243353269863870979261e-03	-2.2434299846807642981782298166573029e-01	1.2392686153989720556341222827889170e-05	3.0486885285909623217083025058108133e-03
4.7525096206896401842812621663137035e-03	-2.1215376389775206502674725236404451e-01	1.2370726565312352747225825105626266e-05	3.0459862509408931451645453843169933e-03
4.7604675737948172546102323513808400e-03	-1.9997502744444713423451427043385829e-01	1.2350046425574077933967041539036059e-05	3.0434392243741471941113213251000369e-03
4.7679614687090068509788060361094233e-03	-1.8780616991859062966429755692651628e-01	1.2330635335193186039016397517579163e-05	3.0410465566178539298230662721843451e-03
4.7749905656075299172093768667301473e-03	-1.7564657558614656366538910329043883e-01	1.2312483567265019766316931101566949e-05	3.0388074119838958101558582747445441e-03
4.7815541716083753441962177194612471e-03	-1.6349563194383063278225851725138057e-01	1.2295582056133599566447697259080138e-05	3.0367210106043459605250171573247647e-03
4.7876516406348392926035745052529126e-03	-1.5135272949727660816515885613241511e-01	1.2279922386788574106554021275207678e-05	3.0347866277208655914759286815783468e-03
4.7932823732877161987201917259932576e-03	-1.3921726154193913768774730125657814e-01	1.2265496785065082201191089426593439e-05	3.0330035930268221310624176917299635e-03
4.7984458167269586182575278280803040e-03	-1.2708862394652440462878221962560175e-01	1.2252298108625920146826873250355861e-05	3.0313712900609865863389864327410265e-03
4.8031414645627294365366434881675682e-03	-1.1496621493874446368632809670143851e-01	1.2240319838707148044083388797084306e-05	3.0298891556517629583414369840210395e-03
4.8073688567557762435148571460500029e-03	-1.0284943489319507979461314764545973e-01	1.2229556072609946130163119130921223e-05	3.0285566794109938928287226356527353e-03
4.8111275795270638473213610342990383e-03	-9.0737686121160539966157511011205305e-02	1.2220001516923153224367117607754748e-05	3.0273734032764754262856054092578832e-03
4.8144172652766069890448091562898088e-03	-7.8630372662152203382272978351307014e-02	1.2211651481462489689610534309686880e-05	3.0263389211023999435875265568319049e-03
4.8172375925114513328902200233956703e-03	-6.6526900076990509379912607552073188e-02	1.2204501873913992170134049526013917e-05	3.0254528782970305506405901740805376e-03
4.8195882857827567477634663629489498e-03	-5.4426675242242785025499638163227738e-02	1.2198549195170671904625490680825038e-05	3.0247149715069922236350260866161355e-03
4.8214691156319427769561266689212581e-03	-4.2329106145831490870802348837250763e-02	1.2193790535352857570811285281569511e-05	3.0241249483476455597947806010755429e-03
4.8228798985458620198584564746282749e-03	-3.0233601683629521576398036454742285e-02	1.2190223570504102163836675974472152e-05	3.0236826071790879492602164010399243e-03
4.8238204969209729313690919710428792e-03	-1.8139571456860842795023908431536299e-02	1.2187846559955925976246123206793330e-05	3.0233877969274047346296280542180564e-03
4.8242908190364892886388303697619183e-03	-6.0464255701261015883973747624352698e-03	1.2186658344356038842017525720407674e-05	3.0232404169508696392789343994426434e-03
4.8242908190364892886388303697619183e-03	6.0464255701261015883973747624352698e-03	1.2186658344356038842017525720407674e-05	3.0232404169508696392789343994426434e-03
4.8238204969209729313690919710428792e-03	1.8139571456860842795023908431536299e-02	1.2187846559955925976246123206793330e-05	3.0233877969274047346296280542180564e-03
4.8228798985458620198584564746282749e-03	3.0233601683629521576398036454742285e-02	1.2190223570504102163836675974472152e-05	3.0236826071790879492602164010399243e-03
4.8214691156319427769561266689212581e-03	4.2329106145831490870802348837250763e-02	1.2193790535352857570811285281569511e-05	3.0241249483476455597947806010755429e-03
4.8195882857827567477634663629489498e-03	5.4426675242242785025499638163227738e-02	1.2198549195170671904625490680825038e-05	3.0247149715069922236350260866161355e-03
4.8172375925114513328902200233956703e-03	6.6526900076990509379912607552073188e-02	1.2204501873913992170134049526013917e-05	3.0254528782970305506405901740805376e-03
4.8144172652766069890448091562898088e-03	7.8630372662152203382272978351307014e-02	1.2211651481462489689610534309686880e-05	3.0263389211023999435875265568319049e-03
4.8111275795270638473213610342990383e-03	9.0737686121160539966157511011205305e-02	1.2220001516923153224367117607754748e-05	3.0273734032764754262856054092578832e-03
4.8073688567557762435148571460500029e-03	1.0284943489319507979461314764545973e-01	1.2229556072609946130163119130921223e-05	3.0285566794109938928287226356527353e-03
4.8031414645627294365366434881675682e-03	1.1496621493874446368632809670143851e-01	1.2240319838707148044083388797084306e-05	3.0298891556517629583414369840210395e-03
4.7984458167269586182575278280803040e-03	1.2708862394652440462878221962560175e-01	1.2252298108625920146826873250355861e-05	3.0313712900609865863389864327410265e-03
4.7932823732877161987201917259932576e-03	1.3921726154193913768774730125657814e-01	1.2265496785065082201191089426593439e-05	3.0330035930268221310624176917299635e-03
4.7876516406348392926035745052529126e-03	1.5135272949727660816515885613241511e-01	1.2279922386788574106554021275207678e-05	3.0347866277208655914759286815783468e-03
4.7815541716083753441962177194612471e-03	1.6349563194383063278225851725138057e-01	1.2295582056133599566447697259080138e-05	3.0367210106043459605250171573247647e-03
4.7749905656075299172093768667301473e-03	1.7564657558614656366538910329043883e-01	1.2312483567265019766316931101566949e-05	3.0388074119838958101558582747445441e-03
4.7679614687090068509788060361094233e-03	1.8780616991859062966429755692651628e-01	1.2330635335193186039016397517579163e-05	3.0410465566178539298230662721843451e-03
4.7604675737948172546102323513808400e-03	1.9997502744444713423451427043385829e-01	1.2350046425574077933967041539036059e-05	3.0434392243741471941113213251000369e-03
4.7525096206896401842812621663137035e-03	2.1215376389775206502674725236404451e-01	1.2370726565312352747225825105626266e-05	3.0459862509408931451645453843169933e-03
4.7440883963078243353269863870979261e-03	2.2434299846807642981782298166573029e-01	1.2392686153989720556341222827889170e-05	3.0486885285909623217083025058108133e-03
4.7352047348101266892772280674065208e-03	2.3654335402847779002218097764123417e-01	1.2415936276142941606952582972509220e-05	3.0515470070018404460524882608570066e-03
4.7258595177702907963372447414919764e-03	2.4875545736684403149223766013936502e-01	1.2440488714417707351454408664004689e-05	3.0545626941322355060455857024647455e-03
4.7160536743515742558800690065380151e-03	2.6097993942085940868412147370074914e-01	1.2466355963626719776301053269191288e-05	3.0577366571569838694248704461804915e-03
4.7057881814933419916548275835337123e-03	2.7321743551682933991725369208551194e-01	1.2493551245742433543941101776754450e-05	3.0610700234619231902505293868818557e-03
4.6950640641078491152835337583112588e-03	2.8546858561260733720293369068148377e-01	1.2522088525857180067674092799447247e-05	3.0645639817005183776338702416345263e-03
4.6838823952873445422844449670975493e-03	2.9773403454487484427741886321557042e-01	1.2551982529145760607189370094752651e-05	3.0682197829141506836755938047137524e-03
4.6722442965216340808115636538560542e-03	3.1001443228103265296524126874574386e-01	1.2583248758868086066692244154278109e-05	3.0720387417181094416225937224415621e-03
4.6601509379262494664800486945901618e-03	3.2231043417597099442950448555682158e-01	1.2615903515452064269787940505476777e-05	3.0760222375554615832777649243637604e-03
4.6476035384813777794864635723740381e-03	3.3462270123399438364874893814982724e-01	1.2649963916699701632136809389234682e-05	3.0801717160211162507513276308656120e-03
4.6346033662817138656835912305883558e-03	3.4695190037618685992088711583356982e-01	1.2685447919162306655732957621052408e-05	3.0844886902585510857442718749701994e-03
4.6211517387974068048440516592101134e-03	3.5929870471351344269979953812822415e-01	1.2722374340733769641168470347409774e-05	3.0889747424318236562192446395474602e-03
4.6072500231462801411557642561744400e-03	3.7166379382596444216087719488815825e-01	1.2760762884514159455560114114147716e-05	3.0936315252756565273291291346877631e-03
4.5928996363775145277860572921287128e-03	3.8404785404806076143185023882641863e-01	1.2800634163999338068234755688302359e-05	3.0984607637265583009080265154539810e-03
4.5781020457669906545647187644805312e-03	3.9645157876105053876026727641965661e-01	1.2842009729655961890146740746544876e-05	3.1034642566381261772957045666260123e-03
4.5628587691244998416352259216128170e-03	4.0887566869214044201957518986983299e-01	1.2884912096945131889545813211500168e-05	3.1086438785838689214588724437625242e-03
4.5471713751130395092542384195274901e-03	4.2132083222111868672533845710503359e-01	1.2929364775862089419237244982654423e-05	3.1140015817510932779098182008694613e-03
4.5310414835804208925623835047282078e-03	4.3378778569474144703192468736051737e-01	1.2975392302063750457069747126187429e-05	3.1195393979296126645265930802969864e-03
4.5144707659034268787747999666455240e-03	4.4627725374926981516624956745830514e-01	1.3023020269660547795662345337888135e-05	3.1252594405992652304186155758715718e-03
4.4974609453447687224686639795792373e-03	4.5878996964156089009558902652273082e-01	1.3072275365754030507466886839538844e-05	3.1311639071204699964242705251546022e-03
4.4800137974231016631125028091741832e-03	4.7132667558913399635706050239176972e-01	1.3123185406806976416307596582121700e-05	3.1372550810323057856309387219137037e-03
4.4621311502963711494073378271831363e-03	4.8388812311965150838604693237519193e-01	1.3175779376938431920399815519520440e-05	3.1435353344628690463048985926408191e-03
4.4438148851587734902680861565672836e-03	4.9647507343027334821944089958891505e-01	1.3230087468242132041891419688027360e-05	3.1500071306569546019353582832827521e-03
4.4250669366516273264758262149432834e-03	5.0908829775736500366286589632911556e-01	1.3286141123233202041586701382523870e-05	3.1566730266264090511683942642749587e-03
4.4058892932884653756072517192059312e-03	5.2172857775706095350488561321007018e-01	1.3343973079534932878171380354637427e-05	3.1635356759288312976426140678710425e-03
4.3862839978946694726357327913213725e-03	5.3439670589720876519803649032541981e-01	1.3403617416924791516186560319522235e-05	3.1705978315806399329105784971087351e-03
4.3662531480619860379431990852267097e-03	5.4709348586124393355665152741275497e-01	1.3465109606866711928882478230855158e-05	3.1778623491108944540533746734255710e-03
4.3457988966182737833367985585401950e-03	5.5981973296457184775305191684290255e-01	1.3528486564665155247408689273861628e-05	3.1853321897626482231871895639528560e-03
4.3249234521128507467021144687829485e-03	5.7257627458406120640478208975290043e-01	1.3593786704385473154818421244974746e-05	3.1930104238490274543670157462946253e-03
4.3036290793178236606579036164501212e-03	5.8536395060128285244223975901279616e-01	1.3661049996694806572972304393676346e-05	3.2009002342716742756892095232075573e-03
4.2819180997457992454853323360593335e-03	5.9818361386015948437140226534134612e-01	1.3730318029788155573645475735172306e-05	3.2090049202096651509697802164527588e-03
4.2597928921843943092719960547022722e-03	6.1103613063972514084512088690988567e-01	1.3801634073575424691398121454130727e-05	3.2173279009875209201258768768443410e-03
4.2372558932479795784752944325488228e-03	6.2392238114272888290090739377670720e-01	1.3875043147317244126585965562204872e-05	3.2258727201314638838683903945395919e-03
4.2143095979471110122215075354370122e-03	6.3684326000085485480625843627004131e-01	1.3950592090910261200238347247840479e-05	3.2346430496236533773958694238080765e-03
4.1909565602761220184514859334166624e-03	6.4979967679737104325540800485772010e-01	1.4028329640036463733730887105774154e-05	3.2436426943647470371007405770477876e-03
4.1671993938193705371067295411480669e-03	6.6279255660806174080209948371125334e-01	1.4108306505406020671911306072271923e-05	3.2528755968557935996910290146641439e-03
4.1430407723766564354964842622536526e-03	6.7582284056134413108578356994655599e-01	1.4190575456339195881270145031367472e-05	3.2623458421111679922598447888269645e-03
4.1184834306083471275591259880993682e-03	6.8889148641851774302233740062915243e-01	1.4275191408950207797120649839679330e-05	3.2720576628150143802869548391606865e-03
4.0935301647007728391106248857535562e-03	7.0199946917514697655629174463066529e-01	1.4362211519214579039376807763239960e-05	3.2820154447344717706553445904502007e-03
4.0681838330524775562117535730732201e-03	7.1514778168463170851280866079994118e-01	1.4451695281221665231889549398512788e-05	3.2922237324038241094277153973046665e-03
4.0424473569819374782803785709840980e-03	7.2833743530507938658257265251835785e-01	1.4543704630935801496862066436527666e-05	3.3026872350946473541076199044932401e-03
4.0163237214573858205611639267808538e-03	7.4156946057065427554644652085574737e-01	1.4638304055813001607083999609714268e-05	3.3134108330880249550229168207420050e-03
3.9898159758494111456364246006886639e-03	7.5484490788864591732710005472668683e-01	1.4735560710645545777422994185443683e-05	3.3243995842659762440371237904257470e-03
3.9629272347070261293176968738664277e-03	7.6816484826356971397072990017521233e-01	1.4835544540034271350459826065086382e-05	3.3356587310403956188074903962195028e-03
3.9356606785579348662772883779786590e-03	7.8153037404968817484365296098923532e-01	1.4938328407918126233784766725462268e-05	3.3471937076390409223663095393523172e-03
3.9080195547337595846300621434804545e-03	7.9494259973342214923231084577635572e-01	1.5043988234622767092790978362397678e-05	3.3590101477694444824608301564623218e-03
3.8800071782210220619559867752390256e-03	8.0840266274720768731787710112887637e-01	1.5152603141924913486106917483993697e-05	3.3711138926830580266325775419648384e-03
3.8516269325387112201730474741231468e-03	8.2191172431644646436739655472447666e-01	1.5264255606667059496947508594643060e-05	3.3835109996634920366629426009947294e-03
3.8228822706433064325719981984016718e-03	8.3547097034129643046473663140773166e-01	1.5379031623498276423026213069766661e-05	3.3962077509643808159421689553600473e-03
3.7937767158621661202569218059255620e-03	8.4908161231515501763787775221782400e-01	1.5497020877361523503394357732022590e-05	3.4092106632242073296025910598079353e-03
3.7643138628562333725700727579109848e-03	8.6274488828180039917388195214814481e-01	1.5618316926396460906226643121333035e-05	3.4225264973873685033125359234123180e-03
3.7344973786130547311866908108678894e-03	8.7646206383327755292593848512238544e-01	1.5743017395979609137823160908579845e-05	3.4361622691628650585641389062244501e-03
3.7043310034711550745522514537229188e-03	8.9023443315074588640997652001995513e-01	1.5871224184681241210038679920213145e-05	3.4501252600542743356400288912539191e-03
3.6738185521768608828483589853819439e-03	9.0406332009064465102279724329012191e-01	1.6003043682981093353355322152279062e-05	3.4644230289971255570135150493549211e-03
3.6429639149747162197808246764404438e-03	9.1795007931868208604548644182529611e-01	1.6138587005653352708426352446549665e-05	3.4790634246424618507153465674748747e-03
3.6117710587326907146309173929205760e-03	9.3189609749431504288398145582094181e-01	1.6277970238805999191262581131174281e-05	3.4940545983282610905924954722170546e-03
3.5802440281034368580758041670190964e-03	9.4590279450855867876882574820490793e-01	1.6421314702641080433332962804993680e-05	3.5094050177835191922981296822723123e-03
3.5483869467229152447262425720836869e-03	9.5997162477815169759325111503978582e-01	1.6568747231091591900088420520588412e-05	3.5251234816131980975634325765550291e-03
3.5162040184477712264514628916182429e-03	9.7410407859930267186338591416415289e-01	1.6720400469588108129705252742070508e-05	3.5412191346159318984418684825206851e-03
3.4836995286329150228927500448301152e-03	9.8830168356445842980352444533213832e-01	1.6876413192315045291252784823486869e-05	3.5577014839903967427000628174650060e-03
3.4508778454508299273844492296391481e-03	1.0025660060457676807772532181821537e+00	1.7036930640433411787578218511080572e-05	3.5745804164906147188220550959925695e-03
3.4177434212542101264951308462767959e-03	1.0168986527491634578798802523631770e+00	1.7202104882875219331752723808927898e-05	3.5918662165952136568559642099876562e-03
3.3843007939836111205145192449308810e-03	1.0313012723432582030697210172310768e+00	1.7372095201455608570894006137310047e-05	3.6095695857608423372464420870547860e-03
3.3505545886218821156572102280021953e-03	1.0457755571675371946913739987515381e+00	1.7547068502203564407273922075013178e-05	3.6277016628355869002576246258916152e-03
3.3165095186972414082439908655845700e-03	1.0603232450246514879516478913794480e+00	1.7727199754982396149972253692402641e-05	3.6462740457143970339709446896169232e-03
3.2821703878369530773211989085798424e-03	1.0749461210619527755942548191173411e+00	1.7912672463658664001630273596563213e-05	3.6652988143252629392280363189127264e-03
3.2475420913736666574178830357941799e-03	1.0896460197477819729010410821685937e+00	1.8103679169284886833082778604082766e-05	3.6847885550422453616002162483092157e-03
3.2126296180065913244092625681751589e-03	1.1044248269484235327467726631862117e+00	1.8300421988989349510592854240386642e-05	3.7047563866295172352711137592024723e-03
3.1774380515197929797160823023721036e-03	1.1192844821120714267002019903099436e+00	1.8503113193518099260687428311522458e-05	3.7252159878294005245943222408408469e-03
3.1419725725600269879279232393561812e-03	1.1342269805666236233379469140294275e+00	1.8711975826652551104234730336354452e-05	3.7461816267170582285932456054889495e-03
3.1062384604766517827080955366612085e-03	1.1492543759386333406868110015458175e+00	1.8927244370034140930844858860361554e-05	3.7676681919551216536460832356509655e-03
3.0702410952263097280533165797820938e-03	1.1643687827013013231351448276136401e+00	1.9149165457268707810598212390489145e-05	3.7896912260932005539837438243145783e-03
3.0339859593452121844116368462169958e-03	1.1795723788599983103731546013042553e+00	1.9377998641561757368207498517376654e-05	3.8122669610700548458401376794070844e-03
2.9974786399920264203838049071503868e-03	1.1948674087844656360450155360953990e+00	1.9614017221555991934579156166901139e-05	3.8354123560903319497206971322398046e-03
2.9607248310645336363374984759095508e-03	1.2102561861975599802243749774374957e+00	1.9857509130509639143835565831128126e-05	3.8591451380633403728905457491859135e-03
2.9237303353934108057734519848562558e-03	1.2257410973311917899768166508413548e+00	2.0108777894474019710826227741529478e-05	3.8834838448085034702746826193755616e-03
2.8865010670166852548718914540958538e-03	1.2413246042609625669927799376396242e+00	2.0368143665708126394691743849493294e-05	3.9084478712511041676798447108842812e-03
2.8490430535386209417681652744043833e-03	1.2570092484319416854125606213956456e+00	2.0635944338214329411068642258893221e-05	3.9340575188529027369146167697051746e-03
2.8113624385770204161354922277777551e-03	1.2727976543890471288450521749238979e+00	2.0912536753001342266035206101062912e-05	3.9603340485454240701214147570695047e-03
2.7734654843031676987022648387727332e-03	1.2886925337266160213709695523618817e+00	2.1198298001488180291287640395014491e-05	3.9872997374594385609841088485852942e-03
2.7353585740788962043701689765310586e-03	1.3046966892729807226580092839665636e+00	2.1493626836367362249498644672465721e-05	4.0149779397727082162438009979855055e-03
2.6970482151955438630675795403178577e-03	1.3208130195272165189576410287012302e+00	2.1798945200260048472291578331497771e-05	4.0433931520297852388468519138040639e-03
2.6585410417198564425923021797357327e-03	1.3370445233667110124904104382788289e+00	2.2114699883635116242730555767952036e-05	4.0725710833229302555128856877647233e-03
2.6198438174522215897151928285673972e-03	1.3533943050458383263743906731013144e+00	2.2441364324745533990036290748334806e-05	4.1025387307625130892872802178354648e-03
2.5809634390029623104479401788094723e-03	1.3698655795078202652310790691765117e+00	2.2779440565778623025011518978215556e-05	4.1333244607090857847523283138068710e-03
2.5419069389927917487730913192982119e-03	1.3864616780338408714253219791250007e+00	2.3129461381044765495549835866620581e-05	4.1649580962882645380494461461626888e-03
2.5026814893839336717151998095382934e-03	1.4031860542556721838465038886398919e+00	2.3491992594868291704466615695317362e-05	4.1974710117642987868777689761214785e-03
2.4632944049488477672381376363814048e-03	1.4200422905604921206369917786381578e+00	2.3867635608925324394882983116596606e-05	4.2308962344095156844279896729296598e-03
2.4237531468839687452719881025763978e-03	1.4370341049192582677896655027452806e+00	2.4257030161131876601167703084066564e-05	4.2652685545755955538917410177105639e-03
2.3840653265763766680264718728894799e-03	1.4541653581729757766432080465186914e+00	2.4660857340862912759693314146917572e-05	4.3006246447498820993419916709832045e-03
2.3442387095318666634046618467139972e-03	1.4714400618144997665162797443341930e+00	2.5079842888327670639985316135536961e-05	4.3370031884668403888274473261900800e-03
2.3042812194734833546081097940952528e-03	1.4888623863071838812399647324377415e+00	2.5514760809394698086058910707156713e-05	4.3744450200427096588277362809639591e-03
2.2642009426202336035945598918015107e-03	1.5064366699857741178636602922262803e+00	2.5966437341117792657083871163459403e-05	4.4129932762119356237467610399879471e-03
2.2240061321563956850099575873710060e-03	1.5241674285895046932043654740138557e+00	2.6435755307738775229179731569787112e-05	4.4526935608689396777471974780925816e-03
2.1837052129026095556773985881013683e-03	1.5420593654824424001675819715433655e+00	2.6923658912125812424365860368978367e-05	4.4935941242603190882257719268166735e-03
2.1433067862007679248843464478683639e-03	1.5601173826218186849243687679685098e+00	2.7431159013554094022445536920366574e-05	4.5357460581331529703845207289564978e-03
2.1028196350256386051545534706148484e-03	1.5783465923414663227141206876265557e+00	2.7959338949575764554759583961605754e-05	4.5792035085276086762001457370581972e-03
2.0622527293371432624944880281112498e-03	1.5967523300246343884951849744346085e+00	2.8509360967608106175627621073584208e-05	4.6240239081098897043813535947066925e-03
2.0216152316883053321438787101750957e-03	1.6153401677485001903277102480034792e+00	2.9082473340971115904927459746982411e-05	4.6702682301787119775760716190342350e-03
1.9809165031050708197816000413249942e-03	1.6341159289917561728764578314511542e+00	2.9680018254639682320338189506036940e-05	4.7180012667496102956021706682295434e-03
1.9401661092555115914184271560363111e-03	1.6530857045068700035323936987636214e+00	3.0303440558194330712998927883050536e-05	4.7672919334319640828785080462135005e-03
1.8993738269273547079671366649989857e-03	1.6722558694701675543913218775966441e+00	3.0954297497660401253249763451786875e-05	4.8182136041701925161479119320990439e-03
1.8585496508343582670076672851928477e-03	1.6916331020359700300287393345377102e+00	3.1634269554481392905825085365915870e-05	4.8708444793308043012767019654858310e-03
1.8177038007737909677338333709756307e-03	1.7112244034358603818903204691149899e+00	3.2345172539214630862908798012759689e-05	4.9252679910900422876100907142198683e-03
1.7768467291591884276371129965469337e-03	1.7310371197810326477207647909413308e+00	3.3088971110193286909042142625706125e-05	4.9815732506236295188563709611566268e-03
1.7359891289546760464933937849642108e-03	1.7510789657449108393171771726612404e+00	3.3867793914005944460162542173377355e-05	5.0398555422336097881758100201399485e-03
1.6951419420394909420471067469917292e-03	1.7713580503251883239439129013862509e+00	3.4683950575977988024033772268458780e-05	5.1002168702830650710289037599700601e-03
1.6543163680339327982072928596021517e-03	1.7918829049095795020561442712156934e+00	3.5539950805841986055673412423724093e-05	5.1627665656663078801164994954872240e-03
1.6135238736208582143078272117379146e-03	1.8126625138984204296518751933578533e+00	3.6438525927610956419016659000666776e-05	5.2276219595425571684764233935322729e-03
1.5727762024000430966854122491996335e-03	1.8337063481704306313575420253880333e+00	3.7382653194734932025281917818762645e-05	5.2949091332324042440898426181821956e-03
1.5320853853163163430594252412035650e-03	1.8550244017162017669667255609075046e+00	3.8375583313671343680095291524948989e-05	5.3647637545516771992099806886940787e-03
1.4914637517063658786112418511840448e-03	1.8766272318082033529695511828766914e+00	3.9420871673189010769057490968610118e-05	5.4373320124769446353888570505743915e-03
1.4509239410135933584209869399123204e-03	1.8985260031273631033100552096749275e+00	4.0522413865729210975399800821861063e-05	5.5127716639501456622204036611294613e-03
1.4104789152254143682257478194621668e-03	1.9207325363258797847845850476823849e+00	4.1684486194299119914673879499759581e-05	5.5912532088971525416050747952186430e-03
1.3701419720930457771598084562556097e-03	1.9432593615754184361965744267625450e+00	4.2911791987844874888855274288620146e-05	5.6729612122309258336709376561462195e-03
1.3299267592001834285728944201563259e-03	1.9661197777311114064510118832925290e+00	4.4209514705087790373007995059972954e-05	5.7580957948263896312118491226341574e-03
1.2898472889541599634745991053900586e-03	1.9893279178371446228292314197212317e+00	4.5583378998030045633047868581762541e-05	5.8468743193055894113015628396338313e-03
1.2499179545813117475017322826958014e-03	2.0128988218119586474325946770288954e+00	4.7039721140147926756186696322464763e-05	5.9395333011007393259308315165275792e-03
1.2101535472175261168326054825044786e-03	2.0368485172836893364232057779647696e+00	4.8585570511405952293238142747437996e-05	6.0363305808481699957609438092114186e-03
1.1705692741954637569277128055434695e-03	2.0611941097036670048035119324402066e+00	5.0228744186377892821620708274946298e-05	6.1375478009330293929157858821887952e-03
1.1311807786419679563344020213649281e-03	2.0859538830528530713506631669575160e+00	5.1977957110650811691384224361567276e-05	6.2434932372377020350856829437401920e-03
1.0920041605129357345439003323314657e-03	2.1111474126795722583637679931246625e+00	5.3842950897256766286497121862660988e-05	6.3545050472086419510356174644558365e-03
1.0530559992087385978099924362195103e-03	2.1367956920749899589188941708574031e+00	5.5834644959034164231639239049309295e-05	6.4709550077101448084309326946626440e-03
1.0143533779315077437235205140285081e-03	2.1629212757157860805434857323616210e+00	5.7965314553806875180666405877592791e-05	6.5932528313757655563981042928542018e-03
9.7591390996668083482425398582674677e-04	2.1895484404944016081073390624090000e+00	6.0248801408899133818838120889992553e-05	6.7218511690702912813244884253455701e-03
9.3775576709568035402148739856655547e-04	2.2167033687326208477517076706977587e+00	6.2700763978666486016387279845493496e-05	6.8572514296424136048781779630537103e-03
8.9989771037511021349118150781480139e-04	2.2444143563552462900646356227382676e+00	6.5338976165663708824496889463755410e-05	7.0000105776980987071288913383059078e-03
8.6235912355121868112064991110006859e-04	2.2727120505144308651636004551189286e+00	6.8183685627247928049391597300543542e-05	7.1507491073965670838616157263033128e-03
8.2516004941756927747172238746537826e-04	2.3016297218370921870804215053881489e+00	7.1258045764085638124475872732862342e-05	7.3101604375780090703747768941113799e-03
7.8832122947011133815766205064538070e-04	2.3312035775637062452949094060175423e+00	7.4588639377311238739353405829111116e-05	7.4790220339748469750841139800346824e-03
7.5186414726867531351730494150181272e-04	2.3614731232170553230773250673021495e+00	7.8206117108117961421979451587050714e-05	7.6582086420253422155849963680905939e-03
7.1581107597925090824427651036625991e-04	2.3924815821641616132500275968140196e+00	8.2145980585851757181140650928107848e-05	7.8487081146084644780749993636492755e-03
6.8018513064965998912038820988391855e-04	2.4242763846204630723912934173369580e+00	8.6449549340829886000096828600120754e-05	8.0516404507040169534555175955372480e-03
6.4501032586549142889805702217190646e-04	2.4569097404361327378621456951698551e+00	9.1165162887839988613691737096449341e-05	8.2682808344565985814733990931546368e-03
6.1031163954737095322779015009138302e-04	2.4904393135959010999948346957234245e+00	9.6349686255386899009578502693149782e-05	8.5000876946872689148967940516977519e-03
5.7611508378989900724591881748761740e-04	2.5249290210244202681229532507562747e+00	1.0207041052033686421832737488835064e-04	8.7487371142605839825073636477182522e-03
5.4244778381355493760879823129111615e-04	2.5604499843919212288789815856557858e+00	1.0840747240909761569198215710334896e-04	9.0161653380375044917771382201444095e-03
5.0933806631228440685655789211049142e-04	2.5970816716830180260960922832560213e+00	1.1545696294079889547356702450661099e-04	9.3046217027213352020027564026998214e-03
4.7681555874297758671437800556539450e-04	2.6349132760687032205929816685889510e+00	1.2333496079241060793565988335645216e-04	9.6167351084679988417392853506222149e-03
4.4491130143420249600274404165341381e-04	2.6740453941786034292796320901198972e+00	1.3218282140710448535145252455531434e-04	9.9555982704393330172225377361010317e-03
4.1365787481154896838543943737199313e-04	2.7145920857709782034882023190658266e+00	1.4217419331001071952646549581974973e-04	1.0324875579997725547108575727556996e-02
3.8308954457485203900327257107524157e-04	2.7566834243601032377878628691297651e+00	1.5352444337902295563187663885860859e-04	1.0728942703888845504791640150213507e-02
3.5324242835890327197223428339255747e-04	2.8004686870796175156238412061825911e+00	1.6650349331883373515061354168980019e-04	1.1173069423480170690730551034990032e-02
3.2415468832124566752737283825288543e-04	2.8461203873011905300312165028157086e+00	1.8145356765634337460080853441054609e-04	1.1663662255393817733562248222698188e-02
2.9586675531040336938521204373482191e-04	2.8938394336905573310691730224842077e+00	1.9881414428624976792910616320427178e-04	1.2208591068302338883229030251151384e-02
2.6842159189533360371702374422166958e-04	2.9438618179083930522492636349469510e+00	2.1915768378920678644170154833514084e-04	1.2817635845909988243213540773115373e-02
2.4186500376046796907127743472479422e-04	2.9964674120800726613071468479073395e+00	2.4324185792504109046570490201296255e-04	1.3503108752215400406486967666721325e-02
2.1624601206170289001769868306617224e-04	3.0519917335429990057754482847392652e+00	2.7208768079402029484844925549189274e-04	1.4280737725427343842017691180317561e-02
1.9161730371925829884581965033088537e-04	3.1108419725223738688330568880089426e+00	3.0709948330931320793476115249766574e-04	1.5170950136635010176547715634414898e-02
1.6803578296797324880050468739994737e-04	3.1735192935533733081621688472790193e+00	3.5025471297755377371481348861955939e-04	1.6200786098584779808620412826700071e-02
1.4556325690471683178283724116403112e-04	3.2406506283190561907414016282197383e+00	4.0441468156744467418119205207310567e-04	1.7406835621371433026213266735506528e-02
1.2426730215711935771600897187111140e-04	3.3130352936071075274427630664204171e+00	4.7385408561549692174437336304977060e-04	1.8839904728571417387681777915070694e-02
1.0422238249626720596073601756212259e-04	3.3917156471652102370021291298437971e+00	5.6520693497998094928023506822828033e-04	2.0572733641676154510801915522929096e-02
8.5511324433118768394051321975595148e-05	3.4780884886654599752293857904252045e+00	6.8925484603922979167577617937107310e-04	2.2713394915542215765662144223599395e-02
6.8227321702308946036588643613378867e-05	3.5740893333607029158607603042910982e+00	8.6455075655367523285253677467044543e-04	2.5429961824844249568495721746199512e-02
5.2476755313475752079289331311167481e-05	3.6825159575561799468304247178163130e+00	1.1254309866264354422969705725947277e-03	2.8999392868016765104985765624086907e-02
3.8383340390666764415835259594732156e-05	3.8076415396497474297915568159617068e+00	1.5418581515561508419758409639588994e-03	3.3914036180004650678138924950539050e-02
2.6094584842123695617624233934363419e-05	3.9565009573384629021729653472812031e+00	2.2768014563275910834696866986961034e-03	4.1145257098934163317997692002535295e-02
1.5792655840222663625777541069405733e-05	4.1420052661300085216253158541875599e+00	3.7947267786311379812718231337415643e-03	5.2927324191149397824887853111736423e-02
7.7146496379963522609388803106889102e-06	4.3923525766451145514313144839298036e+00	7.9780823166174937640534462258131860e-03	7.5887184027537158043292710580237802e-02
2.1833697358686267362210288688821042e-06	4.7938815438413241557632368159994391e+00	3.7558847420211149446514615780019990e-02	1.4496196413291396328543348341139643e-01
0.0000000000000000000000000000000000e+00	0.0000000000000000000000000000000000e+00	2.1106826202041938404619879113886313e-05	3.7026324658948606772610076311823081e-03