2.1006828526247579155094011061848211e-06	-4.8016266228218664024148132830664283e+00	3.7453069626161226174587829345370797e-02	1.4475173410634315532680939057903916e-01
7.4247361509515076629112663458117808e-06	-4.4007012673188348574337908618769248e+00	7.9528010201380122889220733991745033e-03	7.5766076408723850820140692681234464e-02
1.5202988125996742758396411691213213e-05	-4.1507672012705882024827727375788159e+00	3.7817242980191171361269152536658074e-03	5.2836281579794607492996671196948409e-02
2.5125694012610960313765516626448593e-05	-3.9655911789186210440929477962815701e+00	2.2685025335305901881746099154964514e-03	4.1070057265177647387947332708455831e-02
3.6965300443648984221046937755954250e-05	-3.8170105554974742556946379660212576e+00	1.5359391883075455246950058333255210e-03	3.3848793330602871717441231093557944e-02
5.0546958515854634134160447140588534e-05	-3.6921309200138827757185619117692236e+00	1.1209118541797787300446098224813042e-03	2.8941056145984588174525546494474359e-02
6.5729076751860551972455245560450812e-05	-3.5839266604724058115632271852378073e+00	8.6093756228507227324802036694392178e-04	2.5376728457540261505723667495786917e-02
8.2392894808965189025733693922486402e-05	-3.4881303347499306265854768448318056e+00	6.8626820226615154229353858796169257e-04	2.2664103158105807319713992215780137e-02
1.0043628620449749570385016050410969e-04	-3.4019479870182852344410653387909068e+00	5.6267532427743365315802256586486089e-04	2.0526587047573629988498044974771691e-02
1.1976977920605451705155031149331869e-04	-3.3234467864671342932379768498104513e+00	4.7166557661946696003684535420394046e-04	1.8796331298801588262639893291039608e-02
1.4031385079116955757353166872431079e-04	-3.2512318985490776012735178575550496e+00	4.0249267681721699846357161992375000e-04	1.7365409383924146595058249072807483e-02
1.6199700317049828524727633246581038e-04	-3.1842624514796811224814668422513923e+00	3.4854476569924512351179472934013958e-04	1.6161180464351512181302375485063221e-02
1.8475434780415190013768135992336620e-04	-3.1217402820688779130996087943021981e+00	3.0556166953571955467080271876828189e-04	1.5132908662470274995620584569394394e-02
2.0852653292567540991049832416657519e-04	-3.0630393739405428768959649562679384e+00	2.7069195653482741668763872307455859e-04	1.4244054989263945641381507681718991e-02
2.3325891186535088068784258463927097e-04	-3.0076593022544155105365501374589089e+00	2.4196511211499155311986028478981596e-04	1.3467617391520864277961097643801890e-02
2.5890088517475308646239400832522732e-04	-2.9551934840105140535287345001039086e+00	2.1798180028762350231985223789560586e-04	1.2783197506424632542056246425898993e-02
2.8540537133418617833667032162040340e-04	-2.9053069071554253814539771172732680e+00	1.9772468831753551756327445202853820e-04	1.2175089919429633405957498964147946e-02
3.1272837462709038028730709992447420e-04	-2.8577201250299298571095384812298796e+00	1.8043887190329434705175906912874127e-04	1.1631000240248892006464696168533101e-02
3.4082862780356790084553341095520242e-04	-2.8121975079898688615336221748370311e+00	1.6555400737942150457706361854097499e-04	1.1141162711436047486025095324892865e-02
3.6966729324321072093585557551292884e-04	-2.7685384582690324371895280360886867e+00	1.5263226127274203989074922427262367e-04	1.0697718995484803713790441109388368e-02
3.9920771053083129661501131610187740e-04	-2.7265707317213382119346463832192834e+00	1.4133270410957558164481620731641375e-04	1.0294272028040505285810387535888571e-02
4.2941518132471968080174071038110666e-04	-2.6861452860999881523257923487783818e+00	1.3138644674586161017105554700978947e-04	9.9255598544497701557417197525402328e-03
4.6025678453074549685592931303144671e-04	-2.6471322542106245638481348120037711e+00	1.2257895478633665697974929810879325e-04	9.5872133479523245875911084322022718e-03
4.9170121635728352297595911884386328e-04	-2.6094177586428286484003182377100136e+00	1.1473725768671716045836788547544681e-04	9.2755736272949117171365158955770649e-03
5.2371865098681019727389711577195274e-04	-2.5729013648394490445633968852306039e+00	1.0772055725764522666722472606366974e-04	8.9875526547815211808364095379713409e-03
5.5628061847515683005988851003505973e-04	-2.5374940244294983433179893262986681e+00	1.0141323671624523178007898541786115e-04	8.7205255283159256462313883175912326e-03
5.8935989715761349081247428643697751e-04	-2.5031163994167755156239268736095829e+00	9.5719590865712218610575983614295255e-05	8.4722463501865470750734991505225571e-03
6.2293041835726246671200493712856023e-04	-2.4696974853409485013726311830794386e+00	9.0559807561846326498333596218626495e-05	8.2407818508931286160720357858158307e-03
6.5696718159394841728521034744050097e-04	-2.4371734714009732834916413615082874e+00	8.5866870593770027660377015351483495e-05	8.0244585356787279180969480674345012e-03
6.9144617881007581020009792740730635e-04	-2.4054867900677022634539875638049298e+00	8.1584149122866621678307171353431755e-05	7.8218202382164281195910401990002111e-03
7.2634432638227536011262960388840863e-04	-2.3745853194748118376545376290343246e+00	7.7663504303137683628276852312543763e-05	7.6315937613757653971899261557697757e-03
7.6163940389086390514499240923891038e-04	-2.3444217099340650107192218832202525e+00	7.4063789461934205087008409285118601e-05	7.4526608587819598518801563905082847e-03
7.9730999878308556378240814239570052e-04	-2.3149528120151147894467832628775435e+00	7.0749652608481887007553294910465437e-05	7.2840352296259530326477978036292415e-03
8.3333545619976063480548769710462917e-04	-2.2861391882841957555377432572666770e+00	6.7690573240686944274949904160800765e-05	7.1248435081189348464577533918911343e-03
8.6969583334456507110475694237626656e-04	-2.2579446943824502491400013569435690e+00	6.4860082230376395244585181378609311e-05	6.9743094592299689705519385322553518e-03
9.0637185786561468744900845034843539e-04	-2.2303361179115323289220717445321470e+00	6.2235125873064422304513183295385499e-05	6.8317407655779313843852560766805860e-03
9.4334488979412426141185755419755667e-04	-2.2032828657768530433331290097772280e+00	5.9795544285907069489909678357527983e-05	6.6965179218496585775171811507143392e-03
9.8059688664760854094585509794894060e-04	-2.1767566923610278182945640985524689e+00	5.7523641125340019956134174743140829e-05	6.5680848537746418931788725865332742e-03
1.0181103713577132351179216631876921e-03	-2.1507314622684024301928604524450468e+00	5.5403826704411184613644083665699661e-05	6.4459409563438848337827885165587606e-03
1.0558684027271482638182068433387129e-03	-2.1251829424758321105795401807718803e+00	5.3422320465967398915980032623539794e-05	6.3296343063176500702081130599967663e-03
1.0938545481578081015720195165584470e-03	-2.1000886196054762087429581113111516e+00	5.1566901731658205533507529081544840e-05	6.2187558513068226706328680318560675e-03
1.1320528584241797929121403648031549e-03	-2.0754275387481453821619781714336747e+00	4.9826699929480544754526780002618787e-05	6.1129344149313909228787441565780313e-03
1.1704478442935057361974932875250288e-03	-2.0511801608458882449176826638099142e+00	4.8192017272965887035274627425639442e-05	6.0118323870671273489243912981618432e-03
1.2090244548176542598854534648632072e-03	-2.0273282361171981262146124436156601e+00	4.6654178247122892231269527165445841e-05	5.9151419917249609928598820004443143e-03
1.2477680571418831557504405416435308e-03	-2.0038546913985737159934667561635224e+00	4.5205401341811578797835206693045383e-05	5.8225820439825165732023901320927500e-03
1.2866644176931734376717235359444190e-03	-1.9807435295986950413338367738156929e+00	4.3838689330981007839020286123247101e-05	5.7338951226074584065808364183522458e-03
1.3256996846259857863592671574140635e-03	-1.9579797397291730280009279516906482e+00	4.2547735077780254964471891496196647e-05	5.6488450973482047764637528293928296e-03
1.3648603714165005098213738039931533e-03	-1.9355492161989799084820425366897317e+00	4.1326840390049981198480253762487976e-05	5.5672149599146831163148417035105113e-03
1.4041333415079343313655049806749784e-03	-1.9134386862464506445796155620800965e+00	4.0170845887921007534833729451738168e-05	5.4888049158929053292185026579597435e-03
1.4435057939196267005058454726423730e-03	-1.8916356445397059924219825520312734e+00	3.9075070198044174480021656973692821e-05	5.4134307015940888946802446297255226e-03
1.4829652497414580298607210461760160e-03	-1.8701282941087454322157209098975462e+00	3.8035257074987532299708769574752688e-05	5.3409220954162622572987906440262427e-03
1.5224995394429733851905575994488839e-03	-1.8489054928845405038956357414158625e+00	3.7047529283245926937985005067524389e-05	5.2711215979185289952728761965258499e-03
1.5620967909334821244162101192461253e-03	-1.8279567052156720633602437905707413e+00	3.6108348263789201116248054404498385e-05	5.2038832586539196456387932917380942e-03
1.6017454183155091432528268631105992e-03	-1.8072719578142063664874980605225180e+00	3.5214478765499752116017386911887210e-05	5.1390716310184706135802087265277104e-03
1.6414341112793907337829635922099042e-03	-1.7868417996518920525946342009522559e+00	3.4362957750815578029606294178334377e-05	5.0765608390660250252053235283850037e-03
1.6811518250916262767560830918180619e-03	-1.7666572653872703101696098608003193e+00	3.3551066991625720334783282851501304e-05	5.0162337425021982436495888549408069e-03
1.7208877711338919232698400508926132e-03	-1.7467098419554801414696820865842003e+00	3.2776308860117480636697778381994378e-05	4.9579811879813444395215390263758658e-03
1.7606314079534591558234348508133657e-03	-1.7269914379966979528995587720040794e+00	3.2036384893170091902243428126530854e-05	4.9017013364475718490508605874879374e-03
1.8003724327891956474944737116895369e-03	-1.7074943558373458120247763867748903e+00	3.1329176770692745796321834616606727e-05	4.8472990576340953296578494899719594e-03
1.8401007735404064736133106721926122e-03	-1.6882112657713276171854974127880449e+00	3.0652729400163412882993927410889015e-05	4.7946853840047529044509645256987909e-03
1.8798065811485422681123660521020094e-03	-1.6691351824173530854777496483231947e+00	3.0005235843275838841918932965502791e-05	4.7437770174204168277036614638330288e-03
1.9194802223642936071982290162605707e-03	-1.6502594429535117152878660214384487e+00	2.9385023857456001193433044446595851e-05	4.6944958826685517521089227446256037e-03
1.9591122728748392655624946730593534e-03	-1.6315776870521893909920070915606382e+00	2.8790543856215752135690579562369272e-05	4.6467687227288483136559814243001428e-03
1.9986935107680474966279324392018944e-03	-1.6130838383576236057050962152135156e+00	2.8220358118810580446080662100398391e-05	4.6005267312803859010125008227306822e-03
2.0382149103122681374823145642951251e-03	-1.5947720873652456711208902729503793e+00	2.7673131102232028195614999049177801e-05	4.5557052185017133843286815659345813e-03
2.0776676360320201438239603596414776e-03	-1.5766368755767791640085222443055889e+00	2.7147620727828656363151687515320771e-05	4.5122433066875705187464391343663748e-03
2.1170430370613925581011799088927050e-03	-1.5586728808181250715554225950497960e+00	2.6642670531337397877896441704418842e-05	4.4700836526155812594460369682565248e-03
2.1563326417583531172762891375134349e-03	-1.5408750036185976119127715378663392e+00	2.6157202579254539036721567605757801e-05	4.4291721939522652973063786474610673e-03
2.1955281525644119996131864953899977e-03	-1.5232383545602789633095137203940684e+00	2.5690211066643843662602597558799808e-05	4.3894579172978248672175995032502795e-03
2.2346214410952312030662148223814682e-03	-1.5057582425153063079778346258493253e+00	2.5240756521969714070739403235624524e-05	4.3508926457398619304377143147212469e-03
2.2736045434488138952780435010829883e-03	-1.4884301636969369622567059021465983e+00	2.4807960553607553148676836019248539e-05	4.3134308440229611044860362187871564e-03
2.3124696557188626609407084517709259e-03	-1.4712497914573829451001707400260993e+00	2.4391001080532678147540274951783328e-05	4.2770294396485991857402321687325034e-03
2.3512091297017696707521784950531468e-03	-1.4542129667717739498651458710790352e+00	2.3989107996500572135151153500444770e-05	4.2416476584020794683979021529826586e-03
2.3898154687865032103313595939692271e-03	-1.4373156893532914895154559859620760e+00	2.3601559222954346240445053943660194e-05	4.2072468729635207008552874118691073e-03
2.4282813240173906879721215463635255e-03	-1.4205541093495986332724465218894607e+00	2.3227677111056210398208393792385194e-05	4.1737904634012472587542687744114646e-03
2.4665994903204743888238026231258551e-03	-1.4039245195752401888081905968733227e+00	2.2866825157745346873347279794126963e-05	4.1412436884707051860563225405152917e-03
2.5047629028847384023923936787122310e-03	-1.3874233482387691746547658700989436e+00	2.2518405004665513532815321954292469e-05	4.1095735667523938867077417427859725e-03
2.5427646336900782809885333651023821e-03	-1.3710471521270208507543432858612414e+00	2.2181853692259089993078981848832457e-05	4.0787487667600841372609026354600114e-03
2.5805978881744135358857553347718640e-03	-1.3547926102122525162616866145708661e+00	2.1856641144355860128652789065351671e-05	4.0487395052373661504013691717624387e-03
2.6182560020328310377184879564891216e-03	-1.3386565176508369664994574139197683e+00	2.1542267861250762789280224462633771e-05	4.0195174529376983123099833621077208e-03
2.6557324381420983471469334700211146e-03	-1.3226357801448760810445400541706883e+00	2.1238262801613222112459940638732219e-05	3.9910556472517864020541779095499972e-03
2.6930207836043031922323434619881001e-03	-1.3067274086405202577252945138274339e+00	2.0944181435642739173369342171831464e-05	3.9633284111073364215304122837102985e-03
2.7301147469037616432166203979629016e-03	-1.2909285143389672679809027159262342e+00	2.0659603953716645906845453109094161e-05	3.9363112776208793004588048493603011e-03
2.7670081551716956429536141145836280e-03	-1.2752363039980952297373556177334050e+00	2.0384133616396829199965363189885103e-05	3.9099809200302352162351283516944618e-03
2.8036949515535128087625849720824517e-03	-1.2596480755044805311395580709521623e+00	2.0117395233099179989122806309380879e-05	3.8843150864799425705292978292290832e-03
2.8401691926738299798391070640467138e-03	-1.2441612136971819306843440826449011e+00	1.9859033758005290633315183006149936e-05	3.8592925392712099470606718518238394e-03
2.8764250461946687924831738719869936e-03	-1.2287731864261537443580280119676015e+00	1.9608712992930244003735428591157861e-05	3.8348929982231731284960805181619846e-03
2.9124567884625183913294577986910776e-03	-1.2134815408294991194895079177308606e+00	1.9366114387870327326813454375878708e-05	3.8110970878239042620426150464514611e-03
2.9482588022402088343164264114302420e-03	-1.1982838998150023099615601839812015e+00	1.9130935930855039462980020637845175e-05	3.7878862878781221329739684699062403e-03
2.9838255745197702824675403052850967e-03	-1.1831779587324985462165019193398967e+00	1.8902891119531792630049514634996246e-05	3.7652428873842389413134882426662953e-03
3.0191516944126690118632563587451913e-03	-1.1681614822246621690871403660853534e+00	1.8681708007630531046649344654473651e-05	3.7431499413965560572179447468284164e-03
3.0542318511140128557329165987845849e-03	-1.1532323012447276521311328169777815e+00	1.8467128320098961922394553746609902e-05	3.7215912306493587865205593619149321e-03
3.0890608319375069843922581311109210e-03	-1.1383883102305124418304144784956229e+00	1.8258906631275845464772850655656523e-05	3.7005512237385964307137055523250099e-03
3.1236335204181169688950073171892359e-03	-1.1236274644248927716425072227096975e+00	1.8056809600987377689030179452489788e-05	3.6800150416739794873076185556994174e-03
3.1579448944795607732143111049834485e-03	-1.1089477773336005345931679377670778e+00	1.7860615263916753568753378583596990e-05	3.6599684246298671669232715515116525e-03
3.1919900246639055236166082100838462e-03	-1.0943473183118670076856999509348819e+00	1.7670112368015344546515586284402047e-05	3.6403977007374208034753081507038282e-03
3.2257640724206893857771143640500607e-03	-1.0798242102720431646366140241496081e+00	1.7485099758100690021725086720742675e-05	3.6212897567733089399805878676516795e-03
3.2592622884531243489365457348821031e-03	-1.0653766275048813926701307139400329e+00	1.7305385801126204157380547460344906e-05	3.6026320106118983106967827796422130e-03
3.2924800111190628224772562249577106e-03	-1.0510027936076740534372717230191131e+00	1.7130787849914122709875717477594085e-05	3.5844123853184676853018368640531131e-03
3.3254126648845302911576538623503054e-03	-1.0367009795129144683626335709137687e+00	1.6961131742420280840595565760321668e-05	3.5666192847706420236351335347257560e-03
3.3580557588277384001410541950357930e-03	-1.0224695016115791448395208106826453e+00	1.6796251333849937165061796330935702e-05	3.5492415707040548863160732636084279e-03
3.3904048851915982552745598051119845e-03	-1.0083067199655296227933208329729290e+00	1.6635988059170801049842565569326788e-05	3.5322685410862899795508203957627457e-03
3.4224557179828528932345415647402684e-03	-9.9421103660390113051564295844997342e-01	1.6480190523775126751405798710992398e-05	3.5156899097305017878294130355606138e-03
3.4542040116160412291321464432023140e-03	-9.8018089389868593465427635217568734e-01	1.6328714120229382690215978869581429e-05	3.4994957870668364530196583823129122e-03
3.4856455996005937216740525140989781e-03	-9.6621477301503424223662511066615595e-01	1.6181420669219519188183974424681504e-05	3.4836766619959265348271880929745400e-03
3.5167763932694428733190551332337751e-03	-9.5231119243208692891141191629162417e-01	1.6038178082953963291841062152703861e-05	3.4682233847543701012190243959092943e-03
3.5475923805476098425896852428879209e-03	-9.3846870653042419233285818765830216e-01	1.5898860049426697582150517823097529e-05	3.4531271507272734124367631296638844e-03
3.5780896247593021998872719168855061e-03	-9.2468590424246424709746754946270403e-01	1.5763345736070498585939617440810579e-05	3.4383794851476801364381479282975903e-03
3.6082642634721274956204379551042989e-03	-9.1096140776237800953535802432034869e-01	1.5631519511446840910558475914972778e-05	3.4239722286270671427822765148800896e-03
3.6381125073770930976364677154152019e-03	-8.9729387131230084213778848092069807e-01	1.5503270683725207584527796544822402e-05	3.4098975234650922228613494321798745e-03
3.6676306392031249416932787196260072e-03	-8.8368197996182218161082187355659242e-01	1.5378493254801562802742508425928416e-05	3.3961478006904639238845717333148031e-03
3.6968150126648966538851554826636329e-03	-8.7012444849791948547767958291811782e-01	1.5257085688994416221005480102552675e-05	3.3827157677881963612777992633108366e-03
3.7256620514428161608613991233234680e-03	-8.5662002034267551619287915702350236e-01	1.5138950695338023747315847386298738e-05	3.3695943970716379613167437446818621e-03
3.7541682481940696004700749565878364e-03	-8.4316746651627855797562067683416903e-01	1.5023995022566533825438932691861175e-05	3.3567769146605457124884107200361594e-03
3.7823301635936722662391891462747732e-03	-8.2976558464295466107830969148269137e-01	1.4912129265950934476055152677672079e-05	3.3442567900291366099756882340700969e-03
3.8101444254045236351031903183370775e-03	-8.1641319799762028230243052580696161e-01	1.4803267685213055201556726220682030e-05	3.3320277260905045370726161593628714e-03
3.8376077275755083983388855542620018e-03	-8.0310915459117351829779876866485702e-01	1.4697328032798142872394259629905698e-05	3.3200836497860610489132299993940701e-03
3.8647168293667279891757181500730984e-03	-7.8985232629246322298566941531304960e-01	1.4594231391840124828650421984558272e-05	3.3084187031507580285925828707795152e-03
3.8914685545009875152569878997116899e-03	-7.7664160798508831622358085817015145e-01	1.4493902023202013300451190290643400e-05	3.2970272348267931655065464563806793e-03
3.9178597903407013889711095058864121e-03	-7.6347591675728512733762196221147696e-01	1.4396267221018370014580918216543434e-05	3.2859037920002985650643250855825341e-03
3.9438874870894174239266743631584781e-03	-7.5035419112325922489901744920539061e-01	1.4301257176207679375216442029095348e-05	3.2750431127371802814883133312973643e-03
3.9695486570171938438026978457778079e-03	-7.3727539027441036879681589541057811e-01	1.4208804847460181230556995014555436e-05	3.2644401186958228671524538080422476e-03
3.9948403737090966353611822398955719e-03	-7.2423849335898544708801300361509210e-01	1.4118845839241469137408184013490988e-05	3.2540899081958079023549451092077013e-03
4.0197597713361160686087890726715273e-03	-7.1124249878877495587213517882086556e-01	1.4031318286384220187302653290344745e-05	3.2439877496231278024665538622124702e-03
4.0443040439478310956362724389782479e-03	-6.9828642357154413912705737994520646e-01	1.3946162744870017287381958980198532e-05	3.2341290751536141147044809551741202e-03
4.0684704447861788113606551980276125e-03	-6.8536930266796068959833127444752796e-01	1.3863322088430562539257772566017999e-05	3.2245094747774504328678700033355490e-03
4.0922562856197132945968788812491572e-03	-6.7249018837184725562126871980189783e-01	1.3782741410622850196398834994123484e-05	3.2151246906087107582647273941018494e-03
4.1156589360977640218734854849121717e-03	-6.5964814971264921038431888212976386e-01	1.3704367932056241581516910452401114e-05	3.2059706114648608253596631615536381e-03
4.1386758231239287297515007630585349e-03	-6.4684227187906650406690120814632053e-01	1.3628150912471018780705019695737095e-05	3.1970432677020882746967035419386607e-03
4.1613044302483591603000943598918315e-03	-6.3407165566285319819515639796995785e-01	1.3554041567388031374309461485938223e-05	3.1883388262931928013247850956291225e-03
4.1835422970783206209486840621121114e-03	-6.2133541692183971819604307970977467e-01	1.3481992989067620743395674240546017e-05	3.1798535861355743099756723406004286e-03
4.2053870187065277825067725156885959e-03	-6.0863268606128117893471738530162322e-01	1.3411960071533227998623389638676856e-05	3.1715839735776100510504648028584700e-03
4.2268362451567796825272841236641980e-03	-5.9596260753268054663409220266428963e-01	1.3343899439431072361879454280102767e-05	3.1635265381524147184164513422543295e-03
4.2478876808464365469091195633349567e-03	-5.8332433934927809120914447406915339e-01	1.3277769380512125566369631715168491e-05	3.1556779485086342591763077984702153e-03
4.2685390840652998391516517208991634e-03	-5.7071705261743873372687470740395183e-01	1.3213529781536394712024475719741677e-05	3.1480349885285380775092034709565743e-03
4.2887882664704749395955841886357992e-03	-5.5813993108320666940230910029393014e-01	1.3151142067412343501702439220291266e-05	3.1405945536242485384902220180097544e-03
4.3086330925968130892564761564669799e-03	-5.4559217069333220022727662808932104e-01	1.3090569143396205380468829525787918e-05	3.1333536472034840746856781191210830e-03
4.3280714793825457449404463834026661e-03	-5.3307297917010918490462910201632015e-01	1.3031775340187040945951975050286782e-05	3.1263093772966954230278706724541163e-03
4.3471013957097403223677806636745041e-03	-5.2058157559939303893217000295939194e-01	1.2974726361763729461430213420704836e-05	3.1194589533379460196501823710380577e-03
4.3657208619592214879946173257051111e-03	-5.0811719003119891674952141650548894e-01	1.2919389235819718504013125394439121e-05	3.1127996830923296142210931325867415e-03
4.3839279495796167320664665015355782e-03	-4.9567906309230769444991645794242178e-01	1.2865732266660340058743772777667722e-05	3.1063289697231328176320786572853665e-03
4.4017207806701989472186162682829816e-03	-4.8326644561033375127459921211504917e-01	1.2813724990435884714135289433863950e-05	3.1000443089923394935836537659033745e-03
4.4190975275772121789465303526792926e-03	-4.7087859824873341915040243028802922e-01	1.2763338132591453047414658234153898e-05	3.0939432865884394259818217575231328e-03
4.4360564125033796351378469271542371e-03	-4.5851479115225642325232391211115431e-01	1.2714543567421916212947430585498543e-05	3.0880235755758471868738880009867684e-03
4.4525957071303054686712233018004794e-03	-4.4617430360236475798631021649097824e-01	1.2667314279627154268205905123428170e-05	3.0822829339605601181546029358056589e-03
4.4687137322534938054807257588825756e-03	-4.3385642368216431103902323691440979e-01	1.2621624327769135977215156502716893e-05	3.0767192023669882361986490660187592e-03
4.4844088574297200047347442010609256e-03	-4.2156044795041423694073541425528336e-01	1.2577448809538390056735648407836487e-05	3.0713303018211749803205930130969522e-03
4.4996795006365002308909338735954225e-03	-4.0928568112419765960418268990140463e-01	1.2534763828743024893072129950246615e-05	3.0661142316358972669491898462641706e-03
4.5145241279434161111776228400803752e-03	-3.9703143576985481452991230701031933e-01	1.2493546463938709172226714023389295e-05	3.0610690673933874077182268849939935e-03
4.5289412531950615672154345667329057e-03	-3.8479703200179628546037934013328490e-01	1.2453774738622955040769250442017465e-05	3.0561929590216591470700177741890615e-03
4.5429294377053888656824273737336001e-03	-3.7258179718882960284134071169157731e-01	1.2415427592921671827494922570001747e-05	3.0514841289606463452490191523928961e-03
4.5564872899632405488131908307552677e-03	-3.6038506566764720438193631455131744e-01	1.2378484856700303717462963200771865e-05	3.0469408704145765794618688683029115e-03
4.5696134653488631988592429940338096e-03	-3.4820617846313765967896560169604055e-01	1.2342927224035949171369160347713887e-05	3.0425615456872040005202832198357028e-03
4.5823066658612079783152157502265816e-03	-3.3604448301519517642454298605214935e-01	1.2308736228990701930314403720158746e-05	3.0383445845967169477105005992517058e-03
4.5945656398558315858153137362666400e-03	-3.2389933291171477726326664836088508e-01	1.2275894222630070382669921617628375e-05	3.0342884829673168209388967293334705e-03
4.6063891817932196914526417585782762e-03	-3.1177008762747220319897552611780038e-01	1.2244384351233739889877568358501576e-05	3.0303918011946362172812460665689012e-03
4.6177761319973630794855121405801045e-03	-2.9965611226859859823441482593790372e-01	1.2214190535649156218530192650392118e-05	3.0266531628823269945285845416162824e-03
4.6287253764244246449196256880058050e-03	-2.8755677732237039486455225019912265e-01	1.2185297451741441300705581741007632e-05	3.0230712535473033210296398618698630e-03
4.6392358464413430766193483781383394e-03	-2.7547145841204458304376584805402911e-01	1.2157690511896017969988331947790400e-05	3.0196448193912714644080246871822950e-03
4.6493065186142265261472712144793529e-03	-2.6339953605647873606757236641892600e-01	1.2131355847533030035475185438152051e-05	3.0163726661363175813714450552832281e-03
4.6589364145063968206538430501279274e-03	-2.5134039543428381319748346038311791e-01	1.2106280292595209183134693772422568e-05	3.0132536579224575838326123672996192e-03
4.6681246004859518415209918115496276e-03	-2.3929342615226588667303138712975131e-01	1.2082451367973271106719318646869591e-05	3.0102867162651797296850972227744141e-03
4.6768701875427205693090810259973847e-03	-2.2725802201792057408782348692322792e-01	1.2059857266835229654380850995091284e-05	3.0074708190711313486849361016722843e-03
4.6851723311144920006211531233816130e-03	-2.1523358081575111838341209740901410e-01	1.2038486840828208685666307439680347e-05	3.0048049997102164681230958506095648e-03
4.6930302309224056841196417953162445e-03	-2.0321950408718776779825259459551317e-01	1.2018329587123415240006555800349387e-05	3.0022883461424814287720505567406658e-03
4.7004431308153980110555714905591078e-03	-1.9121519691389238638824214337309337e-01	1.1999375636276922463170256340486567e-05	2.9999200000982712365520458524289830e-03
4.7074103186236046398817026301552765e-03	-1.7922006770423809021000650973917653e-01	1.1981615740880803975283257830251544e-05	2.9976991563102407169883228577750125e-03
4.7139311260206255440633076737558757e-03	-1.6723352798275917161562330147774546e-01	1.1965041264980969998407662921216058e-05	2.9956250617959018468322008518895058e-03
4.7200049283945651560025671005256208e-03	-1.5525499218237165979379101336632493e-01	1.1949644174239786189318210978647455e-05	2.9936970151894822322263804545346896e-03
4.7256311447277659466921492699845069e-03	-1.4328387743916958397717166845878963e-01	1.1935417026823214965573830702899287e-05	2.9919143661219598719588630518280576e-03
4.7308092374851595386772261518438925e-03	-1.3131960338960636977164577828784476e-01	1.1922352964993812050043607386699720e-05	2.9902765146482263598541248730320572e-03
4.7355387125111651072502540341754874e-03	-1.1936159196987482094128989192554681e-01	1.1910445707392443559109320240588988e-05	2.9887829107204148013402541217917875e-03
4.7398191189350703894169285074268065e-03	-1.0740926721730282978147297920243553e-01	1.1899689541993066508228647897884277e-05	2.9874330537065101929681084710019105e-03
4.7436500490848360997318568697834305e-03	-9.5462055073585329043044268184758265e-02	1.1890079319716343134361145832138749e-05	2.9862264919534390766062748606788801e-03
4.7470311384092699540935303958805301e-03	-8.3519383189676056418768837013369180e-02	1.1881610448689241735376438270638882e-05	2.9851628223939121588828974674479830e-03
4.7499620654085218343204750224040065e-03	-7.1580680732165457165850072707640880e-02	1.1874278889139118391370990978403388e-05	2.9842416901963684990768287929386246e-03
4.7524425515728568949569596234305212e-03	-5.9645378190973508957084913009045554e-02	1.1868081148912079365305781139943704e-05	2.9834627884574430250758612844611341e-03
4.7544723613296686262894469196015412e-03	-4.7712907188188422143855208439546914e-02	1.1863014279606697419121114104036626e-05	2.9828258579364507402100307239000127e-03
4.7560513019986990508814126597855459e-03	-3.5782700287884054093439822400238534e-02	1.1859075873315400820120809935626323e-05	2.9823306868314512305524673260524747e-03
4.7571792237554383518324434947490259e-03	-2.3854190806750483171523723886426876e-02	1.1856264059967075418704781594867262e-05	2.9819771105965261641096748315647060e-03
4.7578560196026813161220238242729383e-03	-1.1926812625373520562497453578777748e-02	1.1854577505265621712645394653555395e-05	2.9817650117999705770530256456724736e-03
4.7580816253502230324146335919206566e-03	0.0000000000000000000000000000000000e+00	1.1854015409220394045283772295400817e-05	2.9816943200231660507826016565559452e-03
4.7578560196026813161220238242729383e-03	1.1926812625373520562497453578777748e-02	1.1854577505265621712645394653555395e-05	2.9817650117999705770530256456724736e-03
4.7571792237554383518324434947490259e-03	2.3854190806750483171523723886426876e-02	1.1856264059967075418704781594867262e-05	2.9819771105965261641096748315647060e-03
4.7560513019986990508814126597855459e-03	3.5782700287884054093439822400238534e-02	1.1859075873315400820120809935626323e-05	2.9823306868314512305524673260524747e-03
4.7544723613296686262894469196015412e-03	4.7712907188188422143855208439546914e-02	1.1863014279606697419121114104036626e-05	2.9828258579364507402100307239000127e-03
4.7524425515728568949569596234305212e-03	5.9645378190973508957084913009045554e-02	1.1868081148912079365305781139943704e-05	2.9834627884574430250758612844611341e-03
4.7499620654085218343204750224040065e-03	7.1580680732165457165850072707640880e-02	1.1874278889139118391370990978403388e-05	2.9842416901963684990768287929386246e-03
4.7470311384092699540935303958805301e-03	8.3519383189676056418768837013369180e-02	1.1881610448689241735376438270638882e-05	2.9851628223939121588828974674479830e-03
4.7436500490848360997318568697834305e-03	9.5462055073585329043044268184758265e-02	1.1890079319716343134361145832138749e-05	2.9862264919534390766062748606788801e-03
4.7398191189350703894169285074268065e-03	1.0740926721730282978147297920243553e-01	1.1899689541993066508228647897884277e-05	2.9874330537065101929681084710019105e-03
4.7355387125111651072502540341754874e-03	1.1936159196987482094128989192554681e-01	1.1910445707392443559109320240588988e-05	2.9887829107204148013402541217917875e-03
4.7308092374851595386772261518438925e-03	1.3131960338960636977164577828784476e-01	1.1922352964993812050043607386699720e-05	2.9902765146482263598541248730320572e-03
4.7256311447277659466921492699845069e-03	1.4328387743916958397717166845878963e-01	1.1935417026823214965573830702899287e-05	2.9919143661219598719588630518280576e-03
4.7200049283945651560025671005256208e-03	1.5525499218237165979379101336632493e-01	1.1949644174239786189318210978647455e-05	2.9936970151894822322263804545346896e-03
4.7139311260206255440633076737558757e-03	1.6723352798275917161562330147774546e-01	1.1965041264980969998407662921216058e-05	2.9956250617959018468322008518895058e-03
4.7074103186236046398817026301552765e-03	1.7922006770423809021000650973917653e-01	1.1981615740880803975283257830251544e-05	2.9976991563102407169883228577750125e-03
4.7004431308153980110555714905591078e-03	1.9121519691389238638824214337309337e-01	1.1999375636276922463170256340486567e-05	2.9999200000982712365520458524289830e-03
4.6930302309224056841196417953162445e-03	2.0321950408718776779825259459551317e-01	1.2018329587123415240006555800349387e-05	3.0022883461424814287720505567406658e-03
4.6851723311144920006211531233816130e-03	2.1523358081575111838341209740901410e-01	1.2038486840828208685666307439680347e-05	3.0048049997102164681230958506095648e-03
4.6768701875427205693090810259973847e-03	2.2725802201792057408782348692322792e-01	1.2059857266835229654380850995091284e-05	3.0074708190711313486849361016722843e-03
4.6681246004859518415209918115496276e-03	2.3929342615226588667303138712975131e-01	1.2082451367973271106719318646869591e-05	3.0102867162651797296850972227744141e-03
4.6589364145063968206538430501279274e-03	2.5134039543428381319748346038311791e-01	1.2106280292595209183134693772422568e-05	3.0132536579224575838326123672996192e-03
4.6493065186142265261472712144793529e-03	2.6339953605647873606757236641892600e-01	1.2131355847533030035475185438152051e-05	3.0163726661363175813714450552832281e-03
4.6392358464413430766193483781383394e-03	2.7547145841204458304376584805402911e-01	1.2157690511896017969988331947790400e-05	3.0196448193912714644080246871822950e-03
4.6287253764244246449196256880058050e-03	2.8755677732237039486455225019912265e-01	1.2185297451741441300705581741007632e-05	3.0230712535473033210296398618698630e-03
4.6177761319973630794855121405801045e-03	2.9965611226859859823441482593790372e-01	1.2214190535649156218530192650392118e-05	3.0266531628823269945285845416162824e-03
4.6063891817932196914526417585782762e-03	3.1177008762747220319897552611780038e-01	1.2244384351233739889877568358501576e-05	3.0303918011946362172812460665689012e-03
4.5945656398558315858153137362666400e-03	3.2389933291171477726326664836088508e-01	1.2275894222630070382669921617628375e-05	3.0342884829673168209388967293334705e-03
4.5823066658612079783152157502265816e-03	3.3604448301519517642454298605214935e-01	1.2308736228990701930314403720158746e-05	3.0383445845967169477105005992517058e-03
4.5696134653488631988592429940338096e-03	3.4820617846313765967896560169604055e-01	1.2342927224035949171369160347713887e-05	3.0425615456872040005202832198357028e-03
4.5564872899632405488131908307552677e-03	3.6038506566764720438193631455131744e-01	1.2378484856700303717462963200771865e-05	3.0469408704145765794618688683029115e-03
4.5429294377053888656824273737336001e-03	3.7258179718882960284134071169157731e-01	1.2415427592921671827494922570001747e-05	3.0514841289606463452490191523928961e-03
4.5289412531950615672154345667329057e-03	3.8479703200179628546037934013328490e-01	1.2453774738622955040769250442017465e-05	3.0561929590216591470700177741890615e-03
4.5145241279434161111776228400803752e-03	3.9703143576985481452991230701031933e-01	1.2493546463938709172226714023389295e-05	3.0610690673933874077182268849939935e-03
4.4996795006365002308909338735954225e-03	4.0928568112419765960418268990140463e-01	1.2534763828743024893072129950246615e-05	3.0661142316358972669491898462641706e-03
4.4844088574297200047347442010609256e-03	4.2156044795041423694073541425528336e-01	1.2577448809538390056735648407836487e-05	3.0713303018211749803205930130969522e-03
4.4687137322534938054807257588825756e-03	4.3385642368216431103902323691440979e-01	1.2621624327769135977215156502716893e-05	3.0767192023669882361986490660187592e-03
4.4525957071303054686712233018004794e-03	4.4617430360236475798631021649097824e-01	1.2667314279627154268205905123428170e-05	3.0822829339605601181546029358056589e-03
4.4360564125033796351378469271542371e-03	4.5851479115225642325232391211115431e-01	1.2714543567421916212947430585498543e-05	3.0880235755758471868738880009867684e-03
4.4190975275772121789465303526792926e-03	4.7087859824873341915040243028802922e-01	1.2763338132591453047414658234153898e-05	3.0939432865884394259818217575231328e-03
4.4017207806701989472186162682829816e-03	4.8326644561033375127459921211504917e-01	1.2813724990435884714135289433863950e-05	3.1000443089923394935836537659033745e-03
4.3839279495796167320664665015355782e-03	4.9567906309230769444991645794242178e-01	1.2865732266660340058743772777667722e-05	3.1063289697231328176320786572853665e-03
4.3657208619592214879946173257051111e-03	5.0811719003119891674952141650548894e-01	1.2919389235819718504013125394439121e-05	3.1127996830923296142210931325867415e-03
4.3471013957097403223677806636745041e-03	5.2058157559939303893217000295939194e-01	1.2974726361763729461430213420704836e-05	3.1194589533379460196501823710380577e-03
4.3280714793825457449404463834026661e-03	5.3307297917010918490462910201632015e-01	1.3031775340187040945951975050286782e-05	3.1263093772966954230278706724541163e-03
4.3086330925968130892564761564669799e-03	5.4559217069333220022727662808932104e-01	1.3090569143396205380468829525787918e-05	3.1333536472034840746856781191210830e-03
4.2887882664704749395955841886357992e-03	5.5813993108320666940230910029393014e-01	1.3151142067412343501702439220291266e-05	3.1405945536242485384902220180097544e-03
4.2685390840652998391516517208991634e-03	5.7071705261743873372687470740395183e-01	1.3213529781536394712024475719741677e-05	3.1480349885285380775092034709565743e-03
4.2478876808464365469091195633349567e-03	5.8332433934927809120914447406915339e-01	1.3277769380512125566369631715168491e-05	3.1556779485086342591763077984702153e-03
4.2268362451567796825272841236641980e-03	5.9596260753268054663409220266428963e-01	1.3343899439431072361879454280102767e-05	3.1635265381524147184164513422543295e-03
4.2053870187065277825067725156885959e-03	6.0863268606128117893471738530162322e-01	1.3411960071533227998623389638676856e-05	3.1715839735776100510504648028584700e-03
4.1835422970783206209486840621121114e-03	6.2133541692183971819604307970977467e-01	1.3481992989067620743395674240546017e-05	3.1798535861355743099756723406004286e-03
4.1613044302483591603000943598918315e-03	6.3407165566285319819515639796995785e-01	1.3554041567388031374309461485938223e-05	3.1883388262931928013247850956291225e-03
4.1386758231239287297515007630585349e-03	6.4684227187906650406690120814632053e-01	1.3628150912471018780705019695737095e-05	3.1970432677020882746967035419386607e-03
4.1156589360977640218734854849121717e-03	6.5964814971264921038431888212976386e-01	1.3704367932056241581516910452401114e-05	3.2059706114648608253596631615536381e-03
4.0922562856197132945968788812491572e-03	6.7249018837184725562126871980189783e-01	1.3782741410622850196398834994123484e-05	3.2151246906087107582647273941018494e-03
4.0684704447861788113606551980276125e-03	6.8536930266796068959833127444752796e-01	1.3863322088430562539257772566017999e-05	3.2245094747774504328678700033355490e-03
4.0443040439478310956362724389782479e-03	6.9828642357154413912705737994520646e-01	1.3946162744870017287381958980198532e-05	3.2341290751536141147044809551741202e-03
4.0197597713361160686087890726715273e-03	7.1124249878877495587213517882086556e-01	1.4031318286384220187302653290344745e-05	3.2439877496231278024665538622124702e-03
3.9948403737090966353611822398955719e-03	7.2423849335898544708801300361509210e-01	1.4118845839241469137408184013490988e-05	3.2540899081958079023549451092077013e-03
3.9695486570171938438026978457778079e-03	7.3727539027441036879681589541057811e-01	1.4208804847460181230556995014555436e-05	3.2644401186958228671524538080422476e-03
3.9438874870894174239266743631584781e-03	7.5035419112325922489901744920539061e-01	1.4301257176207679375216442029095348e-05	3.2750431127371802814883133312973643e-03
3.9178597903407013889711095058864121e-03	7.6347591675728512733762196221147696e-01	1.4396267221018370014580918216543434e-05	3.2859037920002985650643250855825341e-03
3.8914685545009875152569878997116899e-03	7.7664160798508831622358085817015145e-01	1.4493902023202013300451190290643400e-05	3.2970272348267931655065464563806793e-03
3.8647168293667279891757181500730984e-03	7.8985232629246322298566941531304960e-01	1.4594231391840124828650421984558272e-05	3.3084187031507580285925828707795152e-03
3.8376077275755083983388855542620018e-03	8.0310915459117351829779876866485702e-01	1.4697328032798142872394259629905698e-05	3.3200836497860610489132299993940701e-03
3.8101444254045236351031903183370775e-03	8.1641319799762028230243052580696161e-01	1.4803267685213055201556726220682030e-05	3.3320277260905045370726161593628714e-03
3.7823301635936722662391891462747732e-03	8.2976558464295466107830969148269137e-01	1.4912129265950934476055152677672079e-05	3.3442567900291366099756882340700969e-03
3.7541682481940696004700749565878364e-03	8.4316746651627855797562067683416903e-01	1.5023995022566533825438932691861175e-05	3.3567769146605457124884107200361594e-03
3.7256620514428161608613991233234680e-03	8.5662002034267551619287915702350236e-01	1.5138950695338023747315847386298738e-05	3.3695943970716379613167437446818621e-03
3.6968150126648966538851554826636329e-03	8.7012444849791948547767958291811782e-01	1.5257085688994416221005480102552675e-05	3.3827157677881963612777992633108366e-03
3.6676306392031249416932787196260072e-03	8.8368197996182218161082187355659242e-01	1.5378493254801562802742508425928416e-05	3.3961478006904639238845717333148031e-03
3.6381125073770930976364677154152019e-03	8.9729387131230084213778848092069807e-01	1.5503270683725207584527796544822402e-05	3.4098975234650922228613494321798745e-03
3.6082642634721274956204379551042989e-03	9.1096140776237800953535802432034869e-01	1.5631519511446840910558475914972778e-05	3.4239722286270671427822765148800896e-03
3.5780896247593021998872719168855061e-03	9.2468590424246424709746754946270403e-01	1.5763345736070498585939617440810579e-05	3.4383794851476801364381479282975903e-03
3.5475923805476098425896852428879209e-03	9.3846870653042419233285818765830216e-01	1.5898860049426697582150517823097529e-05	3.4531271507272734124367631296638844e-03
3.5167763932694428733190551332337751e-03	9.5231119243208692891141191629162417e-01	1.6038178082953963291841062152703861e-05	3.4682233847543701012190243959092943e-03
3.4856455996005937216740525140989781e-03	9.6621477301503424223662511066615595e-01	1.6181420669219519188183974424681504e-05	3.4836766619959265348271880929745400e-03
3.4542040116160412291321464432023140e-03	9.8018089389868593465427635217568734e-01	1.6328714120229382690215978869581429e-05	3.4994957870668364530196583823129122e-03
3.4224557179828528932345415647402684e-03	9.9421103660390113051564295844997342e-01	1.6480190523775126751405798710992398e-05	3.5156899097305017878294130355606138e-03
3.3904048851915982552745598051119845e-03	1.0083067199655296227933208329729290e+00	1.6635988059170801049842565569326788e-05	3.5322685410862899795508203957627457e-03
3.3580557588277384001410541950357930e-03	1.0224695016115791448395208106826453e+00	1.6796251333849937165061796330935702e-05	3.5492415707040548863160732636084279e-03
3.3254126648845302911576538623503054e-03	1.0367009795129144683626335709137687e+00	1.6961131742420280840595565760321668e-05	3.5666192847706420236351335347257560e-03
3.2924800111190628224772562249577106e-03	1.0510027936076740534372717230191131e+00	1.7130787849914122709875717477594085e-05	3.5844123853184676853018368640531131e-03
3.2592622884531243489365457348821031e-03	1.0653766275048813926701307139400329e+00	1.7305385801126204157380547460344906e-05	3.6026320106118983106967827796422130e-03
3.2257640724206893857771143640500607e-03	1.0798242102720431646366140241496081e+00	1.7485099758100690021725086720742675e-05	3.6212897567733089399805878676516795e-03
3.1919900246639055236166082100838462e-03	1.0943473183118670076856999509348819e+00	1.7670112368015344546515586284402047e-05	3.6403977007374208034753081507038282e-03
3.1579448944795607732143111049834485e-03	1.1089477773336005345931679377670778e+00	1.7860615263916753568753378583596990e-05	3.6599684246298671669232715515116525e-03
3.1236335204181169688950073171892359e-03	1.1236274644248927716425072227096975e+00	1.8056809600987377689030179452489788e-05	3.6800150416739794873076185556994174e-03
3.0890608319375069843922581311109210e-03	1.1383883102305124418304144784956229e+00	1.8258906631275845464772850655656523e-05	3.7005512237385964307137055523250099e-03
3.0542318511140128557329165987845849e-03	1.1532323012447276521311328169777815e+00	1.8467128320098961922394553746609902e-05	3.7215912306493587865205593619149321e-03
3.0191516944126690118632563587451913e-03	1.1681614822246621690871403660853534e+00	1.8681708007630531046649344654473651e-05	3.7431499413965560572179447468284164e-03
2.9838255745197702824675403052850967e-03	1.1831779587324985462165019193398967e+00	1.8902891119531792630049514634996246e-05	3.7652428873842389413134882426662953e-03
2.9482588022402088343164264114302420e-03	1.1982838998150023099615601839812015e+00	1.9130935930855039462980020637845175e-05	3.7878862878781221329739684699062403e-03
2.9124567884625183913294577986910776e-03	1.2134815408294991194895079177308606e+00	1.9366114387870327326813454375878708e-05	3.8110970878239042620426150464514611e-03
2.8764250461946687924831738719869936e-03	1.2287731864261537443580280119676015e+00	1.9608712992930244003735428591157861e-05	3.8348929982231731284960805181619846e-03
2.8401691926738299798391070640467138e-03	1.2441612136971819306843440826449011e+00	1.9859033758005290633315183006149936e-05	3.8592925392712099470606718518238394e-03
2.8036949515535128087625849720824517e-03	1.2596480755044805311395580709521623e+00	2.0117395233099179989122806309380879e-05	3.8843150864799425705292978292290832e-03
2.7670081551716956429536141145836280e-03	1.2752363039980952297373556177334050e+00	2.0384133616396829199965363189885103e-05	3.9099809200302352162351283516944618e-03
2.7301147469037616432166203979629016e-03	1.2909285143389672679809027159262342e+00	2.0659603953716645906845453109094161e-05	3.9363112776208793004588048493603011e-03
2.6930207836043031922323434619881001e-03	1.3067274086405202577252945138274339e+00	2.0944181435642739173369342171831464e-05	3.9633284111073364215304122837102985e-03
2.6557324381420983471469334700211146e-03	1.3226357801448760810445400541706883e+00	2.1238262801613222112459940638732219e-05	3.9910556472517864020541779095499972e-03
2.6182560020328310377184879564891216e-03	1.3386565176508369664994574139197683e+00	2.1542267861250762789280224462633771e-05	4.0195174529376983123099833621077208e-03
2.5805978881744135358857553347718640e-03	1.3547926102122525162616866145708661e+00	2.1856641144355860128652789065351671e-05	4.0487395052373661504013691717624387e-03
2.5427646336900782809885333651023821e-03	1.3710471521270208507543432858612414e+00	2.2181853692259089993078981848832457e-05	4.0787487667600841372609026354600114e-03
2.5047629028847384023923936787122310e-03	1.3874233482387691746547658700989436e+00	2.2518405004665513532815321954292469e-05	4.1095735667523938867077417427859725e-03
2.4665994903204743888238026231258551e-03	1.4039245195752401888081905968733227e+00	2.2866825157745346873347279794126963e-05	4.1412436884707051860563225405152917e-03
2.4282813240173906879721215463635255e-03	1.4205541093495986332724465218894607e+00	2.3227677111056210398208393792385194e-05	4.1737904634012472587542687744114646e-03
2.3898154687865032103313595939692271e-03	1.4373156893532914895154559859620760e+00	2.3601559222954346240445053943660194e-05	4.2072468729635207008552874118691073e-03
2.3512091297017696707521784950531468e-03	1.4542129667717739498651458710790352e+00	2.3989107996500572135151153500444770e-05	4.2416476584020794683979021529826586e-03
2.3124696557188626609407084517709259e-03	1.4712497914573829451001707400260993e+00	2.4391001080532678147540274951783328e-05	4.2770294396485991857402321687325034e-03
2.2736045434488138952780435010829883e-03	1.4884301636969369622567059021465983e+00	2.4807960553607553148676836019248539e-05	4.3134308440229611044860362187871564e-03
2.2346214410952312030662148223814682e-03	1.5057582425153063079778346258493253e+00	2.5240756521969714070739403235624524e-05	4.3508926457398619304377143147212469e-03
2.1955281525644119996131864953899977e-03	1.5232383545602789633095137203940684e+00	2.5690211066643843662602597558799808e-05	4.3894579172978248672175995032502795e-03
2.1563326417583531172762891375134349e-03	1.5408750036185976119127715378663392e+00	2.6157202579254539036721567605757801e-05	4.4291721939522652973063786474610673e-03
2.1170430370613925581011799088927050e-03	1.5586728808181250715554225950497960e+00	2.6642670531337397877896441704418842e-05	4.4700836526155812594460369682565248e-03
2.0776676360320201438239603596414776e-03	1.5766368755767791640085222443055889e+00	2.7147620727828656363151687515320771e-05	4.5122433066875705187464391343663748e-03
2.0382149103122681374823145642951251e-03	1.5947720873652456711208902729503793e+00	2.7673131102232028195614999049177801e-05	4.5557052185017133843286815659345813e-03
1.9986935107680474966279324392018944e-03	1.6130838383576236057050962152135156e+00	2.8220358118810580446080662100398391e-05	4.6005267312803859010125008227306822e-03
1.9591122728748392655624946730593534e-03	1.6315776870521893909920070915606382e+00	2.8790543856215752135690579562369272e-05	4.6467687227288483136559814243001428e-03
1.9194802223642936071982290162605707e-03	1.6502594429535117152878660214384487e+00	2.9385023857456001193433044446595851e-05	4.6944958826685517521089227446256037e-03
1.8798065811485422681123660521020094e-03	1.6691351824173530854777496483231947e+00	3.0005235843275838841918932965502791e-05	4.7437770174204168277036614638330288e-03
1.8401007735404064736133106721926122e-03	1.6882112657713276171854974127880449e+00	3.0652729400163412882993927410889015e-05	4.7946853840047529044509645256987909e-03
1.8003724327891956474944737116895369e-03	1.7074943558373458120247763867748903e+00	3.1329176770692745796321834616606727e-05	4.8472990576340953296578494899719594e-03
1.7606314079534591558234348508133657e-03	1.7269914379966979528995587720040794e+00	3.2036384893170091902243428126530854e-05	4.9017013364475718490508605874879374e-03
1.7208877711338919232698400508926132e-03	1.7467098419554801414696820865842003e+00	3.2776308860117480636697778381994378e-05	4.9579811879813444395215390263758658e-03
1.6811518250916262767560830918180619e-03	1.7666572653872703101696098608003193e+00	3.3551066991625720334783282851501304e-05	5.0162337425021982436495888549408069e-03
1.6414341112793907337829635922099042e-03	1.7868417996518920525946342009522559e+00	3.4362957750815578029606294178334377e-05	5.0765608390660250252053235283850037e-03
1.6017454183155091432528268631105992e-03	1.8072719578142063664874980605225180e+00	3.5214478765499752116017386911887210e-05	5.1390716310184706135802087265277104e-03
1.5620967909334821244162101192461253e-03	1.8279567052156720633602437905707413e+00	3.6108348263789201116248054404498385e-05	5.2038832586539196456387932917380942e-03
1.5224995394429733851905575994488839e-03	1.8489054928845405038956357414158625e+00	3.7047529283245926937985005067524389e-05	5.2711215979185289952728761965258499e-03
1.4829652497414580298607210461760160e-03	1.8701282941087454322157209098975462e+00	3.8035257074987532299708769574752688e-05	5.3409220954162622572987906440262427e-03
1.4435057939196267005058454726423730e-03	1.8916356445397059924219825520312734e+00	3.9075070198044174480021656973692821e-05	5.4134307015940888946802446297255226e-03
1.4041333415079343313655049806749784e-03	1.9134386862464506445796155620800965e+00	4.0170845887921007534833729451738168e-05	5.4888049158929053292185026579597435e-03
1.3648603714165005098213738039931533e-03	1.9355492161989799084820425366897317e+00	4.1326840390049981198480253762487976e-05	5.5672149599146831163148417035105113e-03
1.3256996846259857863592671574140635e-03	1.9579797397291730280009279516906482e+00	4.2547735077780254964471891496196647e-05	5.6488450973482047764637528293928296e-03
1.2866644176931734376717235359444190e-03	1.9807435295986950413338367738156929e+00	4.3838689330981007839020286123247101e-05	5.7338951226074584065808364183522458e-03
1.2477680571418831557504405416435308e-03	2.0038546913985737159934667561635224e+00	4.5205401341811578797835206693045383e-05	5.8225820439825165732023901320927500e-03
1.2090244548176542598854534648632072e-03	2.0273282361171981262146124436156601e+00	4.6654178247122892231269527165445841e-05	5.9151419917249609928598820004443143e-03
1.1704478442935057361974932875250288e-03	2.0511801608458882449176826638099142e+00	4.8192017272965887035274627425639442e-05	6.0118323870671273489243912981618432e-03
1.1320528584241797929121403648031549e-03	2.0754275387481453821619781714336747e+00	4.9826699929480544754526780002618787e-05	6.1129344149313909228787441565780313e-03
1.0938545481578081015720195165584470e-03	2.1000886196054762087429581113111516e+00	5.1566901731658205533507529081544840e-05	6.2187558513068226706328680318560675e-03
1.0558684027271482638182068433387129e-03	2.1251829424758321105795401807718803e+00	5.3422320465967398915980032623539794e-05	6.3296343063176500702081130599967663e-03
1.0181103713577132351179216631876921e-03	2.1507314622684024301928604524450468e+00	5.5403826704411184613644083665699661e-05	6.4459409563438848337827885165587606e-03
9.8059688664760854094585509794894060e-04	2.1767566923610278182945640985524689e+00	5.7523641125340019956134174743140829e-05	6.5680848537746418931788725865332742e-03
9.4334488979412426141185755419755667e-04	2.2032828657768530433331290097772280e+00	5.9795544285907069489909678357527983e-05	6.6965179218496585775171811507143392e-03
9.0637185786561468744900845034843539e-04	2.2303361179115323289220717445321470e+00	6.2235125873064422304513183295385499e-05	6.8317407655779313843852560766805860e-03
8.6969583334456507110475694237626656e-04	2.2579446943824502491400013569435690e+00	6.4860082230376395244585181378609311e-05	6.9743094592299689705519385322553518e-03
8.3333545619976063480548769710462917e-04	2.2861391882841957555377432572666770e+00	6.7690573240686944274949904160800765e-05	7.1248435081189348464577533918911343e-03
7.9730999878308556378240814239570052e-04	2.3149528120151147894467832628775435e+00	7.0749652608481887007553294910465437e-05	7.2840352296259530326477978036292415e-03
7.6163940389086390514499240923891038e-04	2.3444217099340650107192218832202525e+00	7.4063789461934205087008409285118601e-05	7.4526608587819598518801563905082847e-03
7.2634432638227536011262960388840863e-04	2.3745853194748118376545376290343246e+00	7.7663504303137683628276852312543763e-05	7.6315937613757653971899261557697757e-03
6.9144617881007581020009792740730635e-04	2.4054867900677022634539875638049298e+00	8.1584149122866621678307171353431755e-05	7.8218202382164281195910401990002111e-03
6.5696718159394841728521034744050097e-04	2.4371734714009732834916413615082874e+00	8.5866870593770027660377015351483495e-05	8.0244585356787279180969480674345012e-03
6.2293041835726246671200493712856023e-04	2.4696974853409485013726311830794386e+00	9.0559807561846326498333596218626495e-05	8.2407818508931286160720357858158307e-03
5.8935989715761349081247428643697751e-04	2.5031163994167755156239268736095829e+00	9.5719590865712218610575983614295255e-05	8.4722463501865470750734991505225571e-03
5.5628061847515683005988851003505973e-04	2.5374940244294983433179893262986681e+00	1.0141323671624523178007898541786115e-04	8.7205255283159256462313883175912326e-03
5.2371865098681019727389711577195274e-04	2.5729013648394490445633968852306039e+00	1.0772055725764522666722472606366974e-04	8.9875526547815211808364095379713409e-03
4.9170121635728352297595911884386328e-04	2.6094177586428286484003182377100136e+00	1.1473725768671716045836788547544681e-04	9.2755736272949117171365158955770649e-03
4.6025678453074549685592931303144671e-04	2.6471322542106245638481348120037711e+00	1.2257895478633665697974929810879325e-04	9.5872133479523245875911084322022718e-03
4.2941518132471968080174071038110666e-04	2.6861452860999881523257923487783818e+00	1.3138644674586161017105554700978947e-04	9.9255598544497701557417197525402328e-03
3.9920771053083129661501131610187740e-04	2.7265707317213382119346463832192834e+00	1.4133270410957558164481620731641375e-04	1.0294272028040505285810387535888571e-02
3.6966729324321072093585557551292884e-04	2.7685384582690324371895280360886867e+00	1.5263226127274203989074922427262367e-04	1.0697718995484803713790441109388368e-02
3.4082862780356790084553341095520242e-04	2.8121975079898688615336221748370311e+00	1.6555400737942150457706361854097499e-04	1.1141162711436047486025095324892865e-02
3.1272837462709038028730709992447420e-04	2.8577201250299298571095384812298796e+00	1.8043887190329434705175906912874127e-04	1.1631000240248892006464696168533101e-02
2.8540537133418617833667032162040340e-04	2.9053069071554253814539771172732680e+00	1.9772468831753551756327445202853820e-04	1.2175089919429633405957498964147946e-02
2.5890088517475308646239400832522732e-04	2.9551934840105140535287345001039086e+00	2.1798180028762350231985223789560586e-04	1.2783197506424632542056246425898993e-02
2.3325891186535088068784258463927097e-04	3.0076593022544155105365501374589089e+00	2.4196511211499155311986028478981596e-04	1.3467617391520864277961097643801890e-02
2.0852653292567540991049832416657519e-04	3.0630393739405428768959649562679384e+00	2.7069195653482741668763872307455859e-04	1.4244054989263945641381507681718991e-02
1.8475434780415190013768135992336620e-04	3.1217402820688779130996087943021981e+00	3.0556166953571955467080271876828189e-04	1.5132908662470274995620584569394394e-02
1.6199700317049828524727633246581038e-04	3.1842624514796811224814668422513923e+00	3.4854476569924512351179472934013958e-04	1.6161180464351512181302375485063221e-02
1.4031385079116955757353166872431079e-04	3.2512318985490776012735178575550496e+00	4.0249267681721699846357161992375000e-04	1.7365409383924146595058249072807483e-02
1.1976977920605451705155031149331869e-04	3.3234467864671342932379768498104513e+00	4.7166557661946696003684535420394046e-04	1.8796331298801588262639893291039608e-02
1.0043628620449749570385016050410969e-04	3.4019479870182852344410653387909068e+00	5.6267532427743365315802256586486089e-04	2.0526587047573629988498044974771691e-02
8.2392894808965189025733693922486402e-05	3.4881303347499306265854768448318056e+00	6.8626820226615154229353858796169257e-04	2.2664103158105807319713992215780137e-02
6.5729076751860551972455245560450812e-05	3.5839266604724058115632271852378073e+00	8.6093756228507227324802036694392178e-04	2.5376728457540261505723667495786917e-02
5.0546958515854634134160447140588534e-05	3.6921309200138827757185619117692236e+00	1.1209118541797787300446098224813042e-03	2.8941056145984588174525546494474359e-02
3.6965300443648984221046937755954250e-05	3.8170105554974742556946379660212576e+00	1.5359391883075455246950058333255210e-03	3.3848793330602871717441231093557944e-02
2.5125694012610960313765516626448593e-05	3.9655911789186210440929477962815701e+00	2.2685025335305901881746099154964514e-03	4.1070057265177647387947332708455831e-02
1.5202988125996742758396411691213213e-05	4.1507672012705882024827727375788159e+00	3.7817242980191171361269152536658074e-03	5.2836281579794607492996671196948409e-02
7.4247361509515076629112663458117808e-06	4.4007012673188348574337908618769248e+00	7.9528010201380122889220733991745033e-03	7.5766076408723850820140692681234464e-02
2.1006828526247579155094011061848211e-06	4.8016266228218664024148132830664283e+00	3.7453069626161226174587829345370797e-02	1.4475173410634315532680939057903916e-01
0.0000000000000000000000000000000000e+00	0.0000000000000000000000000000000000e+00	2.0530967357619313117917032632289082e-05	3.6517733050263376952996929463598708e-03