1.9769708178257997379916174054583396e-06	-4.8137797062963964288846683952018936e+00	3.7287957726156997384443416430558007e-02	1.4442302890191718464339030605980648e-01
6.9907888746131971409803768146628004e-06	-4.4137979451806473486093682727569670e+00	7.9133724143268629755183538489204965e-03	7.5576819004205185843485558651036556e-02
1.4320034629548723017744319445602603e-05	-4.1645095362164814627829514007638297e+00	3.7614584746782317490700032056949862e-03	5.2694071321888042258053012311086209e-02
2.3674430547319265957188555176993838e-05	-3.9798462118897511955376953606957339e+00	2.2555746162615997638813184788712968e-03	4.0952639011240704246081051902861991e-02
3.4840653444549975574020525625105538e-05	-3.8317008320788948630952315010292110e+00	1.5267230635378268035479530897276180e-03	3.3746956943332737708375602987728633e-02
4.7654768622004913859431154134288048e-05	-3.7072050331784394520039516652412546e+00	1.1138783377928653023949719764411783e-03	2.8850027752047913136601302921369642e-02
6.1984009091124334228792661675147558e-05	-3.5993477025218671703987086936170516e+00	8.5531625315891744567176082359658267e-04	2.5293687240347446452147640731916304e-02
7.7717005412862959129443766553247865e-05	-3.5038703738840827932074302980166268e+00	6.8162337970583581009310287763282467e-04	2.2587231391266005596812388832675603e-02
9.4757978070300395524591708466155585e-05	-3.4179850692904816092490081354760700e+00	5.5873954431370834795153884658060957e-04	2.0454638616712717071917746175396713e-02
1.1302300839311164533637639836663069e-04	-3.3397631580573759364075615977513854e+00	4.6826433510223700836850540037935384e-04	1.8728411292851907062701271201574950e-02
1.3243750247796372049716931845990370e-04	-3.2678128801727472256548591589438953e+00	3.9950657423533246933915493206732351e-04	1.7300851381785432994956005485491902e-02
1.5293438847491001379349404902939673e-04	-3.2010956886152561469054579879734827e+00	3.4588894291635954945833622935272261e-04	1.6099473547055734269736290559489785e-02
1.7445278947478245178431067807834907e-04	-3.1388152248991982079843126396483380e+00	3.0317391057779263352937834463451723e-04	1.5073651664612392145393968371712627e-02
1.9693701832447434907060395818990293e-04	-3.0803469045036223611751469141648365e+00	2.6852544795813454262357887061018764e-04	1.4186926573857877124068573645106224e-02
2.2033579811848055118915781159700517e-04	-3.0251914596722125470623311262001697e+00	2.3998384746884180813593054188714600e-04	1.3412355769151433968403040093774462e-02
2.4460164557916407830371112068784470e-04	-2.9729432572241839079684854011819501e+00	2.1615755835843464172867778789562020e-04	1.2729586273048016784870260546956256e-02
2.6969037494841829194086466321810380e-04	-2.9232680754286485199248055759560909e+00	1.9603498520319643414873433029516285e-04	1.2122947910303269172898543698813364e-02
2.9556069294819191383495043253456558e-04	-2.8758871330681606431329832637607935e+00	1.7886553630153035558266075877581007e-04	1.1580174098099168146542276686435879e-02
3.2217386383738139354673144656857053e-04	-2.8305653666700018259591974836777271e+00	1.6408216652805421786505116923582687e-04	1.1091521336158578862470710557144847e-02
3.4949342929809085141603596471573086e-04	-2.7871026646649370409805659029960972e+00	1.5124960449321818052440600012886302e-04	1.0649149327505259570792149084429079e-02
3.7748497182361109794963318794853111e-04	-2.7453272039039000578820835777121862e+00	1.4002893830476024870361104190506972e-04	1.0246675795796780910984017249882097e-02
4.0611591306019423036549285774660554e-04	-2.7050903094135280690258503092349937e+00	1.3015288732833128629530836027275448e-04	9.8788510311879314711872884447664653e-03
4.3535534055439949794777372826815169e-04	-2.6662624365795617531191896755217801e+00	1.2140821389776064151394809177469469e-04	9.5413161386478049756965219650551080e-03
4.6517385782139006626187892259702432e-04	-2.6287299930670499652310655654631693e+00	1.1362300345595969209822550619359355e-04	9.2304208574401200308807732691440490e-03
4.9554345373754910945516579610375363e-04	-2.5923927976731538285861639323845732e+00	1.0665732569934325376904598574361913e-04	8.9430844677566512086088734582340911e-03
5.2643738808098847942161106516323363e-04	-2.5571620283579801828897531796073677e+00	1.0039628316366282778355902791371217e-04	8.6766883225060596243426172843801411e-03
5.5783009066979273776816052986586590e-04	-2.5229585502831161593187911969689121e+00	9.4744771461442882669546947202361023e-05	8.4289919043710302470541044674287335e-03
5.8969707203163324835012596226016805e-04	-2.4897115421533085223675432702874861e+00	8.9623483860359297970430021232980213e-05	8.1980665989470233512618489198817866e-03
6.2201484391612650370476202871713045e-04	-2.4573573589872003369966651029435142e+00	8.4965832120321002555081306996057331e-05	7.9822429607671288218745948163351443e-03
6.5476084825915679637023096286654618e-04	-2.4258385839486453207871165255926898e+00	8.0715550017762742037088304469358505e-05	7.7800683634227096015907455818198160e-03
6.8791339344537260076726523962646790e-04	-2.3951032326090627723068501863519488e+00	7.6824811113532796249108569640807456e-05	7.5902727187619091292085533381057566e-03
7.2145159690522290242707845331699758e-04	-2.3651040810506318821480343304456280e+00	7.3252737829305717413769718727469654e-05	7.4117405227023422534753911615825206e-03
7.5535533323667333046831556992802307e-04	-2.3357980953009793337899691861824577e+00	6.9964211109720499188506410491563083e-05	7.2434879030349713065942256928657812e-03
7.8960518716699984602187208434681446e-04	-2.3071459442339270987464103414823113e+00	6.6928913023437819594932844529090808e-05	7.0846436528619933495012388687575286e-03
8.2418241077278181226658894467680013e-04	-2.2791115816493505344258662178151816e+00	6.4120551373317421130089630219292334e-05	6.9344334630552527848900858999528428e-03
8.5906888446099636099518128514167087e-04	-2.2516618860259167280643931831226310e+00	6.1516227623588240044141628764066899e-05	6.7921667399756940494886263969565110e-03
8.9424708128450394768355273750149216e-04	-2.2247663486183358785874102842108756e+00	5.9095918498673228782815639399208628e-05	6.6572255259065482109874745176381671e-03
9.2970003422398152789209349733381736e-04	-2.1983968022891078803571427733689649e+00	5.6842048358044901601748066544944487e-05	6.5290551400897198334708034551610696e-03
9.6541130611768246202381234546288580e-04	-2.1725271848299928412168291967703685e+00	5.4739134531146891762966839920018034e-05	6.4071562357404768222928337723525869e-03
1.0013649619620046130104389961115467e-03	-2.1471333316202685528984976471606498e+00	5.2773491650541515448802295806029768e-05	6.2910780286387694431961852363169376e-03
1.0375455433411034432856507251157060e-03	-2.1221927933474358345325386060350303e+00	5.0932983968312461734038823069155499e-05	6.1804125000303452167168629801467525e-03
1.0739380447737963683914310819635140e-03	-2.0976846752271906279630775376220134e+00	4.9206816910397119346259573850152430e-05	6.0747894137064634843787981200786194e-03
1.1105278917916563399582530107847690e-03	-2.0735894947383112280211969751645873e+00	4.7585360883674025610123803439927383e-05	5.9738720165724585607680327555154793e-03
1.1473009205842070318048248364107915e-03	-2.0498890553617185737900575435340940e+00	4.6060001724616767245454684320218137e-05	5.8773533154958876510338376775919733e-03
1.1842433590660965842563717188196413e-03	-2.0265663342024260748424366704786463e+00	4.4623013257551600350156268619012856e-05	5.7849528420574004836625851809783979e-03
1.2213418092375231556758096473910006e-03	-2.0036053816948815143339066170478015e+00	4.3267448283279386571399170939102982e-05	5.6964138320131820949223661324012471e-03
1.2585832307234101277998289314554933e-03	-1.9809912318592828515192533419232558e+00	4.1987044996381188875446246239599394e-05	5.6115007585857404971422800111953051e-03
1.2959549253892098513527310800365751e-03	-1.9587098217990823435212710630319755e+00	4.0776146370797930315742715074874249e-05	5.5299971687240345277481660258641446e-03
1.3334445229420249944110321069831357e-03	-1.9367479193162427081505381471239138e+00	3.9629630487890332058198903804653917e-05	5.4517037796762669206224315215471530e-03
1.3710399674352034358267918256245226e-03	-1.9150930576774040169399580427492196e+00	3.8542850131872655227811948271939640e-05	5.3764367999601334951711629612424715e-03
1.4087295046028768997902148930408925e-03	-1.8937334766962083773753005152712323e+00	3.7511580261806546771386216641709821e-05	5.3040264443797172981775614394535851e-03
1.4465016699582355226046526447718357e-03	-1.8726580694088492318534842968999836e+00	3.6531972200844078486716681366209154e-05	5.2343156173498014790231622695694279e-03
1.4843452775957956543034588967453196e-03	-1.8518563337149013934001126762408495e+00	3.5600513572734989407472780296755330e-05	5.1671587426252422970940796773982426e-03
1.5222494096436411059005613369374805e-03	-1.8313183284364481413536499596476037e+00	3.4713993171084784193739864229092687e-05	5.1024207207373120475902925269889825e-03
1.5602034063166962340098466108933140e-03	-1.8110346333177449344267280338831834e+00	3.3869470075026705650158735598292158e-05	5.0399759981245225818085546698932726e-03
1.5981968565266058297393635687502579e-03	-1.7909963125470285282175859547573525e+00	3.3064246431045590622033115409417923e-05	4.9797077342041135709728654809040214e-03
1.6362195890078228493357653394220153e-03	-1.7711948814331483212002682778609094e+00	3.2295843408797087795231817927317938e-05	4.9215070545363209009150584682884511e-03
1.6742616639231015911247194582298692e-03	-1.7516222759137488935714356871495569e+00	3.1561979912203181181253713241674563e-05	4.8652723798469644305429989247152784e-03
1.7123133649148134732960658981201171e-03	-1.7322708246098366107681678077054413e+00	3.0860553688523702846248531071377486e-05	4.8109088220439110743959287691760467e-03
1.7503651915713903854723413601611424e-03	-1.7131332231746087669882136791101615e+00	3.0189624529638140592918856418825959e-05	4.7583276395297543726958807547453309e-03
1.7884078522807958505891992037003623e-03	-1.6942025107131552812999824347085331e+00	2.9547399303149264111949290881420256e-05	4.7074457451095984913204554299551435e-03
1.8264322574452609219011057498396995e-03	-1.6754720480746848143334457687405012e+00	2.8932218587541986105830756800502763e-05	4.6581852606463329847367011450813934e-03
1.8644295130336293978420186358067687e-03	-1.6569354978408047929962839562795203e+00	2.8342544716640103618846377775248049e-05	4.6104731133487184025190409039460976e-03
1.9023909144495613158026259012330770e-03	-1.6385868058525417139957994606050265e+00	2.7776951064934671504697871120743307e-05	4.5642406692086249356077839038277464e-03
1.9403079406955672805610801617294803e-03	-1.6204201841355996531840515939064589e+00	2.7234112427777691782978520445143888e-05	4.5194233996484007383100112690241258e-03
1.9781722488144086906652005389595016e-03	-1.6024300950981397914933352083259330e+00	2.6712796369575050541980294760027512e-05	4.4759605779105526771983911348316185e-03
2.0159756685908176294221658126603683e-03	-1.5846112368883931862533096357134313e+00	2.6211855429494821170133437317484815e-05	4.4337950021305505026909076231993980e-03
2.0537101974977802831852541956744706e-03	-1.5669585298109243927986463853694014e+00	2.5730220088263383910183945072446477e-05	4.3928727423887265808578221405499259e-03
2.0913679958728026281223740159563529e-03	-1.5494671037105428489906036704565955e+00	2.5266892411711475868967581873616467e-05	4.3531429093466085911612033268309069e-03
2.1289413823106486084167192988920739e-03	-1.5321322862418819455707565449121824e+00	2.4820940297154657765154259964021252e-05	4.3145574423430684891549702562292178e-03
2.1664228292600195694829511822810234e-03	-1.5149495919506783481890439351156652e+00	2.4391492257697988032318866290692751e-05	4.2770709150618796280850836365194377e-03
2.2038049588125385744567911480214487e-03	-1.4979147120999121369750433644306607e+00	2.3977732687352645019537620388052695e-05	4.2406403570892972879305538760676303e-03
2.2410805386732226459622967002145921e-03	-1.4810235051803202439718003322015647e+00	2.3578897556619060872687382293259190e-05	4.2052250898620733544782939879396301e-03
2.2782424783023772523644298592950188e-03	-1.4642719880504654341017662694809987e+00	2.3194270494075294085282459416080541e-05	4.1707865756662579639362912149595663e-03
2.3152838252195370139482414602977996e-03	-1.4476563276566121466632448751229062e+00	2.2823179214636265081883224713488707e-05	4.1372882784881135916869516258662037e-03
2.3521977614607104532756045407792438e-03	-1.4311728332871996674797529743036797e+00	2.2464992259625272304265287365556793e-05	4.1046955356429407047190679537363051e-03
2.3889776001807698508050896560070448e-03	-1.4148179493207739550254251660257527e+00	2.2119116017713986455216648167941447e-05	4.0729754392177094133408105424099686e-03
2.4256167823933645420046888575042120e-03	-1.3985882484298957458860954022522129e+00	2.1784991999217516453509269057087784e-05	4.0420967264609329127040446858865477e-03
2.4621088738412314742569669422184965e-03	-1.3824804252068312877431576509108858e+00	2.1462094339242475093144969261792797e-05	4.0120296783397785705863470423919569e-03
2.4984475619902342731868958814802288e-03	-1.3664912901797943159618713131784941e+00	2.1149927507834051079123026026885109e-05	3.9827460255613497170957079989015544e-03
2.5346266531408848130896782278863776e-03	-1.3506177641911797711794948742970745e+00	2.0848024207600692696382944817061759e-05	3.9542188614235611746364334190838326e-03
2.5706400696514923738487939356619258e-03	-1.3348568731116429385841414204594855e+00	2.0555943441353111907812001727312831e-05	3.9264225609220937353904450307232426e-03
2.6064818472674476277173684138026429e-03	-1.3192057428660600622236577571795522e+00	2.0273268734113156082471148778358646e-05	3.8993327055944327057807910569070734e-03
2.6421461325514843984918368136219472e-03	-1.3036615947493826319979718721321454e+00	1.9999606495458009723894209591462476e-05	3.8729260136307439651469373681903156e-03
2.6776271804100736008625458337993519e-03	-1.2882217410121891604833833214011313e+00	1.9734584509592362186499522483984077e-05	3.8471802748249895996450222083482139e-03
2.7129193517113930153482047632830311e-03	-1.2728835806973645530627254556812916e+00	1.9477850541808243136249134549542920e-05	3.8220742899788208112377650024269912e-03
2.7480171109905854111643727819078214e-03	-1.2576445957108151242279636416159230e+00	1.9229071051118787265547125579430424e-05	3.7975878144059217164266586526395684e-03
2.7829150242382676530396107937259982e-03	-1.2425023471104719996222925844469285e+00	1.8987929999855249506955155246135572e-05	3.7737015052160635391729209798820714e-03
2.8176077567684863237136754719645391e-03	-1.2274544715990604562961320631287380e+00	1.8754127751910930977298088040391676e-05	3.7503968720865592106568148148576510e-03
2.8520900711625324304166432646016926e-03	-1.2124986782072296015140693916363182e+00	1.8527380052114159779293288657816052e-05	3.7276562312544303812292561838776295e-03
2.8863568252852301870454865372423431e-03	-1.1976327451546562800789037314569449e+00	1.8307417079926317752010443168819708e-05	3.7054626624857176625055194007202466e-03
2.9204029703705038095052486263461131e-03	-1.1828545168776686914470854432418238e+00	1.8093982571299911575314869029317942e-05	3.6837999687992497254907552260544115e-03
2.9542235491732027656214207977722802e-03	-1.1681619012127873390073308916652865e+00	1.7886833003104424039589346263981047e-05	3.6626526387410753252586143728718699e-03
2.9878136941843309291135700146278789e-03	-1.1535528667263611789943855659328891e+00	1.7685736835041656247316291797683587e-05	3.6420058110228645023341826534821124e-03
3.0211686259069794640827928780748374e-03	-1.1390254401811919489901344242913443e+00	1.7490473804434070686891914328029939e-05	3.6218452413530871300012370646862323e-03
3.0542836511904078035817602466862577e-03	-1.1245777041316956985874635992175006e+00	1.7300834269685055763824556779630572e-05	3.6021572713038435315845182799963225e-03
3.0871541616198525078648889846551088e-03	-1.1102077946397529588056124081881872e+00	1.7116618598584146610113780619762172e-05	3.5829287990689994592866712617993435e-03
3.1197756319597707593240181070339752e-03	-1.0959138991039526614276470656997684e+00	1.6937636597967541559657608105015127e-05	3.5641472519808964119606742443919039e-03
3.1521436186483443816591480433859509e-03	-1.0816942541954442527502748005675201e+00	1.6763706981548707310762261978249302e-05	3.5458005606634838626358653614340370e-03
3.1842537583411821205772393486409775e-03	-1.0675471438940813992124429251407630e+00	1.6594656873008966033475690891774411e-05	3.5278771347093556438307412129314924e-03
3.2161017665022630071328035654849675e-03	-1.0534708976189728260664670476205815e+00	1.6430321341686798635333305859709401e-05	3.5103658397769605481225959585681884e-03
3.2476834360402624164747821332453017e-03	-1.0394638884479543877246215157419018e+00	1.6270542968429920810268614216561968e-05	3.4932559760122793615429369250655850e-03
3.2789946359884953705309258408671041e-03	-1.0255245314208643516774535187158587e+00	1.6115171439378423126141624198908052e-05	3.4765372577065905817729127613218362e-03
3.3100313102267991151632951299988768e-03	-1.0116512819218437206655519686786758e+00	1.5964063165632571757869136301506564e-05	3.4601997941086508051105001247437275e-03
3.3407894762437594015009932377226518e-03	-9.9784263413619760453606145769938857e-01	1.5817080926927161589206760525778740e-05	3.4442340713157521909967127712556216e-03
3.3712652239377625599426851369164776e-03	-9.8409711957764434482234733784977414e-01	1.5674093537587306452710911121231481e-05	3.4286309351737414638616831798783434e-03
3.4014547144554286901138723219203427e-03	-9.7041330568204825175788369840435867e-01	1.5534975533179764475290699110658670e-05	3.4133815751212401344711912618652563e-03
3.4313541790660503934115550512200907e-03	-9.5678979446398121502946452869777920e-01	1.5399606876400687903112325342966372e-05	3.3984775089180367674318072849619786e-03
3.4609599180707267173813546817135023e-03	-9.4322522123268971369811874041370480e-01	1.5267872680856269340356670930547449e-05	3.3839105682019676671594463840637205e-03
3.4902682997449436137371038251949389e-03	-9.2971825336425834886634332385476135e-01	1.5139662951498214574251265615923217e-05	3.3696728848225969708871390223491350e-03
3.5192757593134104666676790333096610e-03	-9.1626758912696029463568301078295647e-01	1.5014872340572276809080208509492265e-05	3.3557568779036820921748390828460844e-03
3.5479787979560173406289983507523743e-03	-9.0287195655697022962261758597281971e-01	1.4893399918026107993603317766689328e-05	3.3421552415897939796116222793161682e-03
3.5763739818438297270369477948599797e-03	-8.8953011238178748638615169604728185e-01	1.4775148955403200161368737594577378e-05	3.3288609334355792504064530473406306e-03
3.6044579412040869228483714665655156e-03	-8.7624084098887735612906237439331790e-01	1.4660026722323403782300902032328321e-05	3.3158671633990259982872323846607228e-03
3.6322273694132169235083102573807458e-03	-8.6300295343718763971594538658572349e-01	1.4547944294718050591050156175592351e-05	3.3031673834027478459797046078885858e-03
3.6596790221169250186312941054234137e-03	-8.4981528650933649262127419680618813e-01	1.4438816374049641564810727549615195e-05	3.2907552774297505403622489460213534e-03
3.6868097163764552904098534276695809e-03	-8.3667670180239714799640107941850303e-01	1.4332561116802896661499132057684026e-05	3.2786247521224092377490672046566129e-03
3.7136163298401640711641368590559237e-03	-8.2358608485532593032435931272273056e-01	1.4229099973586161269251866011988489e-05	3.2667699278554781784245639802705250e-03
3.7400957999395822472351075463834871e-03	-8.1054234431119274440662831860687735e-01	1.4128357537230139759303276112755104e-05	3.2551851302558918588150514588085113e-03
3.7662451231091792223891859458521456e-03	-7.9754441111247853899302719597502081e-01	1.4030261399315053543659312600625841e-05	3.2438648821439109475872112574171244e-03
3.7920613540290754877526664347114825e-03	-7.8459123772780265040448765070254851e-01	1.3934742014597938057020259767371877e-05	3.2328038958718287715385257226170600e-03
3.8175416048899831922450358254949448e-03	-7.7168179740853493347294107558870588e-01	1.3841732572849206257453391190188147e-05	3.2219970660379958862912927752199251e-03
3.8426830446796849658113480183728248e-03	-7.5881508347383364875531755087100274e-01	1.3751168877642092748865803383825634e-05	3.2114394625553507693314682512417067e-03
3.8674828984903906093215099776835157e-03	-7.4599010862273062284112283293008695e-01	1.3662989231670403629844289601192227e-05	3.2011263240549728991168754216175875e-03
3.8919384468463392157121371181909828e-03	-7.3320590427196062533365737374331820e-01	1.3577134328199360442547745656571603e-05	3.1910530516064085117501921271659783e-03
3.9160470250510409071774926124132848e-03	-7.2046151991830257344925485077246108e-01	1.3493547148281448868952151454719016e-05	3.1812152027376665545655626814439596e-03
3.9398060225535777382304210784252574e-03	-7.0775602252426641655343215438712211e-01	1.3412172863394251893888759241725071e-05	3.1716084857388495484682679933402883e-03
3.9632128823334074947566285809599854e-03	-6.9508849592602167586020504117377475e-01	1.3332958743180433747681253283696443e-05	3.1622287542343774175113734019741001e-03
3.9862651003031371808623633094801746e-03	-6.8245804026252190279155173321786047e-01	1.3255854067991500380697228993576129e-05	3.1530720020096875124876413220314265e-03
4.0089602247287549903458057342691364e-03	-6.6986377142483403525689982993550737e-01	1.3180810045956835932810124346501385e-05	3.1441343580791562384950486349021413e-03
4.0312958556668305661659364263279238e-03	-6.5730482052473301660364227816791190e-01	1.3107779734317931509617130038233849e-05	3.1354120819827916565372438223850254e-03
4.0532696444182134139445718855920288e-03	-6.4478033338167032119775626918131239e-01	1.3036717964784800076403288239725701e-05	3.1269015592999965359422105696330999e-03
4.0748792929977785056135565060222572e-03	-6.3228947002727041075756833333444759e-01	1.2967581272687416667270062725270567e-05	3.1185992973694016001701664861972237e-03
4.0961225536197864350228799053444666e-03	-6.1983140422655181853698088848774920e-01	1.2900327829709734312207538951109795e-05	3.1105019212044228203505582028646090e-03
4.1169972281984430139966163021516615e-03	-6.0740532301510970194839036441395658e-01	1.2834917380007492607291328141716264e-05	3.1026061695948079587115797222578464e-03
4.1375011678632599676226502313896283e-03	-5.9501042625153448293366732243910568e-01	1.2771311179523739541547455398164568e-05	3.0949088913850092671480320806021123e-03
4.1576322724888344416501460352886970e-03	-5.8264592618437676206517209265173840e-01	1.2709471938327802954339284224848215e-05	3.0874070419207541763787093238735328e-03
4.1773884902386804105735191442583047e-03	-5.7031104703300218869252504160172164e-01	1.2649363765814444428901741922334469e-05	3.0800976796556866143302300988795209e-03
4.1967678171227598079524600043002175e-03	-5.5800502458171152698735894182497653e-01	1.2590952118610168397923750162996984e-05	3.0729779629104207077572997803367123e-03
4.2157682965683753243681080140790684e-03	-5.4572710578653089864882748127318293e-01	1.2534203751043200398533451601286458e-05	3.0660451467767882988020359188689925e-03
4.2343880190041003648571343337924536e-03	-5.3347654839410522084085317106497828e-01	1.2479086668042543672972165193002149e-05	3.0592965801604740252353704486006903e-03
4.2526251214564346566308103708692133e-03	-5.2125262057215429817671505919992255e-01	1.2425570080339821250642488351323084e-05	3.0527297029556185879583291428957519e-03
4.2704777871588864776437103563794275e-03	-5.0905460055097596840882143237856086e-01	1.2373624361855355909502463603002172e-05	3.0463420433453340350507695466199588e-03
4.2879442451731944638380221932002992e-03	-4.9688177627550423426198515256373415e-01	1.2323221009157174048312496679974287e-05	3.0401312152224160679887978145819521e-03
4.3050227700224134729083636387827753e-03	-4.8473344506745252359815048799707665e-01	1.2274332602888379274280041548090395e-05	3.0340949157248590399933126041844667e-03
4.3217116813356000590973055791822156e-03	-4.7260891329709318600963059518028459e-01	1.2226932771064662195996479525229031e-05	3.0282309228810808738400540869439096e-03
4.3380093435038437694534980078918751e-03	-4.6050749606424412978705699034821875e-01	1.2180996154149626544866732017585487e-05	3.0225370933600488786365252948482611e-03
4.3539141653474007285740487852176860e-03	-4.4842851688805219776416021553939623e-01	1.2136498371821147862504640182409098e-05	3.0170113603217645989282242705943235e-03
4.3694245997936958563989978215545768e-03	-4.3637130740518053792122149038700400e-01	1.2093415991347166830284140235053401e-05	3.0116517313638175046204654103094581e-03
4.3845391435659695813634905946764214e-03	-4.2433520707602390463483200499860044e-01	1.2051726497494180028121694547264342e-05	3.0064562865599545658502747933645162e-03
4.3992563368823540873898928464354565e-03	-4.1231956289859158488930816575370577e-01	1.2011408263896249720917198776770018e-05	3.0014231765868365184175324939151611e-03
4.4135747631651729851382324082287432e-03	-4.0032372912971253268807029024653764e-01	1.1972440525816632652334156993765158e-05	2.9965506209353628098665333996779845e-03
4.4274930487602668420801350651602313e-03	-3.8834706701323136293391557081954626e-01	1.1934803354238145633640185038815782e-05	2.9918369062031466582037379697141475e-03
4.4410098626661552579539771708707389e-03	-3.7638894451487714857801747696856777e-01	1.1898477631222161327909427351030179e-05	2.9872803844649101310759835718156066e-03
4.4541239162728541468665545903940404e-03	-3.6444873606349952426380653305334962e-01	1.1863445026479678067380596551783394e-05	2.9828794717177473861704739962914885e-03
4.4668339631101745988794634316023125e-03	-3.5252582229837846561639835356861918e-01	1.1829687975101248578336228249617812e-05	2.9786326463983728775408006842690487e-03
4.4791387986053371558319674804415376e-03	-3.4061958982232532275058465534018764e-01	1.1797189656395698753085137763256410e-05	2.9745384479696310559662298124025348e-03
4.4910372598497425612481191671592560e-03	-3.2872943096030327406183381852683571e-01	1.1765933973790532680365892078126314e-05	2.9705954755736954608040927885984133e-03
4.5025282253747470447011747031944176e-03	-3.1685474352330536422941436334292750e-01	1.1735905535749716634962424556288201e-05	2.9668023867495286638323806207486249e-03
4.5136106149362969886513455341870122e-03	-3.0499493057723772878472484880142274e-01	1.1707089637667174356974496230244710e-05	2.9631578962123107942379765627489237e-03
4.5242833893082844116979426903738000e-03	-2.9314940021656451478681614631009132e-01	1.1679472244696819626062265406510406e-05	2.9596607746926738270471591757341002e-03
4.5345455500844910970663685514644231e-03	-2.8131756534247940945330224611104009e-01	1.1653039975482310009219351907931508e-05	2.9563098478337019032185286418202786e-03
4.5443961394889954091950208288948461e-03	-2.6949884344537661063502582590137817e-01	1.1627780086751937193559099277729233e-05	2.9531039951437750883804088174580268e-03
4.5538342401949218842749172899905718e-03	-2.5769265639140153778651821379543754e-01	1.1603680458746183333002182266369360e-05	2.9500421490034455627500066376351036e-03
4.5628589751514195618977596799291765e-03	-2.4589843021286861103427961091765672e-01	1.1580729581447477578651164005666805e-05	2.9471232937246416369549172708118692e-03
4.5714695074187607535778966444984187e-03	-2.3411559490234003911003191200461700e-01	1.1558916541583590127058270413134336e-05	2.9443464646605965548369002125766576e-03
4.5796650400114575284656457085872920e-03	-2.2234358421016577297690168457600699e-01	1.1538231010377909912666616215182815e-05	2.9417107473649961018129720124994802e-03
4.5874448157492986453657227378989939e-03	-2.1058183544529061834437454325581701e-01	1.1518663232021573238413653395052765e-05	2.9392152767989318939467022304279361e-03
4.5948081171162149812053775396589822e-03	-1.9882978927913997315816343216752616e-01	1.1500204012844050510369720726730923e-05	2.9368592365843361689400510226667881e-03
4.6017542661268867070612983163702849e-03	-1.8708688955240078065056783846726642e-01	1.1482844711160362761385697702536462e-05	2.9346418583026592099998652933944577e-03
4.6082826242010105511797623431336718e-03	-1.7535258308451907866575012398173721e-01	1.1466577227774594404006355760651594e-05	2.9325624208376324662456723479614065e-03
4.6143925920451504712850531516135910e-03	-1.6362631948573999474376707354669502e-01	1.1451393997120798908389916311485436e-05	2.9306202497610392345448460160355487e-03
4.6200836095420999428055317935090204e-03	-1.5190755097152019591192465138301056e-01	1.1437287979023764822785566990774930e-05	2.9288147167604906702832382005898860e-03
4.6253551556476888621750226262402442e-03	-1.4019573217914666343891340253249153e-01	1.1424252651063425435651301536009419e-05	2.9271452391082781198874852426067038e-03
4.6302067482949727716069380301116322e-03	-1.2849031998639923623964936616528607e-01	1.1412282001527960863846697951961069e-05	2.9256112791704435265461159786720217e-03
4.6346379443057467400203431185057364e-03	-1.1679077333209766163753598152962364e-01	1.1401370522941860657210893885886231e-05	2.9242123439552781534264125206166756e-03
4.6386483393093307902792093646974706e-03	-1.0509655303837691747128292313019189e-01	1.1391513206156392146018800361987856e-05	2.9229479847005262877607656482695703e-03
4.6422375676685782515886441046471922e-03	-9.3407121634537332999260058363360152e-02	1.1382705534991058546376587905217673e-05	2.9218177964986351184039859799004599e-03
4.6454053024130628436307874139685254e-03	-8.1721943182318544908703892529924644e-02	1.1374943481415734932011699328540241e-05	2.9208214179594547954415934875923988e-03
4.6481512551794046715430912158417930e-03	-7.0040483102448585490126762337299679e-02	1.1368223501264243078979192199190987e-05	2.9199585309098539531549208810447489e-03
4.6504751761586996337492522963795735e-03	-5.8362208002321418531353086117007103e-02	1.1362542530471171255921051470309131e-05	2.9192288601297758711999798984716966e-03
4.6523768540510210234486361940325890e-03	-4.6686585504658019917573309748499690e-02	1.1357897981824765508893343974074713e-05	2.9186321731243191220467409651558498e-03
4.6538561160269663446601899936034556e-03	-3.5013084077007648864815723306818956e-02	1.1354287742229718012061248940422783e-05	2.9181682799314841597279767979300309e-03
4.6549128276962265704260448721039540e-03	-2.3341172861947276127083555069074183e-02	1.1351710170474658666785240023428635e-05	2.9178370329652839958984600716452615e-03
4.6555468930831592493620384604026181e-03	-1.1670321507838230771510529891641096e-02	1.1350164095500121295615851101498381e-05	2.9176383268939730307845465293301464e-03
4.6557582546093510223916175547452575e-03	0.0000000000000000000000000000000000e+00	1.1349648815163708392063850885701367e-05	2.9175720985532034025934946223624276e-03
4.6555468930831592493620384604026181e-03	1.1670321507838230771510529891641096e-02	1.1350164095500121295615851101498381e-05	2.9176383268939730307845465293301464e-03
4.6549128276962265704260448721039540e-03	2.3341172861947276127083555069074183e-02	1.1351710170474658666785240023428635e-05	2.9178370329652839958984600716452615e-03
4.6538561160269663446601899936034556e-03	3.5013084077007648864815723306818956e-02	1.1354287742229718012061248940422783e-05	2.9181682799314841597279767979300309e-03
4.6523768540510210234486361940325890e-03	4.6686585504658019917573309748499690e-02	1.1357897981824765508893343974074713e-05	2.9186321731243191220467409651558498e-03
4.6504751761586996337492522963795735e-03	5.8362208002321418531353086117007103e-02	1.1362542530471171255921051470309131e-05	2.9192288601297758711999798984716966e-03
4.6481512551794046715430912158417930e-03	7.0040483102448585490126762337299679e-02	1.1368223501264243078979192199190987e-05	2.9199585309098539531549208810447489e-03
4.6454053024130628436307874139685254e-03	8.1721943182318544908703892529924644e-02	1.1374943481415734932011699328540241e-05	2.9208214179594547954415934875923988e-03
4.6422375676685782515886441046471922e-03	9.3407121634537332999260058363360152e-02	1.1382705534991058546376587905217673e-05	2.9218177964986351184039859799004599e-03
4.6386483393093307902792093646974706e-03	1.0509655303837691747128292313019189e-01	1.1391513206156392146018800361987856e-05	2.9229479847005262877607656482695703e-03
4.6346379443057467400203431185057364e-03	1.1679077333209766163753598152962364e-01	1.1401370522941860657210893885886231e-05	2.9242123439552781534264125206166756e-03
4.6302067482949727716069380301116322e-03	1.2849031998639923623964936616528607e-01	1.1412282001527960863846697951961069e-05	2.9256112791704435265461159786720217e-03
4.6253551556476888621750226262402442e-03	1.4019573217914666343891340253249153e-01	1.1424252651063425435651301536009419e-05	2.9271452391082781198874852426067038e-03
4.6200836095420999428055317935090204e-03	1.5190755097152019591192465138301056e-01	1.1437287979023764822785566990774930e-05	2.9288147167604906702832382005898860e-03
4.6143925920451504712850531516135910e-03	1.6362631948573999474376707354669502e-01	1.1451393997120798908389916311485436e-05	2.9306202497610392345448460160355487e-03
4.6082826242010105511797623431336718e-03	1.7535258308451907866575012398173721e-01	1.1466577227774594404006355760651594e-05	2.9325624208376324662456723479614065e-03
4.6017542661268867070612983163702849e-03	1.8708688955240078065056783846726642e-01	1.1482844711160362761385697702536462e-05	2.9346418583026592099998652933944577e-03
4.5948081171162149812053775396589822e-03	1.9882978927913997315816343216752616e-01	1.1500204012844050510369720726730923e-05	2.9368592365843361689400510226667881e-03
4.5874448157492986453657227378989939e-03	2.1058183544529061834437454325581701e-01	1.1518663232021573238413653395052765e-05	2.9392152767989318939467022304279361e-03
4.5796650400114575284656457085872920e-03	2.2234358421016577297690168457600699e-01	1.1538231010377909912666616215182815e-05	2.9417107473649961018129720124994802e-03
4.5714695074187607535778966444984187e-03	2.3411559490234003911003191200461700e-01	1.1558916541583590127058270413134336e-05	2.9443464646605965548369002125766576e-03
4.5628589751514195618977596799291765e-03	2.4589843021286861103427961091765672e-01	1.1580729581447477578651164005666805e-05	2.9471232937246416369549172708118692e-03
4.5538342401949218842749172899905718e-03	2.5769265639140153778651821379543754e-01	1.1603680458746183333002182266369360e-05	2.9500421490034455627500066376351036e-03
4.5443961394889954091950208288948461e-03	2.6949884344537661063502582590137817e-01	1.1627780086751937193559099277729233e-05	2.9531039951437750883804088174580268e-03
4.5345455500844910970663685514644231e-03	2.8131756534247940945330224611104009e-01	1.1653039975482310009219351907931508e-05	2.9563098478337019032185286418202786e-03
4.5242833893082844116979426903738000e-03	2.9314940021656451478681614631009132e-01	1.1679472244696819626062265406510406e-05	2.9596607746926738270471591757341002e-03
4.5136106149362969886513455341870122e-03	3.0499493057723772878472484880142274e-01	1.1707089637667174356974496230244710e-05	2.9631578962123107942379765627489237e-03
4.5025282253747470447011747031944176e-03	3.1685474352330536422941436334292750e-01	1.1735905535749716634962424556288201e-05	2.9668023867495286638323806207486249e-03
4.4910372598497425612481191671592560e-03	3.2872943096030327406183381852683571e-01	1.1765933973790532680365892078126314e-05	2.9705954755736954608040927885984133e-03
4.4791387986053371558319674804415376e-03	3.4061958982232532275058465534018764e-01	1.1797189656395698753085137763256410e-05	2.9745384479696310559662298124025348e-03
4.4668339631101745988794634316023125e-03	3.5252582229837846561639835356861918e-01	1.1829687975101248578336228249617812e-05	2.9786326463983728775408006842690487e-03
4.4541239162728541468665545903940404e-03	3.6444873606349952426380653305334962e-01	1.1863445026479678067380596551783394e-05	2.9828794717177473861704739962914885e-03
4.4410098626661552579539771708707389e-03	3.7638894451487714857801747696856777e-01	1.1898477631222161327909427351030179e-05	2.9872803844649101310759835718156066e-03
4.4274930487602668420801350651602313e-03	3.8834706701323136293391557081954626e-01	1.1934803354238145633640185038815782e-05	2.9918369062031466582037379697141475e-03
4.4135747631651729851382324082287432e-03	4.0032372912971253268807029024653764e-01	1.1972440525816632652334156993765158e-05	2.9965506209353628098665333996779845e-03
4.3992563368823540873898928464354565e-03	4.1231956289859158488930816575370577e-01	1.2011408263896249720917198776770018e-05	3.0014231765868365184175324939151611e-03
4.3845391435659695813634905946764214e-03	4.2433520707602390463483200499860044e-01	1.2051726497494180028121694547264342e-05	3.0064562865599545658502747933645162e-03
4.3694245997936958563989978215545768e-03	4.3637130740518053792122149038700400e-01	1.2093415991347166830284140235053401e-05	3.0116517313638175046204654103094581e-03
4.3539141653474007285740487852176860e-03	4.4842851688805219776416021553939623e-01	1.2136498371821147862504640182409098e-05	3.0170113603217645989282242705943235e-03
4.3380093435038437694534980078918751e-03	4.6050749606424412978705699034821875e-01	1.2180996154149626544866732017585487e-05	3.0225370933600488786365252948482611e-03
4.3217116813356000590973055791822156e-03	4.7260891329709318600963059518028459e-01	1.2226932771064662195996479525229031e-05	3.0282309228810808738400540869439096e-03
4.3050227700224134729083636387827753e-03	4.8473344506745252359815048799707665e-01	1.2274332602888379274280041548090395e-05	3.0340949157248590399933126041844667e-03
4.2879442451731944638380221932002992e-03	4.9688177627550423426198515256373415e-01	1.2323221009157174048312496679974287e-05	3.0401312152224160679887978145819521e-03
4.2704777871588864776437103563794275e-03	5.0905460055097596840882143237856086e-01	1.2373624361855355909502463603002172e-05	3.0463420433453340350507695466199588e-03
4.2526251214564346566308103708692133e-03	5.2125262057215429817671505919992255e-01	1.2425570080339821250642488351323084e-05	3.0527297029556185879583291428957519e-03
4.2343880190041003648571343337924536e-03	5.3347654839410522084085317106497828e-01	1.2479086668042543672972165193002149e-05	3.0592965801604740252353704486006903e-03
4.2157682965683753243681080140790684e-03	5.4572710578653089864882748127318293e-01	1.2534203751043200398533451601286458e-05	3.0660451467767882988020359188689925e-03
4.1967678171227598079524600043002175e-03	5.5800502458171152698735894182497653e-01	1.2590952118610168397923750162996984e-05	3.0729779629104207077572997803367123e-03
4.1773884902386804105735191442583047e-03	5.7031104703300218869252504160172164e-01	1.2649363765814444428901741922334469e-05	3.0800976796556866143302300988795209e-03
4.1576322724888344416501460352886970e-03	5.8264592618437676206517209265173840e-01	1.2709471938327802954339284224848215e-05	3.0874070419207541763787093238735328e-03
4.1375011678632599676226502313896283e-03	5.9501042625153448293366732243910568e-01	1.2771311179523739541547455398164568e-05	3.0949088913850092671480320806021123e-03
4.1169972281984430139966163021516615e-03	6.0740532301510970194839036441395658e-01	1.2834917380007492607291328141716264e-05	3.1026061695948079587115797222578464e-03
4.0961225536197864350228799053444666e-03	6.1983140422655181853698088848774920e-01	1.2900327829709734312207538951109795e-05	3.1105019212044228203505582028646090e-03
4.0748792929977785056135565060222572e-03	6.3228947002727041075756833333444759e-01	1.2967581272687416667270062725270567e-05	3.1185992973694016001701664861972237e-03
4.0532696444182134139445718855920288e-03	6.4478033338167032119775626918131239e-01	1.3036717964784800076403288239725701e-05	3.1269015592999965359422105696330999e-03
4.0312958556668305661659364263279238e-03	6.5730482052473301660364227816791190e-01	1.3107779734317931509617130038233849e-05	3.1354120819827916565372438223850254e-03
4.0089602247287549903458057342691364e-03	6.6986377142483403525689982993550737e-01	1.3180810045956835932810124346501385e-05	3.1441343580791562384950486349021413e-03
3.9862651003031371808623633094801746e-03	6.8245804026252190279155173321786047e-01	1.3255854067991500380697228993576129e-05	3.1530720020096875124876413220314265e-03
3.9632128823334074947566285809599854e-03	6.9508849592602167586020504117377475e-01	1.3332958743180433747681253283696443e-05	3.1622287542343774175113734019741001e-03
3.9398060225535777382304210784252574e-03	7.0775602252426641655343215438712211e-01	1.3412172863394251893888759241725071e-05	3.1716084857388495484682679933402883e-03
3.9160470250510409071774926124132848e-03	7.2046151991830257344925485077246108e-01	1.3493547148281448868952151454719016e-05	3.1812152027376665545655626814439596e-03
3.8919384468463392157121371181909828e-03	7.3320590427196062533365737374331820e-01	1.3577134328199360442547745656571603e-05	3.1910530516064085117501921271659783e-03
3.8674828984903906093215099776835157e-03	7.4599010862273062284112283293008695e-01	1.3662989231670403629844289601192227e-05	3.2011263240549728991168754216175875e-03
3.8426830446796849658113480183728248e-03	7.5881508347383364875531755087100274e-01	1.3751168877642092748865803383825634e-05	3.2114394625553507693314682512417067e-03
3.8175416048899831922450358254949448e-03	7.7168179740853493347294107558870588e-01	1.3841732572849206257453391190188147e-05	3.2219970660379958862912927752199251e-03
3.7920613540290754877526664347114825e-03	7.8459123772780265040448765070254851e-01	1.3934742014597938057020259767371877e-05	3.2328038958718287715385257226170600e-03
3.7662451231091792223891859458521456e-03	7.9754441111247853899302719597502081e-01	1.4030261399315053543659312600625841e-05	3.2438648821439109475872112574171244e-03
3.7400957999395822472351075463834871e-03	8.1054234431119274440662831860687735e-01	1.4128357537230139759303276112755104e-05	3.2551851302558918588150514588085113e-03
3.7136163298401640711641368590559237e-03	8.2358608485532593032435931272273056e-01	1.4229099973586161269251866011988489e-05	3.2667699278554781784245639802705250e-03
3.6868097163764552904098534276695809e-03	8.3667670180239714799640107941850303e-01	1.4332561116802896661499132057684026e-05	3.2786247521224092377490672046566129e-03
3.6596790221169250186312941054234137e-03	8.4981528650933649262127419680618813e-01	1.4438816374049641564810727549615195e-05	3.2907552774297505403622489460213534e-03
3.6322273694132169235083102573807458e-03	8.6300295343718763971594538658572349e-01	1.4547944294718050591050156175592351e-05	3.3031673834027478459797046078885858e-03
3.6044579412040869228483714665655156e-03	8.7624084098887735612906237439331790e-01	1.4660026722323403782300902032328321e-05	3.3158671633990259982872323846607228e-03
3.5763739818438297270369477948599797e-03	8.8953011238178748638615169604728185e-01	1.4775148955403200161368737594577378e-05	3.3288609334355792504064530473406306e-03
3.5479787979560173406289983507523743e-03	9.0287195655697022962261758597281971e-01	1.4893399918026107993603317766689328e-05	3.3421552415897939796116222793161682e-03
3.5192757593134104666676790333096610e-03	9.1626758912696029463568301078295647e-01	1.5014872340572276809080208509492265e-05	3.3557568779036820921748390828460844e-03
3.4902682997449436137371038251949389e-03	9.2971825336425834886634332385476135e-01	1.5139662951498214574251265615923217e-05	3.3696728848225969708871390223491350e-03
3.4609599180707267173813546817135023e-03	9.4322522123268971369811874041370480e-01	1.5267872680856269340356670930547449e-05	3.3839105682019676671594463840637205e-03
3.4313541790660503934115550512200907e-03	9.5678979446398121502946452869777920e-01	1.5399606876400687903112325342966372e-05	3.3984775089180367674318072849619786e-03
3.4014547144554286901138723219203427e-03	9.7041330568204825175788369840435867e-01	1.5534975533179764475290699110658670e-05	3.4133815751212401344711912618652563e-03
3.3712652239377625599426851369164776e-03	9.8409711957764434482234733784977414e-01	1.5674093537587306452710911121231481e-05	3.4286309351737414638616831798783434e-03
3.3407894762437594015009932377226518e-03	9.9784263413619760453606145769938857e-01	1.5817080926927161589206760525778740e-05	3.4442340713157521909967127712556216e-03
3.3100313102267991151632951299988768e-03	1.0116512819218437206655519686786758e+00	1.5964063165632571757869136301506564e-05	3.4601997941086508051105001247437275e-03
3.2789946359884953705309258408671041e-03	1.0255245314208643516774535187158587e+00	1.6115171439378423126141624198908052e-05	3.4765372577065905817729127613218362e-03
3.2476834360402624164747821332453017e-03	1.0394638884479543877246215157419018e+00	1.6270542968429920810268614216561968e-05	3.4932559760122793615429369250655850e-03
3.2161017665022630071328035654849675e-03	1.0534708976189728260664670476205815e+00	1.6430321341686798635333305859709401e-05	3.5103658397769605481225959585681884e-03
3.1842537583411821205772393486409775e-03	1.0675471438940813992124429251407630e+00	1.6594656873008966033475690891774411e-05	3.5278771347093556438307412129314924e-03
3.1521436186483443816591480433859509e-03	1.0816942541954442527502748005675201e+00	1.6763706981548707310762261978249302e-05	3.5458005606634838626358653614340370e-03
3.1197756319597707593240181070339752e-03	1.0959138991039526614276470656997684e+00	1.6937636597967541559657608105015127e-05	3.5641472519808964119606742443919039e-03
3.0871541616198525078648889846551088e-03	1.1102077946397529588056124081881872e+00	1.7116618598584146610113780619762172e-05	3.5829287990689994592866712617993435e-03
3.0542836511904078035817602466862577e-03	1.1245777041316956985874635992175006e+00	1.7300834269685055763824556779630572e-05	3.6021572713038435315845182799963225e-03
3.0211686259069794640827928780748374e-03	1.1390254401811919489901344242913443e+00	1.7490473804434070686891914328029939e-05	3.6218452413530871300012370646862323e-03
2.9878136941843309291135700146278789e-03	1.1535528667263611789943855659328891e+00	1.7685736835041656247316291797683587e-05	3.6420058110228645023341826534821124e-03
2.9542235491732027656214207977722802e-03	1.1681619012127873390073308916652865e+00	1.7886833003104424039589346263981047e-05	3.6626526387410753252586143728718699e-03
2.9204029703705038095052486263461131e-03	1.1828545168776686914470854432418238e+00	1.8093982571299911575314869029317942e-05	3.6837999687992497254907552260544115e-03
2.8863568252852301870454865372423431e-03	1.1976327451546562800789037314569449e+00	1.8307417079926317752010443168819708e-05	3.7054626624857176625055194007202466e-03
2.8520900711625324304166432646016926e-03	1.2124986782072296015140693916363182e+00	1.8527380052114159779293288657816052e-05	3.7276562312544303812292561838776295e-03
2.8176077567684863237136754719645391e-03	1.2274544715990604562961320631287380e+00	1.8754127751910930977298088040391676e-05	3.7503968720865592106568148148576510e-03
2.7829150242382676530396107937259982e-03	1.2425023471104719996222925844469285e+00	1.8987929999855249506955155246135572e-05	3.7737015052160635391729209798820714e-03
2.7480171109905854111643727819078214e-03	1.2576445957108151242279636416159230e+00	1.9229071051118787265547125579430424e-05	3.7975878144059217164266586526395684e-03
2.7129193517113930153482047632830311e-03	1.2728835806973645530627254556812916e+00	1.9477850541808243136249134549542920e-05	3.8220742899788208112377650024269912e-03
2.6776271804100736008625458337993519e-03	1.2882217410121891604833833214011313e+00	1.9734584509592362186499522483984077e-05	3.8471802748249895996450222083482139e-03
2.6421461325514843984918368136219472e-03	1.3036615947493826319979718721321454e+00	1.9999606495458009723894209591462476e-05	3.8729260136307439651469373681903156e-03
2.6064818472674476277173684138026429e-03	1.3192057428660600622236577571795522e+00	2.0273268734113156082471148778358646e-05	3.8993327055944327057807910569070734e-03
2.5706400696514923738487939356619258e-03	1.3348568731116429385841414204594855e+00	2.0555943441353111907812001727312831e-05	3.9264225609220937353904450307232426e-03
2.5346266531408848130896782278863776e-03	1.3506177641911797711794948742970745e+00	2.0848024207600692696382944817061759e-05	3.9542188614235611746364334190838326e-03
2.4984475619902342731868958814802288e-03	1.3664912901797943159618713131784941e+00	2.1149927507834051079123026026885109e-05	3.9827460255613497170957079989015544e-03
2.4621088738412314742569669422184965e-03	1.3824804252068312877431576509108858e+00	2.1462094339242475093144969261792797e-05	4.0120296783397785705863470423919569e-03
2.4256167823933645420046888575042120e-03	1.3985882484298957458860954022522129e+00	2.1784991999217516453509269057087784e-05	4.0420967264609329127040446858865477e-03
2.3889776001807698508050896560070448e-03	1.4148179493207739550254251660257527e+00	2.2119116017713986455216648167941447e-05	4.0729754392177094133408105424099686e-03
2.3521977614607104532756045407792438e-03	1.4311728332871996674797529743036797e+00	2.2464992259625272304265287365556793e-05	4.1046955356429407047190679537363051e-03
2.3152838252195370139482414602977996e-03	1.4476563276566121466632448751229062e+00	2.2823179214636265081883224713488707e-05	4.1372882784881135916869516258662037e-03
2.2782424783023772523644298592950188e-03	1.4642719880504654341017662694809987e+00	2.3194270494075294085282459416080541e-05	4.1707865756662579639362912149595663e-03
2.2410805386732226459622967002145921e-03	1.4810235051803202439718003322015647e+00	2.3578897556619060872687382293259190e-05	4.2052250898620733544782939879396301e-03
2.2038049588125385744567911480214487e-03	1.4979147120999121369750433644306607e+00	2.3977732687352645019537620388052695e-05	4.2406403570892972879305538760676303e-03
2.1664228292600195694829511822810234e-03	1.5149495919506783481890439351156652e+00	2.4391492257697988032318866290692751e-05	4.2770709150618796280850836365194377e-03
2.1289413823106486084167192988920739e-03	1.5321322862418819455707565449121824e+00	2.4820940297154657765154259964021252e-05	4.3145574423430684891549702562292178e-03
2.0913679958728026281223740159563529e-03	1.5494671037105428489906036704565955e+00	2.5266892411711475868967581873616467e-05	4.3531429093466085911612033268309069e-03
2.0537101974977802831852541956744706e-03	1.5669585298109243927986463853694014e+00	2.5730220088263383910183945072446477e-05	4.3928727423887265808578221405499259e-03
2.0159756685908176294221658126603683e-03	1.5846112368883931862533096357134313e+00	2.6211855429494821170133437317484815e-05	4.4337950021305505026909076231993980e-03
1.9781722488144086906652005389595016e-03	1.6024300950981397914933352083259330e+00	2.6712796369575050541980294760027512e-05	4.4759605779105526771983911348316185e-03
1.9403079406955672805610801617294803e-03	1.6204201841355996531840515939064589e+00	2.7234112427777691782978520445143888e-05	4.5194233996484007383100112690241258e-03
1.9023909144495613158026259012330770e-03	1.6385868058525417139957994606050265e+00	2.7776951064934671504697871120743307e-05	4.5642406692086249356077839038277464e-03
1.8644295130336293978420186358067687e-03	1.6569354978408047929962839562795203e+00	2.8342544716640103618846377775248049e-05	4.6104731133487184025190409039460976e-03
1.8264322574452609219011057498396995e-03	1.6754720480746848143334457687405012e+00	2.8932218587541986105830756800502763e-05	4.6581852606463329847367011450813934e-03
1.7884078522807958505891992037003623e-03	1.6942025107131552812999824347085331e+00	2.9547399303149264111949290881420256e-05	4.7074457451095984913204554299551435e-03
1.7503651915713903854723413601611424e-03	1.7131332231746087669882136791101615e+00	3.0189624529638140592918856418825959e-05	4.7583276395297543726958807547453309e-03
1.7123133649148134732960658981201171e-03	1.7322708246098366107681678077054413e+00	3.0860553688523702846248531071377486e-05	4.8109088220439110743959287691760467e-03
1.6742616639231015911247194582298692e-03	1.7516222759137488935714356871495569e+00	3.1561979912203181181253713241674563e-05	4.8652723798469644305429989247152784e-03
1.6362195890078228493357653394220153e-03	1.7711948814331483212002682778609094e+00	3.2295843408797087795231817927317938e-05	4.9215070545363209009150584682884511e-03
1.5981968565266058297393635687502579e-03	1.7909963125470285282175859547573525e+00	3.3064246431045590622033115409417923e-05	4.9797077342041135709728654809040214e-03
1.5602034063166962340098466108933140e-03	1.8110346333177449344267280338831834e+00	3.3869470075026705650158735598292158e-05	5.0399759981245225818085546698932726e-03
1.5222494096436411059005613369374805e-03	1.8313183284364481413536499596476037e+00	3.4713993171084784193739864229092687e-05	5.1024207207373120475902925269889825e-03
1.4843452775957956543034588967453196e-03	1.8518563337149013934001126762408495e+00	3.5600513572734989407472780296755330e-05	5.1671587426252422970940796773982426e-03
1.4465016699582355226046526447718357e-03	1.8726580694088492318534842968999836e+00	3.6531972200844078486716681366209154e-05	5.2343156173498014790231622695694279e-03
1.4087295046028768997902148930408925e-03	1.8937334766962083773753005152712323e+00	3.7511580261806546771386216641709821e-05	5.3040264443797172981775614394535851e-03
1.3710399674352034358267918256245226e-03	1.9150930576774040169399580427492196e+00	3.8542850131872655227811948271939640e-05	5.3764367999601334951711629612424715e-03
1.3334445229420249944110321069831357e-03	1.9367479193162427081505381471239138e+00	3.9629630487890332058198903804653917e-05	5.4517037796762669206224315215471530e-03
1.2959549253892098513527310800365751e-03	1.9587098217990823435212710630319755e+00	4.0776146370797930315742715074874249e-05	5.5299971687240345277481660258641446e-03
1.2585832307234101277998289314554933e-03	1.9809912318592828515192533419232558e+00	4.1987044996381188875446246239599394e-05	5.6115007585857404971422800111953051e-03
1.2213418092375231556758096473910006e-03	2.0036053816948815143339066170478015e+00	4.3267448283279386571399170939102982e-05	5.6964138320131820949223661324012471e-03
1.1842433590660965842563717188196413e-03	2.0265663342024260748424366704786463e+00	4.4623013257551600350156268619012856e-05	5.7849528420574004836625851809783979e-03
1.1473009205842070318048248364107915e-03	2.0498890553617185737900575435340940e+00	4.6060001724616767245454684320218137e-05	5.8773533154958876510338376775919733e-03
1.1105278917916563399582530107847690e-03	2.0735894947383112280211969751645873e+00	4.7585360883674025610123803439927383e-05	5.9738720165724585607680327555154793e-03
1.0739380447737963683914310819635140e-03	2.0976846752271906279630775376220134e+00	4.9206816910397119346259573850152430e-05	6.0747894137064634843787981200786194e-03
1.0375455433411034432856507251157060e-03	2.1221927933474358345325386060350303e+00	5.0932983968312461734038823069155499e-05	6.1804125000303452167168629801467525e-03
1.0013649619620046130104389961115467e-03	2.1471333316202685528984976471606498e+00	5.2773491650541515448802295806029769e-05	6.2910780286387694431961852363169376e-03
9.6541130611768246202381234546288580e-04	2.1725271848299928412168291967703685e+00	5.4739134531146891762966839920018034e-05	6.4071562357404768222928337723525869e-03
9.2970003422398152789209349733381736e-04	2.1983968022891078803571427733689649e+00	5.6842048358044901601748066544944487e-05	6.5290551400897198334708034551610696e-03
8.9424708128450394768355273750149216e-04	2.2247663486183358785874102842108756e+00	5.9095918498673228782815639399208628e-05	6.6572255259065482109874745176381671e-03
8.5906888446099636099518128514167087e-04	2.2516618860259167280643931831226310e+00	6.1516227623588240044141628764066899e-05	6.7921667399756940494886263969565110e-03
8.2418241077278181226658894467680013e-04	2.2791115816493505344258662178151816e+00	6.4120551373317421130089630219292334e-05	6.9344334630552527848900858999528428e-03
7.8960518716699984602187208434681446e-04	2.3071459442339270987464103414823113e+00	6.6928913023437819594932844529090808e-05	7.0846436528619933495012388687575286e-03
7.5535533323667333046831556992802307e-04	2.3357980953009793337899691861824577e+00	6.9964211109720499188506410491563083e-05	7.2434879030349713065942256928657812e-03
7.2145159690522290242707845331699758e-04	2.3651040810506318821480343304456280e+00	7.3252737829305717413769718727469654e-05	7.4117405227023422534753911615825206e-03
6.8791339344537260076726523962646790e-04	2.3951032326090627723068501863519488e+00	7.6824811113532796249108569640807456e-05	7.5902727187619091292085533381057566e-03
6.5476084825915679637023096286654618e-04	2.4258385839486453207871165255926898e+00	8.0715550017762742037088304469358505e-05	7.7800683634227096015907455818198160e-03
6.2201484391612650370476202871713045e-04	2.4573573589872003369966651029435142e+00	8.4965832120321002555081306996057331e-05	7.9822429607671288218745948163351443e-03
5.8969707203163324835012596226016805e-04	2.4897115421533085223675432702874861e+00	8.9623483860359297970430021232980213e-05	8.1980665989470233512618489198817866e-03
5.5783009066979273776816052986586590e-04	2.5229585502831161593187911969689121e+00	9.4744771461442882669546947202361023e-05	8.4289919043710302470541044674287335e-03
5.2643738808098847942161106516323363e-04	2.5571620283579801828897531796073677e+00	1.0039628316366282778355902791371217e-04	8.6766883225060596243426172843801411e-03
4.9554345373754910945516579610375363e-04	2.5923927976731538285861639323845732e+00	1.0665732569934325376904598574361913e-04	8.9430844677566512086088734582340911e-03
4.6517385782139006626187892259702432e-04	2.6287299930670499652310655654631693e+00	1.1362300345595969209822550619359355e-04	9.2304208574401200308807732691440490e-03
4.3535534055439949794777372826815169e-04	2.6662624365795617531191896755217801e+00	1.2140821389776064151394809177469469e-04	9.5413161386478049756965219650551080e-03
4.0611591306019423036549285774660554e-04	2.7050903094135280690258503092349937e+00	1.3015288732833128629530836027275448e-04	9.8788510311879314711872884447664653e-03
3.7748497182361109794963318794853111e-04	2.7453272039039000578820835777121862e+00	1.4002893830476024870361104190506972e-04	1.0246675795796780910984017249882097e-02
3.4949342929809085141603596471573086e-04	2.7871026646649370409805659029960972e+00	1.5124960449321818052440600012886302e-04	1.0649149327505259570792149084429079e-02
3.2217386383738139354673144656857053e-04	2.8305653666700018259591974836777271e+00	1.6408216652805421786505116923582687e-04	1.1091521336158578862470710557144847e-02
2.9556069294819191383495043253456558e-04	2.8758871330681606431329832637607935e+00	1.7886553630153035558266075877581007e-04	1.1580174098099168146542276686435879e-02
2.6969037494841829194086466321810380e-04	2.9232680754286485199248055759560909e+00	1.9603498520319643414873433029516285e-04	1.2122947910303269172898543698813364e-02
2.4460164557916407830371112068784470e-04	2.9729432572241839079684854011819501e+00	2.1615755835843464172867778789562020e-04	1.2729586273048016784870260546956256e-02
2.2033579811848055118915781159700517e-04	3.0251914596722125470623311262001697e+00	2.3998384746884180813593054188714600e-04	1.3412355769151433968403040093774462e-02
1.9693701832447434907060395818990293e-04	3.0803469045036223611751469141648365e+00	2.6852544795813454262357887061018764e-04	1.4186926573857877124068573645106224e-02
1.7445278947478245178431067807834907e-04	3.1388152248991982079843126396483380e+00	3.0317391057779263352937834463451723e-04	1.5073651664612392145393968371712627e-02
1.5293438847491001379349404902939673e-04	3.2010956886152561469054579879734827e+00	3.4588894291635954945833622935272261e-04	1.6099473547055734269736290559489785e-02
1.3243750247796372049716931845990370e-04	3.2678128801727472256548591589438953e+00	3.9950657423533246933915493206732351e-04	1.7300851381785432994956005485491902e-02
1.1302300839311164533637639836663069e-04	3.3397631580573759364075615977513854e+00	4.6826433510223700836850540037935384e-04	1.8728411292851907062701271201574950e-02
9.4757978070300395524591708466155585e-05	3.4179850692904816092490081354760700e+00	5.5873954431370834795153884658060957e-04	2.0454638616712717071917746175396713e-02
7.7717005412862959129443766553247865e-05	3.5038703738840827932074302980166268e+00	6.8162337970583581009310287763282467e-04	2.2587231391266005596812388832675603e-02
6.1984009091124334228792661675147558e-05	3.5993477025218671703987086936170516e+00	8.5531625315891744567176082359658267e-04	2.5293687240347446452147640731916304e-02
4.7654768622004913859431154134288048e-05	3.7072050331784394520039516652412546e+00	1.1138783377928653023949719764411783e-03	2.8850027752047913136601302921369642e-02
3.4840653444549975574020525625105538e-05	3.8317008320788948630952315010292110e+00	1.5267230635378268035479530897276180e-03	3.3746956943332737708375602987728633e-02
2.3674430547319265957188555176993838e-05	3.9798462118897511955376953606957339e+00	2.2555746162615997638813184788712968e-03	4.0952639011240704246081051902861991e-02
1.4320034629548723017744319445602603e-05	4.1645095362164814627829514007638297e+00	3.7614584746782317490700032056949862e-03	5.2694071321888042258053012311086209e-02
6.9907888746131971409803768146628004e-06	4.4137979451806473486093682727569670e+00	7.9133724143268629755183538489204965e-03	7.5576819004205185843485558651036556e-02
1.9769708178257997379916174054583396e-06	4.8137797062963964288846683952018936e+00	3.7287957726156997384443416430558007e-02	1.4442302890191718464339030605980648e-01
0.0000000000000000000000000000000000e+00	0.0000000000000000000000000000000000e+00	1.9657435535670231898251450148051678e-05	3.5732424058477974410275469360045681e-03