1.9622060294815824995118757885843139e-06	-4.8152787038813586645877414004677585e+00	3.7267665418685163089192249119647522e-02	1.4438258443322899155538173107716542e-01
6.9389821860834427654959747809041681e-06	-4.4154130288975602041679896473726205e+00	7.9085294645452975869865815962801573e-03	7.5553540890107370262049366808964421e-02
1.4214596282258330975350900213090914e-05	-4.1662040230666385977276593612946781e+00	3.7589703320794196372463339754862059e-03	5.2676585247116337445462710743427358e-02
2.3501088326265714333567265330674996e-05	-3.9816037320397561777760929585060159e+00	2.2539879653036696188086475533047879e-03	4.0938205150813115812835527811558556e-02
3.4586829561629824980634225944533598e-05	-3.8335118494607913621684742365054998e+00	1.5255923267086036729497485874328040e-03	3.3734441442769634476606112512898499e-02
4.7309184982448390180800937896966080e-05	-3.7090632185630979346507593409270493e+00	1.1130156394160429709971698750609071e-03	2.8838842913978702030355359083145929e-02
6.1536438521266826595153470367413744e-05	-3.6012485117068954790211024919093907e+00	8.5462695547920223322656980837369727e-04	2.5283485810770715512194876927934476e-02
7.7158100992801301359270464951298567e-05	-3.5058103676609772788094308558350719e+00	6.8105396488986438285012865206704903e-04	2.2577789606381837873608508999086740e-02
9.4079148851367791833583667666082115e-05	-3.4199615443414518434416428711290880e+00	5.5825716724575864098142313282970705e-04	2.0445803082678652203977733551129662e-02
1.1221632488094350121934653766951935e-04	-3.3417739280963169841950057147320272e+00	4.6784756710543515287943512680320574e-04	1.8720071851044548332844709723999528e-02
1.3149562234911261808134610224249098e-04	-3.2698561373747559802810285735192746e+00	3.9914075486811054261258550267266075e-04	1.7292926001618955508566038305048287e-02
1.5185049667036072455148650824480042e-04	-3.2031699113146883364649245453830028e+00	3.4556365378404394623450631543925953e-04	1.6091899340599467142214232809650727e-02
1.7322054887374875636822973075885667e-04	-3.1409191135681340743066859618045615e+00	3.0288151395242956443650396222364193e-04	1.5066379254652408597270771880786819e-02
1.9555052842946822390569185614484674e-04	-3.0824793358532229784099880011051953e+00	2.6826019745081969838903804792492439e-04	1.4179916409970456289188119279581142e-02
2.1878955995127276354447165664024189e-04	-3.0273514528282050933242006832462629e+00	2.3974132362499401468027904245707177e-04	1.3405575631066828112578495890194290e-02
2.4289053148850035920347323725058126e-04	-2.9751299482127706037657009675817239e+00	2.1593429756353352379460168566836070e-04	1.2723009527260774770742716226082131e-02
2.6780960236857144227667690767335039e-04	-2.9254806975428458756151380905595115e+00	1.9582822819847929000671270300088191e-04	1.2116552261089606172402481403639000e-02
2.9350580138235650805269907852624859e-04	-2.8781250014954303162883224954569689e+00	1.7867305324093372613480698388657460e-04	1.1573940672667991748356944258361562e-02
3.1994069450722369860462919975611795e-04	-2.8328278662725357766176693151318834e+00	1.6390213246730124245507597005550135e-04	1.1085434001424390142721698799308855e-02
3.4707810702253287347975460282538686e-04	-2.7893892401352435112252523912517413e+00	1.5108050896949006381755229904685281e-04	1.0643194171036712112335220267811457e-02
3.7488388878025751967133586510474699e-04	-2.7476373517390939439022245124725897e+00	1.3986951848773382478139216015836248e-04	1.0240840725448899248406754830847689e-02
4.0332571415096249180158232999299844e-04	-2.7074235713023183383414033501274116e+00	1.3000207780080082523059896407877787e-04	9.8731254620502717161793476326841765e-03
4.3237291014911271026141393825142118e-04	-2.6686183939008142942196635401424177e+00	1.2126510838209800489230596301470833e-04	9.5356907452500077559367844517657783e-03
4.6199630769361829239070915336933370e-04	-2.6311082622732329205136939498369179e+00	1.1348682526261398309035881037338642e-04	9.2248873754260105109655478551323085e-03
4.9216811203883401702547703388091830e-04	-2.5947930263856834675158177807450433e+00	1.0652740463817004224509640429742050e-04	8.9376355335436864582449827650794221e-03
5.2286178922489592075733383779500071e-04	-2.5595838920408402312331704995350175e+00	1.0027203730877837679294175187447929e-04	8.6713173424563416393376353167508617e-03
5.5405196601755448368809700469383616e-04	-2.5254017493903617651081693665291050e+00	9.4625692606045413361981998851818334e-05	8.4236929471375133426051715504893778e-03
5.8571434128759930067032382609682716e-04	-2.4921757996680652069851405844487045e+00	8.9509125808690819282593932631266473e-05	8.1928343061990142403850802758951510e-03
6.1782560715469890137076179178985022e-04	-2.4598424182865142306293537842553075e+00	8.4855801183807868354025011294139221e-05	7.9770724726244356841986117312092721e-03
6.5036337851595168106525924415230987e-04	-2.4283442069414253669045640247928618e+00	8.0609497240091637745774907551893037e-05	7.7749552557599854032844717782967340e-03
6.8330612981454473115007834900009766e-04	-2.3976291981043674515186006388833799e+00	7.6722425863999542190817005241654897e-05	7.5852129501672541701970147786189795e-03
7.1663313809255915424145367494552933e-04	-2.3676501833214044530743913608363097e+00	7.3153742487998342708171415954756576e-05	7.4067303893448629230619591540844882e-03
7.5032443152450901127992218315087072e-04	-2.3383641428145455251039114945008901e+00	6.9868356630686661516234305747299882e-05	7.2385240000553123253472958814240354e-03
7.8436074275246116877821884558692696e-04	-2.3097317585255199874553961250947181e+00	6.6835975208972230219659898246929189e-05	7.0797228411767220803546976325377919e-03
8.1872346644548919523420397751670765e-04	-2.2817169963189037238283813223407377e+00	6.4030327728113297438062345673213605e-05	6.9295528406811335892511684820546095e-03
8.5339462059031934365003176447897863e-04	-2.2542867458415829586276969647580512e+00	6.1428534684723431160631199455186531e-05	6.7873236171484444461516429825371657e-03
8.8835681108985410847227053232519504e-04	-2.2274105087128062818277322969931548e+00	5.9010589558393517860833321757422746e-05	6.6524174034017083928249126124411515e-03
9.2359319930455745071100649595382176e-04	-2.2010601274369515034064756977139711e+00	5.6758931512618938634282083454743981e-05	6.5242796902590203451368913894202401e-03
9.5908747222061575798719139275493935e-04	-2.1752095487960026976632430500486645e+00	5.4658091001836317114949878190431595e-05	6.4024112858617137344753478143258447e-03
9.9482381497005976068792162958609349e-04	-2.1498346165702638051713878649998626e+00	5.2694394332795287898291355806515936e-05	6.2863615462453400783558304407609510e-03
1.0307868854630073183776023338540350e-03	-2.1249128893141881097661196088080406e+00	5.0855716173280934267378233129368768e-05	6.1757225799417966403352726194850076e-03
1.0669617909219575729915677670079942e-03	-2.1004234796251618759957712313339542e+00	4.9131271269237898148288955483391621e-05	6.0701242665263713607019183111155722e-03
1.1033340661335145158442198032856205e-03	-2.0763469119217473993171321129551368e+00	4.7511438390242752354473965261790425e-05	5.9692299584567784289353848656077909e-03
1.1398896532547572157333768400241920e-03	-2.0526649962213668110385757848938943e+00	4.5987610896271897189650896346462032e-05	5.8727327590252309063096058488104619e-03
1.1766148830302876199620935347176278e-03	-2.0293607157967564137665618060972893e+00	4.4552069397160326521487229150134901e-05	5.7803522880717558451324082548841957e-03
1.2134964572922526653623699362215176e-03	-2.0064181269122161074504812671151697e+00	4.3197872828252197166609018717750478e-05	5.6918318622884315937505135377102346e-03
1.2505214326297488546487047135883041e-03	-1.9838222691076817352532147226671767e+00	4.1918764942809577167073901624241664e-05	5.6069360292486997993235010954598195e-03
1.2876772051262999897585240486988863e-03	-1.9615590847212172113209669044256455e+00	4.0709093762620792614553276255211303e-05	5.5254484043173117322659891810095319e-03
1.3249514960748229303613385661163406e-03	-1.9396153465268192226974266863777811e+00	3.9563741962546088486732922360799821e-05	5.4471697677964867665684525749576086e-03
1.3623323385888878179403665218953283e-03	-1.9179785925209772772262535548274546e+00	3.8478066515166590225800549517093019e-05	5.3719163864034212193065859249160714e-03
1.3998080650373273255944767767599545e-03	-1.8966370670234821773778318584801194e+00	3.7447846205784356344926468782793430e-05	5.2995185287371063182241841595545176e-03
1.4373672952365132513634223369678137e-03	-1.8755796673697634519152605702233662e+00	3.6469235859351518285857125744810805e-05	5.2298191490026879888962848550953950e-03
1.4749989253410324659614064071846159e-03	-1.8547958955669980376431931492967934e+00	3.5538726310090649285358277644753117e-05	5.1626727170973749175262087331718225e-03
1.5126921173791716213590375380090963e-03	-1.8342758143671691738610195401901435e+00	3.4653109299923207465202072845933935e-05	5.0979441763652536954890876084522150e-03
1.5504362893846578248745662842668572e-03	-1.8140100072794575288255473115553522e+00	3.3809446619902435567625112043522241e-05	5.0355080130132008886041166751053472e-03
1.5882211060805831441031761869354340e-03	-1.7939895421036984543895936197333856e+00	3.3005042914841615481988658556185273e-05	4.9752474234381061410191115002806692e-03
1.6260364700754348663527646046799163e-03	-1.7742059376176923351504473446849722e+00	3.2237421659366920650461685706274563e-05	4.9170535676210023985284897214611816e-03
1.6638725135347214078460423579397628e-03	-1.7546511330951941939345646915590013e+00	3.1504303887005393149765713127258268e-05	4.8608248983566570078409917077565237e-03
1.7017195902948777214968940932861189e-03	-1.7353174603695013967382736129633993e+00	3.0803589315290133031692899154934486e-05	4.8064665574567973186292106193586695e-03
1.7395682683889989126332497194658282e-03	-1.7161976181905941429466596459893656e+00	3.0133339561359663757303932132657116e-05	4.7538898312315907812293721616336714e-03
1.7774093229565254046704965613914057e-03	-1.6972846486525064559871440440339026e+00	2.9491763185872068081125579182535552e-05	4.7030116585502561949359298971431914e-03
1.8152337295113211105464721263576298e-03	-1.6785719154926398112849400209402152e+00	2.8877202339647914226493742135423387e-05	4.6537541856349320731597157337507649e-03
1.8530326575446769705614570751567371e-03	-1.6600530840866026476557531212245403e+00	2.8288120818441023399012680072382322e-05	4.6060443624746474299238813876532280e-03
1.8907974644416614590231807396772149e-03	-1.6417221029813101774110174669068121e+00	2.7723093357546611222926618380875913e-05	4.5598135763770773731214206660883736e-03
1.9285196896909495577273432102436915e-03	-1.6235731868258854402839977926728626e+00	2.7180796020358640106575311352752154e-05	4.5149973187202402530326904462701706e-03
1.9661910493698117836529628738259778e-03	-1.6056008005746829993702833139476081e+00	2.6659997554113362983771673832005308e-05	4.4715348814373604151641504997436298e-03
2.0038034308873522867417106282536273e-03	-1.5877996448497821818493966220617397e+00	2.6159551602425250853782918654811453e-05	4.4293690801766281975345849447410784e-03
2.0413488879703648772522461834036679e-03	-1.5701646423617986799757405245753685e+00	2.5678389678266654633050966679421102e-05	4.3884460014326448520899585498662086e-03
2.0788196358773413842135520798213212e-03	-1.5526909252980395646210925980619904e+00	2.5215514813122571934593364201384784e-05	4.3487147712556135851169495939995077e-03
2.1162080468272297137320087352209634e-03	-1.5353738235960470460152637148358340e+00	2.4769995808465918319176182843645384e-05	4.3101273434143035379698928473071546e-03
2.1535066456305097407733952543203255e-03	-1.5182088540285865316868980676709317e+00	2.4340962024696773050752054432528326e-05	4.2726383051249517631366628654586821e-03
2.1907081055110429220296122758385806e-03	-1.5011917100332603676220018000362993e+00	2.3927598650480734058855312897531758e-05	4.2362046986652298058087654157722966e-03
2.2278052441079644202092820561778566e-03	-1.4843182522262786308086204989380038e+00	2.3529142402182866864616266164520114e-05	4.2007858573741426118381776876071684e-03
2.2647910196476318377795308133983290e-03	-1.4675844995455863784842589555812909e+00	2.3144877608973120794997477641873355e-05	4.1663432546986216098133590587587472e-03
2.3016585272763288345944598241491906e-03	-1.4509866209736142826329543136945291e+00	2.2774132644301809094020071821398160e-05	4.1328403650885041310198137379225695e-03
2.3384009955450507162920630800000673e-03	-1.4345209277944573425175391925209170e+00	2.2416276668915886748511183436332084e-05	4.1002425356660275044387326991012390e-03
2.3750117830382776829639926901114654e-03	-1.4181838663443559733374515686430501e+00	2.2070716654498332044154087572473089e-05	4.0685168677060282731166406185291469e-03
2.4114843751391744337115701539839280e-03	-1.4019720112180089483050275961663593e+00	2.1736894660440513728161533087265849e-05	4.0376321070605488535333298010515666e-03
2.4478123809241463677697676754454322e-03	-1.3858820588965353825424401647311579e+00	2.1414285339266276730573976789188953e-05	4.0075585427480878124221855422683488e-03
2.4839895301801364194906736698478306e-03	-1.3699108217658643022600301614268565e+00	2.1102393648872367448624990367773307e-05	3.9782679130046437894708391669344844e-03
2.5200096705384659503371757692208543e-03	-1.3540552224970013992871496567899567e+00	2.0800752752080482565320605730371736e-05	3.9497333181621722538986630037673964e-03
2.5558667647194111010163318434416327e-03	-1.3383122887620350082895951857490046e+00	2.0508922086052615841844383290501857e-05	3.9219291397811178505411434005775306e-03
2.5915548878820652898773381836743326e-03	-1.3226791482619250409522748390183702e+00	2.0226485585938697218841875649694852e-05	3.8948309655181883624582489033382117e-03
2.6270682250743715750201951405317555e-03	-1.3071530240440941429780798437434014e+00	1.9953050048734085608135278569570011e-05	3.8684155192592697366046959624549809e-03
2.6624010687785175874251993071932068e-03	-1.2917312300896314029536483071423731e+00	1.9688243624750451720913659177314485e-05	3.8426605960910168582075864080595611e-03
2.6975478165471726910603352499822367e-03	-1.2764111671515447228378461108484093e+00	1.9431714425369585725430363982009072e-05	3.8175450017237783831272804333171195e-03
2.7325029687263137457863524492610635e-03	-1.2611903188269754491560463126732251e+00	1.9183129236875272541584789172942291e-05	3.7930484960136390439256053813401018e-03
2.7672611262606339841834481231701589e-03	-1.2460662478476331316246215911888206e+00	1.8942172331160587453074094132535065e-05	3.7691517402629389997849078678228456e-03
2.8018169885777605575415704406976390e-03	-1.2310365925739327067375908824725625e+00	1.8708544365001543779647755845949911e-05	3.7458362480070515284897537085345544e-03
2.8361653515477216170957883187206970e-03	-1.2160990636794329029642364091641270e+00	1.8481961360385827834150205816712594e-05	3.7230843390208144228401495655243289e-03
2.8703011055143046102552215328909615e-03	-1.2012514410131938352276039503044974e+00	1.8262153759098593337305112070310311e-05	3.7008790963011220981032658416972722e-03
2.9042192333951349145240519269909482e-03	-1.1864915706286030562987294930514918e+00	1.8048865545405747177348303179870298e-05	3.6792043258030637361707316650410890e-03
2.9379148088474790316693385519690683e-03	-1.1718173619680712071909458688074111e+00	1.7841853431247403624346500402860940e-05	3.6580445187258753559414152187948868e-03
2.9713829944969402598897811636862864e-03	-1.1572267851937784094849912142989973e+00	1.7640886098867716148724616560157617e-05	3.6373848161620705431911793672051075e-03
3.0046190402263679101446982587528294e-03	-1.1427178686553674310730576197042107e+00	1.7445743496268696111003972887680017e-05	3.6172109759386116452060941580676808e-03
3.0376182815224445193990799248978808e-03	-1.1282886964861354939893430142459130e+00	1.7256216181290678273053751146089051e-05	3.5975093414930453822890451250544398e-03
3.0703761378775498573273299842314817e-03	-1.1139374063198788183788966682765947e+00	1.7072104710495882247148530306818957e-05	3.5782668126403003825764825591621556e-03
3.1028881112446264831805742270380269e-03	-1.0996621871210974979265966287449737e+00	1.6893219069368529675536545412049100e-05	3.5594708180974591745887885935126435e-03
3.1351497845428897909710168836393898e-03	-1.0854612771217774760444255857345469e+00	1.6719378140649164570614970636626530e-05	3.5411092896443894278181645866083333e-03
3.1671568202123364394730828108940312e-03	-1.0713329618584351985007590979809998e+00	1.6550409207895683472504217978534194e-05	3.5231706378077518602175227213781994e-03
3.1989049588151093095703966363455538e-03	-1.0572755723035425269370709156685755e+00	1.6386147491612204432769614167923015e-05	3.5056437289646872531147221231555642e-03
3.2303900176818751351768146951042781e-03	-1.0432874830858479309145566271824885e+00	1.6226435715512027755440996882449190e-05	3.4885178637705046222064132771133527e-03
3.2616078896014631481463436330054104e-03	-1.0293671107944777448912376826612245e+00	1.6071123700684995646738781428377229e-05	3.4717827568220202890694139516110670e-03
3.2925545415520998611836356156281753e-03	-1.0155129123620410137654704291378397e+00	1.5920067985624699131178239642629556e-05	3.4554285174748991842078081162538837e-03
3.3232260134726568537589560526424066e-03	-1.0017233835222755400410329276495236e+00	1.5773131470239126211741026501919177e-05	3.4394456317394841671708668469893026e-03
3.3536184170724054641399084839013306e-03	-9.8799705733806334749874587274009322e-01	1.5630183082121202009556097479891235e-05	3.4238249451852193888133755057692026e-03
3.3837279346778449397526275104824572e-03	-9.7433250279591285010273023641195536e-01	1.5491097463494760446944926057213369e-05	3.4085576467889272759843539966975703e-03
3.4135508181152391484000087079600222e-03	-9.6072832346325434003207079112990486e-01	1.5355754677378164841877469894501110e-05	3.3936352536669283272543777489959307e-03
3.4430833876275616729498690623390106e-03	-9.4718315620512660231911214710806494e-01	1.5224039931623273476410839894087961e-05	3.3790495966353370369502607719812662e-03
3.4723220308246102506548580029412759e-03	-9.3369566995704699663709761887902519e-01	1.5095843319592809384937096923839817e-05	3.3647928065468605724820426258289292e-03
3.5012632016651093057470176527249158e-03	-9.2026456455105655868692099444376388e-01	1.4971059576335411185802259409760314e-05	3.3508573013561005750125730090283110e-03
3.5299034194696739740967356458155662e-03	-9.0688856959211678495194455660681080e-01	1.4849587849205582806160642929642818e-05	3.3372357738687408548821817352554738e-03
3.5582392679635607298928115646198011e-03	-8.9356644338220688858072896390500711e-01	1.4731331481956203916815609652120155e-05	3.3239211801331203103477167808820370e-03
3.5862673943481786806974477277337008e-03	-8.8029697188963046706861532451049127e-01	1.4616197811404909668866801586108202e-05	3.3109067284355641748571583339445223e-03
3.6139845084003819700485390348719217e-03	-8.6707896776118963270422175451891862e-01	1.4504097975843126908373019731805846e-05	3.2981858688634985741247566716202902e-03
3.6413873815986076752216103779679343e-03	-8.5391126937502357338159223254379333e-01	1.4394946734418430300930059421440462e-05	3.2857522834028222695946221948477088e-03
3.6684728462749652599716643817708133e-03	-8.4079273993203801123166199716316814e-01	1.4288662296777665273602190008156871e-05	3.2735998765382725386321974932359317e-03
3.6952377947924231760014779684338347e-03	-8.2772226658397282107903426440504716e-01	1.4185166162310434648253971619472655e-05	3.2617227663276149698173519739859184e-03
3.7216791787462757310859810509434847e-03	-8.1469875959626781207435052492256176e-01	1.4084382968380476635609309919509368e-05	3.2501152759224236848162409772827284e-03
3.7477940081891089760665641662211718e-03	-8.0172115154399196210366311484635842e-01	1.3986240346976547623171919161659565e-05	3.2387719255100120034269156664372840e-03
3.7735793508785182191222235956670379e-03	-7.8878839653919977474829646908366803e-01	1.3890668789255002066210308156777661e-05	3.2276874246527355548097307537539722e-03
3.7990323315468619582004043957751661e-03	-7.7589946948817040697459622089601592e-01	1.3797601517483639658507759469156996e-05	3.2168566650024309700955140331459534e-03
3.8241501311923676287427415379553981e-03	-7.6305336537707125595678954209941425e-01	1.3706974363930843750575374715061351e-05	3.2062747133691832901815486032456185e-03
3.8489299863909336849904640818390240e-03	-7.5024909858466822192307390361227182e-01	1.3618725656275815634822369367214051e-05	3.1959368051249429549641588216553609e-03
3.8733691886280002544158594446579881e-03	-7.3748570222078027321822247137576353e-01	1.3532796109145044402267423869860518e-05	3.1858383379237468018013131477590564e-03
3.8974650836498870059378433666210672e-03	-7.2476222748924659149597255121592651e-01	1.3449128721407248146552538238529338e-05	3.1759748657214442877061803720990130e-03
3.9212150708340220281972399836230018e-03	-7.1207774307424080240203462983240913e-01	1.3367668678884066974479241930167314e-05	3.1663420930788969239509815604203307e-03
3.9446166025775094942282482707135515e-03	-6.9943133454882890771929915387497205e-01	1.3288363262156952147556679441639006e-05	3.1569358697336118608529302258297096e-03
3.9676671837035067589206638313315584e-03	-6.8682210380472581247214381651942380e-01	1.3211161759172133911125399560099667e-05	3.1477521854256953500993700955380473e-03
3.9903643708849033572020330223437457e-03	-6.7424916850226004698373063014929988e-01	1.3136015382365404463559905569905543e-05	3.1387871649648736335074709631053040e-03
4.0127057720848152015697132432888616e-03	-6.6171166153960766152001585979692005e-01	1.3062877190046850827697008979286454e-05	3.1300370635261324209943786975795181e-03
4.0346890460134271716329752240772401e-03	-6.4920873054040454386704418993799226e-01	1.2991702011802732514728564370733756e-05	3.1214982621622758949201192363980420e-03
4.0563119016007362965645802245727609e-03	-6.3673953735889178516030538239970319e-01	1.2922446377687527955782244486245724e-05	3.1131672635224061238766013822938578e-03
4.0775720974847659016307875352014453e-03	-6.2430325760179138832279667770591923e-01	1.2855068450993869559401945233219232e-05	3.1050406877659775720129621304518352e-03
4.0984674415148384672387880798783535e-03	-6.1189908016614975424135628301662479e-01	1.2789527964401739348942705166272111e-05	3.0971152686626924389346824263950107e-03
4.1189957902695115755230328545594206e-03	-5.9952620679242415798529250016962035e-01	1.2725786159320987214697385225804402e-05	3.0893878498690739781225401036767435e-03
4.1391550485887972352185852660929214e-03	-5.8718385163212299364601378272178137e-01	1.2663805728253036716568036220693450e-05	3.0818553813730895894473278276563658e-03
4.1589431691203001179572354466975147e-03	-5.7487124082934406342768404311827650e-01	1.2603550760008627628383237657762216e-05	3.0745149160986960085217746819887830e-03
4.1783581518789248435256029198510300e-03	-5.6258761211558674596530008564065639e-01	1.2544986687628672831049106127196297e-05	3.0673636066626477605511440881679990e-03
4.1973980438198164513790392563678361e-03	-5.5033221441724362263893526252431646e-01	1.2488080238864837335154414357878428e-05	3.0603987022763494582115425768414839e-03
4.2160609384242116222582773345846460e-03	-5.3810430747520518239815231680118326e-01	1.2432799389085331998598199632210382e-05	3.0536175457859445780322421745865935e-03
4.2343449752978910967897252727749190e-03	-5.2590316147603767083432101603199419e-01	1.2379113316479702435744699778486974e-05	3.0470175708442199653741103449928971e-03
4.2522483397819361054960943861324700e-03	-5.1372805669421909609218084625842965e-01	1.2326992359444129288703399259553714e-05	3.0405962992082682666366055273877355e-03
4.2697692625755035031874387397300251e-03	-5.0157828314494194402948192591005127e-01	1.2276407976035980454640854624105734e-05	3.0343513381571914077439092444229640e-03
4.2869060193703457152827865179835313e-03	-4.8945314024701337284239636452922180e-01	1.2227332705393106764168288953716813e-05	3.0282803780244486468693320666930966e-03
4.3036569304968125779136783163512963e-03	-4.7735193649540463236452489871583883e-01	1.2179740131019684720372519205194382e-05	3.0223811898397540310249693532641226e-03
4.3200203605810827100981832525865565e-03	-4.6527398914302125920183441868008775e-01	1.2133604845846315236512374843903666e-05	3.0166516230757115816177753092063346e-03
4.3359947182133822160729762359861729e-03	-4.5321862389128430455695047628760128e-01	1.2088902418977615352621190993753892e-05	3.0110896034946434295090189166542534e-03
4.3515784556269582991424299452096354e-03	-4.4118517458913052114923451399919251e-01	1.2045609364045717879255877514454362e-05	3.0056931310913175343865437959254010e-03
4.3667700683875847942124312066161537e-03	-4.2917298294005612886540701758390348e-01	1.2003703109092946928202235183000613e-05	3.0004602781275185949232878291968476e-03
4.3815680950933857126071028879971864e-03	-4.1718139821684455148890983282830067e-01	1.1963161967911488544792218134049875e-05	2.9953891872546292498544064399095624e-03
4.3959711170847716569830561555663149e-03	-4.0520977698363342114479430071780822e-01	1.1923965112772146596636627126298727e-05	2.9904780697205995822419368279755472e-03
4.4099777581642924224590905347908204e-03	-3.9325748282499023159261561343445541e-01	1.1886092548478284529524878430218074e-05	2.9857252036578821035154997782608567e-03
4.4235866843262172679599424971770634e-03	-3.8132388608167933161755235941242766e-01	1.1849525087684821925237772769146391e-05	2.9811289324490975862064239501139275e-03
4.4367966034956622339606301983641678e-03	-3.6940836359281552793006112346111783e-01	1.1814244327425697983664050612472214e-05	2.9766876631673750570728953856821663e-03
4.4496062652770915133288881026043735e-03	-3.5751029844411145281762011221785010e-01	1.1780232626796547852918934120464811e-05	2.9723998650884776287294798843718409e-03
4.4620144607120272641423529454391255e-03	-3.4562907972193708232911544818501916e-01	1.1747473085742476752028098121269295e-05	2.9682640682719852656633807500988416e-03
4.4740200220458093999201875100535593e-03	-3.3376410227292040061834898535305712e-01	1.1715949524903774625737113339851041e-05	2.9642788622089566353791958619643741e-03
4.4856218225032538157801827785815717e-03	-3.2191476646882822756912601616198310e-01	1.1685646466475203228304968444914375e-05	2.9604428945336354343274511513116086e-03
4.4968187760730642201814685177517435e-03	-3.1008047797647569019658338442159161e-01	1.1656549116037119752277592434954591e-05	2.9567548697969025123832239021545903e-03
4.5076098373008592521880688055013023e-03	-2.9826064753242175181679277626788414e-01	1.1628643345319187281392001002456804e-05	2.9532135482993042269939426083713462e-03
4.5179940010906828841487558850073970e-03	-2.8645469072221664299824012133511453e-01	1.1601915675859772584129800567469669e-05	2.9498177449816101861643039124501871e-03
4.5279703025148722494339643690266327e-03	-2.7466202776397498952127656439742004e-01	1.1576353263526355514245988763928197e-05	2.9465663283709703073715447707452350e-03
4.5375378166321630040701451307599345e-03	-2.6288208329605592801825575692078764e-01	1.1551943883864380348235837140134887e-05	2.9434582195808523203515921992155890e-03
4.5466956583139181390310596695470387e-03	-2.5111428616863856116798858783809528e-01	1.1528675918243975982423273713717474e-05	2.9404923913630468443542571396043083e-03
4.5554429820783718154705681643170441e-03	-2.3935806923898775136341462858360266e-01	1.1506538340775866709938320865218516e-05	2.9376678672101283214948717977862070e-03
4.5637789819327853068439755119147613e-03	-2.2761286917021150340680818249389983e-01	1.1485520705969595479592215850077687e-05	2.9349837205068567131597438418195510e-03
4.5717028912234175078641835471877303e-03	-2.1587812623331706049328146877258555e-01	1.1465613137108893827008056331520040e-05	2.9324390737290972729222815509306060e-03
4.5792139824932177184630495261116361e-03	-2.0415328411237834981004679422832758e-01	1.1446806315320663365531194501975032e-05	2.9300330976889241863629055393144079e-03
4.5863115673471535389751371278314354e-03	-1.9243778971263257967108621460427515e-01	1.1429091469315588746223178066720018e-05	2.9277650108246586885804829977099100e-03
4.5929949963250917279567708520910231e-03	-1.8073109297132862332820767451107866e-01	1.1412460365779886903326254808336508e-05	2.9256340785346736920734589136188024e-03
4.5992636587821547834712288993712642e-03	-1.6903264667115433854957046448726820e-01	1.1396905300399117428570175001687227e-05	2.9236396125538752252839685392777409e-03
4.6051169827764808191486942035438759e-03	-1.5734190625607417888424998081155024e-01	1.1382419089496339000010826248781001e-05	2.9217809703718463269551807766857168e-03
4.6105544349643190244859215515065965e-03	-1.4565832964941236348263849060734192e-01	1.1368995062268201590036261973390051e-05	2.9200575546917116833817145694073045e-03
4.6155755205023976311010823923114891e-03	-1.3398137707402049780634574651184399e-01	1.1356627053603818103216305819005471e-05	2.9184688129288514437394758201271230e-03
4.6201797829575058592316461117144841e-03	-1.2231051087437188711029624578724999e-01	1.1345309397472466329190294314322856e-05	2.9170142367486605022429459464460963e-03
4.6243668042232357977118575352991427e-03	-1.1064519534042786700765706479885202e-01	1.1335036920867336611414373477226030e-05	2.9156933616426152851934870088357419e-03
4.6281362044438345818864541491951865e-03	-9.8984896533124298784325794238252367e-02	1.1325804938293666212255066812703910e-05	2.9145057665419739081681121053271991e-03
4.6314876419451215831579374911082530e-03	-8.7329082111328948749936199942383691e-02	1.1317609246790691609746969782127453e-05	2.9134510734684976483418181448664026e-03
4.6344208131724296167422764000801757e-03	-7.5677221160122797447667002710052429e-02	1.1310446121477908347515054576957602e-05	2.9125289472216421772094287905336435e-03
4.6369354526355334162183190388074294e-03	-6.4028784020260411987021363945746513e-02	1.1304312311617157894071718934829333e-05	2.9117390951017260817076049510511158e-03
4.6390313328605328199871526960098416e-03	-5.2383242118666368466975150995917303e-02	1.1299205037183065444203882173488668e-05	2.9110812666686420234732213272900075e-03
4.6407082643486622711004774926888203e-03	-4.0740067799826336159933518062040148e-02	1.1295121985935334797196431063302765e-05	2.9105552535357325984725524446613088e-03
4.6419660955420023532781091157482324e-03	-2.9098734157932834969834347243504536e-02	1.1292061310987369362110427430300445e-05	2.9101608891985087100728883376589950e-03
4.6428047127960731774466131345497057e-03	-1.7458714869646856217718584404729635e-02	1.1290021628866634874509008938098122e-05	2.9098980488979432017644315005562058e-03
4.6432240403592934998636430704068857e-03	-5.8194840273374970329101317634404926e-03	1.1289002018063112397186376408373019e-05	2.9097666495181267520703111042903017e-03
4.6432240403592934998636430704068857e-03	5.8194840273374970329101317634404926e-03	1.1289002018063112397186376408373019e-05	2.9097666495181267520703111042903017e-03
4.6428047127960731774466131345497057e-03	1.7458714869646856217718584404729635e-02	1.1290021628866634874509008938098122e-05	2.9098980488979432017644315005562058e-03
4.6419660955420023532781091157482324e-03	2.9098734157932834969834347243504536e-02	1.1292061310987369362110427430300445e-05	2.9101608891985087100728883376589950e-03
4.6407082643486622711004774926888203e-03	4.0740067799826336159933518062040148e-02	1.1295121985935334797196431063302765e-05	2.9105552535357325984725524446613088e-03
4.6390313328605328199871526960098416e-03	5.2383242118666368466975150995917303e-02	1.1299205037183065444203882173488668e-05	2.9110812666686420234732213272900075e-03
4.6369354526355334162183190388074294e-03	6.4028784020260411987021363945746513e-02	1.1304312311617157894071718934829333e-05	2.9117390951017260817076049510511158e-03
4.6344208131724296167422764000801757e-03	7.5677221160122797447667002710052429e-02	1.1310446121477908347515054576957602e-05	2.9125289472216421772094287905336435e-03
4.6314876419451215831579374911082530e-03	8.7329082111328948749936199942383691e-02	1.1317609246790691609746969782127453e-05	2.9134510734684976483418181448664026e-03
4.6281362044438345818864541491951865e-03	9.8984896533124298784325794238252367e-02	1.1325804938293666212255066812703910e-05	2.9145057665419739081681121053271991e-03
4.6243668042232357977118575352991427e-03	1.1064519534042786700765706479885202e-01	1.1335036920867336611414373477226030e-05	2.9156933616426152851934870088357419e-03
4.6201797829575058592316461117144841e-03	1.2231051087437188711029624578724999e-01	1.1345309397472466329190294314322856e-05	2.9170142367486605022429459464460963e-03
4.6155755205023976311010823923114891e-03	1.3398137707402049780634574651184399e-01	1.1356627053603818103216305819005471e-05	2.9184688129288514437394758201271230e-03
4.6105544349643190244859215515065965e-03	1.4565832964941236348263849060734192e-01	1.1368995062268201590036261973390051e-05	2.9200575546917116833817145694073045e-03
4.6051169827764808191486942035438759e-03	1.5734190625607417888424998081155024e-01	1.1382419089496339000010826248781001e-05	2.9217809703718463269551807766857168e-03
4.5992636587821547834712288993712642e-03	1.6903264667115433854957046448726820e-01	1.1396905300399117428570175001687227e-05	2.9236396125538752252839685392777409e-03
4.5929949963250917279567708520910231e-03	1.8073109297132862332820767451107866e-01	1.1412460365779886903326254808336508e-05	2.9256340785346736920734589136188024e-03
4.5863115673471535389751371278314354e-03	1.9243778971263257967108621460427515e-01	1.1429091469315588746223178066720018e-05	2.9277650108246586885804829977099100e-03
4.5792139824932177184630495261116361e-03	2.0415328411237834981004679422832758e-01	1.1446806315320663365531194501975032e-05	2.9300330976889241863629055393144079e-03
4.5717028912234175078641835471877303e-03	2.1587812623331706049328146877258555e-01	1.1465613137108893827008056331520040e-05	2.9324390737290972729222815509306060e-03
4.5637789819327853068439755119147613e-03	2.2761286917021150340680818249389983e-01	1.1485520705969595479592215850077687e-05	2.9349837205068567131597438418195510e-03
4.5554429820783718154705681643170441e-03	2.3935806923898775136341462858360266e-01	1.1506538340775866709938320865218516e-05	2.9376678672101283214948717977862070e-03
4.5466956583139181390310596695470387e-03	2.5111428616863856116798858783809528e-01	1.1528675918243975982423273713717474e-05	2.9404923913630468443542571396043083e-03
4.5375378166321630040701451307599345e-03	2.6288208329605592801825575692078764e-01	1.1551943883864380348235837140134887e-05	2.9434582195808523203515921992155890e-03
4.5279703025148722494339643690266327e-03	2.7466202776397498952127656439742004e-01	1.1576353263526355514245988763928197e-05	2.9465663283709703073715447707452350e-03
4.5179940010906828841487558850073970e-03	2.8645469072221664299824012133511453e-01	1.1601915675859772584129800567469669e-05	2.9498177449816101861643039124501871e-03
4.5076098373008592521880688055013023e-03	2.9826064753242175181679277626788414e-01	1.1628643345319187281392001002456804e-05	2.9532135482993042269939426083713462e-03
4.4968187760730642201814685177517435e-03	3.1008047797647569019658338442159161e-01	1.1656549116037119752277592434954591e-05	2.9567548697969025123832239021545903e-03
4.4856218225032538157801827785815717e-03	3.2191476646882822756912601616198310e-01	1.1685646466475203228304968444914375e-05	2.9604428945336354343274511513116086e-03
4.4740200220458093999201875100535593e-03	3.3376410227292040061834898535305712e-01	1.1715949524903774625737113339851041e-05	2.9642788622089566353791958619643741e-03
4.4620144607120272641423529454391255e-03	3.4562907972193708232911544818501916e-01	1.1747473085742476752028098121269295e-05	2.9682640682719852656633807500988416e-03
4.4496062652770915133288881026043735e-03	3.5751029844411145281762011221785010e-01	1.1780232626796547852918934120464811e-05	2.9723998650884776287294798843718409e-03
4.4367966034956622339606301983641678e-03	3.6940836359281552793006112346111783e-01	1.1814244327425697983664050612472214e-05	2.9766876631673750570728953856821663e-03
4.4235866843262172679599424971770634e-03	3.8132388608167933161755235941242766e-01	1.1849525087684821925237772769146391e-05	2.9811289324490975862064239501139275e-03
4.4099777581642924224590905347908204e-03	3.9325748282499023159261561343445541e-01	1.1886092548478284529524878430218074e-05	2.9857252036578821035154997782608567e-03
4.3959711170847716569830561555663149e-03	4.0520977698363342114479430071780822e-01	1.1923965112772146596636627126298727e-05	2.9904780697205995822419368279755472e-03
4.3815680950933857126071028879971864e-03	4.1718139821684455148890983282830067e-01	1.1963161967911488544792218134049875e-05	2.9953891872546292498544064399095624e-03
4.3667700683875847942124312066161537e-03	4.2917298294005612886540701758390348e-01	1.2003703109092946928202235183000613e-05	3.0004602781275185949232878291968476e-03
4.3515784556269582991424299452096354e-03	4.4118517458913052114923451399919251e-01	1.2045609364045717879255877514454362e-05	3.0056931310913175343865437959254010e-03
4.3359947182133822160729762359861729e-03	4.5321862389128430455695047628760128e-01	1.2088902418977615352621190993753892e-05	3.0110896034946434295090189166542534e-03
4.3200203605810827100981832525865565e-03	4.6527398914302125920183441868008775e-01	1.2133604845846315236512374843903666e-05	3.0166516230757115816177753092063346e-03
4.3036569304968125779136783163512963e-03	4.7735193649540463236452489871583883e-01	1.2179740131019684720372519205194382e-05	3.0223811898397540310249693532641226e-03
4.2869060193703457152827865179835313e-03	4.8945314024701337284239636452922180e-01	1.2227332705393106764168288953716813e-05	3.0282803780244486468693320666930966e-03
4.2697692625755035031874387397300251e-03	5.0157828314494194402948192591005127e-01	1.2276407976035980454640854624105734e-05	3.0343513381571914077439092444229640e-03
4.2522483397819361054960943861324700e-03	5.1372805669421909609218084625842965e-01	1.2326992359444129288703399259553714e-05	3.0405962992082682666366055273877355e-03
4.2343449752978910967897252727749190e-03	5.2590316147603767083432101603199419e-01	1.2379113316479702435744699778486974e-05	3.0470175708442199653741103449928971e-03
4.2160609384242116222582773345846460e-03	5.3810430747520518239815231680118326e-01	1.2432799389085331998598199632210382e-05	3.0536175457859445780322421745865935e-03
4.1973980438198164513790392563678361e-03	5.5033221441724362263893526252431646e-01	1.2488080238864837335154414357878428e-05	3.0603987022763494582115425768414839e-03
4.1783581518789248435256029198510300e-03	5.6258761211558674596530008564065639e-01	1.2544986687628672831049106127196297e-05	3.0673636066626477605511440881679990e-03
4.1589431691203001179572354466975147e-03	5.7487124082934406342768404311827650e-01	1.2603550760008627628383237657762216e-05	3.0745149160986960085217746819887830e-03
4.1391550485887972352185852660929214e-03	5.8718385163212299364601378272178137e-01	1.2663805728253036716568036220693450e-05	3.0818553813730895894473278276563658e-03
4.1189957902695115755230328545594206e-03	5.9952620679242415798529250016962035e-01	1.2725786159320987214697385225804402e-05	3.0893878498690739781225401036767435e-03
4.0984674415148384672387880798783535e-03	6.1189908016614975424135628301662479e-01	1.2789527964401739348942705166272111e-05	3.0971152686626924389346824263950107e-03
4.0775720974847659016307875352014453e-03	6.2430325760179138832279667770591923e-01	1.2855068450993869559401945233219232e-05	3.1050406877659775720129621304518352e-03
4.0563119016007362965645802245727609e-03	6.3673953735889178516030538239970319e-01	1.2922446377687527955782244486245724e-05	3.1131672635224061238766013822938578e-03
4.0346890460134271716329752240772401e-03	6.4920873054040454386704418993799226e-01	1.2991702011802732514728564370733756e-05	3.1214982621622758949201192363980420e-03
4.0127057720848152015697132432888616e-03	6.6171166153960766152001585979692005e-01	1.3062877190046850827697008979286454e-05	3.1300370635261324209943786975795181e-03
3.9903643708849033572020330223437457e-03	6.7424916850226004698373063014929988e-01	1.3136015382365404463559905569905543e-05	3.1387871649648736335074709631053040e-03
3.9676671837035067589206638313315584e-03	6.8682210380472581247214381651942380e-01	1.3211161759172133911125399560099667e-05	3.1477521854256953500993700955380473e-03
3.9446166025775094942282482707135515e-03	6.9943133454882890771929915387497205e-01	1.3288363262156952147556679441639006e-05	3.1569358697336118608529302258297096e-03
3.9212150708340220281972399836230018e-03	7.1207774307424080240203462983240913e-01	1.3367668678884066974479241930167314e-05	3.1663420930788969239509815604203307e-03
3.8974650836498870059378433666210672e-03	7.2476222748924659149597255121592651e-01	1.3449128721407248146552538238529338e-05	3.1759748657214442877061803720990130e-03
3.8733691886280002544158594446579881e-03	7.3748570222078027321822247137576353e-01	1.3532796109145044402267423869860518e-05	3.1858383379237468018013131477590564e-03
3.8489299863909336849904640818390240e-03	7.5024909858466822192307390361227182e-01	1.3618725656275815634822369367214051e-05	3.1959368051249429549641588216553609e-03
3.8241501311923676287427415379553981e-03	7.6305336537707125595678954209941425e-01	1.3706974363930843750575374715061351e-05	3.2062747133691832901815486032456185e-03
3.7990323315468619582004043957751661e-03	7.7589946948817040697459622089601592e-01	1.3797601517483639658507759469156996e-05	3.2168566650024309700955140331459534e-03
3.7735793508785182191222235956670379e-03	7.8878839653919977474829646908366803e-01	1.3890668789255002066210308156777661e-05	3.2276874246527355548097307537539722e-03
3.7477940081891089760665641662211718e-03	8.0172115154399196210366311484635842e-01	1.3986240346976547623171919161659565e-05	3.2387719255100120034269156664372840e-03
3.7216791787462757310859810509434847e-03	8.1469875959626781207435052492256176e-01	1.4084382968380476635609309919509368e-05	3.2501152759224236848162409772827284e-03
3.6952377947924231760014779684338347e-03	8.2772226658397282107903426440504716e-01	1.4185166162310434648253971619472655e-05	3.2617227663276149698173519739859184e-03
3.6684728462749652599716643817708133e-03	8.4079273993203801123166199716316814e-01	1.4288662296777665273602190008156871e-05	3.2735998765382725386321974932359317e-03
3.6413873815986076752216103779679343e-03	8.5391126937502357338159223254379333e-01	1.4394946734418430300930059421440462e-05	3.2857522834028222695946221948477088e-03
3.6139845084003819700485390348719217e-03	8.6707896776118963270422175451891862e-01	1.4504097975843126908373019731805846e-05	3.2981858688634985741247566716202902e-03
3.5862673943481786806974477277337008e-03	8.8029697188963046706861532451049127e-01	1.4616197811404909668866801586108202e-05	3.3109067284355641748571583339445223e-03
3.5582392679635607298928115646198011e-03	8.9356644338220688858072896390500711e-01	1.4731331481956203916815609652120155e-05	3.3239211801331203103477167808820370e-03
3.5299034194696739740967356458155662e-03	9.0688856959211678495194455660681080e-01	1.4849587849205582806160642929642818e-05	3.3372357738687408548821817352554738e-03
3.5012632016651093057470176527249158e-03	9.2026456455105655868692099444376388e-01	1.4971059576335411185802259409760314e-05	3.3508573013561005750125730090283110e-03
3.4723220308246102506548580029412759e-03	9.3369566995704699663709761887902519e-01	1.5095843319592809384937096923839817e-05	3.3647928065468605724820426258289292e-03
3.4430833876275616729498690623390106e-03	9.4718315620512660231911214710806494e-01	1.5224039931623273476410839894087961e-05	3.3790495966353370369502607719812662e-03
3.4135508181152391484000087079600222e-03	9.6072832346325434003207079112990486e-01	1.5355754677378164841877469894501110e-05	3.3936352536669283272543777489959307e-03
3.3837279346778449397526275104824572e-03	9.7433250279591285010273023641195536e-01	1.5491097463494760446944926057213369e-05	3.4085576467889272759843539966975703e-03
3.3536184170724054641399084839013306e-03	9.8799705733806334749874587274009322e-01	1.5630183082121202009556097479891235e-05	3.4238249451852193888133755057692026e-03
3.3232260134726568537589560526424066e-03	1.0017233835222755400410329276495236e+00	1.5773131470239126211741026501919177e-05	3.4394456317394841671708668469893026e-03
3.2925545415520998611836356156281753e-03	1.0155129123620410137654704291378397e+00	1.5920067985624699131178239642629556e-05	3.4554285174748991842078081162538837e-03
3.2616078896014631481463436330054104e-03	1.0293671107944777448912376826612245e+00	1.6071123700684995646738781428377229e-05	3.4717827568220202890694139516110670e-03
3.2303900176818751351768146951042781e-03	1.0432874830858479309145566271824885e+00	1.6226435715512027755440996882449190e-05	3.4885178637705046222064132771133527e-03
3.1989049588151093095703966363455538e-03	1.0572755723035425269370709156685755e+00	1.6386147491612204432769614167923015e-05	3.5056437289646872531147221231555642e-03
3.1671568202123364394730828108940312e-03	1.0713329618584351985007590979809998e+00	1.6550409207895683472504217978534194e-05	3.5231706378077518602175227213781994e-03
3.1351497845428897909710168836393898e-03	1.0854612771217774760444255857345469e+00	1.6719378140649164570614970636626530e-05	3.5411092896443894278181645866083333e-03
3.1028881112446264831805742270380269e-03	1.0996621871210974979265966287449737e+00	1.6893219069368529675536545412049100e-05	3.5594708180974591745887885935126435e-03
3.0703761378775498573273299842314817e-03	1.1139374063198788183788966682765947e+00	1.7072104710495882247148530306818957e-05	3.5782668126403003825764825591621556e-03
3.0376182815224445193990799248978808e-03	1.1282886964861354939893430142459130e+00	1.7256216181290678273053751146089051e-05	3.5975093414930453822890451250544398e-03
3.0046190402263679101446982587528294e-03	1.1427178686553674310730576197042107e+00	1.7445743496268696111003972887680017e-05	3.6172109759386116452060941580676808e-03
2.9713829944969402598897811636862864e-03	1.1572267851937784094849912142989973e+00	1.7640886098867716148724616560157617e-05	3.6373848161620705431911793672051075e-03
2.9379148088474790316693385519690683e-03	1.1718173619680712071909458688074111e+00	1.7841853431247403624346500402860940e-05	3.6580445187258753559414152187948868e-03
2.9042192333951349145240519269909482e-03	1.1864915706286030562987294930514918e+00	1.8048865545405747177348303179870298e-05	3.6792043258030637361707316650410890e-03
2.8703011055143046102552215328909615e-03	1.2012514410131938352276039503044974e+00	1.8262153759098593337305112070310311e-05	3.7008790963011220981032658416972722e-03
2.8361653515477216170957883187206970e-03	1.2160990636794329029642364091641270e+00	1.8481961360385827834150205816712594e-05	3.7230843390208144228401495655243289e-03
2.8018169885777605575415704406976390e-03	1.2310365925739327067375908824725625e+00	1.8708544365001543779647755845949911e-05	3.7458362480070515284897537085345544e-03
2.7672611262606339841834481231701589e-03	1.2460662478476331316246215911888206e+00	1.8942172331160587453074094132535065e-05	3.7691517402629389997849078678228456e-03
2.7325029687263137457863524492610635e-03	1.2611903188269754491560463126732251e+00	1.9183129236875272541584789172942291e-05	3.7930484960136390439256053813401018e-03
2.6975478165471726910603352499822367e-03	1.2764111671515447228378461108484093e+00	1.9431714425369585725430363982009072e-05	3.8175450017237783831272804333171195e-03
2.6624010687785175874251993071932068e-03	1.2917312300896314029536483071423731e+00	1.9688243624750451720913659177314485e-05	3.8426605960910168582075864080595611e-03
2.6270682250743715750201951405317555e-03	1.3071530240440941429780798437434014e+00	1.9953050048734085608135278569570011e-05	3.8684155192592697366046959624549809e-03
2.5915548878820652898773381836743326e-03	1.3226791482619250409522748390183702e+00	2.0226485585938697218841875649694852e-05	3.8948309655181883624582489033382117e-03
2.5558667647194111010163318434416327e-03	1.3383122887620350082895951857490046e+00	2.0508922086052615841844383290501857e-05	3.9219291397811178505411434005775306e-03
2.5200096705384659503371757692208543e-03	1.3540552224970013992871496567899567e+00	2.0800752752080482565320605730371736e-05	3.9497333181621722538986630037673964e-03
2.4839895301801364194906736698478306e-03	1.3699108217658643022600301614268565e+00	2.1102393648872367448624990367773307e-05	3.9782679130046437894708391669344844e-03
2.4478123809241463677697676754454322e-03	1.3858820588965353825424401647311579e+00	2.1414285339266276730573976789188953e-05	4.0075585427480878124221855422683488e-03
2.4114843751391744337115701539839280e-03	1.4019720112180089483050275961663593e+00	2.1736894660440513728161533087265849e-05	4.0376321070605488535333298010515666e-03
2.3750117830382776829639926901114654e-03	1.4181838663443559733374515686430501e+00	2.2070716654498332044154087572473089e-05	4.0685168677060282731166406185291469e-03
2.3384009955450507162920630800000673e-03	1.4345209277944573425175391925209170e+00	2.2416276668915886748511183436332084e-05	4.1002425356660275044387326991012390e-03
2.3016585272763288345944598241491906e-03	1.4509866209736142826329543136945291e+00	2.2774132644301809094020071821398160e-05	4.1328403650885041310198137379225695e-03
2.2647910196476318377795308133983290e-03	1.4675844995455863784842589555812909e+00	2.3144877608973120794997477641873355e-05	4.1663432546986216098133590587587472e-03
2.2278052441079644202092820561778566e-03	1.4843182522262786308086204989380038e+00	2.3529142402182866864616266164520114e-05	4.2007858573741426118381776876071684e-03
2.1907081055110429220296122758385806e-03	1.5011917100332603676220018000362993e+00	2.3927598650480734058855312897531758e-05	4.2362046986652298058087654157722966e-03
2.1535066456305097407733952543203255e-03	1.5182088540285865316868980676709317e+00	2.4340962024696773050752054432528326e-05	4.2726383051249517631366628654586821e-03
2.1162080468272297137320087352209634e-03	1.5353738235960470460152637148358340e+00	2.4769995808465918319176182843645384e-05	4.3101273434143035379698928473071546e-03
2.0788196358773413842135520798213212e-03	1.5526909252980395646210925980619904e+00	2.5215514813122571934593364201384784e-05	4.3487147712556135851169495939995077e-03
2.0413488879703648772522461834036679e-03	1.5701646423617986799757405245753685e+00	2.5678389678266654633050966679421102e-05	4.3884460014326448520899585498662086e-03
2.0038034308873522867417106282536273e-03	1.5877996448497821818493966220617397e+00	2.6159551602425250853782918654811453e-05	4.4293690801766281975345849447410784e-03
1.9661910493698117836529628738259778e-03	1.6056008005746829993702833139476081e+00	2.6659997554113362983771673832005308e-05	4.4715348814373604151641504997436298e-03
1.9285196896909495577273432102436915e-03	1.6235731868258854402839977926728626e+00	2.7180796020358640106575311352752154e-05	4.5149973187202402530326904462701706e-03
1.8907974644416614590231807396772149e-03	1.6417221029813101774110174669068121e+00	2.7723093357546611222926618380875913e-05	4.5598135763770773731214206660883736e-03
1.8530326575446769705614570751567371e-03	1.6600530840866026476557531212245403e+00	2.8288120818441023399012680072382322e-05	4.6060443624746474299238813876532280e-03
1.8152337295113211105464721263576298e-03	1.6785719154926398112849400209402152e+00	2.8877202339647914226493742135423387e-05	4.6537541856349320731597157337507649e-03
1.7774093229565254046704965613914057e-03	1.6972846486525064559871440440339026e+00	2.9491763185872068081125579182535552e-05	4.7030116585502561949359298971431914e-03
1.7395682683889989126332497194658282e-03	1.7161976181905941429466596459893656e+00	3.0133339561359663757303932132657116e-05	4.7538898312315907812293721616336714e-03
1.7017195902948777214968940932861189e-03	1.7353174603695013967382736129633993e+00	3.0803589315290133031692899154934486e-05	4.8064665574567973186292106193586695e-03
1.6638725135347214078460423579397628e-03	1.7546511330951941939345646915590013e+00	3.1504303887005393149765713127258268e-05	4.8608248983566570078409917077565237e-03
1.6260364700754348663527646046799163e-03	1.7742059376176923351504473446849722e+00	3.2237421659366920650461685706274563e-05	4.9170535676210023985284897214611816e-03
1.5882211060805831441031761869354340e-03	1.7939895421036984543895936197333856e+00	3.3005042914841615481988658556185273e-05	4.9752474234381061410191115002806692e-03
1.5504362893846578248745662842668572e-03	1.8140100072794575288255473115553522e+00	3.3809446619902435567625112043522241e-05	5.0355080130132008886041166751053472e-03
1.5126921173791716213590375380090963e-03	1.8342758143671691738610195401901435e+00	3.4653109299923207465202072845933935e-05	5.0979441763652536954890876084522150e-03
1.4749989253410324659614064071846159e-03	1.8547958955669980376431931492967934e+00	3.5538726310090649285358277644753117e-05	5.1626727170973749175262087331718225e-03
1.4373672952365132513634223369678137e-03	1.8755796673697634519152605702233662e+00	3.6469235859351518285857125744810805e-05	5.2298191490026879888962848550953950e-03
1.3998080650373273255944767767599545e-03	1.8966370670234821773778318584801194e+00	3.7447846205784356344926468782793430e-05	5.2995185287371063182241841595545176e-03
1.3623323385888878179403665218953283e-03	1.9179785925209772772262535548274546e+00	3.8478066515166590225800549517093019e-05	5.3719163864034212193065859249160714e-03
1.3249514960748229303613385661163406e-03	1.9396153465268192226974266863777811e+00	3.9563741962546088486732922360799821e-05	5.4471697677964867665684525749576086e-03
1.2876772051262999897585240486988863e-03	1.9615590847212172113209669044256455e+00	4.0709093762620792614553276255211303e-05	5.5254484043173117322659891810095319e-03
1.2505214326297488546487047135883041e-03	1.9838222691076817352532147226671767e+00	4.1918764942809577167073901624241664e-05	5.6069360292486997993235010954598195e-03
1.2134964572922526653623699362215176e-03	2.0064181269122161074504812671151697e+00	4.3197872828252197166609018717750478e-05	5.6918318622884315937505135377102346e-03
1.1766148830302876199620935347176278e-03	2.0293607157967564137665618060972893e+00	4.4552069397160326521487229150134901e-05	5.7803522880717558451324082548841957e-03
1.1398896532547572157333768400241920e-03	2.0526649962213668110385757848938943e+00	4.5987610896271897189650896346462032e-05	5.8727327590252309063096058488104619e-03
1.1033340661335145158442198032856205e-03	2.0763469119217473993171321129551368e+00	4.7511438390242752354473965261790425e-05	5.9692299584567784289353848656077909e-03
1.0669617909219575729915677670079942e-03	2.1004234796251618759957712313339542e+00	4.9131271269237898148288955483391621e-05	6.0701242665263713607019183111155722e-03
1.0307868854630073183776023338540350e-03	2.1249128893141881097661196088080406e+00	5.0855716173280934267378233129368768e-05	6.1757225799417966403352726194850076e-03
9.9482381497005976068792162958609349e-04	2.1498346165702638051713878649998626e+00	5.2694394332795287898291355806515936e-05	6.2863615462453400783558304407609510e-03
9.5908747222061575798719139275493935e-04	2.1752095487960026976632430500486645e+00	5.4658091001836317114949878190431595e-05	6.4024112858617137344753478143258447e-03
9.2359319930455745071100649595382176e-04	2.2010601274369515034064756977139711e+00	5.6758931512618938634282083454743981e-05	6.5242796902590203451368913894202401e-03
8.8835681108985410847227053232519504e-04	2.2274105087128062818277322969931548e+00	5.9010589558393517860833321757422746e-05	6.6524174034017083928249126124411515e-03
8.5339462059031934365003176447897863e-04	2.2542867458415829586276969647580512e+00	6.1428534684723431160631199455186531e-05	6.7873236171484444461516429825371657e-03
8.1872346644548919523420397751670765e-04	2.2817169963189037238283813223407377e+00	6.4030327728113297438062345673213605e-05	6.9295528406811335892511684820546095e-03
7.8436074275246116877821884558692696e-04	2.3097317585255199874553961250947181e+00	6.6835975208972230219659898246929189e-05	7.0797228411767220803546976325377919e-03
7.5032443152450901127992218315087072e-04	2.3383641428145455251039114945008901e+00	6.9868356630686661516234305747299882e-05	7.2385240000553123253472958814240354e-03
7.1663313809255915424145367494552933e-04	2.3676501833214044530743913608363097e+00	7.3153742487998342708171415954756576e-05	7.4067303893448629230619591540844882e-03
6.8330612981454473115007834900009766e-04	2.3976291981043674515186006388833799e+00	7.6722425863999542190817005241654897e-05	7.5852129501672541701970147786189795e-03
6.5036337851595168106525924415230987e-04	2.4283442069414253669045640247928618e+00	8.0609497240091637745774907551893037e-05	7.7749552557599854032844717782967340e-03
6.1782560715469890137076179178985022e-04	2.4598424182865142306293537842553075e+00	8.4855801183807868354025011294139221e-05	7.9770724726244356841986117312092721e-03
5.8571434128759930067032382609682716e-04	2.4921757996680652069851405844487045e+00	8.9509125808690819282593932631266473e-05	8.1928343061990142403850802758951510e-03
5.5405196601755448368809700469383616e-04	2.5254017493903617651081693665291050e+00	9.4625692606045413361981998851818334e-05	8.4236929471375133426051715504893778e-03
5.2286178922489592075733383779500071e-04	2.5595838920408402312331704995350175e+00	1.0027203730877837679294175187447929e-04	8.6713173424563416393376353167508617e-03
4.9216811203883401702547703388091830e-04	2.5947930263856834675158177807450433e+00	1.0652740463817004224509640429742050e-04	8.9376355335436864582449827650794221e-03
4.6199630769361829239070915336933370e-04	2.6311082622732329205136939498369179e+00	1.1348682526261398309035881037338642e-04	9.2248873754260105109655478551323085e-03
4.3237291014911271026141393825142118e-04	2.6686183939008142942196635401424177e+00	1.2126510838209800489230596301470833e-04	9.5356907452500077559367844517657783e-03
4.0332571415096249180158232999299844e-04	2.7074235713023183383414033501274116e+00	1.3000207780080082523059896407877787e-04	9.8731254620502717161793476326841765e-03
3.7488388878025751967133586510474699e-04	2.7476373517390939439022245124725897e+00	1.3986951848773382478139216015836248e-04	1.0240840725448899248406754830847689e-02
3.4707810702253287347975460282538686e-04	2.7893892401352435112252523912517413e+00	1.5108050896949006381755229904685281e-04	1.0643194171036712112335220267811457e-02
3.1994069450722369860462919975611795e-04	2.8328278662725357766176693151318834e+00	1.6390213246730124245507597005550135e-04	1.1085434001424390142721698799308855e-02
2.9350580138235650805269907852624859e-04	2.8781250014954303162883224954569689e+00	1.7867305324093372613480698388657460e-04	1.1573940672667991748356944258361562e-02
2.6780960236857144227667690767335039e-04	2.9254806975428458756151380905595115e+00	1.9582822819847929000671270300088191e-04	1.2116552261089606172402481403639000e-02
2.4289053148850035920347323725058126e-04	2.9751299482127706037657009675817239e+00	2.1593429756353352379460168566836070e-04	1.2723009527260774770742716226082131e-02
2.1878955995127276354447165664024189e-04	3.0273514528282050933242006832462629e+00	2.3974132362499401468027904245707177e-04	1.3405575631066828112578495890194290e-02
1.9555052842946822390569185614484674e-04	3.0824793358532229784099880011051953e+00	2.6826019745081969838903804792492439e-04	1.4179916409970456289188119279581142e-02
1.7322054887374875636822973075885667e-04	3.1409191135681340743066859618045615e+00	3.0288151395242956443650396222364193e-04	1.5066379254652408597270771880786819e-02
1.5185049667036072455148650824480042e-04	3.2031699113146883364649245453830028e+00	3.4556365378404394623450631543925953e-04	1.6091899340599467142214232809650727e-02
1.3149562234911261808134610224249098e-04	3.2698561373747559802810285735192746e+00	3.9914075486811054261258550267266075e-04	1.7292926001618955508566038305048287e-02
1.1221632488094350121934653766951935e-04	3.3417739280963169841950057147320272e+00	4.6784756710543515287943512680320574e-04	1.8720071851044548332844709723999528e-02
9.4079148851367791833583667666082115e-05	3.4199615443414518434416428711290880e+00	5.5825716724575864098142313282970705e-04	2.0445803082678652203977733551129662e-02
7.7158100992801301359270464951298567e-05	3.5058103676609772788094308558350719e+00	6.8105396488986438285012865206704903e-04	2.2577789606381837873608508999086740e-02
6.1536438521266826595153470367413744e-05	3.6012485117068954790211024919093907e+00	8.5462695547920223322656980837369727e-04	2.5283485810770715512194876927934476e-02
4.7309184982448390180800937896966080e-05	3.7090632185630979346507593409270493e+00	1.1130156394160429709971698750609071e-03	2.8838842913978702030355359083145929e-02
3.4586829561629824980634225944533598e-05	3.8335118494607913621684742365054998e+00	1.5255923267086036729497485874328040e-03	3.3734441442769634476606112512898499e-02
2.3501088326265714333567265330674996e-05	3.9816037320397561777760929585060159e+00	2.2539879653036696188086475533047879e-03	4.0938205150813115812835527811558556e-02
1.4214596282258330975350900213090914e-05	4.1662040230666385977276593612946781e+00	3.7589703320794196372463339754862059e-03	5.2676585247116337445462710743427358e-02
6.9389821860834427654959747809041681e-06	4.4154130288975602041679896473726205e+00	7.9085294645452975869865815962801573e-03	7.5553540890107370262049366808964421e-02
1.9622060294815824995118757885843139e-06	4.8152787038813586645877414004677585e+00	3.7267665418685163089192249119647522e-02	1.4438258443322899155538173107716542e-01
0.0000000000000000000000000000000000e+00	0.0000000000000000000000000000000000e+00	1.9552178184119566212742674846815413e-05	3.5636629008441507841708997889779981e-03