1.8092137832038872889864573900247745e-06	-4.8314832276078489756103301330564201e+00	3.7049318351599060464194369847466418e-02	1.4394675088878768817994609680533837e-01
6.4019543650539897857655957619126345e-06	-4.4328682945595666162612158082643137e+00	7.8564581768024762572698794437977091e-03	7.5302810890724223523158905285102885e-02
1.3121267412194377310010003763623648e-05	-4.1845143947493368858532512027026575e+00	3.7322327263660340184707200324264036e-03	5.2488316149612313626402017087432711e-02
2.1703130808871172623984731828200753e-05	-4.0005926642223455402611904428665447e+00	2.2369457744159309545132074279988155e-03	4.0782851332142088600898583144226401e-02
3.1953422026263506226467079303588332e-05	-3.8530764986662437238654246477830443e+00	1.5134521146438145459287040723117066e-03	3.3599775736444011103812828588538714e-02
4.3722935453499750680018965550245332e-05	-3.7291353251740193862335578931977556e+00	1.1037567027671742861406107077049653e-03	2.8718527917611305269158715375359038e-02
5.6890814913672571169490411196757187e-05	-3.6217790656344763719642768208275159e+00	8.4723160566066435768912573297593211e-04	2.5173777047223038824028594542132662e-02
7.1355668270346121045717216783015968e-05	-3.5267622744183307587171777496117160e+00	6.7494679471573155367805664148135453e-04	2.2476274286587951870901917355492105e-02
8.7030285267053623506349946281828854e-05	-3.4413056445238648551929114823295728e+00	5.5308509104966293810859710201237031e-04	2.0350827254845129230672963764285871e-02
1.0383824565864228658096319668349540e-04	-3.3634866372126128362280755710282157e+00	4.6338025924662257471124810585424923e-04	1.8630447782421177377647253819162424e-02
1.2171161235757931994347003865733383e-04	-3.2919179515499265172414083019510319e+00	3.9522065900766428097357544153285285e-04	1.7207769266774361576016035521404519e-02
1.4058929159934293192979857456693798e-04	-3.2255644119625089007445063842178037e+00	3.4207881707707201714225711677488960e-04	1.6010531927142299305311335245289546e-02
1.6041582569809459379342888846080913e-04	-3.1636322770384926091474016989530391e+00	2.9974987345416223176482404675690312e-04	1.4988268832011676064938899332255478e-02
1.8114047862625886367264765616482484e-04	-3.1054990385114947855570446117871891e+00	2.6542001848489252366521824119563488e-04	1.4104636604967352237386838849250542e-02
2.0271652687378493316237405674202104e-04	-3.0506671063357871719794559498530343e+00	2.3714513212802202734507767796443877e-04	1.3332779106696919748251612910625016e-02
2.2510069847799607220831140069487633e-04	-2.9987322244211228703044618578177643e+00	2.1354489097070276654703690330270044e-04	1.2652409184035852522303155475416917e-02
2.4825272167828178914838680341149885e-04	-2.9493613167965710492159893636350177e+00	1.9361597231411879563639748091486966e-04	1.2047907769693465953457118588634784e-02
2.7213495641456528380485318886529639e-04	-2.9022765668842955935827239798765694e+00	1.7661400197843093344205474373626347e-04	1.1507048609608308801667750450904574e-02
2.9671208959246908568419124096264001e-04	-2.8572437318775681099319984720045037e+00	1.6197668972841218068415039715416272e-04	1.1020120482252200592854453624681704e-02
3.2195088022768955573533894853896957e-04	-2.8140634048865270425795594562307675e+00	1.4927245696742375873463362952476965e-04	1.0579309253840869326564044271743775e-02
3.4781994416530278275141411867717072e-04	-2.7725643728834606500668144266287018e+00	1.3816529942447092460787925421460372e-04	1.0178254094077618034115266540998015e-02
3.7428957059819138157505196750006339e-04	-2.7325984931029965126239003303186243e+00	1.2839025427395586680501718141941506e-04	9.8117230508203502689118425715595920e-03
4.0133156442775900889906307298742245e-04	-2.6940366883221163911654829469257407e+00	1.1973595217376552086199449360504567e-04	9.4753720672881889269140229405669509e-03
4.2891910984145142537854502446340537e-04	-2.6567657792059419773176903659188238e+00	1.1203199985827008516873554153518005e-04	9.1655633843945608903353162997866981e-03
4.5702665147129501736393435221507034e-04	-2.6206859515479653252537430865743646e+00	1.0513971719325136061321025905188492e-04	8.8792268949305237644230098913743106e-03
4.8562979024377565641306879771458461e-04	-2.5857087111138686141609041725342595e+00	9.8945242766815060662381885733492760e-05	8.6137530230606001457523560378124306e-03
5.1470519160108403122545741141264760e-04	-2.5517552172631130575060562737745542e+00	9.3354337463594778380306719527796044e-05	8.3669090544289082864576393601741869e-03
5.4423050421385370885170750686301241e-04	-2.5187549139029492426305128082559095e+00	8.8288422362229080736389973990166313e-05	8.1367731258399264675433106172129335e-03
5.7418428764914773017920679968668262e-04	-2.4866443960980712615900941990316263e+00	8.3681525456845211197651478618280376e-05	7.9216816645769437770551426108107919e-03
6.0454594772840309447977126682047917e-04	-2.4553664651192442786187525198513431e+00	7.9477905483855082230886388771209447e-05	7.7201871783732237328476072805519848e-03
6.3529567852563648671669471307590499e-04	-2.4248693354193313619112608825979758e+00	7.5630185756425602439199941178650630e-05	7.5310240883527889976683766563250499e-03
6.6641441012920608115750519175614851e-04	-2.3951059650390257596080330885222512e+00	7.2097876060891259590498061676122755e-05	7.3530808680223199528056290248087319e-03
6.9788376143031824205355480173557789e-04	-2.3660334870061086424344764390807329e+00	6.8846192627476411281179364144520455e-05	7.1853771679247903057377845281008937e-03
7.2968599731542118934579633948107540e-04	-2.3376127239211295736805840815085578e+00	6.5845109080392340810345651638906200e-05	7.0270449128597054562938475773098914e-03
7.6180398973308173392400014572308925e-04	-2.3098077714894091376162523265705581e+00	6.3068587855733500534187328121340577e-05	6.8773125875914935594079627809565181e-03
7.9422118218307127432160961396375120e-04	-2.2825856395310242177256037090659225e+00	6.0493953714812401325276249377400095e-05	6.7354920992724721634830394608338551e-03
8.2692155723942446253901465854996773e-04	-2.2559159411712541742483966149638814e+00	5.8101379954127632824662668381987274e-05	6.6009677356005541323064813442020566e-03
8.5988960677269875093720186755633210e-04	-2.2297706226267348315354304857922578e+00	5.5873464607904785095163112690413257e-05	6.4731868378471315594331198912080613e-03
8.9311030458153635830563856296409118e-04	-2.2041237273633626220866679700479246e+00	5.3794878977197569402476510418453036e-05	6.3516518851272701177203070483433281e-03
9.2656908118147996682074264290840963e-04	-2.1789511894902523099113413299052065e+00	5.1852074641907044981502539900012276e-05	6.2359137463133909153656304817747943e-03
9.6025180053106899444766788988658181e-04	-2.1542306521297636130828574689294193e+00	5.0033038034530074693155119679987644e-05	6.1255659029759440914565328654547958e-03
9.9414473850254629682362835015351009e-04	-2.1299413072124255446129391880221821e+00	4.8327083905185078956737404801328448e-05	6.0202394837496414799239379753405825e-03
1.0282345629278436193214326788555285e-03	-2.1060637537225018227698593741291410e+00	4.6724680752871208928944465486394229e-05	5.9195989798693452167801959853540733e-03
1.0625083150705434368793631041504328e-03	-2.0825798718919779468065556704588963e+00	4.5217302660333683256354731496203123e-05	5.8233385350234469255946395630816485e-03
1.0969533923917694553603022744557283e-03	-2.0594727112289117631575196372818678e+00	4.3797303039999639106958743407806779e-05	5.7311787214432160651012636668798101e-03
1.1315575324928760772754132117669320e-03	-2.0367263905867999569400560193602366e+00	4.2457806643918281843603669583257927e-05	5.6428637292823532636397923489508346e-03
1.1663087981307493578062303698736686e-03	-2.0143260087477966584674800671147374e+00	4.1192616862405351385878614597401070e-05	5.5581589086082879237665800097776182e-03
1.2011955632127969222652033176034676e-03	-1.9922575642145040751729946590094882e+00	3.9996135872712999338462389625901207e-05	5.4768486133178007298661744606503765e-03
1.2362064996885400716941074955651310e-03	-1.9705078830907755710759535258471744e+00	3.8863295629910352915626272741902678e-05	5.3987343044646480944601373481080099e-03
1.2713305652633349045259407026968184e-03	-1.9490645540880365706213171549708373e+00	3.7789498039805937124372902425727916e-05	5.3236328772058820810066623324971363e-03
1.3065569918673141970748716409374873e-03	-1.9279158698252686204837989450409065e+00	3.6770562935558901655075104280606609e-05	5.2513751811193736383516299409629644e-03
1.3418752748193039140418671779671551e-03	-1.9070507737022409849725598166250090e+00	3.5802682709102565894412977619798839e-05	5.1818047082411863470615736792582987e-03
1.3772751626313507256564906082677867e-03	-1.8864588117202390837974396721363518e+00	3.4882382636165238131448025550425602e-05	5.1147764269954285185289794351676619e-03
1.4127466474047041261697582542025167e-03	-1.8661300887052220428952171173133071e+00	3.4006486087772052982128809253318095e-05	5.0501557433826878505484475422130455e-03
1.4482799557727173633213236759707243e-03	-1.8460552284573271515921172247880791e+00	3.3172083948151211027614994393111538e-05	4.9878175734696839792957798308358209e-03
1.4838655403502410247533455225168051e-03	-1.8262253374098038161611102101008887e+00	3.2376507664098271432058981376200137e-05	4.9276455134737993817494444087342580e-03
1.5194940716527464739884851579907736e-03	-1.8066319714313513140167265334788366e+00	3.1617305438169645965360184841542168e-05	4.8695310956356094275390798042243002e-03
1.5551564304516888855223176453792825e-03	-1.7872671054497342910376228601142231e+00	3.0892221150854410740387626868850994e-05	4.8133731196804642356866217598153880e-03
1.5908437005355491492522978537494966e-03	-1.7681231056125215981640591084282843e+00	3.0199175657738486624128228869192170e-05	4.7590770510355163725481817491884934e-03
1.6265471618486216009317363851736027e-03	-1.7491927037337246762399464122412636e+00	2.9536250158743320551621735909092060e-05	4.7065544781313818313517021713375806e-03
1.6622582839819760320271645918963139e-03	-1.7304689738037430049382864276326680e+00	2.8901671379504177025154057485643702e-05	4.6557226221107506952247177571924749e-03
1.6979687199931486551671181777763683e-03	-1.7119453103649784120266800024553020e+00	2.8293798341240904513866402989747010e-05	4.6065038931168279294839821488136528e-03
1.7336703005330345316022957707558754e-03	-1.6936154085772809634240140659371903e+00	2.7711110526199258423922382087751542e-05	4.5588254880648925997658367828512911e-03
1.7693550282601868340880355538474407e-03	-1.6754732458164787199687342137558657e+00	2.7152197271829892690522821096039988e-05	4.5126190254291060976693951487507332e-03
1.8050150725242966903640684022827495e-03	-1.6575130646659959879009300322847302e+00	2.6615748249085177011101318095195533e-05	4.4678202131194485935626920668427240e-03
1.8406427643020491500163015375719877e-03	-1.6397293571762973768787296214803090e+00	2.6100544899176972770460743215045701e-05	4.4243685459932337388690191855524274e-03
1.8762305913698417660494593985421898e-03	-1.6221168502798782935448645568826049e+00	2.5605452719368409985819460882348233e-05	4.3822070299528585263711558269916631e-03
1.9117711936990262091297383564250110e-03	-1.6046704922609870728521033982551397e+00	2.5129414302297912787391904603786406e-05	4.3412819299353682095098869340184751e-03
1.9472573590604024201692434948365438e-03	-1.5873854401894070787062926392312642e+00	2.4671443045310206756844134803619276e-05	4.3015425394077005661889795363778404e-03
1.9826820188256698111972381316827475e-03	-1.5702570482366179779902020429739839e+00	2.4230617456593503288897715575580239e-05	4.2629409692505741181405464088018430e-03
2.0180382439544304586460252173237086e-03	-1.5532808568006394355374572435596297e+00	2.3806075993842470934494467059396781e-05	4.2254319541493646409615427639679175e-03
2.0533192411561535275160931656311349e-03	-1.5364525823729629830176189258109360e+00	2.3397012378890795336318833538428751e-05	4.1889726748166096476977658675152769e-03
2.0885183492172558032433539716731571e-03	-1.5197681080873069641191248966977909e+00	2.3002671338459731640031424510013580e-05	4.1535225945519353836839669078544895e-03
2.1236290354841368457813360238463413e-03	-1.5032234748955788630354144602542848e+00	2.2622344726997187441068921691453566e-05	4.1190433088045781398917492215655323e-03
2.1586448924936348459359916746700146e-03	-1.4868148733214801554803392602061173e+00	2.2255367992659792881001527093133984e-05	4.0854984065441455120059335010234059e-03
2.1935596347429460471025529219510375e-03	-1.4705386357467116109925672381815257e+00	2.1901116951923310199196852573850296e-05	4.0528533423692955144272858875317840e-03
2.2283670955915813236179239566979428e-03	-1.4543912291887931257270109146127804e+00	2.1559004842183874325605344667704654e-05	4.0210753183937156091220546923242417e-03
2.2630612242884224112928434818870006e-03	-1.4383692485331552373946276149362777e+00	2.1228479625109863807358244726255173e-05	3.9901331750459778084554632877414957e-03
2.2976360831173911594009301795604325e-03	-1.4224694101854362761568213136860820e+00	2.0909021516486398527276242163199870e-05	3.9599972900060973035463977130170075e-03
2.3320858446556614216867419363635930e-03	-1.4066885461128706172636447828108414e+00	2.0600140720916837322117821559298550e-05	3.9306394845782842806453151446484197e-03
2.3664047891387278881950414759144535e-03	-1.3910235982463156647586097232043253e+00	2.0301375352055537615653045293076837e-05	3.9020329368676232951201799109965217e-03
2.4005873019270020360279953966747869e-03	-1.3754716132168695877513057876212839e+00	2.0012289521084144615632553744282319e-05	3.8741521011892576407317943775787505e-03
2.4346278710689349301528420927415213e-03	-1.3600297374032062406761935418718268e+00	1.9732471577944700953657144256967022e-05	3.8469726331929800590299974213725046e-03
2.4685210849559720779957544993445949e-03	-1.3446952122677226221383746757926852e+00	1.9461532491436967078669509239963896e-05	3.8204713202347038677216615968092917e-03
2.5022616300649289610291709511742769e-03	-1.3294653699613792901507339265429490e+00	1.9199104355700454438069045378215461e-05	3.7946260165697796737251591129084643e-03
2.5358442887836390675601451930244417e-03	-1.3143376291787344784466708644701694e+00	1.8944839011856218365315682370483227e-05	3.7694155829821169643057622988859617e-03
2.5692639373159708958694416873370013e-03	-1.2993094912461451850252932493766870e+00	1.8698406774698852636331027035651880e-05	3.7448198304980784917047667259045969e-03
2.6025155436625379938676923560651110e-03	-1.2843785364274482508023968491111801e+00	1.8459495255322218047022187485909699e-05	3.7208194678655866045538581041426589e-03
2.6355941656736380202945046584293253e-03	-1.2695424204326547544221618827740959e+00	1.8227808271447862236319726933502135e-05	3.6973960525072077896978717504542774e-03
2.6684949491711542987070604790842817e-03	-1.2547988711163037852034379795077579e+00	1.8003064838015590665237100528960173e-05	3.6745319446815103159132486448119637e-03
2.7012131261363375228864751373148358e-03	-1.2401456853531373887685999378157210e+00	1.7784998231302340374421169392064157e-05	3.6522102646100242751444289129258576e-03
2.7337440129605571940588475910943091e-03	-1.2255807260796866351956374524549038e+00	1.7573355120468092509228582293104717e-05	3.6304148523479417219835914849388228e-03
2.7660830087562729690580175136172755e-03	-1.2111019194912077553803820511942495e+00	1.7367894760994524229652503504736810e-05	3.6091302301955138187523272861552104e-03
2.7982255937256262350188920574871292e-03	-1.1967072523841846547963234675304714e+00	1.7168388244990880826001793876158403e-05	3.5883415674641412554323905870324909e-03
2.8301673275841926872484691997599935e-03	-1.1823947696353265840618348937223068e+00	1.6974617803798667849631355945235102e-05	3.5680346474265990749857339313474785e-03
2.8619038480375681925957550496886169e-03	-1.1681625718086433636091319587161449e+00	1.6786376158737952191931577484732498e-05	3.5481958362948517052928276930911802e-03
2.8934308693085834304249072823127922e-03	-1.1540088128827807469305339516976807e+00	1.6603465916208363110911171624701457e-05	3.5288120540816443346164059653877161e-03
2.9247441807130583218178092385613895e-03	-1.1399316980913501348878511680391708e+00	1.6425699003691742392652889188991076e-05	3.5098707472136324095832382100502008e-03
2.9558396452821156397391922075556940e-03	-1.1259294818694943046847929838489368e+00	1.6252896143504727347937051264482301e-05	3.4913598627743473587678345561003887e-03
2.9867131984291749482153792639361921e-03	-1.1120004659003980379074057833386020e+00	1.6084886361421824591936783991331974e-05	3.4732678242648964578972674894403758e-03
3.0173608466598436156156584797727089e-03	-1.0981429972558830806619931531177366e+00	1.5921506527535810386617637959138712e-05	3.4555835087790497728983119749218262e-03
3.0477786663230115169689257839417854e-03	-1.0843554666256239566462843110656154e+00	1.5762600926945288601701686758130220e-05	3.4382962254973592676464912051638789e-03
3.0779628024015405798890117480978459e-03	-1.0706363066298876824289182160871501e+00	1.5608020858061356940478843609297502e-05	3.4213956954122577035059729495584781e-03
3.1079094673410199040204763728182860e-03	-1.0569839902110390274427397186351537e+00	1.5457624256508713212770302149205882e-05	3.4048720322027634736632055691292051e-03
3.1376149399151321324744138703325102e-03	-1.0433970290993659949894937875429379e+00	1.5311275342763076206564138485252309e-05	3.3887157241835307891272879944911216e-03
3.1670755641262473870961561886737886e-03	-1.0298739723490698279364024986685471e+00	1.5168844291818191364344577957359946e-05	3.3729176172585854070286229770144949e-03
3.1962877481399276854813239511412576e-03	-1.0164134049405320168283326703617809e+00	1.5030206923313447122092813165038357e-05	3.3574688988152217385505437334453401e-03
3.2252479632520876026235854494141322e-03	-1.0030139464452192822136297981422307e+00	1.4895244410678587963728212381928297e-05	3.3423610824982502889413220077583109e-03
3.2539527428876162702519990404457131e-03	-9.8967424974981792879908437703395301e-01	1.4763843007966375830535023092665202e-05	3.3275859938091133047798506353684777e-03
3.2823986816293218503924537418187156e-03	-9.7639299983640279274301708901512931e-01	1.4635893793148396184885019075386430e-05	3.3131357564783657771622200166409540e-03
3.3105824342761125878429644215497913e-03	-9.6316891261564455986874270407798543e-01	1.4511292426744489768083179308779781e-05	3.2990027795636797275920611472469582e-03
3.3385007149293786351111800581666526e-03	-9.5000073381024373832643159388200707e-01	1.4389938924743376975741840510281163e-05	3.2851797452289001105637862795571327e-03
3.3661502961065862348409181560425500e-03	-9.3688723788595113379483728681492868e-01	1.4271737444851701107456191143248489e-05	3.2716595971627861170533756528102056e-03
3.3935280078811407077936959200226431e-03	-9.2382722702769431155528317418213679e-01	1.4156596085181642931518230077764731e-05	3.2584355295989351425440260022692863e-03
3.4206307370476171860488624786054004e-03	-9.1081953015847816305920705277742070e-01	1.4044426694554075215110404882156459e-05	3.2455009769010290012933313363607387e-03
3.4474554263114982972388840640013122e-03	-8.9786300199886617107786020452202656e-01	1.3935144693655492713931967668391786e-05	3.2328496036799819812496118382490582e-03
3.4739990735025961822008502872728768e-03	-8.8495652216497806146580758771822412e-01	1.3828668906343175398420222418938928e-05	3.2204752954118251423475537065036161e-03
3.5002587308113724419033316372710160e-03	-8.7209899430305995011030168759183296e-01	1.3724921400444675402542961648029762e-05	3.2083721495272463877745884154605156e-03
3.5262315040474039777662343773352231e-03	-8.5928934525879549071146528935887994e-01	1.3623827337445171777368690250380364e-05	3.1965344669456353857415625946936357e-03
3.5519145519192753224204649272870432e-03	-8.4652652427963149878513425559612818e-01	1.3525314830499882246370341544263939e-05	3.1849567440282692112443479445565840e-03
3.5773050853352090580706351498898905e-03	-8.3380950224848961691019875139823686e-01	1.3429314810248892756939482904931857e-05	3.1736336649269302823491354935287833e-03
3.6024003667237753826236636746573767e-03	-8.2113727094732729841681909444554491e-01	1.3335760897948766698221218776665939e-05	3.1625600943057834113803761660055094e-03
3.6271977093740498990115692031623266e-03	-8.0850884234909718350426754911446842e-01	1.3244589285469400523072237220504199e-05	3.1517310704157632650528055920418965e-03
3.6516944767946153542030811044730345e-03	-7.9592324793673424825053561242789915e-01	1.3155738621736049729857460629324234e-05	3.1411417985020460656085322723644824e-03
3.6758880820908284193814283208728969e-03	-7.8337953804787531441960785302054580e-01	1.3069149905225484136430872874044668e-05	3.1307876445264080343732995481769018e-03
3.6997759873597967547543017839194599e-03	-7.7087678124408597683160552946934335e-01	1.2984766382152048696611873004900573e-05	3.1206641291874152498774895933516091e-03
3.7233557031025346098820818035185062e-03	-7.5841406370343606759102459455189354e-01	1.2902533450004191599541248151131263e-05	3.1107669222224520031698263217115929e-03
3.7466247876527871373570225330158569e-03	-7.4599048863532673914085692834984163e-01	1.2822398566114943986268938927740517e-05	3.1010918369765835485726648803603286e-03
3.7695808466220345042109111436598986e-03	-7.3360517571653039379786038255581818e-01	1.2744311160971049005414310932246336e-05	3.0916348252241700141123744385576276e-03
3.7922215323602068279034103953765595e-03	-7.2125726054745927738288836726082128e-01	1.2668222555985082041081924382944863e-05	3.0823919722300063248540255824939993e-03
3.8145445434316599950007359714548250e-03	-7.0894589412772983023273655945753884e-01	1.2594085885473106280832368845345433e-05	3.0733594920375630473484673831322024e-03
3.8365476241059805903099076223770818e-03	-6.9667024235013807353518374048075458e-01	1.2521856022597284608941992770185288e-05	3.0645337229726494363716925486062490e-03
3.8582285638632055188883282698913571e-03	-6.8442948551220660915399374878115490e-01	1.2451489509048526198925916202357359e-05	3.0559111233515166521098192780735955e-03
3.8795851969130584867940918141398429e-03	-6.7222281784450641817065941281163249e-01	1.2382944488258781016751554143556373e-05	3.0474882673830697885240981936820024e-03
3.9006154017278213598534003801601107e-03	-6.6004944705499673444672449319417056e-01	1.2316180641946096261593847823229675e-05	3.0392618412554653876042394070672881e-03
3.9213171005884735818303731887035985e-03	-6.4790859388866400883422160631276022e-01	1.2251159129808096521842938326993740e-05	3.0312286393979396154226117040241371e-03
3.9416882591437473406456824943627160e-03	-6.3579949170177651954111692743513360e-01	1.2187842532191218195069645757505976e-05	3.0233855609092441036659438392006112e-03
3.9617268859817600580313078422572175e-03	-6.2372138605010466592468895952334477e-01	1.2126194795573886353634065057753261e-05	3.0157296061445642487171213921853753e-03
3.9814310322138990765701912733630870e-03	-6.1167353429048853785320668833608063e-01	1.2066181180711930899675479335327296e-05	3.0082578734532609374829602699206722e-03
4.0007987910706461589363424625633845e-03	-5.9965520519516410263167720668551277e-01	1.2007768213303955549400955319879612e-05	3.0009675560602134746395757062867877e-03
4.0198282975090416260722189293714427e-03	-5.8766567857828740961062449227359625e-01	1.1950923637043150223036738690863980e-05	2.9938559390839509868566996381355438e-03
4.0385177278314996711421106986687396e-03	-5.7570424493412268432164539382917903e-01	1.1895616368930222819384794680825732e-05	2.9869203966851436848276791479987950e-03
4.0568652993156976199901515865326128e-03	-5.6377020508638516730319702317162517e-01	1.1841816456729764246928111647263612e-05	2.9801583893393858375955315720292016e-03
4.0748692698552726906951078716120214e-03	-5.5186286984825313890285928588891399e-01	1.1789495038459491532410454442147660e-05	2.9735674612285407867946994336367384e-03
4.0925279376110701575054874116772659e-03	-5.3998155969258584520071272731768151e-01	1.1738624303808475150199327020722696e-05	2.9671452377452363100546552976714280e-03
4.1098396406726967695646370083529122e-03	-5.2812560443190508091719941085265415e-01	1.1689177457386682762397633793567523e-05	2.9608894231053975298876779252264986e-03
4.1268027567301428328341629144687686e-03	-5.1629434290771806649460181881189054e-01	1.1641128683713993970400240848538309e-05	2.9547977980639856508668523630081854e-03
4.1434157027552455538369457872072303e-03	-5.0448712268877804723783569738773701e-01	1.1594453113862288614070610921029344e-05	2.9488682177293752930496643890675709e-03
4.1596769346927750845819224118313770e-03	-4.9270329977789680661175169935786799e-01	1.1549126793669311507219827168790881e-05	2.9430986094720521855539971654659167e-03
4.1755849471609332166508299503213820e-03	-4.8094223832694008337747113598013352e-01	1.1505126653447794083081188050852822e-05	2.9374869709235475228904267506244494e-03
4.1911382731610628653661497482725613e-03	-4.6920331035965276909093538242843906e-01	1.1462430479117791153965955338443467e-05	2.9320313680617463261864494132389258e-03
4.2063354837963743778135472065388460e-03	-4.5748589550197579077050749548520256e-01	1.1421016884694390034430018052980287e-05	2.9267299333789155818415551014367841e-03
4.2211751879995023060570330367427589e-03	-4.4578938071953080202237315032981767e-01	1.1380865286066889207010305559772328e-05	2.9215808641289945787268428729752927e-03
4.2356560322687136232069598913396172e-03	-4.3411316006196226015647364742818372e-01	1.1341955876009242626395025873308455e-05	2.9165824206508755012240811182373852e-03
4.2497767004125954384214214843767330e-03	-4.2245663441383919942653159922046639e-01	1.1304269600365040417051933460170688e-05	2.9117329247645776752251288746302438e-03
4.2635359133030571001201430114941027e-03	-4.1081921125183106131633319995551945e-01	1.1267788135353562638671091930998083e-05	2.9070307582373845744263662429960621e-03
4.2769324286364881767236491097225700e-03	-3.9920030440788334902742039368768570e-01	1.1232493865946514353891347975244151e-05	2.9024743613171693960679508078593908e-03
4.2899650407029201825712921880875812e-03	-3.8759933383812966985807695603800444e-01	1.1198369865267940768709247564015162e-05	2.8980622313302832878298692098517509e-03
4.3026325801630460842412592554957632e-03	-3.7601572539728694861985516385184752e-01	1.1165399874972543100996688627517021e-05	2.8937929213415206911658100015679337e-03
4.3149339138329575896980553763291395e-03	-3.6444891061829026814788977250548956e-01	1.1133568286560180554921274986735031e-05	2.8896650388738092652345171660317992e-03
4.3268679444764659994455113834583093e-03	-3.5289832649693294790734280502937404e-01	1.1102860123586762012237135084836169e-05	2.8856772446853979408181769384983105e-03
4.3384336106048779946255207131128097e-03	-3.4136341528128613544141605335418660e-01	1.1073261024734012718480790023291319e-05	2.8818282516024362654634304222943379e-03
4.3496298862841031608031939577829900e-03	-3.2984362426568038300424372259675855e-01	1.1044757227702755574835136807290921e-05	2.8781168234049517513212195780668326e-03
4.3604557809489753066414893104893808e-03	-3.1833840558903943663895171968016442e-01	1.1017335553896382239469849210702273e-05	2.8745417737643398112018990885968786e-03
4.3709103392246747420350974002494560e-03	-3.0684721603736379916961362811372812e-01	1.0990983393863114102853219289366905e-05	2.8711019652305834271844013107495188e-03
4.3809926407551436384284743382935899e-03	-2.9536951685016856265019461426201776e-01	1.0965688693467474795608599719286581e-05	2.8677963082675172780851750964870827e-03
4.3907018000383914125334298514105833e-03	-2.8390477353068655901746883398177586e-01	1.0941439940763121181218560392317643e-05	2.8646237603345439746130532552225262e-03
4.4000369662685917607177237460916332e-03	-2.7245245565965406806178361183227124e-01	1.0918226153540815284771799542158860e-05	2.8615833250132986121076122101183028e-03
4.4089973231848775318900250939676716e-03	-2.6101203671250216623747143843270477e-01	1.0896036867526871393449615371031086e-05	2.8586740511778423303950591189690074e-03
4.4175820889267440684108614585749047e-03	-2.4958299387978231407555412956050797e-01	1.0874862125208886322850396347375276e-05	2.8558950322070462318515038224472121e-03
4.4257905158959759738035815017440188e-03	-2.3816480789065997880498967784843315e-01	1.0854692465266961902049087864806011e-05	2.8532454052379041001609710772052461e-03
4.4336218906250164889669946221864001e-03	-2.2675696283931498604231133569558105e-01	1.0835518912589962082234763231991200e-05	2.8507243504585861171251290236592004e-03
4.4410755336517027811140226514632937e-03	-2.1535894601409190297272706745317581e-01	1.0817332968857617403799441434242240e-05	2.8483310904401164136216669567526800e-03
4.4481507994002944774733681963099792e-03	-2.0397024772924808736153526316316442e-01	1.0800126603670501265987290586578737e-05	2.8460648895056250215704567021244956e-03
4.4548470760687267143858087665301990e-03	-1.9259036115915110323646183141566759e-01	1.0783892246211059671201759913016382e-05	2.8439250531361898133750452852776469e-03
4.4611637855220228271052874153528688e-03	-1.8121878217478101563664222166969771e-01	1.0768622777419982761409867283400444e-05	2.8419109274123465101141542358076232e-03
4.4671003831918055815020870598605139e-03	-1.6985500918239664317414505876476993e-01	1.0754311522673266203596225810701014e-05	2.8400218984904049864445305805905514e-03
4.4726563579818495509201316099172281e-03	-1.5849854296422817735229411055622967e-01	1.0740952244946326787765605839953673e-05	2.8382573921127680664997708756453012e-03
4.4778312321796208744677986475916869e-03	-1.4714888652106168003044526353430843e-01	1.0728539138452512760081996800360242e-05	2.8366168731515049505633837820630322e-03
4.4826245613737542016832418638479751e-03	-1.3580554491658385289344956434362607e-01	1.0717066822744288539019288669153003e-05	2.8350998451844854889259281287818926e-03
4.4870359343774201373399538003805415e-03	-1.2446802512335814245821125716268185e-01	1.0706530337266278510170096072978977e-05	2.8337058501034338721244497686269647e-03
4.4910649731575399535521575175481747e-03	-1.1313583587030570764487124822847897e-01	1.0696925136350228378101538811223190e-05	2.8324344677533110743593276927302886e-03
4.4947113327698077385953777169312895e-03	-1.0180848749156704032882041811125210e-01	1.0688247084642787752784537153133830e-05	2.8312853156024847021221836556871324e-03
4.4979747012994835071640131911063174e-03	-9.0485491776622098124075024692078577e-02	1.0680492452957836826004043015868359e-05	2.8302580484431928904822460391281048e-03
4.5008547998079241092386782791802116e-03	-7.9166361821548687980325117822102304e-02	1.0673657914545875604358717038531498e-05	2.8293523581218556777933870742106210e-03
4.5033513822848220483388627115236338e-03	-6.7850611881300533574974064728705589e-02	1.0667740541773768567482419915813068e-05	2.8285679732988329941859430590796703e-03
4.5054642356061255586204048223436171e-03	-5.6537757222887973051939981015816044e-02	1.0662737803208893083544068270077663e-05	2.8279046592372731345883429501665697e-03
4.5071931794976164979018073539495614e-03	-4.5227313979345570054259420934785520e-02	1.0658647561102478632222540722969886e-05	2.8273622176207394642079477065731581e-03
4.5085380665041257940659856534679662e-03	-3.3918799004372083433190217214399814e-02	1.0655468069267647983496006999193569e-05	2.8269404863993462313545032357400845e-03
4.5094987819643693391278026048163592e-03	-2.2611729727529232281761345446896074e-02	1.0653197971348383024843781278735176e-05	2.8266393396641768445152501827208508e-03
4.5100752439913903622791927542946936e-03	-1.1305624009886515408297132925024384e-02	1.0651836299476338935303372559072220e-05	2.8264586875497999107068900943537596e-03
4.5102674034585974340800117815652152e-03	0.0000000000000000000000000000000000e+00	1.0651382473313122845332966506278757e-05	2.8263984761647398314418143529718802e-03
4.5100752439913903622791927542946936e-03	1.1305624009886515408297132925024384e-02	1.0651836299476338935303372559072220e-05	2.8264586875497999107068900943537596e-03
4.5094987819643693391278026048163592e-03	2.2611729727529232281761345446896074e-02	1.0653197971348383024843781278735176e-05	2.8266393396641768445152501827208508e-03
4.5085380665041257940659856534679662e-03	3.3918799004372083433190217214399814e-02	1.0655468069267647983496006999193569e-05	2.8269404863993462313545032357400845e-03
4.5071931794976164979018073539495614e-03	4.5227313979345570054259420934785520e-02	1.0658647561102478632222540722969886e-05	2.8273622176207394642079477065731581e-03
4.5054642356061255586204048223436171e-03	5.6537757222887973051939981015816044e-02	1.0662737803208893083544068270077663e-05	2.8279046592372731345883429501665697e-03
4.5033513822848220483388627115236338e-03	6.7850611881300533574974064728705589e-02	1.0667740541773768567482419915813068e-05	2.8285679732988329941859430590796703e-03
4.5008547998079241092386782791802116e-03	7.9166361821548687980325117822102304e-02	1.0673657914545875604358717038531498e-05	2.8293523581218556777933870742106210e-03
4.4979747012994835071640131911063174e-03	9.0485491776622098124075024692078577e-02	1.0680492452957836826004043015868359e-05	2.8302580484431928904822460391281048e-03
4.4947113327698077385953777169312895e-03	1.0180848749156704032882041811125210e-01	1.0688247084642787752784537153133830e-05	2.8312853156024847021221836556871324e-03
4.4910649731575399535521575175481747e-03	1.1313583587030570764487124822847897e-01	1.0696925136350228378101538811223190e-05	2.8324344677533110743593276927302886e-03
4.4870359343774201373399538003805415e-03	1.2446802512335814245821125716268185e-01	1.0706530337266278510170096072978977e-05	2.8337058501034338721244497686269647e-03
4.4826245613737542016832418638479751e-03	1.3580554491658385289344956434362607e-01	1.0717066822744288539019288669153003e-05	2.8350998451844854889259281287818926e-03
4.4778312321796208744677986475916869e-03	1.4714888652106168003044526353430843e-01	1.0728539138452512760081996800360242e-05	2.8366168731515049505633837820630322e-03
4.4726563579818495509201316099172281e-03	1.5849854296422817735229411055622967e-01	1.0740952244946326787765605839953673e-05	2.8382573921127680664997708756453012e-03
4.4671003831918055815020870598605139e-03	1.6985500918239664317414505876476993e-01	1.0754311522673266203596225810701014e-05	2.8400218984904049864445305805905514e-03
4.4611637855220228271052874153528688e-03	1.8121878217478101563664222166969771e-01	1.0768622777419982761409867283400444e-05	2.8419109274123465101141542358076232e-03
4.4548470760687267143858087665301990e-03	1.9259036115915110323646183141566759e-01	1.0783892246211059671201759913016382e-05	2.8439250531361898133750452852776469e-03
4.4481507994002944774733681963099792e-03	2.0397024772924808736153526316316442e-01	1.0800126603670501265987290586578737e-05	2.8460648895056250215704567021244956e-03
4.4410755336517027811140226514632937e-03	2.1535894601409190297272706745317581e-01	1.0817332968857617403799441434242240e-05	2.8483310904401164136216669567526800e-03
4.4336218906250164889669946221864001e-03	2.2675696283931498604231133569558105e-01	1.0835518912589962082234763231991200e-05	2.8507243504585861171251290236592004e-03
4.4257905158959759738035815017440188e-03	2.3816480789065997880498967784843315e-01	1.0854692465266961902049087864806011e-05	2.8532454052379041001609710772052461e-03
4.4175820889267440684108614585749047e-03	2.4958299387978231407555412956050797e-01	1.0874862125208886322850396347375276e-05	2.8558950322070462318515038224472121e-03
4.4089973231848775318900250939676716e-03	2.6101203671250216623747143843270477e-01	1.0896036867526871393449615371031086e-05	2.8586740511778423303950591189690074e-03
4.4000369662685917607177237460916332e-03	2.7245245565965406806178361183227124e-01	1.0918226153540815284771799542158860e-05	2.8615833250132986121076122101183028e-03
4.3907018000383914125334298514105833e-03	2.8390477353068655901746883398177586e-01	1.0941439940763121181218560392317643e-05	2.8646237603345439746130532552225262e-03
4.3809926407551436384284743382935899e-03	2.9536951685016856265019461426201776e-01	1.0965688693467474795608599719286581e-05	2.8677963082675172780851750964870827e-03
4.3709103392246747420350974002494560e-03	3.0684721603736379916961362811372812e-01	1.0990983393863114102853219289366905e-05	2.8711019652305834271844013107495188e-03
4.3604557809489753066414893104893808e-03	3.1833840558903943663895171968016442e-01	1.1017335553896382239469849210702273e-05	2.8745417737643398112018990885968786e-03
4.3496298862841031608031939577829900e-03	3.2984362426568038300424372259675855e-01	1.1044757227702755574835136807290921e-05	2.8781168234049517513212195780668326e-03
4.3384336106048779946255207131128097e-03	3.4136341528128613544141605335418660e-01	1.1073261024734012718480790023291319e-05	2.8818282516024362654634304222943379e-03
4.3268679444764659994455113834583093e-03	3.5289832649693294790734280502937404e-01	1.1102860123586762012237135084836169e-05	2.8856772446853979408181769384983105e-03
4.3149339138329575896980553763291395e-03	3.6444891061829026814788977250548956e-01	1.1133568286560180554921274986735031e-05	2.8896650388738092652345171660317992e-03
4.3026325801630460842412592554957632e-03	3.7601572539728694861985516385184752e-01	1.1165399874972543100996688627517021e-05	2.8937929213415206911658100015679337e-03
4.2899650407029201825712921880875812e-03	3.8759933383812966985807695603800444e-01	1.1198369865267940768709247564015162e-05	2.8980622313302832878298692098517509e-03
4.2769324286364881767236491097225700e-03	3.9920030440788334902742039368768570e-01	1.1232493865946514353891347975244151e-05	2.9024743613171693960679508078593908e-03
4.2635359133030571001201430114941027e-03	4.1081921125183106131633319995551945e-01	1.1267788135353562638671091930998083e-05	2.9070307582373845744263662429960621e-03
4.2497767004125954384214214843767330e-03	4.2245663441383919942653159922046639e-01	1.1304269600365040417051933460170688e-05	2.9117329247645776752251288746302438e-03
4.2356560322687136232069598913396172e-03	4.3411316006196226015647364742818372e-01	1.1341955876009242626395025873308455e-05	2.9165824206508755012240811182373852e-03
4.2211751879995023060570330367427589e-03	4.4578938071953080202237315032981767e-01	1.1380865286066889207010305559772328e-05	2.9215808641289945787268428729752927e-03
4.2063354837963743778135472065388460e-03	4.5748589550197579077050749548520256e-01	1.1421016884694390034430018052980287e-05	2.9267299333789155818415551014367841e-03
4.1911382731610628653661497482725613e-03	4.6920331035965276909093538242843906e-01	1.1462430479117791153965955338443467e-05	2.9320313680617463261864494132389258e-03
4.1755849471609332166508299503213820e-03	4.8094223832694008337747113598013352e-01	1.1505126653447794083081188050852822e-05	2.9374869709235475228904267506244494e-03
4.1596769346927750845819224118313770e-03	4.9270329977789680661175169935786799e-01	1.1549126793669311507219827168790881e-05	2.9430986094720521855539971654659167e-03
4.1434157027552455538369457872072303e-03	5.0448712268877804723783569738773701e-01	1.1594453113862288614070610921029344e-05	2.9488682177293752930496643890675709e-03
4.1268027567301428328341629144687686e-03	5.1629434290771806649460181881189054e-01	1.1641128683713993970400240848538309e-05	2.9547977980639856508668523630081854e-03
4.1098396406726967695646370083529122e-03	5.2812560443190508091719941085265415e-01	1.1689177457386682762397633793567523e-05	2.9608894231053975298876779252264986e-03
4.0925279376110701575054874116772659e-03	5.3998155969258584520071272731768151e-01	1.1738624303808475150199327020722696e-05	2.9671452377452363100546552976714280e-03
4.0748692698552726906951078716120214e-03	5.5186286984825313890285928588891399e-01	1.1789495038459491532410454442147660e-05	2.9735674612285407867946994336367384e-03
4.0568652993156976199901515865326128e-03	5.6377020508638516730319702317162517e-01	1.1841816456729764246928111647263612e-05	2.9801583893393858375955315720292016e-03
4.0385177278314996711421106986687396e-03	5.7570424493412268432164539382917903e-01	1.1895616368930222819384794680825732e-05	2.9869203966851436848276791479987950e-03
4.0198282975090416260722189293714427e-03	5.8766567857828740961062449227359625e-01	1.1950923637043150223036738690863980e-05	2.9938559390839509868566996381355438e-03
4.0007987910706461589363424625633845e-03	5.9965520519516410263167720668551277e-01	1.2007768213303955549400955319879612e-05	3.0009675560602134746395757062867877e-03
3.9814310322138990765701912733630870e-03	6.1167353429048853785320668833608063e-01	1.2066181180711930899675479335327296e-05	3.0082578734532609374829602699206722e-03
3.9617268859817600580313078422572175e-03	6.2372138605010466592468895952334477e-01	1.2126194795573886353634065057753261e-05	3.0157296061445642487171213921853753e-03
3.9416882591437473406456824943627160e-03	6.3579949170177651954111692743513360e-01	1.2187842532191218195069645757505976e-05	3.0233855609092441036659438392006112e-03
3.9213171005884735818303731887035985e-03	6.4790859388866400883422160631276022e-01	1.2251159129808096521842938326993740e-05	3.0312286393979396154226117040241371e-03
3.9006154017278213598534003801601107e-03	6.6004944705499673444672449319417056e-01	1.2316180641946096261593847823229675e-05	3.0392618412554653876042394070672881e-03
3.8795851969130584867940918141398429e-03	6.7222281784450641817065941281163249e-01	1.2382944488258781016751554143556373e-05	3.0474882673830697885240981936820024e-03
3.8582285638632055188883282698913571e-03	6.8442948551220660915399374878115490e-01	1.2451489509048526198925916202357359e-05	3.0559111233515166521098192780735955e-03
3.8365476241059805903099076223770818e-03	6.9667024235013807353518374048075458e-01	1.2521856022597284608941992770185288e-05	3.0645337229726494363716925486062490e-03
3.8145445434316599950007359714548250e-03	7.0894589412772983023273655945753884e-01	1.2594085885473106280832368845345433e-05	3.0733594920375630473484673831322024e-03
3.7922215323602068279034103953765595e-03	7.2125726054745927738288836726082128e-01	1.2668222555985082041081924382944863e-05	3.0823919722300063248540255824939993e-03
3.7695808466220345042109111436598986e-03	7.3360517571653039379786038255581818e-01	1.2744311160971049005414310932246336e-05	3.0916348252241700141123744385576276e-03
3.7466247876527871373570225330158569e-03	7.4599048863532673914085692834984163e-01	1.2822398566114943986268938927740517e-05	3.1010918369765835485726648803603286e-03
3.7233557031025346098820818035185062e-03	7.5841406370343606759102459455189354e-01	1.2902533450004191599541248151131263e-05	3.1107669222224520031698263217115929e-03
3.6997759873597967547543017839194599e-03	7.7087678124408597683160552946934335e-01	1.2984766382152048696611873004900573e-05	3.1206641291874152498774895933516091e-03
3.6758880820908284193814283208728969e-03	7.8337953804787531441960785302054580e-01	1.3069149905225484136430872874044668e-05	3.1307876445264080343732995481769018e-03
3.6516944767946153542030811044730345e-03	7.9592324793673424825053561242789915e-01	1.3155738621736049729857460629324234e-05	3.1411417985020460656085322723644824e-03
3.6271977093740498990115692031623266e-03	8.0850884234909718350426754911446842e-01	1.3244589285469400523072237220504199e-05	3.1517310704157632650528055920418965e-03
3.6024003667237753826236636746573767e-03	8.2113727094732729841681909444554491e-01	1.3335760897948766698221218776665939e-05	3.1625600943057834113803761660055094e-03
3.5773050853352090580706351498898905e-03	8.3380950224848961691019875139823686e-01	1.3429314810248892756939482904931857e-05	3.1736336649269302823491354935287833e-03
3.5519145519192753224204649272870432e-03	8.4652652427963149878513425559612818e-01	1.3525314830499882246370341544263939e-05	3.1849567440282692112443479445565840e-03
3.5262315040474039777662343773352231e-03	8.5928934525879549071146528935887994e-01	1.3623827337445171777368690250380364e-05	3.1965344669456353857415625946936357e-03
3.5002587308113724419033316372710160e-03	8.7209899430305995011030168759183296e-01	1.3724921400444675402542961648029762e-05	3.2083721495272463877745884154605156e-03
3.4739990735025961822008502872728768e-03	8.8495652216497806146580758771822412e-01	1.3828668906343175398420222418938928e-05	3.2204752954118251423475537065036161e-03
3.4474554263114982972388840640013122e-03	8.9786300199886617107786020452202656e-01	1.3935144693655492713931967668391786e-05	3.2328496036799819812496118382490582e-03
3.4206307370476171860488624786054004e-03	9.1081953015847816305920705277742070e-01	1.4044426694554075215110404882156459e-05	3.2455009769010290012933313363607387e-03
3.3935280078811407077936959200226431e-03	9.2382722702769431155528317418213679e-01	1.4156596085181642931518230077764731e-05	3.2584355295989351425440260022692863e-03
3.3661502961065862348409181560425500e-03	9.3688723788595113379483728681492868e-01	1.4271737444851701107456191143248489e-05	3.2716595971627861170533756528102056e-03
3.3385007149293786351111800581666526e-03	9.5000073381024373832643159388200707e-01	1.4389938924743376975741840510281163e-05	3.2851797452289001105637862795571327e-03
3.3105824342761125878429644215497913e-03	9.6316891261564455986874270407798543e-01	1.4511292426744489768083179308779781e-05	3.2990027795636797275920611472469582e-03
3.2823986816293218503924537418187156e-03	9.7639299983640279274301708901512931e-01	1.4635893793148396184885019075386430e-05	3.3131357564783657771622200166409540e-03
3.2539527428876162702519990404457131e-03	9.8967424974981792879908437703395301e-01	1.4763843007966375830535023092665202e-05	3.3275859938091133047798506353684777e-03
3.2252479632520876026235854494141322e-03	1.0030139464452192822136297981422307e+00	1.4895244410678587963728212381928297e-05	3.3423610824982502889413220077583109e-03
3.1962877481399276854813239511412576e-03	1.0164134049405320168283326703617809e+00	1.5030206923313447122092813165038357e-05	3.3574688988152217385505437334453401e-03
3.1670755641262473870961561886737886e-03	1.0298739723490698279364024986685471e+00	1.5168844291818191364344577957359946e-05	3.3729176172585854070286229770144949e-03
3.1376149399151321324744138703325102e-03	1.0433970290993659949894937875429379e+00	1.5311275342763076206564138485252309e-05	3.3887157241835307891272879944911216e-03
3.1079094673410199040204763728182860e-03	1.0569839902110390274427397186351537e+00	1.5457624256508713212770302149205882e-05	3.4048720322027634736632055691292051e-03
3.0779628024015405798890117480978459e-03	1.0706363066298876824289182160871501e+00	1.5608020858061356940478843609297502e-05	3.4213956954122577035059729495584781e-03
3.0477786663230115169689257839417854e-03	1.0843554666256239566462843110656154e+00	1.5762600926945288601701686758130220e-05	3.4382962254973592676464912051638789e-03
3.0173608466598436156156584797727089e-03	1.0981429972558830806619931531177366e+00	1.5921506527535810386617637959138712e-05	3.4555835087790497728983119749218262e-03
2.9867131984291749482153792639361921e-03	1.1120004659003980379074057833386020e+00	1.6084886361421824591936783991331974e-05	3.4732678242648964578972674894403758e-03
2.9558396452821156397391922075556940e-03	1.1259294818694943046847929838489368e+00	1.6252896143504727347937051264482301e-05	3.4913598627743473587678345561003887e-03
2.9247441807130583218178092385613895e-03	1.1399316980913501348878511680391708e+00	1.6425699003691742392652889188991076e-05	3.5098707472136324095832382100502008e-03
2.8934308693085834304249072823127922e-03	1.1540088128827807469305339516976807e+00	1.6603465916208363110911171624701457e-05	3.5288120540816443346164059653877161e-03
2.8619038480375681925957550496886169e-03	1.1681625718086433636091319587161449e+00	1.6786376158737952191931577484732498e-05	3.5481958362948517052928276930911802e-03
2.8301673275841926872484691997599935e-03	1.1823947696353265840618348937223068e+00	1.6974617803798667849631355945235102e-05	3.5680346474265990749857339313474785e-03
2.7982255937256262350188920574871292e-03	1.1967072523841846547963234675304714e+00	1.7168388244990880826001793876158403e-05	3.5883415674641412554323905870324909e-03
2.7660830087562729690580175136172755e-03	1.2111019194912077553803820511942495e+00	1.7367894760994524229652503504736810e-05	3.6091302301955138187523272861552104e-03
2.7337440129605571940588475910943091e-03	1.2255807260796866351956374524549038e+00	1.7573355120468092509228582293104717e-05	3.6304148523479417219835914849388228e-03
2.7012131261363375228864751373148358e-03	1.2401456853531373887685999378157210e+00	1.7784998231302340374421169392064157e-05	3.6522102646100242751444289129258576e-03
2.6684949491711542987070604790842817e-03	1.2547988711163037852034379795077579e+00	1.8003064838015590665237100528960173e-05	3.6745319446815103159132486448119637e-03
2.6355941656736380202945046584293253e-03	1.2695424204326547544221618827740959e+00	1.8227808271447862236319726933502135e-05	3.6973960525072077896978717504542774e-03
2.6025155436625379938676923560651110e-03	1.2843785364274482508023968491111801e+00	1.8459495255322218047022187485909699e-05	3.7208194678655866045538581041426589e-03
2.5692639373159708958694416873370013e-03	1.2993094912461451850252932493766870e+00	1.8698406774698852636331027035651880e-05	3.7448198304980784917047667259045969e-03
2.5358442887836390675601451930244417e-03	1.3143376291787344784466708644701694e+00	1.8944839011856218365315682370483227e-05	3.7694155829821169643057622988859617e-03
2.5022616300649289610291709511742769e-03	1.3294653699613792901507339265429490e+00	1.9199104355700454438069045378215461e-05	3.7946260165697796737251591129084643e-03
2.4685210849559720779957544993445949e-03	1.3446952122677226221383746757926852e+00	1.9461532491436967078669509239963896e-05	3.8204713202347038677216615968092917e-03
2.4346278710689349301528420927415213e-03	1.3600297374032062406761935418718268e+00	1.9732471577944700953657144256967022e-05	3.8469726331929800590299974213725046e-03
2.4005873019270020360279953966747869e-03	1.3754716132168695877513057876212839e+00	2.0012289521084144615632553744282319e-05	3.8741521011892576407317943775787505e-03
2.3664047891387278881950414759144535e-03	1.3910235982463156647586097232043253e+00	2.0301375352055537615653045293076837e-05	3.9020329368676232951201799109965217e-03
2.3320858446556614216867419363635930e-03	1.4066885461128706172636447828108414e+00	2.0600140720916837322117821559298550e-05	3.9306394845782842806453151446484197e-03
2.2976360831173911594009301795604325e-03	1.4224694101854362761568213136860820e+00	2.0909021516486398527276242163199870e-05	3.9599972900060973035463977130170075e-03
2.2630612242884224112928434818870006e-03	1.4383692485331552373946276149362777e+00	2.1228479625109863807358244726255173e-05	3.9901331750459778084554632877414957e-03
2.2283670955915813236179239566979428e-03	1.4543912291887931257270109146127804e+00	2.1559004842183874325605344667704654e-05	4.0210753183937156091220546923242417e-03
2.1935596347429460471025529219510375e-03	1.4705386357467116109925672381815257e+00	2.1901116951923310199196852573850296e-05	4.0528533423692955144272858875317840e-03
2.1586448924936348459359916746700146e-03	1.4868148733214801554803392602061173e+00	2.2255367992659792881001527093133984e-05	4.0854984065441455120059335010234059e-03
2.1236290354841368457813360238463413e-03	1.5032234748955788630354144602542848e+00	2.2622344726997187441068921691453566e-05	4.1190433088045781398917492215655323e-03
2.0885183492172558032433539716731571e-03	1.5197681080873069641191248966977909e+00	2.3002671338459731640031424510013580e-05	4.1535225945519353836839669078544895e-03
2.0533192411561535275160931656311349e-03	1.5364525823729629830176189258109360e+00	2.3397012378890795336318833538428751e-05	4.1889726748166096476977658675152769e-03
2.0180382439544304586460252173237086e-03	1.5532808568006394355374572435596297e+00	2.3806075993842470934494467059396781e-05	4.2254319541493646409615427639679175e-03
1.9826820188256698111972381316827475e-03	1.5702570482366179779902020429739839e+00	2.4230617456593503288897715575580239e-05	4.2629409692505741181405464088018430e-03
1.9472573590604024201692434948365438e-03	1.5873854401894070787062926392312642e+00	2.4671443045310206756844134803619276e-05	4.3015425394077005661889795363778404e-03
1.9117711936990262091297383564250110e-03	1.6046704922609870728521033982551397e+00	2.5129414302297912787391904603786406e-05	4.3412819299353682095098869340184751e-03
1.8762305913698417660494593985421898e-03	1.6221168502798782935448645568826049e+00	2.5605452719368409985819460882348233e-05	4.3822070299528585263711558269916631e-03
1.8406427643020491500163015375719877e-03	1.6397293571762973768787296214803090e+00	2.6100544899176972770460743215045701e-05	4.4243685459932337388690191855524274e-03
1.8050150725242966903640684022827495e-03	1.6575130646659959879009300322847302e+00	2.6615748249085177011101318095195533e-05	4.4678202131194485935626920668427240e-03
1.7693550282601868340880355538474407e-03	1.6754732458164787199687342137558657e+00	2.7152197271829892690522821096039988e-05	4.5126190254291060976693951487507332e-03
1.7336703005330345316022957707558754e-03	1.6936154085772809634240140659371903e+00	2.7711110526199258423922382087751542e-05	4.5588254880648925997658367828512911e-03
1.6979687199931486551671181777763683e-03	1.7119453103649784120266800024553020e+00	2.8293798341240904513866402989747010e-05	4.6065038931168279294839821488136528e-03
1.6622582839819760320271645918963139e-03	1.7304689738037430049382864276326680e+00	2.8901671379504177025154057485643702e-05	4.6557226221107506952247177571924749e-03
1.6265471618486216009317363851736027e-03	1.7491927037337246762399464122412636e+00	2.9536250158743320551621735909092060e-05	4.7065544781313818313517021713375806e-03
1.5908437005355491492522978537494966e-03	1.7681231056125215981640591084282843e+00	3.0199175657738486624128228869192170e-05	4.7590770510355163725481817491884934e-03
1.5551564304516888855223176453792825e-03	1.7872671054497342910376228601142231e+00	3.0892221150854410740387626868850994e-05	4.8133731196804642356866217598153880e-03
1.5194940716527464739884851579907736e-03	1.8066319714313513140167265334788366e+00	3.1617305438169645965360184841542168e-05	4.8695310956356094275390798042243002e-03
1.4838655403502410247533455225168051e-03	1.8262253374098038161611102101008887e+00	3.2376507664098271432058981376200137e-05	4.9276455134737993817494444087342580e-03
1.4482799557727173633213236759707243e-03	1.8460552284573271515921172247880791e+00	3.3172083948151211027614994393111538e-05	4.9878175734696839792957798308358209e-03
1.4127466474047041261697582542025167e-03	1.8661300887052220428952171173133071e+00	3.4006486087772052982128809253318095e-05	5.0501557433826878505484475422130455e-03
1.3772751626313507256564906082677867e-03	1.8864588117202390837974396721363518e+00	3.4882382636165238131448025550425602e-05	5.1147764269954285185289794351676619e-03
1.3418752748193039140418671779671551e-03	1.9070507737022409849725598166250090e+00	3.5802682709102565894412977619798839e-05	5.1818047082411863470615736792582987e-03
1.3065569918673141970748716409374873e-03	1.9279158698252686204837989450409065e+00	3.6770562935558901655075104280606609e-05	5.2513751811193736383516299409629644e-03
1.2713305652633349045259407026968184e-03	1.9490645540880365706213171549708373e+00	3.7789498039805937124372902425727916e-05	5.3236328772058820810066623324971363e-03
1.2362064996885400716941074955651310e-03	1.9705078830907755710759535258471744e+00	3.8863295629910352915626272741902678e-05	5.3987343044646480944601373481080099e-03
1.2011955632127969222652033176034676e-03	1.9922575642145040751729946590094882e+00	3.9996135872712999338462389625901207e-05	5.4768486133178007298661744606503765e-03
1.1663087981307493578062303698736686e-03	2.0143260087477966584674800671147374e+00	4.1192616862405351385878614597401070e-05	5.5581589086082879237665800097776182e-03
1.1315575324928760772754132117669320e-03	2.0367263905867999569400560193602366e+00	4.2457806643918281843603669583257927e-05	5.6428637292823532636397923489508346e-03
1.0969533923917694553603022744557283e-03	2.0594727112289117631575196372818678e+00	4.3797303039999639106958743407806779e-05	5.7311787214432160651012636668798101e-03
1.0625083150705434368793631041504328e-03	2.0825798718919779468065556704588963e+00	4.5217302660333683256354731496203123e-05	5.8233385350234469255946395630816485e-03
1.0282345629278436193214326788555285e-03	2.1060637537225018227698593741291410e+00	4.6724680752871208928944465486394229e-05	5.9195989798693452167801959853540733e-03
9.9414473850254629682362835015351009e-04	2.1299413072124255446129391880221821e+00	4.8327083905185078956737404801328448e-05	6.0202394837496414799239379753405825e-03
9.6025180053106899444766788988658181e-04	2.1542306521297636130828574689294193e+00	5.0033038034530074693155119679987644e-05	6.1255659029759440914565328654547958e-03
9.2656908118147996682074264290840963e-04	2.1789511894902523099113413299052065e+00	5.1852074641907044981502539900012276e-05	6.2359137463133909153656304817747943e-03
8.9311030458153635830563856296409118e-04	2.2041237273633626220866679700479246e+00	5.3794878977197569402476510418453036e-05	6.3516518851272701177203070483433281e-03
8.5988960677269875093720186755633210e-04	2.2297706226267348315354304857922578e+00	5.5873464607904785095163112690413257e-05	6.4731868378471315594331198912080613e-03
8.2692155723942446253901465854996773e-04	2.2559159411712541742483966149638814e+00	5.8101379954127632824662668381987274e-05	6.6009677356005541323064813442020566e-03
7.9422118218307127432160961396375120e-04	2.2825856395310242177256037090659225e+00	6.0493953714812401325276249377400095e-05	6.7354920992724721634830394608338551e-03
7.6180398973308173392400014572308925e-04	2.3098077714894091376162523265705581e+00	6.3068587855733500534187328121340577e-05	6.8773125875914935594079627809565181e-03
7.2968599731542118934579633948107540e-04	2.3376127239211295736805840815085578e+00	6.5845109080392340810345651638906200e-05	7.0270449128597054562938475773098914e-03
6.9788376143031824205355480173557789e-04	2.3660334870061086424344764390807329e+00	6.8846192627476411281179364144520455e-05	7.1853771679247903057377845281008937e-03
6.6641441012920608115750519175614851e-04	2.3951059650390257596080330885222512e+00	7.2097876060891259590498061676122755e-05	7.3530808680223199528056290248087319e-03
6.3529567852563648671669471307590499e-04	2.4248693354193313619112608825979758e+00	7.5630185756425602439199941178650630e-05	7.5310240883527889976683766563250499e-03
6.0454594772840309447977126682047917e-04	2.4553664651192442786187525198513431e+00	7.9477905483855082230886388771209447e-05	7.7201871783732237328476072805519848e-03
5.7418428764914773017920679968668262e-04	2.4866443960980712615900941990316263e+00	8.3681525456845211197651478618280376e-05	7.9216816645769437770551426108107919e-03
5.4423050421385370885170750686301241e-04	2.5187549139029492426305128082559095e+00	8.8288422362229080736389973990166313e-05	8.1367731258399264675433106172129335e-03
5.1470519160108403122545741141264760e-04	2.5517552172631130575060562737745542e+00	9.3354337463594778380306719527796044e-05	8.3669090544289082864576393601741869e-03
4.8562979024377565641306879771458461e-04	2.5857087111138686141609041725342595e+00	9.8945242766815060662381885733492760e-05	8.6137530230606001457523560378124306e-03
4.5702665147129501736393435221507034e-04	2.6206859515479653252537430865743646e+00	1.0513971719325136061321025905188492e-04	8.8792268949305237644230098913743106e-03
4.2891910984145142537854502446340537e-04	2.6567657792059419773176903659188238e+00	1.1203199985827008516873554153518005e-04	9.1655633843945608903353162997866981e-03
4.0133156442775900889906307298742245e-04	2.6940366883221163911654829469257407e+00	1.1973595217376552086199449360504567e-04	9.4753720672881889269140229405669509e-03
3.7428957059819138157505196750006339e-04	2.7325984931029965126239003303186243e+00	1.2839025427395586680501718141941506e-04	9.8117230508203502689118425715595920e-03
3.4781994416530278275141411867717072e-04	2.7725643728834606500668144266287018e+00	1.3816529942447092460787925421460372e-04	1.0178254094077618034115266540998015e-02
3.2195088022768955573533894853896957e-04	2.8140634048865270425795594562307675e+00	1.4927245696742375873463362952476965e-04	1.0579309253840869326564044271743775e-02
2.9671208959246908568419124096264001e-04	2.8572437318775681099319984720045037e+00	1.6197668972841218068415039715416272e-04	1.1020120482252200592854453624681704e-02
2.7213495641456528380485318886529639e-04	2.9022765668842955935827239798765694e+00	1.7661400197843093344205474373626347e-04	1.1507048609608308801667750450904574e-02
2.4825272167828178914838680341149885e-04	2.9493613167965710492159893636350177e+00	1.9361597231411879563639748091486966e-04	1.2047907769693465953457118588634784e-02
2.2510069847799607220831140069487633e-04	2.9987322244211228703044618578177643e+00	2.1354489097070276654703690330270044e-04	1.2652409184035852522303155475416917e-02
2.0271652687378493316237405674202104e-04	3.0506671063357871719794559498530343e+00	2.3714513212802202734507767796443877e-04	1.3332779106696919748251612910625016e-02
1.8114047862625886367264765616482484e-04	3.1054990385114947855570446117871891e+00	2.6542001848489252366521824119563488e-04	1.4104636604967352237386838849250542e-02
1.6041582569809459379342888846080913e-04	3.1636322770384926091474016989530391e+00	2.9974987345416223176482404675690312e-04	1.4988268832011676064938899332255478e-02
1.4058929159934293192979857456693798e-04	3.2255644119625089007445063842178037e+00	3.4207881707707201714225711677488960e-04	1.6010531927142299305311335245289546e-02
1.2171161235757931994347003865733383e-04	3.2919179515499265172414083019510319e+00	3.9522065900766428097357544153285285e-04	1.7207769266774361576016035521404519e-02
1.0383824565864228658096319668349540e-04	3.3634866372126128362280755710282157e+00	4.6338025924662257471124810585424923e-04	1.8630447782421177377647253819162424e-02
8.7030285267053623506349946281828854e-05	3.4413056445238648551929114823295728e+00	5.5308509104966293810859710201237031e-04	2.0350827254845129230672963764285871e-02
7.1355668270346121045717216783015968e-05	3.5267622744183307587171777496117160e+00	6.7494679471573155367805664148135453e-04	2.2476274286587951870901917355492105e-02
5.6890814913672571169490411196757187e-05	3.6217790656344763719642768208275159e+00	8.4723160566066435768912573297593211e-04	2.5173777047223038824028594542132662e-02
4.3722935453499750680018965550245332e-05	3.7291353251740193862335578931977556e+00	1.1037567027671742861406107077049653e-03	2.8718527917611305269158715375359038e-02
3.1953422026263506226467079303588332e-05	3.8530764986662437238654246477830443e+00	1.5134521146438145459287040723117066e-03	3.3599775736444011103812828588538714e-02
2.1703130808871172623984731828200753e-05	4.0005926642223455402611904428665447e+00	2.2369457744159309545132074279988155e-03	4.0782851332142088600898583144226401e-02
1.3121267412194377310010003763623648e-05	4.1845143947493368858532512027026575e+00	3.7322327263660340184707200324264036e-03	5.2488316149612313626402017087432711e-02
6.4019543650539897857655957619126345e-06	4.4328682945595666162612158082643137e+00	7.8564581768024762572698794437977091e-03	7.5302810890724223523158905285102885e-02
1.8092137832038872889864573900247745e-06	4.8314832276078489756103301330564201e+00	3.7049318351599060464194369847466418e-02	1.4394675088878768817994609680533837e-01
0.0000000000000000000000000000000000e+00	0.0000000000000000000000000000000000e+00	1.8448078326527834366547389144292084e-05	3.4615813164627547869884539124683747e-03