1.6958138407877913267563538171324331e-06	-4.8443682964364073560452859800844200e+00	3.6877019565120445429117464541123780e-02	1.4360199145271430377704948924658030e-01
6.0036456284109197713309415383223218e-06	-4.4467424672262840074218227122271200e+00	7.8154191738183176144951223532401936e-03	7.5104626406494373752169536341385268e-02
1.2309918297468027724171070343314315e-05	-4.1990642748750591547659311917066287e+00	3.7111791232266674231874679726962674e-03	5.2339598872722960966922837857202187e-02
2.0368258803767473568409551243983200e-05	-4.0156784144019610515821824693736051e+00	2.2235367593291467827459016595406701e-03	4.0660202467962629745120483225560126e-02
2.9997457263436273149870449625224836e-05	-3.8686166609240695642143197379928119e+00	1.5039064870070012488643855068924953e-03	3.3493511999105015193417024883112261e-02
4.1058215352670453720283644564823347e-05	-3.7450758330190251627555059014445260e+00	1.0964810251191876124497448958708131e-03	2.8623630622198982131579970052727412e-02
5.3437689786826835994748814835964602e-05	-3.6380810975835491300729559870937994e+00	8.4142362084624834411577414997204227e-04	2.5087281039365790111963444115915276e-02
6.7041201570827756065777180575736599e-05	-3.5433964450729658850126187138598082e+00	6.7015302803247710628509715453547638e-04	2.2396269045573097734506638342581234e-02
8.1787307028759890791792119679703992e-05	-3.4582488519286927108945436200355668e+00	5.4902734885279040823266176481575163e-04	2.0276003203043990748089292447747701e-02
9.7604632599680637309041908035618590e-05	-3.3807201936561757195025931298692403e+00	4.5987711236503394168840910026588196e-04	1.8559864540477021477344284545019052e-02
1.1442972207212036899497384851835976e-04	-3.3094264001709898322087262169992636e+00	3.9214802640723432418578977093806140e-04	1.7140726635820512556519189221906429e-02
1.3220550624250109099913793471722082e-04	-3.2433347385443032399953854336890915e+00	3.3934855018920492424511823530872368e-04	1.5946493155625080622093116492060535e-02
1.5088017625307188207051152168463444e-04	-3.1816533633355668863223413406776924e+00	2.9729737073477729434965673550351266e-04	1.4926812522382631285528458600845575e-02
1.7040633019015401678951248182179103e-04	-3.1237612703482287992806786101299573e+00	2.6319669014331732398966997649238798e-04	1.4045425256633465683806774517204416e-02
1.9074031125118885645591849802691246e-04	-3.0691620848135740215926670358743450e+00	2.3511361908834754358124265522451069e-04	1.3275537798191008975646573895838918e-02
2.1184168418838419995617765254046496e-04	-3.0174525480897584970853084647670795e+00	2.1167592208104546977401844004876775e-04	1.2596910687516335001955145204729111e-02
2.3367281405876358000669525247246602e-04	-2.9683004140371680511166720053498510e+00	1.9188623500049573807010685900290147e-04	1.1993961887261163348129384974637950e-02
2.5619852228859797901524763442051508e-04	-2.9214285646765654294717045183591970e+00	1.7500466129496449557501171369188769e-04	1.1454494362735895959574258771249438e-02
2.7938580224927580942186948507405070e-04	-2.8766033514843289106249797890085538e+00	1.6047233454570833790017697807809262e-04	1.0968820278923634104436128011992444e-02
3.0320358138446980205828345861900282e-04	-2.8336258778175548135104579646884551e+00	1.4786033483951336010253894106947171e-04	1.0529144457460265873854450807561685e-02
3.2762252027227570481239204981158286e-04	-2.7923253723860554700617228687827792e+00	1.3683475102193967428671531586300855e-04	1.0129121605692120379868007460626506e-02
3.5261484136556706913073037549286553e-04	-2.7525540777126088550213647685942438e+00	1.2713228858653417912052388580672674e-04	9.7635326368168988771074504535223171e-03
3.7815418185130311090349295072919327e-04	-2.7141832549020298607392576206296313e+00	1.1854292281754811709467982575025685e-04	9.4280442442182174062266089698951988e-03
4.0421546631197511347518936497441328e-04	-2.6771000235405551627343193153355773e+00	1.1089735519071579066408956465495774e-04	9.1190277261182487695601269221805621e-03
4.3077479579599012079917236062229920e-04	-2.6412048350128381277550096400984833e+00	1.0405780510945996479551858989159452e-04	8.8334206640375549886472480521691316e-03
4.5780935060009391725402741842974857e-04	-2.6064094322817270816313362718290408e+00	9.7911156554682850261182447360567279e-05	8.5686200542206905783078991805855696e-03
4.8529730459861153391856946975144246e-04	-2.5726351875546477199949966658182170e+00	9.2363792869996833200928206897524364e-05	8.3223988355754465513977927309371878e-03
5.1321774936501122208939883806998900e-04	-2.5398117365790686396409593481312779e+00	8.7337658653273076128803872852415814e-05	8.0928400362428906276866501048938515e-03
5.4155062665199623433101334396713458e-04	-2.5078758480332434206166865330162837e+00	8.2767225116545187384994113769459032e-05	7.8782843384686783343402859207700885e-03
5.7027666804920310016399188956280768e-04	-2.4767704809055581756861144226146197e+00	7.8597128530598654866910496393320460e-05	7.6772879698956936797991811138820715e-03
5.9937734083879533281526688200665858e-04	-2.4464439934363834640628116089644175e+00	7.4780315626368021489620867050122975e-05	7.4885886189097264850795540295668284e-03
6.2883479923069279519827618676717446e-04	-2.4168494751917641836172437473149648e+00	7.1276574720158511122545443985837974e-05	7.3110776411376341018551967877988405e-03
6.5863184028973965396791689229727047e-04	-2.3879441798857800534311782425421616e+00	6.8051363104655135373648897751190525e-05	7.1437772397761879546433634849988654e-03
6.8875186397346689917702122488052467e-04	-2.3596890411867365914152032890750841e+00	6.5074864008308417075080096146690241e-05	6.9858216090200295894118315053168890e-03
7.1917883678632707129028015085865544e-04	-2.3320482573010296719470877905544327e+00	6.2321222912753609628323451705064342e-05	6.8364412583470578135706572083797118e-03
7.4989725862826567634941626978384931e-04	-2.3049889328937965100826302564427983e+00	5.9767925086203718122369557271769609e-05	6.6949499073265488687662456124878128e-03
7.8089213247526120473530145993847822e-04	-2.2784807690711790605181440131560205e+00	5.7395285111554655133725690014112617e-05	6.5607334711058600760009860701141933e-03
8.1214893657936594752448342227606340e-04	-2.2524957938577509580655940982622308e+00	5.5186025843090040123857951599215118e-05	6.4332407566138944997576903088813898e-03
8.4365359891766166751802409423393166e-04	-2.2270081269602295252818802476285926e+00	5.3124929233748150336965382686038159e-05	6.3119755665758235312750196887254140e-03
8.7539247365487093238724237742060331e-04	-2.2019937736942665385882757500064408e+00	5.1198545274413451435639232516756194e-05	6.1964899683219160322465770710958451e-03
9.0735231941430251108200220164061575e-04	-2.1774304438247323612345431713678453e+00	4.9394948191564065410955859991919324e-05	6.0863785312451471705603527429408088e-03
9.3952027917729255863161423976696233e-04	-2.1532973917770229555379756327268303e+00	4.7703531286726506114088046524860356e-05	5.9812733736899630103612620415544242e-03
9.7188386165308644838478480131010486e-04	-2.1295752752524464097861958154439281e+00	4.6114833535980554181171992746462544e-05	5.8808398893306130157386114978365574e-03
1.0044309239798007293401039726840674e-03	-2.1062460297516437341263050905721066e+00	4.4620392421843168927988133543008852e-05	5.7847730464455939058778011420872845e-03
1.0371496556332096092597820094104129e-03	-2.0832927568972200154145266131985906e+00	4.3212618533375012897114299462423928e-05	5.6927941722206487475167456056543274e-03
1.0700285634340244478013244826645072e-03	-2.0606996247666934816372490315343990e+00	4.1884688310599930515140378747157476e-05	5.6046481493123282248049145873140228e-03
1.1030564575564147269964484880195755e-03	-2.0384517787124049967380461643926792e+00	4.0630451976923695063248111452474976e-05	5.5201009641419977659818836571890784e-03
1.1362224384510334694955956588569290e-03	-2.0165352613663716917876958034013626e+00	3.9444354236511893761284258495805533e-05	5.4389375563571754355806067709370630e-03
1.1695158846049906434604362621842682e-03	-1.9949369407133334175522173883826960e+00	3.8321365741750355727918990722959929e-05	5.3609599270524518709948223231727955e-03
1.2029264410692579576763198554054191e-03	-1.9736444452709216895312447130856302e+00	3.7256923681368152652892942982885662e-05	5.2859854700449960813583385910911463e-03
1.2364440086910495137900207503004735e-03	-1.9526461055471959025723679855847921e+00	3.6246880119836077774619968419579068e-05	5.2138454960320019959496035656410654e-03
1.2700587339949412176573308618230061e-03	-1.9319309010569548210900347055525316e+00	3.5287456946671715845704540129172802e-05	5.1443839240423803135709976400704404e-03
1.3037609996619826114938974630299955e-03	-1.9114884122726613074167743599988243e+00	3.4375206480745724626351237678837228e-05	5.0774561184096448358383081268034243e-03
1.3375414155609152535395445735728427e-03	-1.8913087769663003716344163134686834e+00	3.3506976927794735827937668313303529e-05	5.0129278526786005873681562242920368e-03
1.3713908102899247151384241917352214e-03	-1.8713826504673039452955796790453295e+00	3.2679882015567898998959204991048924e-05	4.9506743845284016713244350545086896e-03
1.4053002231911892706415502019085143e-03	-1.8517011694206924835872457191595455e+00	3.1891274235484538453004948328023752e-05	4.8905796280400311961423155873326661e-03
1.4392608968039078008624513454370202e-03	-1.8322559186803474842844399490577611e+00	3.1138721206430897516685155822448985e-05	4.8325354115310282638177346734248286e-03
1.4732642697245441172369006970761779e-03	-1.8130389010161181763298549668611250e+00	3.0419984748627386921210563982602897e-05	4.7764408107842403552636763443684449e-03
1.5073019698457594125304057943884542e-03	-1.7940425093513414793191614453569911e+00	2.9733002315964230923356069748248340e-05	4.7222015488593339396094669058586564e-03
1.5413658079479573114222056252765206e-03	-1.7752595012802016486125184330469917e+00	2.9075870485935829912868318176727758e-05	4.6697294548356978453149108035718595e-03
1.5754477716195702999359142069489361e-03	-1.7566829756429147209390022143651175e+00	2.8446830249003509351038989419401586e-05	4.6189419748260270174088979923526674e-03
1.6095400194842010125016180646962364e-03	-1.7383063509616137167966748154191910e+00	2.7844253875263705128920955500600966e-05	4.5697617294483126993418342174384053e-03
1.6436348757145220397616910829563079e-03	-1.7201233455615559225133318248974895e+00	2.7266633166819546533904135130424249e-05	4.5221161126725431942104620294109990e-03
1.6777248248144554575168362835438395e-03	-1.7021279592213143756572119326588109e+00	2.6712568930168696987684230031733533e-05	4.4759369275856826112207187718695649e-03
1.7118025066526172719301097363444804e-03	-1.6843144562123251234792067069926760e+00	2.6180761524984545583050218885247347e-05	4.4311600551598776086684769909566633e-03
1.7458607117313391555374711482091220e-03	-1.6666773496028566997093670312474859e+00	2.5670002364503313843896894645006051e-05	4.3877251525772283741999935527215578e-03
1.7798923766767848903795969437114642e-03	-1.6492113867144181817743295971840489e+00	2.5179166258850028789148144400028937e-05	4.3455753780706373876617376446533738e-03
1.8138905799367747448303037494761230e-03	-1.6319115356300572078035666572349873e+00	2.4707204506467213041915413632956737e-05	4.3046571395932756411878213695089014e-03
1.8478485376739289610084925515045973e-03	-1.6147729726641162544033590595191073e+00	2.4253138650705234441332628192239555e-05	4.2649198649367074368650047225748589e-03
1.8817595998426516591756467796973137e-03	-1.5977910707119830677696889210868133e+00	2.3816054828887308622159532424549809e-05	4.2263157911861302921162240483821440e-03
1.9156172464393076540202461611123127e-03	-1.5809613884063344663302090073279289e+00	2.3395098650021518265584953651022619e-05	4.1887997716359658263421872444317940e-03
1.9494150839157047940491886009145016e-03	-1.5642796600134567695384224444168170e+00	2.2989470545003366460858277111926352e-05	4.1523290984948055348669307094899528e-03
1.9831468417466904649493415531497920e-03	-1.5477417860095387650608595607761487e+00	2.2598421539808806369361374585294257e-05	4.1168633398894061841998139915646934e-03
2.0168063691433090528928292503122096e-03	-1.5313438242824677808986627123333263e+00	2.2221249407965537651581048924320211e-05	4.0823641898363977399661585310973169e-03
2.0503876319035529780879911150079565e-03	-1.5150819819096970476118548411603850e+00	2.1857295163633063568738208595111265e-05	4.0487953299904792473388015892757060e-03
2.0838847093932783199708752618138064e-03	-1.4989526074672634701996884168835720e+00	2.1505939861024056969613431879248463e-05	4.0161223021015906949352607575748266e-03
2.1172917916503514759082918749209919e-03	-1.4829521838290804274054363723781870e+00	2.1166601669749661569415744692346833e-05	3.9843123902229697324251277328859187e-03
2.1506031766055496747680998819536993e-03	-1.4670773214192637034545657687798909e+00	2.0838733199044875590267611652945237e-05	3.9533345118089447072086328576062405e-03
2.1838132674141590457602118820957378e-03	-1.4513247518835168221411566897492019e+00	2.0521819046791416114686803938954018e-05	3.9231591169273431496162723662598983e-03
2.2169165698926025000829811903530341e-03	-1.4356913221485457715059499394300226e+00	2.0215373551859363513410055740649887e-05	3.8937580948878578921590718342962354e-03
2.2499076900547887757143945701834299e-03	-1.4201739888411282290762259495741812e+00	1.9918938730582450436968029856528497e-05	3.8651046876557800838969070981982221e-03
2.2827813317432061968112988738258379e-03	-1.4047698130408604191097652130749736e+00	1.9632082380205419161365993140828958e-05	3.8371734094811927581468852807264818e-03
2.3155322943500923278819847822527968e-03	-1.3894759553427733724047348909975836e+00	1.9354396333930089802713426155521555e-05	3.8099399722279005782417046015891817e-03
2.3481554706242958527742678318624001e-03	-1.3742896712079740486629219664762481e+00	1.9085494853769514243064192398876961e-05	3.7833812159348169651959291249947489e-03
2.3806458445597115719010334017188082e-03	-1.3592083065822470922763544243840031e+00	1.8825013148822596179080876816252154e-05	3.7574750441859068306866309977138864e-03
2.4129984893614151005684518159541017e-03	-1.3442292937641689991461480629764941e+00	1.8572606007827104332952614167791337e-05	3.7322003639036748009948065140097736e-03
2.4452085654858522185503336485570422e-03	-1.3293501475057550669569173123691874e+00	1.8327946535956377629063129830727327e-05	3.7075370292161052741276856829279999e-03
2.4772713187516502739274801139308188e-03	-1.3145684613299956660493426152637347e+00	1.8090724986810947594563234046010931e-05	3.6834657890783488821121609025555048e-03
2.5091820785178168612926222787391026e-03	-1.2998819040508554093392514535465475e+00	1.7860647681435322756562417970049799e-05	3.6599682383587021855176470853405517e-03
2.5409362559262753383395582146759197e-03	-1.2852882164824185531238796280862453e+00	1.7637436006974947759905082511077658e-05	3.6370267721238884683246650185619586e-03
2.5725293422058586739577972518717494e-03	-1.2707852083248769675600259752365286e+00	1.7420825488289900632478918260965431e-05	3.6146245428816208072270011488035377e-03
2.6039569070350435997101315161438550e-03	-1.2563707552159826776345332481512762e+00	1.7210564926469861373955776244356492e-05	3.5927454205591816964220583416682376e-03
2.6352145969608569448311535487346485e-03	-1.2420427959374336884749315930926752e+00	1.7006415598757702393846411010183628e-05	3.5713739550155226085125764603356417e-03
2.6662981338715261761413450613601505e-03	-1.2277993297664370803236129830087908e+00	1.6808150514894099723070260766167047e-05	3.5504953409013807787733165815548939e-03
2.6972033135205772730284814242261819e-03	-1.2136384139634039098757014895576034e+00	1.6615553725349320957622645055460912e-05	3.5300953846973140796714968561597799e-03
2.7279260041002058160135344728334932e-03	-1.1995581613873823110861063823380189e+00	1.6428419677316502727221009763363201e-05	3.5101604737735319905309912193204137e-03
2.7584621448618621710015151598109055e-03	-1.1855567382314337574072004058269008e+00	1.6246552614708294473632980434515612e-05	3.4906775473280968416393522032079845e-03
2.7888077447820994745155169918837512e-03	-1.1716323618707075874689760996569882e+00	1.6069766018730128339418301504365243e-05	3.4716340690716140282063507382917398e-03
2.8189588812718342859505660108200130e-03	-1.1577832988164749782133490554364735e+00	1.5897882085902469514738862347341650e-05	3.4530180015370378233700081918421288e-03
2.8489116989272647468772262406814440e-03	-1.1440078627698495096424072177674578e+00	1.5730731240674646347078052513444461e-05	3.4348177819027933103369771395556031e-03
2.8786624083207803120063004213211674e-03	-1.1303044127693508523873280705243765e+00	1.5568151680017296981922432593186925e-05	3.4170222992261462812067772807896015e-03
2.9082072848302809939949755189523233e-03	-1.1166713514268641261386548215955010e+00	1.5409988947601793816074684275363944e-05	3.3996208729917234234541025847165370e-03
2.9375426675054029654048171818011737e-03	-1.1031071232469130173852740827973149e+00	1.5256095535375608306335667017267651e-05	3.3826032328873678021051600195721301e-03
2.9666649579692216273637615632287306e-03	-1.0896102130245024261062860010245304e+00	1.5106330510524578630565948425662198e-05	3.3659594997261749607337394776450516e-03
2.9955706193540732008973262734727755e-03	-1.0761791443170986025272731025252343e+00	1.4960559165978327811012828236733607e-05	3.3496801674396515356502213268413449e-03
3.0242561752702018143361462601197882e-03	-1.0628124779866035841133135256578008e+00	1.4818652692765329279439380828828696e-05	3.3337560860725237084639832299721678e-03
3.0527182088060012174042671296147078e-03	-1.0495088108074481975141695102769690e+00	1.4680487872660826745869599538784644e-05	3.3181784457148443609870842217131914e-03
3.0809533615586788980174728744518689e-03	-1.0362667741371757188653055339080115e+00	1.4545946789695320464909592024867685e-05	3.3029387613117479264244401152221905e-03
3.1089583326942257413920862690109717e-03	-1.0230850326461180961118259747887445e+00	1.4414916559204824733806693984861559e-05	3.2880288582955188899549139094864017e-03
3.1367298780356266656917371632386173e-03	-1.0099622831029798910967767271876330e+00	1.4287289073207647596884873329409380e-05	3.2734408589886081319537907186356749e-03
3.1642648091782970914255685600399880e-03	-9.9689725321334312839388188003323233e-01	1.4162960760986997291825042351864903e-05	3.2591671697298818995594123100029149e-03
3.1915599926317768361280891238628410e-03	-9.8388870050829025552394076297157169e-01	1.4041832363845135741223227704189333e-05	3.2452004686797491868686048987908903e-03
3.2186123489867572412997413701805447e-03	-9.7093541128051353186646503686088306e-01	1.3923808723073844032935392614922887e-05	3.2315336942629100471063122622409238e-03
3.2454188521065591928563413238934801e-03	-9.5803619956543838142813859056830559e-01	1.3808798580258326668606434570797059e-05	3.2181600342103227765790288667981988e-03
3.2719765283422193359635426611409626e-03	-9.4518990616503649056570448292251042e-01	1.3696714389097978993102291314813872e-05	3.2050729151646227540117593856917270e-03
3.2982824557703793463880806703170828e-03	-9.3239539771214254966285220658041651e-01	1.3587472137988232132456304860970394e-05	3.1922659928156587954905121052255539e-03
3.3243337634532087301825453443973207e-03	-9.1965156577321729986776113419608102e-01	1.3480991182663473048165360113761004e-05	3.1797331425350612498311850721769731e-03
3.3501276307196253997036601455628987e-03	-9.0695732598761965954845230349667057e-01	1.3377194088252265584456126803154333e-05	3.1674684504808351929661873651945436e-03
3.3756612864671103266527305634961419e-03	-8.9431161724156281832793321239971700e-01	1.3276006480143179063494106900031841e-05	3.1554662051448960474254594344646225e-03
3.4009320084834430045812139824715408e-03	-8.8171340087503389398282101216273682e-01	1.3177356903102831950232387800367733e-05	3.1437208893182465424761338392640343e-03
3.4259371227877133598002668703371254e-03	-8.6916165992005459488994152877568639e-01	1.3081176688127611834486320568646547e-05	3.1322271724501447794421385746861374e-03
3.4506740029899932201786651059129082e-03	-8.5665539836875181942083505250299464e-01	1.2987399826547240197189230516550167e-05	3.1209799033791438739777145841684741e-03
3.4751400696690765693222200868280544e-03	-8.4419364046979271457189077024754377e-01	1.2895962850932183402466548489405204e-05	3.1099741034153038732222857474001851e-03
3.4993327897677226570535889448034361e-03	-8.3177543005181883312663218410892703e-01	1.2806804722388116781144256722841383e-05	3.0992049597541952031815585454923215e-03
3.5232496760048596788478553798132766e-03	-8.1939982987258906204385702434124086e-01	1.2719866723849450258107502131977904e-05	3.0886678192045378351806276061972612e-03
3.5468882863042292451271972531530266e-03	-8.0706592099261130405892342645448792e-01	1.2635092359010524765668432746437986e-05	3.0783581822124590195361856563478476e-03
3.5702462232389732999231948408007446e-03	-7.9477280217210881107139448966765980e-01	1.2552427256557673103570423270411990e-05	3.0682716971664115393985102632565895e-03
3.5933211334916855771799736949161669e-03	-7.8251958929022889745465635726400562e-01	1.2471819079388074604354572149901842e-05	3.0584041549677801362382955553702458e-03
3.6161107073294691579405140423044030e-03	-7.7030541478545978611257047651776744e-01	1.2393217438522372461384375135867239e-05	3.0487514838531216801163776874235505e-03
3.6386126780935602653845402430907332e-03	-7.5812942711627582051983289747555427e-01	1.2316573811437504738741012334477547e-05	3.0393097444548399607511283141224356e-03
3.6608248217030961564731229329650298e-03	-7.4599079024108245295406783761343379e-01	1.2241841464564251431081985724159626e-05	3.0300751250878933890093741770315490e-03
3.6827449561726218850825926082207509e-03	-7.3388868311658051537409706950365873e-01	1.2168975379710735844103029810065100e-05	3.0210439372508777623676880447103492e-03
3.7043709411429468654431098361734478e-03	-7.2182229921371450100187535264806077e-01	1.2097932184188644293250176852664219e-05	3.0122126113305205466196836456291539e-03
3.7257006774249775972764985014906574e-03	-7.0979084605041212242900627435045762e-01	1.2028670084433339797610926003851051e-05	3.0035776924992715205751456966866725e-03
3.7467321065561676636495074173890958e-03	-6.9779354474036244275447514845659958e-01	1.1961148802922430918899905545201197e-05	2.9951358367962804865822552127730870e-03
3.7674632103692402153374540235774206e-03	-6.8582962955711756371588494804953421e-01	1.1895329518209796487818539864471591e-05	2.9868838073826191640218742835126882e-03
3.7878920105728516454157352060922210e-03	-6.7389834751283835096467196464976687e-01	1.1831174807903634175589973135426590e-05	2.9788184709621342062086100275648694e-03
3.8080165683438780668623083921506186e-03	-6.6199895795103812257435273626177405e-01	1.1768648594427863014282386329499427e-05	2.9709367943598141394340949268431260e-03
3.8278349839310185643060878620805985e-03	-6.5013073215270975349237602558144719e-01	1.1707716093416228719983367632930115e-05	2.9632358412500173367891556466908394e-03
3.8473453962694210271026926603840340e-03	-6.3829295295525137758410845826029460e-01	1.1648343764597792578440721798548951e-05	2.9557127690273431414851182163141014e-03
3.8665459826060477114466175628404600e-03	-6.2648491438363391322591014368657615e-01	1.1590499265041181599679624138935171e-05	2.9483648258133360051006461645434269e-03
3.8854349581355085495069859712162455e-03	-6.1470592129328010321687973480020013e-01	1.1534151404633087273842392355525184e-05	2.9411893475925949082306437671135710e-03
3.9040105756461006474520482058492727e-03	-6.0295528902414974291316402625368488e-01	1.1479270103674066329684182885564875e-05	2.9341837554722191425337376163754443e-03
3.9222711251758024142256415505602474e-03	-5.9123234306554936300000582062307784e-01	1.1425826352481759641752919504116858e-05	2.9273455530588583796441266900348380e-03
3.9402149336779803603319316771826085e-03	-5.7953641873120692000636085344398281e-01	1.1373792172898241859820804327799897e-05	2.9206723239479513375527539076423525e-03
3.9578403646965758207811634057905309e-03	-5.6786686084417310754929441579221559e-01	1.1323140581604378507166008583750435e-05	2.9141617293200346707605200393762794e-03
3.9751458180505477077633701263225855e-03	-5.5622302343113080802659699342320474e-01	1.1273845555149830583893641344345292e-05	2.9078115056392832458767207330772223e-03
3.9921297295273559045378129637365659e-03	-5.4460426942571302674827703176770059e-01	1.1225881996612738027367989532577023e-05	2.9016194624497059139876525984055242e-03
4.0087905705852780894798339834130184e-03	-5.3300997038044745240157062549288045e-01	1.1179225703808159381487503971875436e-05	2.8955834802646683627111335556540703e-03
4.0251268480643606443371727540390140e-03	-5.2143950618696262910297870538107984e-01	1.1133853338969070305285716823582539e-05	2.8897015085456476519955953018313162e-03
4.0411371039058118687900641069170819e-03	-5.0989226480410666196738060285884011e-01	1.1089742399828150815252612548214176e-05	2.8839715637663425623034290379392344e-03
4.0568199148796530088627187732455248e-03	-4.9836764199364446230402987057497779e-01	1.1046871192032741379075905213094794e-05	2.8783917275584707977790570277740877e-03
4.0721738923204496233290423759383873e-03	-4.8686504106321381900151976244658520e-01	1.1005218802829240546995485580843008e-05	2.8729601449357792136366011208888338e-03
4.0871976818709525730205122308056334e-03	-4.7538387261623410498237098827698387e-01	1.0964765075956869648712805799171451e-05	2.8676750225929773418102533625652528e-03
4.1018899632334844352458612523600045e-03	-4.6392355430847423443305919725654472e-01	1.0925490587694159788360036519256801e-05	2.8625346272764782840507273710185769e-03
4.1162494499289134311159113578299788e-03	-4.5248351061099861773898222410990670e-01	1.0887376624004738297282792457722091e-05	2.8575372842239951900245344091394463e-03
4.1302748890630630185932101533034303e-03	-4.4106317257922135400897551121552702e-01	1.0850405158732020183891193762964585e-05	2.8526813756701966569738475802179264e-03
4.1439650611004111591656510710362171e-03	-4.2966197762780979070942315812043948e-01	1.0814558832795258141672990384198490e-05	2.8479653394157710524573622564891762e-03
4.1573187796449389212689539196285786e-03	-4.1827936931118889897047387407741005e-01	1.0779820934342084574301830577480043e-05	2.8433876674573885090580349508733397e-03
4.1703348912279935485604666541855711e-03	-4.0691479710940769223047205394450978e-01	1.0746175379815202223852974712136475e-05	2.8389469046761806701742877949287389e-03
4.1830122751030364050232270083131700e-03	-3.9556771621913818376944877906834855e-01	1.0713606695893256886862522237669078e-05	2.8346416475824826462728801227853362e-03
4.1953498430471513203696778510124680e-03	-3.8423758734958616226241625379131145e-01	1.0682100002268166168661453504890092e-05	2.8304705431146995076132860171619617e-03
4.2073465391691938066271868181504468e-03	-3.7292387652310138898501075393570955e-01	1.0651640995223291365783258616139783e-05	2.8264322874902714002440055497883865e-03
4.2190013397244664080477980418021043e-03	-3.6162605488028270937710871639478997e-01	1.0622215931978833850980092544619965e-05	2.8225256251068174083586246465149789e-03
4.2303132529358100891568042708534062e-03	-3.5034359848938104748827219075442618e-01	1.0593811615772720651402161353107269e-05	2.8187493474916389547072348879076110e-03
4.2412813188210060670632164221756567e-03	-3.3907598815981033518505447604367672e-01	1.0566415381647023603145636347152847e-05	2.8151022922978591657846709064703187e-03
4.2519046090263868610042712476638533e-03	-3.2782270925958313839356463270974753e-01	1.0540015082911639380994191545414320e-05	2.8115833423455655429847410193806680e-03
4.2621822266665595710883868919139906e-03	-3.1658325153649409836814822965407180e-01	1.0514599078258550226322583246676967e-05	2.8081914247064097682966222236069369e-03
4.2721133061701485156549881416984767e-03	-3.0535710894288032416844744921216141e-01	1.0490156219501493288750007758215271e-05	2.8049255098302008087698829694945492e-03
4.2816970131314683586363582298255672e-03	-2.9414377946379356927514468819144980e-01	1.0466675839917295724981366685905878e-05	2.8017846107121059264069468731419620e-03
4.2909325441680427505851701341513344e-03	-2.8294276494842441565972680300591514e-01	1.0444147743166488264781233148181617e-05	2.7987677820991489922616031960289730e-03
4.2998191267838872951834605958793398e-03	-2.7175357094462378678382663055123128e-01	1.0422562192772096726833181990189515e-05	2.7958741197347668737449712782387272e-03
4.3083560192384793424131605294630772e-03	-2.6057570653637193019097672281292303e-01	1.0401909902136733503642155420179072e-05	2.7931027596402528274343547186176201e-03
4.3165425104213407052734969480080329e-03	-2.4940868418404956298531950365208062e-01	1.0382182025079273605081299091198485e-05	2.7904528774319809885345732884163991e-03
4.3243779197321629039077470606155673e-03	-2.3825201956737017119891933125644225e-01	1.0363370146873506459978438771988733e-05	2.7879236876733683934648699910183253e-03
4.3318615969664079639964401349491167e-03	-2.2710523143083650772098355445025509e-01	1.0345466275772209084566371236069877e-05	2.7855144432605906840038017976886062e-03
4.3389929222063211398572916190557603e-03	-2.1596784143158815328728556779824738e-01	1.0328462835001091969568088834002089e-05	2.7832244348411248902225009167807065e-03
4.3457713057172952012713861678438491e-03	-2.0483937398951060053313216358016009e-01	1.0312352655208029438901520862136461e-05	2.7810529902642476360388803918676968e-03
4.3521961878495291208843985417068941e-03	-1.9371935613947970119861777457133129e-01	1.0297128967353904424112284175264989e-05	2.7789994740626699080376007560535326e-03
4.3582670389449271302211752297142276e-03	-1.8260731738561848954744960390962324e-01	1.0282785396032276533112950646723648e-05	2.7770632869645403197020600962516080e-03
4.3639833592491871808774860385020129e-03	-1.7150278955744636866410814383061134e-01	1.0269315953205924758711386814329043e-05	2.7752438654350977265397972275345210e-03
4.3693446788290308571641798544055694e-03	-1.6040530666780342773754693536651217e-01	1.0256715032349124809402965432488108e-05	2.7735406812473012331157841255876938e-03
4.3743505574945297411090600227014766e-03	-1.4931440477243525442334127995208578e-01	1.0244977402985298350251791302951309e-05	2.7719532410808112048432402917716667e-03
4.3790005847264861338940576598732090e-03	-1.3822962183112602311581388972277152e-01	1.0234098205610419785540783727484314e-05	2.7704810861487389738512799846251047e-03
4.3832943796088288930418014704128960e-03	-1.2715049757026988321033542051445722e-01	1.0224072946993287849793581179180740e-05	2.7691237918516256223733651919529134e-03
4.3872315907659879553945213985036720e-03	-1.1607657334677274650472226300927537e-01	1.0214897495844466344631329384401333e-05	2.7678809674581516470219857296607836e-03
4.3908118963052138854905787642617229e-03	-1.0500739201317848466498506277605704e-01	1.0206568078846372912189018259560968e-05	2.7667522558121195567056828640189662e-03
4.3940350037638115206010136254718702e-03	-9.3942497783915300645814008665298857e-02	1.0199081277037648728291279678199769e-05	2.7657373330652906353950598157732850e-03
4.3969006500612594806282481636808384e-03	-8.2881436102559636200542259986156312e-02	1.0192434022545577305699280664731969e-05	2.7648359084356953043311380697749680e-03
4.3994086014561899764125064870514913e-03	-7.1823753510016424852704684704637620e-02	1.0186623595660939021344567741351108e-05	2.7640477239910738391041700226471891e-03
4.4015586535082059867989842977558898e-03	-6.0768997513515799281663596508138845e-02	1.0181647622250291257278286202620414e-05	2.7633725544571407247947196018422094e-03
4.4033506310445154860961184492170754e-03	-4.9716716456327516995704651383899022e-02	1.0177504071501253849733544641813524e-05	2.7628102070504017538305621935410478e-03
4.4047843881313649922595727397641137e-03	-3.8666459388095381082982205905804960e-02	1.0174191253996957498564201796105950e-05	2.7623605213352881707362295266655724e-03
4.4058598080502572751819508067140769e-03	-2.7617775935694806066079367046447580e-02	1.0171707820116380478896626842489337e-05	2.7620233691054068277895957587591871e-03
4.4065768032789406167316536983091420e-03	-1.6570216174517414436875198898126108e-02	1.0170052758757857957035419516666881e-05	2.7617986542887395161787162988323812e-03
4.4069353154771595525108334100090431e-03	-5.5233305000871489935250618834408369e-03	1.0169225396383599948866410494705665e-05	2.7616863128766584574496819626742278e-03
4.4069353154771595525108334100090431e-03	5.5233305000871489935250618834408369e-03	1.0169225396383599948866410494705665e-05	2.7616863128766584574496819626742278e-03
4.4065768032789406167316536983091420e-03	1.6570216174517414436875198898126108e-02	1.0170052758757857957035419516666881e-05	2.7617986542887395161787162988323812e-03
4.4058598080502572751819508067140769e-03	2.7617775935694806066079367046447580e-02	1.0171707820116380478896626842489337e-05	2.7620233691054068277895957587591871e-03
4.4047843881313649922595727397641137e-03	3.8666459388095381082982205905804960e-02	1.0174191253996957498564201796105950e-05	2.7623605213352881707362295266655724e-03
4.4033506310445154860961184492170754e-03	4.9716716456327516995704651383899022e-02	1.0177504071501253849733544641813524e-05	2.7628102070504017538305621935410478e-03
4.4015586535082059867989842977558898e-03	6.0768997513515799281663596508138845e-02	1.0181647622250291257278286202620414e-05	2.7633725544571407247947196018422094e-03
4.3994086014561899764125064870514913e-03	7.1823753510016424852704684704637620e-02	1.0186623595660939021344567741351108e-05	2.7640477239910738391041700226471891e-03
4.3969006500612594806282481636808384e-03	8.2881436102559636200542259986156312e-02	1.0192434022545577305699280664731969e-05	2.7648359084356953043311380697749680e-03
4.3940350037638115206010136254718702e-03	9.3942497783915300645814008665298857e-02	1.0199081277037648728291279678199769e-05	2.7657373330652906353950598157732850e-03
4.3908118963052138854905787642617229e-03	1.0500739201317848466498506277605704e-01	1.0206568078846372912189018259560968e-05	2.7667522558121195567056828640189662e-03
4.3872315907659879553945213985036720e-03	1.1607657334677274650472226300927537e-01	1.0214897495844466344631329384401333e-05	2.7678809674581516470219857296607836e-03
4.3832943796088288930418014704128960e-03	1.2715049757026988321033542051445722e-01	1.0224072946993287849793581179180740e-05	2.7691237918516256223733651919529134e-03
4.3790005847264861338940576598732090e-03	1.3822962183112602311581388972277152e-01	1.0234098205610419785540783727484314e-05	2.7704810861487389738512799846251047e-03
4.3743505574945297411090600227014766e-03	1.4931440477243525442334127995208578e-01	1.0244977402985298350251791302951309e-05	2.7719532410808112048432402917716667e-03
4.3693446788290308571641798544055694e-03	1.6040530666780342773754693536651217e-01	1.0256715032349124809402965432488108e-05	2.7735406812473012331157841255876938e-03
4.3639833592491871808774860385020129e-03	1.7150278955744636866410814383061134e-01	1.0269315953205924758711386814329043e-05	2.7752438654350977265397972275345210e-03
4.3582670389449271302211752297142276e-03	1.8260731738561848954744960390962324e-01	1.0282785396032276533112950646723648e-05	2.7770632869645403197020600962516080e-03
4.3521961878495291208843985417068941e-03	1.9371935613947970119861777457133129e-01	1.0297128967353904424112284175264989e-05	2.7789994740626699080376007560535326e-03
4.3457713057172952012713861678438491e-03	2.0483937398951060053313216358016009e-01	1.0312352655208029438901520862136461e-05	2.7810529902642476360388803918676968e-03
4.3389929222063211398572916190557603e-03	2.1596784143158815328728556779824738e-01	1.0328462835001091969568088834002089e-05	2.7832244348411248902225009167807065e-03
4.3318615969664079639964401349491167e-03	2.2710523143083650772098355445025509e-01	1.0345466275772209084566371236069877e-05	2.7855144432605906840038017976886062e-03
4.3243779197321629039077470606155673e-03	2.3825201956737017119891933125644225e-01	1.0363370146873506459978438771988733e-05	2.7879236876733683934648699910183253e-03
4.3165425104213407052734969480080329e-03	2.4940868418404956298531950365208062e-01	1.0382182025079273605081299091198485e-05	2.7904528774319809885345732884163991e-03
4.3083560192384793424131605294630772e-03	2.6057570653637193019097672281292303e-01	1.0401909902136733503642155420179072e-05	2.7931027596402528274343547186176201e-03
4.2998191267838872951834605958793398e-03	2.7175357094462378678382663055123128e-01	1.0422562192772096726833181990189515e-05	2.7958741197347668737449712782387272e-03
4.2909325441680427505851701341513344e-03	2.8294276494842441565972680300591514e-01	1.0444147743166488264781233148181617e-05	2.7987677820991489922616031960289730e-03
4.2816970131314683586363582298255672e-03	2.9414377946379356927514468819144980e-01	1.0466675839917295724981366685905878e-05	2.8017846107121059264069468731419620e-03
4.2721133061701485156549881416984767e-03	3.0535710894288032416844744921216141e-01	1.0490156219501493288750007758215271e-05	2.8049255098302008087698829694945492e-03
4.2621822266665595710883868919139906e-03	3.1658325153649409836814822965407180e-01	1.0514599078258550226322583246676967e-05	2.8081914247064097682966222236069369e-03
4.2519046090263868610042712476638533e-03	3.2782270925958313839356463270974753e-01	1.0540015082911639380994191545414320e-05	2.8115833423455655429847410193806680e-03
4.2412813188210060670632164221756567e-03	3.3907598815981033518505447604367672e-01	1.0566415381647023603145636347152847e-05	2.8151022922978591657846709064703187e-03
4.2303132529358100891568042708534062e-03	3.5034359848938104748827219075442618e-01	1.0593811615772720651402161353107269e-05	2.8187493474916389547072348879076110e-03
4.2190013397244664080477980418021043e-03	3.6162605488028270937710871639478997e-01	1.0622215931978833850980092544619965e-05	2.8225256251068174083586246465149789e-03
4.2073465391691938066271868181504468e-03	3.7292387652310138898501075393570955e-01	1.0651640995223291365783258616139783e-05	2.8264322874902714002440055497883865e-03
4.1953498430471513203696778510124680e-03	3.8423758734958616226241625379131145e-01	1.0682100002268166168661453504890092e-05	2.8304705431146995076132860171619617e-03
4.1830122751030364050232270083131700e-03	3.9556771621913818376944877906834855e-01	1.0713606695893256886862522237669078e-05	2.8346416475824826462728801227853362e-03
4.1703348912279935485604666541855711e-03	4.0691479710940769223047205394450978e-01	1.0746175379815202223852974712136475e-05	2.8389469046761806701742877949287389e-03
4.1573187796449389212689539196285786e-03	4.1827936931118889897047387407741005e-01	1.0779820934342084574301830577480043e-05	2.8433876674573885090580349508733397e-03
4.1439650611004111591656510710362171e-03	4.2966197762780979070942315812043948e-01	1.0814558832795258141672990384198490e-05	2.8479653394157710524573622564891762e-03
4.1302748890630630185932101533034303e-03	4.4106317257922135400897551121552702e-01	1.0850405158732020183891193762964585e-05	2.8526813756701966569738475802179264e-03
4.1162494499289134311159113578299788e-03	4.5248351061099861773898222410990670e-01	1.0887376624004738297282792457722091e-05	2.8575372842239951900245344091394463e-03
4.1018899632334844352458612523600045e-03	4.6392355430847423443305919725654472e-01	1.0925490587694159788360036519256801e-05	2.8625346272764782840507273710185769e-03
4.0871976818709525730205122308056334e-03	4.7538387261623410498237098827698387e-01	1.0964765075956869648712805799171451e-05	2.8676750225929773418102533625652528e-03
4.0721738923204496233290423759383873e-03	4.8686504106321381900151976244658520e-01	1.1005218802829240546995485580843008e-05	2.8729601449357792136366011208888338e-03
4.0568199148796530088627187732455248e-03	4.9836764199364446230402987057497779e-01	1.1046871192032741379075905213094794e-05	2.8783917275584707977790570277740877e-03
4.0411371039058118687900641069170819e-03	5.0989226480410666196738060285884011e-01	1.1089742399828150815252612548214176e-05	2.8839715637663425623034290379392344e-03
4.0251268480643606443371727540390140e-03	5.2143950618696262910297870538107984e-01	1.1133853338969070305285716823582539e-05	2.8897015085456476519955953018313162e-03
4.0087905705852780894798339834130184e-03	5.3300997038044745240157062549288045e-01	1.1179225703808159381487503971875436e-05	2.8955834802646683627111335556540703e-03
3.9921297295273559045378129637365659e-03	5.4460426942571302674827703176770059e-01	1.1225881996612738027367989532577023e-05	2.9016194624497059139876525984055242e-03
3.9751458180505477077633701263225855e-03	5.5622302343113080802659699342320474e-01	1.1273845555149830583893641344345292e-05	2.9078115056392832458767207330772223e-03
3.9578403646965758207811634057905309e-03	5.6786686084417310754929441579221559e-01	1.1323140581604378507166008583750435e-05	2.9141617293200346707605200393762794e-03
3.9402149336779803603319316771826085e-03	5.7953641873120692000636085344398281e-01	1.1373792172898241859820804327799897e-05	2.9206723239479513375527539076423525e-03
3.9222711251758024142256415505602474e-03	5.9123234306554936300000582062307784e-01	1.1425826352481759641752919504116858e-05	2.9273455530588583796441266900348380e-03
3.9040105756461006474520482058492727e-03	6.0295528902414974291316402625368488e-01	1.1479270103674066329684182885564875e-05	2.9341837554722191425337376163754443e-03
3.8854349581355085495069859712162455e-03	6.1470592129328010321687973480020013e-01	1.1534151404633087273842392355525184e-05	2.9411893475925949082306437671135710e-03
3.8665459826060477114466175628404600e-03	6.2648491438363391322591014368657615e-01	1.1590499265041181599679624138935171e-05	2.9483648258133360051006461645434269e-03
3.8473453962694210271026926603840340e-03	6.3829295295525137758410845826029460e-01	1.1648343764597792578440721798548951e-05	2.9557127690273431414851182163141014e-03
3.8278349839310185643060878620805985e-03	6.5013073215270975349237602558144719e-01	1.1707716093416228719983367632930115e-05	2.9632358412500173367891556466908394e-03
3.8080165683438780668623083921506186e-03	6.6199895795103812257435273626177405e-01	1.1768648594427863014282386329499427e-05	2.9709367943598141394340949268431260e-03
3.7878920105728516454157352060922210e-03	6.7389834751283835096467196464976687e-01	1.1831174807903634175589973135426590e-05	2.9788184709621342062086100275648694e-03
3.7674632103692402153374540235774206e-03	6.8582962955711756371588494804953421e-01	1.1895329518209796487818539864471591e-05	2.9868838073826191640218742835126882e-03
3.7467321065561676636495074173890958e-03	6.9779354474036244275447514845659958e-01	1.1961148802922430918899905545201197e-05	2.9951358367962804865822552127730870e-03
3.7257006774249775972764985014906574e-03	7.0979084605041212242900627435045762e-01	1.2028670084433339797610926003851051e-05	3.0035776924992715205751456966866725e-03
3.7043709411429468654431098361734478e-03	7.2182229921371450100187535264806077e-01	1.2097932184188644293250176852664219e-05	3.0122126113305205466196836456291539e-03
3.6827449561726218850825926082207509e-03	7.3388868311658051537409706950365873e-01	1.2168975379710735844103029810065100e-05	3.0210439372508777623676880447103492e-03
3.6608248217030961564731229329650298e-03	7.4599079024108245295406783761343379e-01	1.2241841464564251431081985724159626e-05	3.0300751250878933890093741770315490e-03
3.6386126780935602653845402430907332e-03	7.5812942711627582051983289747555427e-01	1.2316573811437504738741012334477547e-05	3.0393097444548399607511283141224356e-03
3.6161107073294691579405140423044030e-03	7.7030541478545978611257047651776744e-01	1.2393217438522372461384375135867239e-05	3.0487514838531216801163776874235505e-03
3.5933211334916855771799736949161669e-03	7.8251958929022889745465635726400562e-01	1.2471819079388074604354572149901842e-05	3.0584041549677801362382955553702458e-03
3.5702462232389732999231948408007446e-03	7.9477280217210881107139448966765980e-01	1.2552427256557673103570423270411990e-05	3.0682716971664115393985102632565895e-03
3.5468882863042292451271972531530266e-03	8.0706592099261130405892342645448792e-01	1.2635092359010524765668432746437986e-05	3.0783581822124590195361856563478476e-03
3.5232496760048596788478553798132766e-03	8.1939982987258906204385702434124086e-01	1.2719866723849450258107502131977904e-05	3.0886678192045378351806276061972612e-03
3.4993327897677226570535889448034361e-03	8.3177543005181883312663218410892703e-01	1.2806804722388116781144256722841383e-05	3.0992049597541952031815585454923215e-03
3.4751400696690765693222200868280544e-03	8.4419364046979271457189077024754377e-01	1.2895962850932183402466548489405204e-05	3.1099741034153038732222857474001851e-03
3.4506740029899932201786651059129082e-03	8.5665539836875181942083505250299464e-01	1.2987399826547240197189230516550167e-05	3.1209799033791438739777145841684741e-03
3.4259371227877133598002668703371254e-03	8.6916165992005459488994152877568639e-01	1.3081176688127611834486320568646547e-05	3.1322271724501447794421385746861374e-03
3.4009320084834430045812139824715408e-03	8.8171340087503389398282101216273682e-01	1.3177356903102831950232387800367733e-05	3.1437208893182465424761338392640343e-03
3.3756612864671103266527305634961419e-03	8.9431161724156281832793321239971700e-01	1.3276006480143179063494106900031841e-05	3.1554662051448960474254594344646225e-03
3.3501276307196253997036601455628987e-03	9.0695732598761965954845230349667057e-01	1.3377194088252265584456126803154333e-05	3.1674684504808351929661873651945436e-03
3.3243337634532087301825453443973207e-03	9.1965156577321729986776113419608102e-01	1.3480991182663473048165360113761004e-05	3.1797331425350612498311850721769731e-03
3.2982824557703793463880806703170828e-03	9.3239539771214254966285220658041651e-01	1.3587472137988232132456304860970394e-05	3.1922659928156587954905121052255539e-03
3.2719765283422193359635426611409626e-03	9.4518990616503649056570448292251042e-01	1.3696714389097978993102291314813872e-05	3.2050729151646227540117593856917270e-03
3.2454188521065591928563413238934801e-03	9.5803619956543838142813859056830559e-01	1.3808798580258326668606434570797059e-05	3.2181600342103227765790288667981988e-03
3.2186123489867572412997413701805447e-03	9.7093541128051353186646503686088306e-01	1.3923808723073844032935392614922887e-05	3.2315336942629100471063122622409238e-03
3.1915599926317768361280891238628410e-03	9.8388870050829025552394076297157169e-01	1.4041832363845135741223227704189333e-05	3.2452004686797491868686048987908903e-03
3.1642648091782970914255685600399880e-03	9.9689725321334312839388188003323233e-01	1.4162960760986997291825042351864903e-05	3.2591671697298818995594123100029149e-03
3.1367298780356266656917371632386173e-03	1.0099622831029798910967767271876330e+00	1.4287289073207647596884873329409380e-05	3.2734408589886081319537907186356749e-03
3.1089583326942257413920862690109717e-03	1.0230850326461180961118259747887445e+00	1.4414916559204824733806693984861559e-05	3.2880288582955188899549139094864017e-03
3.0809533615586788980174728744518689e-03	1.0362667741371757188653055339080115e+00	1.4545946789695320464909592024867685e-05	3.3029387613117479264244401152221905e-03
3.0527182088060012174042671296147078e-03	1.0495088108074481975141695102769690e+00	1.4680487872660826745869599538784644e-05	3.3181784457148443609870842217131914e-03
3.0242561752702018143361462601197882e-03	1.0628124779866035841133135256578008e+00	1.4818652692765329279439380828828696e-05	3.3337560860725237084639832299721678e-03
2.9955706193540732008973262734727755e-03	1.0761791443170986025272731025252343e+00	1.4960559165978327811012828236733607e-05	3.3496801674396515356502213268413449e-03
2.9666649579692216273637615632287306e-03	1.0896102130245024261062860010245304e+00	1.5106330510524578630565948425662198e-05	3.3659594997261749607337394776450516e-03
2.9375426675054029654048171818011737e-03	1.1031071232469130173852740827973149e+00	1.5256095535375608306335667017267651e-05	3.3826032328873678021051600195721301e-03
2.9082072848302809939949755189523233e-03	1.1166713514268641261386548215955010e+00	1.5409988947601793816074684275363944e-05	3.3996208729917234234541025847165370e-03
2.8786624083207803120063004213211674e-03	1.1303044127693508523873280705243765e+00	1.5568151680017296981922432593186925e-05	3.4170222992261462812067772807896015e-03
2.8489116989272647468772262406814440e-03	1.1440078627698495096424072177674578e+00	1.5730731240674646347078052513444461e-05	3.4348177819027933103369771395556031e-03
2.8189588812718342859505660108200130e-03	1.1577832988164749782133490554364735e+00	1.5897882085902469514738862347341650e-05	3.4530180015370378233700081918421288e-03
2.7888077447820994745155169918837512e-03	1.1716323618707075874689760996569882e+00	1.6069766018730128339418301504365243e-05	3.4716340690716140282063507382917398e-03
2.7584621448618621710015151598109055e-03	1.1855567382314337574072004058269008e+00	1.6246552614708294473632980434515612e-05	3.4906775473280968416393522032079845e-03
2.7279260041002058160135344728334932e-03	1.1995581613873823110861063823380189e+00	1.6428419677316502727221009763363201e-05	3.5101604737735319905309912193204137e-03
2.6972033135205772730284814242261819e-03	1.2136384139634039098757014895576034e+00	1.6615553725349320957622645055460912e-05	3.5300953846973140796714968561597799e-03
2.6662981338715261761413450613601505e-03	1.2277993297664370803236129830087908e+00	1.6808150514894099723070260766167047e-05	3.5504953409013807787733165815548939e-03
2.6352145969608569448311535487346485e-03	1.2420427959374336884749315930926752e+00	1.7006415598757702393846411010183628e-05	3.5713739550155226085125764603356417e-03
2.6039569070350435997101315161438550e-03	1.2563707552159826776345332481512762e+00	1.7210564926469861373955776244356492e-05	3.5927454205591816964220583416682376e-03
2.5725293422058586739577972518717494e-03	1.2707852083248769675600259752365286e+00	1.7420825488289900632478918260965431e-05	3.6146245428816208072270011488035377e-03
2.5409362559262753383395582146759197e-03	1.2852882164824185531238796280862453e+00	1.7637436006974947759905082511077658e-05	3.6370267721238884683246650185619586e-03
2.5091820785178168612926222787391026e-03	1.2998819040508554093392514535465475e+00	1.7860647681435322756562417970049799e-05	3.6599682383587021855176470853405517e-03
2.4772713187516502739274801139308188e-03	1.3145684613299956660493426152637347e+00	1.8090724986810947594563234046010931e-05	3.6834657890783488821121609025555048e-03
2.4452085654858522185503336485570422e-03	1.3293501475057550669569173123691874e+00	1.8327946535956377629063129830727327e-05	3.7075370292161052741276856829279999e-03
2.4129984893614151005684518159541017e-03	1.3442292937641689991461480629764941e+00	1.8572606007827104332952614167791337e-05	3.7322003639036748009948065140097736e-03
2.3806458445597115719010334017188082e-03	1.3592083065822470922763544243840031e+00	1.8825013148822596179080876816252154e-05	3.7574750441859068306866309977138864e-03
2.3481554706242958527742678318624001e-03	1.3742896712079740486629219664762481e+00	1.9085494853769514243064192398876961e-05	3.7833812159348169651959291249947489e-03
2.3155322943500923278819847822527968e-03	1.3894759553427733724047348909975836e+00	1.9354396333930089802713426155521555e-05	3.8099399722279005782417046015891817e-03
2.2827813317432061968112988738258379e-03	1.4047698130408604191097652130749736e+00	1.9632082380205419161365993140828958e-05	3.8371734094811927581468852807264818e-03
2.2499076900547887757143945701834299e-03	1.4201739888411282290762259495741812e+00	1.9918938730582450436968029856528497e-05	3.8651046876557800838969070981982221e-03
2.2169165698926025000829811903530341e-03	1.4356913221485457715059499394300226e+00	2.0215373551859363513410055740649887e-05	3.8937580948878578921590718342962354e-03
2.1838132674141590457602118820957378e-03	1.4513247518835168221411566897492019e+00	2.0521819046791416114686803938954018e-05	3.9231591169273431496162723662598983e-03
2.1506031766055496747680998819536993e-03	1.4670773214192637034545657687798909e+00	2.0838733199044875590267611652945237e-05	3.9533345118089447072086328576062405e-03
2.1172917916503514759082918749209919e-03	1.4829521838290804274054363723781870e+00	2.1166601669749661569415744692346833e-05	3.9843123902229697324251277328859187e-03
2.0838847093932783199708752618138064e-03	1.4989526074672634701996884168835720e+00	2.1505939861024056969613431879248463e-05	4.0161223021015906949352607575748266e-03
2.0503876319035529780879911150079565e-03	1.5150819819096970476118548411603850e+00	2.1857295163633063568738208595111265e-05	4.0487953299904792473388015892757060e-03
2.0168063691433090528928292503122096e-03	1.5313438242824677808986627123333263e+00	2.2221249407965537651581048924320211e-05	4.0823641898363977399661585310973169e-03
1.9831468417466904649493415531497920e-03	1.5477417860095387650608595607761487e+00	2.2598421539808806369361374585294257e-05	4.1168633398894061841998139915646934e-03
1.9494150839157047940491886009145016e-03	1.5642796600134567695384224444168170e+00	2.2989470545003366460858277111926352e-05	4.1523290984948055348669307094899528e-03
1.9156172464393076540202461611123127e-03	1.5809613884063344663302090073279289e+00	2.3395098650021518265584953651022619e-05	4.1887997716359658263421872444317940e-03
1.8817595998426516591756467796973137e-03	1.5977910707119830677696889210868133e+00	2.3816054828887308622159532424549809e-05	4.2263157911861302921162240483821440e-03
1.8478485376739289610084925515045973e-03	1.6147729726641162544033590595191073e+00	2.4253138650705234441332628192239555e-05	4.2649198649367074368650047225748589e-03
1.8138905799367747448303037494761230e-03	1.6319115356300572078035666572349873e+00	2.4707204506467213041915413632956737e-05	4.3046571395932756411878213695089014e-03
1.7798923766767848903795969437114642e-03	1.6492113867144181817743295971840489e+00	2.5179166258850028789148144400028937e-05	4.3455753780706373876617376446533738e-03
1.7458607117313391555374711482091220e-03	1.6666773496028566997093670312474859e+00	2.5670002364503313843896894645006051e-05	4.3877251525772283741999935527215578e-03
1.7118025066526172719301097363444804e-03	1.6843144562123251234792067069926760e+00	2.6180761524984545583050218885247347e-05	4.4311600551598776086684769909566633e-03
1.6777248248144554575168362835438395e-03	1.7021279592213143756572119326588109e+00	2.6712568930168696987684230031733533e-05	4.4759369275856826112207187718695649e-03
1.6436348757145220397616910829563079e-03	1.7201233455615559225133318248974895e+00	2.7266633166819546533904135130424249e-05	4.5221161126725431942104620294109990e-03
1.6095400194842010125016180646962364e-03	1.7383063509616137167966748154191910e+00	2.7844253875263705128920955500600966e-05	4.5697617294483126993418342174384053e-03
1.5754477716195702999359142069489361e-03	1.7566829756429147209390022143651175e+00	2.8446830249003509351038989419401586e-05	4.6189419748260270174088979923526674e-03
1.5413658079479573114222056252765206e-03	1.7752595012802016486125184330469917e+00	2.9075870485935829912868318176727758e-05	4.6697294548356978453149108035718595e-03
1.5073019698457594125304057943884542e-03	1.7940425093513414793191614453569911e+00	2.9733002315964230923356069748248340e-05	4.7222015488593339396094669058586564e-03
1.4732642697245441172369006970761779e-03	1.8130389010161181763298549668611250e+00	3.0419984748627386921210563982602897e-05	4.7764408107842403552636763443684449e-03
1.4392608968039078008624513454370202e-03	1.8322559186803474842844399490577611e+00	3.1138721206430897516685155822448985e-05	4.8325354115310282638177346734248286e-03
1.4053002231911892706415502019085143e-03	1.8517011694206924835872457191595455e+00	3.1891274235484538453004948328023752e-05	4.8905796280400311961423155873326661e-03
1.3713908102899247151384241917352214e-03	1.8713826504673039452955796790453295e+00	3.2679882015567898998959204991048924e-05	4.9506743845284016713244350545086896e-03
1.3375414155609152535395445735728427e-03	1.8913087769663003716344163134686834e+00	3.3506976927794735827937668313303529e-05	5.0129278526786005873681562242920368e-03
1.3037609996619826114938974630299955e-03	1.9114884122726613074167743599988243e+00	3.4375206480745724626351237678837228e-05	5.0774561184096448358383081268034243e-03
1.2700587339949412176573308618230061e-03	1.9319309010569548210900347055525316e+00	3.5287456946671715845704540129172802e-05	5.1443839240423803135709976400704404e-03
1.2364440086910495137900207503004735e-03	1.9526461055471959025723679855847921e+00	3.6246880119836077774619968419579068e-05	5.2138454960320019959496035656410654e-03
1.2029264410692579576763198554054191e-03	1.9736444452709216895312447130856302e+00	3.7256923681368152652892942982885662e-05	5.2859854700449960813583385910911463e-03
1.1695158846049906434604362621842682e-03	1.9949369407133334175522173883826960e+00	3.8321365741750355727918990722959929e-05	5.3609599270524518709948223231727955e-03
1.1362224384510334694955956588569290e-03	2.0165352613663716917876958034013626e+00	3.9444354236511893761284258495805533e-05	5.4389375563571754355806067709370630e-03
1.1030564575564147269964484880195755e-03	2.0384517787124049967380461643926792e+00	4.0630451976923695063248111452474976e-05	5.5201009641419977659818836571890784e-03
1.0700285634340244478013244826645072e-03	2.0606996247666934816372490315343990e+00	4.1884688310599930515140378747157476e-05	5.6046481493123282248049145873140228e-03
1.0371496556332096092597820094104129e-03	2.0832927568972200154145266131985906e+00	4.3212618533375012897114299462423928e-05	5.6927941722206487475167456056543274e-03
1.0044309239798007293401039726840674e-03	2.1062460297516437341263050905721066e+00	4.4620392421843168927988133543008852e-05	5.7847730464455939058778011420872845e-03
9.7188386165308644838478480131010486e-04	2.1295752752524464097861958154439281e+00	4.6114833535980554181171992746462544e-05	5.8808398893306130157386114978365574e-03
9.3952027917729255863161423976696233e-04	2.1532973917770229555379756327268303e+00	4.7703531286726506114088046524860356e-05	5.9812733736899630103612620415544242e-03
9.0735231941430251108200220164061575e-04	2.1774304438247323612345431713678453e+00	4.9394948191564065410955859991919324e-05	6.0863785312451471705603527429408088e-03
8.7539247365487093238724237742060331e-04	2.2019937736942665385882757500064408e+00	5.1198545274413451435639232516756194e-05	6.1964899683219160322465770710958451e-03
8.4365359891766166751802409423393166e-04	2.2270081269602295252818802476285926e+00	5.3124929233748150336965382686038159e-05	6.3119755665758235312750196887254140e-03
8.1214893657936594752448342227606340e-04	2.2524957938577509580655940982622308e+00	5.5186025843090040123857951599215118e-05	6.4332407566138944997576903088813898e-03
7.8089213247526120473530145993847822e-04	2.2784807690711790605181440131560205e+00	5.7395285111554655133725690014112617e-05	6.5607334711058600760009860701141933e-03
7.4989725862826567634941626978384931e-04	2.3049889328937965100826302564427983e+00	5.9767925086203718122369557271769609e-05	6.6949499073265488687662456124878128e-03
7.1917883678632707129028015085865544e-04	2.3320482573010296719470877905544327e+00	6.2321222912753609628323451705064342e-05	6.8364412583470578135706572083797118e-03
6.8875186397346689917702122488052467e-04	2.3596890411867365914152032890750841e+00	6.5074864008308417075080096146690241e-05	6.9858216090200295894118315053168890e-03
6.5863184028973965396791689229727047e-04	2.3879441798857800534311782425421616e+00	6.8051363104655135373648897751190525e-05	7.1437772397761879546433634849988654e-03
6.2883479923069279519827618676717446e-04	2.4168494751917641836172437473149648e+00	7.1276574720158511122545443985837974e-05	7.3110776411376341018551967877988405e-03
5.9937734083879533281526688200665858e-04	2.4464439934363834640628116089644175e+00	7.4780315626368021489620867050122975e-05	7.4885886189097264850795540295668284e-03
5.7027666804920310016399188956280768e-04	2.4767704809055581756861144226146197e+00	7.8597128530598654866910496393320460e-05	7.6772879698956936797991811138820715e-03
5.4155062665199623433101334396713458e-04	2.5078758480332434206166865330162837e+00	8.2767225116545187384994113769459032e-05	7.8782843384686783343402859207700885e-03
5.1321774936501122208939883806998900e-04	2.5398117365790686396409593481312779e+00	8.7337658653273076128803872852415814e-05	8.0928400362428906276866501048938515e-03
4.8529730459861153391856946975144246e-04	2.5726351875546477199949966658182170e+00	9.2363792869996833200928206897524364e-05	8.3223988355754465513977927309371878e-03
4.5780935060009391725402741842974857e-04	2.6064094322817270816313362718290408e+00	9.7911156554682850261182447360567279e-05	8.5686200542206905783078991805855696e-03
4.3077479579599012079917236062229920e-04	2.6412048350128381277550096400984833e+00	1.0405780510945996479551858989159452e-04	8.8334206640375549886472480521691316e-03
4.0421546631197511347518936497441328e-04	2.6771000235405551627343193153355773e+00	1.1089735519071579066408956465495774e-04	9.1190277261182487695601269221805621e-03
3.7815418185130311090349295072919327e-04	2.7141832549020298607392576206296313e+00	1.1854292281754811709467982575025685e-04	9.4280442442182174062266089698951988e-03
3.5261484136556706913073037549286553e-04	2.7525540777126088550213647685942438e+00	1.2713228858653417912052388580672674e-04	9.7635326368168988771074504535223171e-03
3.2762252027227570481239204981158286e-04	2.7923253723860554700617228687827792e+00	1.3683475102193967428671531586300855e-04	1.0129121605692120379868007460626506e-02
3.0320358138446980205828345861900282e-04	2.8336258778175548135104579646884551e+00	1.4786033483951336010253894106947171e-04	1.0529144457460265873854450807561685e-02
2.7938580224927580942186948507405070e-04	2.8766033514843289106249797890085538e+00	1.6047233454570833790017697807809262e-04	1.0968820278923634104436128011992444e-02
2.5619852228859797901524763442051508e-04	2.9214285646765654294717045183591970e+00	1.7500466129496449557501171369188769e-04	1.1454494362735895959574258771249438e-02
2.3367281405876358000669525247246602e-04	2.9683004140371680511166720053498510e+00	1.9188623500049573807010685900290147e-04	1.1993961887261163348129384974637950e-02
2.1184168418838419995617765254046496e-04	3.0174525480897584970853084647670795e+00	2.1167592208104546977401844004876775e-04	1.2596910687516335001955145204729111e-02
1.9074031125118885645591849802691246e-04	3.0691620848135740215926670358743450e+00	2.3511361908834754358124265522451069e-04	1.3275537798191008975646573895838918e-02
1.7040633019015401678951248182179103e-04	3.1237612703482287992806786101299573e+00	2.6319669014331732398966997649238798e-04	1.4045425256633465683806774517204416e-02
1.5088017625307188207051152168463444e-04	3.1816533633355668863223413406776924e+00	2.9729737073477729434965673550351266e-04	1.4926812522382631285528458600845575e-02
1.3220550624250109099913793471722082e-04	3.2433347385443032399953854336890915e+00	3.3934855018920492424511823530872368e-04	1.5946493155625080622093116492060535e-02
1.1442972207212036899497384851835976e-04	3.3094264001709898322087262169992636e+00	3.9214802640723432418578977093806140e-04	1.7140726635820512556519189221906429e-02
9.7604632599680637309041908035618590e-05	3.3807201936561757195025931298692403e+00	4.5987711236503394168840910026588196e-04	1.8559864540477021477344284545019052e-02
8.1787307028759890791792119679703992e-05	3.4582488519286927108945436200355668e+00	5.4902734885279040823266176481575163e-04	2.0276003203043990748089292447747701e-02
6.7041201570827756065777180575736599e-05	3.5433964450729658850126187138598082e+00	6.7015302803247710628509715453547638e-04	2.2396269045573097734506638342581234e-02
5.3437689786826835994748814835964602e-05	3.6380810975835491300729559870937994e+00	8.4142362084624834411577414997204227e-04	2.5087281039365790111963444115915276e-02
4.1058215352670453720283644564823347e-05	3.7450758330190251627555059014445260e+00	1.0964810251191876124497448958708131e-03	2.8623630622198982131579970052727412e-02
2.9997457263436273149870449625224836e-05	3.8686166609240695642143197379928119e+00	1.5039064870070012488643855068924953e-03	3.3493511999105015193417024883112261e-02
2.0368258803767473568409551243983200e-05	4.0156784144019610515821824693736051e+00	2.2235367593291467827459016595406701e-03	4.0660202467962629745120483225560126e-02
1.2309918297468027724171070343314315e-05	4.1990642748750591547659311917066287e+00	3.7111791232266674231874679726962674e-03	5.2339598872722960966922837857202187e-02
6.0036456284109197713309415383223218e-06	4.4467424672262840074218227122271200e+00	7.8154191738183176144951223532401936e-03	7.5104626406494373752169536341385268e-02
1.6958138407877913267563538171324331e-06	4.8443682964364073560452859800844200e+00	3.6877019565120445429117464541123780e-02	1.4360199145271430377704948924658030e-01
0.0000000000000000000000000000000000e+00	0.0000000000000000000000000000000000e+00	1.7612828800499811900368223804954238e-05	3.3823104826624076857493954350075064e-03