8.7803846366123207103888408247167097e-04	-3.4029307960271698996424189587610156e+00	6.6662264969227560911029438611432150e-02	1.9515652750892156837898571276582169e-01
2.8484275490664789911344451577687187e-03	-2.8543814478474072549956241384318418e+00	1.5612264317507736614826619307694031e-02	1.0645672616115093330562195037138984e-01
5.4062849945320658388710110380195117e-03	-2.4974145820461807384457046119675786e+00	8.0246941678496687578296287540922432e-03	7.7087371056315203589950965324063542e-02
8.3368413825393512529981774993310451e-03	-2.2229684748977866381288290138406023e+00	5.1631971643945891480326573703522629e-03	6.2025490234797243545706539521050212e-02
1.1491063029863616193929310071195135e-02	-1.9951565810266973160436498437276939e+00	3.7330245823957305515874953160909489e-03	5.2810633006814341019798724625164989e-02
1.4758747463735855106340174929459291e-02	-1.7974294272904960124827327087306614e+00	2.9012562618975860745437258079360592e-03	4.6588976279238384819887191254968696e-02
1.8054077460329546609179629753938053e-02	-1.6207016971238788004467024423101015e+00	2.3691951368191888791546488790387434e-03	4.2117537866136676289944183954867975e-02
2.1308016023298567746980880352040354e-02	-1.4594081943551514055492360927613812e+00	2.0060564723042455808822739664718418e-03	3.8765147213563251993356016217660195e-02
2.4463836661429547939267437454222081e-02	-1.3098690682962617213925378906590054e+00	1.7464985722746596166364391047014510e-03	3.6176335369043741368140350004733047e-02
2.7474283258768403424892008233815678e-02	-1.1695077493931775922022224439513974e+00	1.5546479718139170389827202109208667e-03	3.4135393058023638440454988434003813e-02
3.0299660773851315156078753091317496e-02	-1.0364366754028520552979481658662548e+00	1.4093678531724877440286616938936715e-03	3.2503889785247368265787286250603805e-02
3.2906497008776681104020680205689562e-02	-9.0922028995338010765836435500180923e-01	1.2975074148511321255504017895618968e-03	3.1189106103100784840943245157746350e-02
3.5266575032527876937752688724341674e-02	-7.8673095116330533856443436701664657e-01	1.2105301377362816126475945344042546e-03	3.0126877139392372880964628067543113e-02
3.7356217581405952933740017683644536e-02	-6.6805682282379644911338729227256456e-01	1.1427111707316630724084149521532854e-03	2.9271715035525296195730549943905371e-02
3.9155749710802947610659017870697087e-02	-5.5244039754988615036515864962841710e-01	1.0901195712535401959108005449983091e-03	2.8590854881552212654145792326335049e-02
4.0649092148807464440139838767826915e-02	-4.3923582741285537704748230987600528e-01	1.0500180927464405118992040672842640e-03	2.8060534399170625944361983013777415e-02
4.1823453808896397078489760955009440e-02	-3.2787816875455077781197514796863216e-01	1.0204972700600677519336394161042411e-03	2.7663608093409212943975629566801592e-02
4.2669102147283334727360835896166120e-02	-2.1786033138120832269712363948406353e-01	1.0002475758132165945077570435435985e-03	2.7387995674787880579059750369093916e-02
4.3179196870739116573981155915816062e-02	-1.0871504044093445112122289067261895e-01	9.8841709679439910119881510451078831e-04	2.7225677388886729318341469730260123e-02
4.3349677259368496526290584634459140e-02	0.0000000000000000000000000000000000e+00	9.8452536773478665297480549750494616e-04	2.7172068588761368964899619824539625e-02
4.3179196870739116573981155915816062e-02	1.0871504044093445112122289067261895e-01	9.8841709679439910119881510451078831e-04	2.7225677388886729318341469730260123e-02
4.2669102147283334727360835896166120e-02	2.1786033138120832269712363948406353e-01	1.0002475758132165945077570435435985e-03	2.7387995674787880579059750369093916e-02
4.1823453808896397078489760955009440e-02	3.2787816875455077781197514796863216e-01	1.0204972700600677519336394161042411e-03	2.7663608093409212943975629566801592e-02
4.0649092148807464440139838767826915e-02	4.3923582741285537704748230987600528e-01	1.0500180927464405118992040672842640e-03	2.8060534399170625944361983013777415e-02
3.9155749710802947610659017870697087e-02	5.5244039754988615036515864962841710e-01	1.0901195712535401959108005449983091e-03	2.8590854881552212654145792326335049e-02
3.7356217581405952933740017683644536e-02	6.6805682282379644911338729227256456e-01	1.1427111707316630724084149521532854e-03	2.9271715035525296195730549943905371e-02
3.5266575032527876937752688724341674e-02	7.8673095116330533856443436701664657e-01	1.2105301377362816126475945344042546e-03	3.0126877139392372880964628067543113e-02
3.2906497008776681104020680205689562e-02	9.0922028995338010765836435500180923e-01	1.2975074148511321255504017895618968e-03	3.1189106103100784840943245157746350e-02
3.0299660773851315156078753091317496e-02	1.0364366754028520552979481658662548e+00	1.4093678531724877440286616938936715e-03	3.2503889785247368265787286250603805e-02
2.7474283258768403424892008233815678e-02	1.1695077493931775922022224439513974e+00	1.5546479718139170389827202109208667e-03	3.4135393058023638440454988434003813e-02
2.4463836661429547939267437454222081e-02	1.3098690682962617213925378906590054e+00	1.7464985722746596166364391047014510e-03	3.6176335369043741368140350004733047e-02
2.1308016023298567746980880352040354e-02	1.4594081943551514055492360927613812e+00	2.0060564723042455808822739664718418e-03	3.8765147213563251993356016217660195e-02
1.8054077460329546609179629753938053e-02	1.6207016971238788004467024423101015e+00	2.3691951368191888791546488790387434e-03	4.2117537866136676289944183954867975e-02
1.4758747463735855106340174929459291e-02	1.7974294272904960124827327087306614e+00	2.9012562618975860745437258079360592e-03	4.6588976279238384819887191254968696e-02
1.1491063029863616193929310071195135e-02	1.9951565810266973160436498437276939e+00	3.7330245823957305515874953160909489e-03	5.2810633006814341019798724625164989e-02
8.3368413825393512529981774993310451e-03	2.2229684748977866381288290138406023e+00	5.1631971643945891480326573703522629e-03	6.2025490234797243545706539521050212e-02
5.4062849945320658388710110380195117e-03	2.4974145820461807384457046119675786e+00	8.0246941678496687578296287540922432e-03	7.7087371056315203589950965324063542e-02
2.8484275490664789911344451577687187e-03	2.8543814478474072549956241384318418e+00	1.5612264317507736614826619307694031e-02	1.0645672616115093330562195037138984e-01
8.7803846366123207103888408247167097e-04	3.4029307960271698996424189587610156e+00	6.6662264969227560911029438611432150e-02	1.9515652750892156837898571276582169e-01
0.0000000000000000000000000000000000e+00	0.0000000000000000000000000000000000e+00	1.7032558582504854320754547637186054e-03	3.3259106834706897258570737949573161e-02