1.5168217969035416986716429536515214e-06	-4.8664978311103662601157909060944032e+00	3.6583802361942333350890315946468812e-02	1.4301356014489769749273456004695411e-01
5.3744719054217777762307053855163194e-06	-4.4705596303454685772007808020783697e+00	7.7456819311721742098513441008633776e-03	7.4766675686911730139578909165991959e-02
1.1027486964570449894087526382023043e-05	-4.2240332830292644844988782510982098e+00	3.6754415686031824954705831456026089e-03	5.2086196529324976805990649257960955e-02
1.8257176055165659936120991371320653e-05	-4.0415602234627814221401006056773268e+00	2.2007962604996344580709001772720196e-03	4.0451356403880274077276125920253439e-02
2.6902592750764659504405488735178255e-05	-3.8952720278184964868490645461829113e+00	1.4877309308559586109546096305797525e-03	3.3312672193538448630064394906261961e-02
3.6839989128273249289289924713040600e-05	-3.7724123360950825213012351154910494e+00	1.0841609732843991275852633541083404e-03	2.8462219920340115418905125829419674e-02
4.7969101090647366501900852123120748e-05	-3.6660323716185947100487117790636429e+00	8.3159543876884630040481242854058820e-04	2.4940232180514546382466595822689031e-02
6.0205790127170250132288669711415372e-05	-3.5719122513708313896182326723735903e+00	6.6204617963730405245502261083297727e-04	2.2260317286570292937588822470011777e-02
7.3477668260280372858468973942264291e-05	-3.4872896894903300139221437028447806e+00	5.4216927639366157067872054287713987e-04	2.0148910855094836044920409195507911e-02
8.7721288347062332137111030836623420e-05	-3.4102541043450870732512831943959372e+00	4.5395971520788594561437786529576342e-04	1.8440024873974981496594107091457388e-02
1.0288023300080941943784695896455073e-04	-3.3394269461726049039303681250049112e+00	3.8696064700068759146006610726998601e-04	1.7026943371982481399334498119975488e-02
1.1890375599601846286098905958498725e-04	-3.2737796553121632575669132092430512e+00	3.3474157181600265211967181639581525e-04	1.5837849323905023586332967189201807e-02
1.3574578200907727160299403819831803e-04	-3.2125236253643813778983158445502434e+00	2.9316116903918131637617215422760452e-04	1.4822588268377951275058759797100240e-02
1.5336414893452999133988205749030536e-04	-3.1550404214701819866763352127414096e+00	2.5944882972790826308257850658084241e-04	1.3945044083436456649822478176888017e-02
1.7172002026452006856477835089745554e-04	-3.1008357447121066060888883758946115e+00	2.3169073137397940352330190899183340e-04	1.3178530136434734180107947342206244e-02
1.9077742022560720582798305431005311e-04	-3.0495080400895518805417405270719397e+00	2.0852836717699279476999124579435204e-04	1.2502888458439043776984470428556660e-02
2.1050285974235946730961895210467637e-04	-3.0007264787011960302058555941878980e+00	1.8897448553516971381753351524772759e-04	1.1902600280758692936302831292314307e-02
2.3086503104178298811136273730955650e-04	-2.9542151355785772899286292957925818e+00	1.7229678778248378720866685398603874e-04	1.1365518491180309579358256068086570e-02
2.5183455509414130733737341472961358e-04	-2.9097413769772607948187217608917914e+00	1.5794221629692394075994453110644919e-04	1.0881995210654369081733885540344402e-02
2.7338377038461211853354015901749845e-04	-2.8671071774539843764643991391160923e+00	1.4548636115975578926360033909442928e-04	1.0444267645669560901569269846666254e-02
2.9548655447856313216940982958362107e-04	-2.8261425198688901416521867426929691e+00	1.3459886130342046237654803753412984e-04	1.0046017048853231079445881553665613e-02
3.1811817193788394167253237602003301e-04	-2.7867003044519830814880429629560764e+00	1.2501925141862151866033693699835516e-04	9.6820463129403155122095134469058186e-03
3.4125514365275271233635290043693897e-04	-2.7486523697850508821754588105383872e+00	1.1653978674515181765253319136186732e-04	9.3480404970768993325956277281583415e-03
3.6487513375621585536247714006241844e-04	-2.7118863456066538608623531353092923e+00	1.0899302476310190812291840178904245e-04	9.0403863730769887190259636239038164e-03
3.8895685110892294119561407652876509e-04	-2.6763031365112243580713307130796746e+00	1.0224270974099094673445507547382466e-04	8.7560346579510383322266097554311312e-03
4.1347996295953274877209267344820225e-04	-2.6418148901616759210333494790052601e+00	9.6176989067956803593683424878867200e-05	8.4923935757771893897390382511404788e-03
4.3842501885833282461244122511317483e-04	-2.6083433418659350994669422061914775e+00	9.0703301002445959823698155351326580e-05	8.2472457236499846737048242944037687e-03
4.6377338326626795570174487994127887e-04	-2.5758184545808298637656060456007803e+00	8.5744477276079446571296962347776040e-05	8.0186824862996450602311627532502334e-03
4.8950717558630023449790340835115203e-04	-2.5441772930538291568448892315357316e+00	8.1235740075298390933814733510384137e-05	7.8050518154695177959063593127868194e-03
5.1560921656853729982127718951869754e-04	-2.5133630851839191601232106306866153e+00	7.7122365283830434715335324167508805e-05	7.6049162943125872885811980565771163e-03
5.4206298021921184559184009449103763e-04	-2.4833244343215606915401864153341035e+00	7.3357847504482170314754716359936647e-05	7.4170191935203335032845079274543066e-03
5.6885255048694351298633970511870586e-04	-2.4540146541915870281633090345792836e+00	6.9902446837215159525997862148165513e-05	7.2402567931488804693372992714526103e-03
5.9596258211563868534986688574850848e-04	-2.4253912041464523888158525879988661e+00	6.6722028854415154994878539015760369e-05	7.0736556580621255332319631853811559e-03
6.2337826514781394084106983008822452e-04	-2.3974152070571998386843030971609099e+00	6.3787131750651447198413495951835729e-05	6.9163538602987583299121285272920360e-03
6.5108529263957344249621321267861458e-04	-2.3700510356939859010744601056547376e+00	6.1072210967814721658378105900250786e-05	6.7675853692598311833914570448251129e-03
6.7906983121238874329802022925077238e-04	-2.3432659562021774389908164359672035e+00	5.8555023544392780587856269866396428e-05	6.6266670018406375905165972398028866e-03
7.0731849411989849068403202617735656e-04	-2.3170298194370275583385037417442501e+00	5.6216123268889000531564422467041947e-05	6.4929874546031423906982344309355609e-03
7.3581831655225371510630206243611618e-04	-2.2913147926217536135996674987327398e+00	5.4038444305330194778761975002262213e-05	6.3659980395695047412141657056695790e-03
7.6455673293772315618218449288079272e-04	-2.2660951251459005481105300200760448e+00	5.2006955916016310920198997385302092e-05	6.2452048219653597901769095329430286e-03
7.9352155603264160165484879540858985e-04	-2.2413469434021216655411783036339967e+00	5.0108374667351142414007349494011047e-05	6.1301619178894868936298273188646999e-03
8.2270095761736768594341109940134795e-04	-2.2170480704295573408944701071994828e+00	4.8330923379622542410905535606066475e-05	6.0204657565695130078420806186568687e-03
8.5208345063854606653625584747133198e-04	-2.1931778668362050229508124723831625e+00	4.6664128295614942927575348534953763e-05	5.9157501486417422148350704105335342e-03
8.8165787265731189252538073781359341e-04	-2.1697170900458306398246645074889807e+00	4.5098647659715389643771730877320563e-05	5.8156820310505058953928142671625084e-03
9.1141337047967609293358873944349781e-04	-2.1466477693839234891356282475562291e+00	4.3626126239126690805054593692370143e-05	5.7199577824155545322808167041384877e-03
9.4133938585963113844166531431161079e-04	-2.1239530949028122826951210943877629e+00	4.2239071371158333351850543837235774e-05	5.6283000213654683720462401906982380e-03
9.7142564217788158969338978885872634e-04	-2.1016173181646603674973646545920142e+00	4.0930746951953022350486336294866849e-05	5.5404548153727902935370537913858286e-03
1.0016621320098309298877570043969821e-03	-2.0796256634654847366023250883241498e+00	3.9695082442528838461674272388664852e-05	5.4561892398141867159063683906324879e-03
1.0320391055057932786887539003889462e-03	-2.0579642482037577764385615638349867e+00	3.8526594495612672331994623734516976e-05	5.3752892369048726144521597399407166e-03
1.0625470595145511917422697124909996e-03	-2.0366200112816374664900215029382611e+00	3.7420319230323720185633932989617048e-05	5.2975577322781959914709674365959116e-03
1.0931767273885204397168751099134388e-03	-2.0155806485818967873997183353000997e+00	3.6371753523509586690588542771493361e-05	5.2228129736562444034633037801985449e-03
1.1239190694150531910861706818592908e-03	-1.9948345546943832527262506965056207e+00	3.5376803963546917931312868112868297e-05	5.1508870615666869527770832519137319e-03
1.1547652638239333072322896754690272e-03	-1.9743707701765315381973741846665210e+00	3.4431742337963708716296686497806575e-05	5.0816246466268988048091333669825127e-03
1.1857066983259935687991192370279243e-03	-1.9541789337264807333066823379960134e+00	3.3533166710672681897097580712856882e-05	5.0148817717151108528616192342158754e-03
1.2167349621421010579822007935382926e-03	-1.9342492387274867716523958686473785e+00	3.2677967296040739098567996959577241e-05	4.9505248405206292037205342207355848e-03
1.2478418384855871215417383407383353e-03	-1.9145723936908397494173441414658793e+00	3.1863296461854192002408484497561762e-05	4.8884296966239054112585004674031464e-03
1.2790192974646050100647877026797601e-03	-1.8951395861832595635461229417877811e+00	3.1086542296537405706052824642107267e-05	4.8284807994932576275469985067861530e-03
1.3102594893739350439338528381665964e-03	-1.8759424498752890936176327610642226e+00	3.0345305261771798786048803253473915e-05	4.7705704856718076608997455869688058e-03
1.3415547383484699940061056097916986e-03	-1.8569730343908046040527046776574015e+00	2.9637377523161196561843249632058556e-05	4.7145983050253559764127906921757211e-03
1.3728975363530418636993482070033454e-03	-1.8382237776754752379209329093409545e+00	2.8960724611380602628903097639757414e-05	4.6604704232780855627298594365702349e-03
1.4042805374854295680607852389754337e-03	-1.8196874806347084965107797961273915e+00	2.8313469116408953916112923178407881e-05	4.6080990832179476561485545087528594e-03
1.4356965525713446675595689054241516e-03	-1.8013572838200532741466540611113046e+00	2.7693876159665065433559524438045350e-05	4.5574021179400061046384858161752745e-03
1.4671385440319549540237354281031923e-03	-1.7832266459678144949656824147992535e+00	2.7100340424505966986623683170532000e-05	4.5083025103408245980330293782944070e-03
1.4985996210060955837808486458227483e-03	-1.7652893242152838637541942761716751e+00	2.6531374555721508850854683307718653e-05	4.4607279938024336100651200171343966e-03
1.5300730347107540281583953683231565e-03	-1.7475393558389487463535810534989654e+00	2.5985598764278927687769503989427781e-05	4.4146106896289799168703457258706986e-03
1.5615521740247153292222560465086220e-03	-1.7299710413756773699806345894998383e+00	2.5461731495383131296307487950844054e-05	4.3698867773382107912133170697065017e-03
1.5930305612814328632320703463081656e-03	-1.7125789290025088224434563006491131e+00	2.4958581036537883498559571939133483e-05	4.3264961943763078073639404736556025e-03
1.6245018482582600599654387911615441e-03	-1.6953578000635691982594476909310027e+00	2.4475037958227887053803169676804974e-05	4.2843823622290038636399880654601641e-03
1.6559598123501517639550797628639349e-03	-1.6783026556440197694344236048949191e+00	2.4010068293512883095546021592879316e-05	4.2434919362534112388516107529233466e-03
1.6873983529168302522181109522420495e-03	-1.6614087041010152134472264025679271e+00	2.3562707374582080423084659332146847e-05	4.2037745768611526306031067435168251e-03
1.7188114877932192574804358948774965e-03	-1.6446713494705777550417225501034240e+00	2.3132054254451995559087762403781405e-05	4.1651827399506326617843010044762767e-03
1.7501933499536875719264795085164926e-03	-1.6280861806772210143477635067924583e+00	2.2717266650746743710994262346293725e-05	4.1276714847200412149960603540833636e-03
1.7815381843213189121173735896533324e-03	-1.6116489614802098418777693445822087e+00	2.2317556356081131201920282673604674e-05	4.0911982971975473255121404526759295e-03
1.8128403447140429144881083943586991e-03	-1.5953556210966269071956864035905999e+00	2.1932185066145106188006859078210806e-05	4.0557229280050406365872473461666474e-03
1.8440942909200289195620662158076210e-03	-1.5792022454470262654745970059486124e+00	2.1560460582307737027817223984984035e-05	4.0212072430300468803461694942929922e-03
1.8752945858952645060838596249830999e-03	-1.5631850689744691726138233342213165e+00	2.1201733350541947022167638871434964e-05	3.9876150858199392544469658535808543e-03
1.9064358930767189385941278062576939e-03	-1.5473004669922281019770911096542421e+00	2.0855393302821054633510929321268582e-05	3.9549121506357342022616250648952335e-03
1.9375129738049317123224359662892582e-03	-1.5315449485194722165572540808189834e+00	2.0520866970942417124545377728776740e-05	3.9230658652116970766210228726520717e-03
1.9685206848502717252682792162174822e-03	-1.5159151495678646624852991231816890e+00	2.0197614846066713445650695864119013e-05	3.8920452823634962262197559934331649e-03
1.9994539760374864233128605660340191e-03	-1.5004078268452554586225309774451855e+00	1.9885128960187183755174490042989465e-05	3.8618209796732897869947209546211352e-03
2.0303078879635053729876533954046403e-03	-1.4850198518455841599327200219975862e+00	1.9582930668315758763045546605298357e-05	3.8323649665562523994708075840251601e-03
2.0610775498037816559474526397692489e-03	-1.4697482052967495627013386744711224e+00	1.9290568612438936886118199052938466e-05	3.8036505980808127955441527931583815e-03
2.0917581772027495340347727380920198e-03	-1.4545899719405908558708305809710179e+00	1.9007616850295366765922461217719421e-05	3.7756524949752866291534186021180082e-03
2.1223450702442500638343360432010331e-03	-1.4395423356212834010907842107265872e+00	1.8733673133793632051163820757519511e-05	3.7483464693075285028698727711035146e-03
2.1528336114980296041516261122009189e-03	-1.4246025746604070698104382245562848e+00	1.8468357323452222999150482710540097e-05	3.7217094553724555885878870524759203e-03
2.1832192641386511395172800074814114e-03	-1.4097680574987172550377255858493462e+00	1.8211309926629575934794195853778737e-05	3.6957194453654774822530721141945313e-03
2.2134975701333765585803278383157328e-03	-1.3950362385862572985161940400846211e+00	1.7962190748542375451479942909574014e-05	3.6703554294585836345914005948877697e-03
2.2436641484957808562746827721564440e-03	-1.3804046545039129486061552697666817e+00	1.7720677646164104353061260176817577e-05	3.6455973399305987900804737353874209e-03
2.2737146936020479231981911976698926e-03	-1.3658709203008395056134098778928496e+00	1.7486465376069626395125898298067143e-05	3.6214259990343633721111625677540686e-03
2.3036449735670732803053905355545999e-03	-1.3514327260334037673690620462711135e+00	1.7259264528159764567763069077452396e-05	3.5978230703117202098546329757075752e-03
2.3334508286776628443562036294567473e-03	-1.3370878334923875414616198182229103e+00	1.7038800537974899366345058528490314e-05	3.5747710130925346619518759657371031e-03
2.3631281698802695095426474222756424e-03	-1.3228340731062078362269914585427680e+00	1.6824812770999461290800981478881703e-05	3.5522530399368442008143457430236279e-03
2.3926729773208518599184543699016585e-03	-1.3086693410088302400600490609708867e+00	1.6617053672979351946830000181943334e-05	3.5302530767998922390378313587877325e-03
2.4220812989345724671164756694534377e-03	-1.2945915962618948062511282034338461e+00	1.6415287980830127136501253199865076e-05	3.5087557257184845577566457752662231e-03
2.4513492490831776919737674010057543e-03	-1.2805988582213454522688700849477510e+00	1.6219291989212508828562960470878775e-05	3.4877462298340230291645093268847847e-03
2.4804730072380173494433565730068444e-03	-1.2666892040395611495674778641502268e+00	1.6028852868299861217213375143966363e-05	3.4672104405829044611454537510165298e-03
2.5094488167067716104876429922920110e-03	-1.2528607662946360207025365550875322e+00	1.5843768028665292321704816813290611e-05	3.4471347868988854911700831711126056e-03
2.5382729834020546492760631984331988e-03	-1.2391117307390512579341279840596280e+00	1.5663844529578974076778279863413642e-05	3.4275062462846523525939018332024306e-03
2.5669418746501603002199257471982058e-03	-1.2254403341605293684717890302851745e+00	1.5488898527333469459679321650949923e-05	3.4083123176213257605333031297376556e-03
2.5954519180383048271684782668094295e-03	-1.2118448623483649871431698551504245e+00	1.5318754760510160502980287352530020e-05	3.3895409955950906809179256819391486e-03
2.6237996002988062489705257702802070e-03	-1.1983236481589902959935302117690040e+00	1.5153246069366683399108801774738319e-05	3.3711807466296704379200395332591637e-03
2.6519814662287188999949727880780911e-03	-1.1848750696749604848700543689878331e+00	1.4992212946766601576651357912456419e-05	3.3532204862220555531901350279760726e-03
2.6799941176435163884947527117176038e-03	-1.1714975484519388658175000383910507e+00	1.4835503118291046461855205644145314e-05	3.3356495575868312395574008044734132e-03
2.7078342123634861790181622227326318e-03	-1.1581895478486250977924096328866042e+00	1.4682971149370089255679328219054033e-05	3.3184577115216963328365366676716412e-03
2.7354984632315649707689214961086729e-03	-1.1449495714349060921439348573692473e+00	1.4534478077451271526100704600018870e-05	3.3016350874133957593709131185843768e-03
2.7629836371614061517119622022574877e-03	-1.1317761614738199122352477168426740e+00	1.4389891067385881142783148203628133e-05	3.2851721953093567689271130629755025e-03
2.7902865542145291366407266087588406e-03	-1.1186678974732104900555397251214701e+00	1.4249083088361871591547637289731691e-05	3.2690598989858784794701456585507941e-03
2.8174040867054555850320075975107900e-03	-1.1056233948032171977260647351321770e+00	1.4111932610847264879328753882819902e-05	3.2532893999488218178809226543378864e-03
2.8443331583337895619944418257052080e-03	-1.0926413033759899930431193658523545e+00	1.3978323322130769482160918249707405e-05	3.2378522223074249904578492051524650e-03
2.8710707433422478571659973190596160e-03	-1.0797203063842496057292273004906724e+00	1.3848143859158362548305999994901901e-05	3.2227401984661662443533035261555208e-03
2.8976138656996931011257267247906596e-03	-1.0668591190955245004456080608683903e+00	1.3721287557466782556723818270619546e-05	3.2079454555835451818773050128099538e-03
2.9239595983082661919852187729953925e-03	-1.0540564876990934691286562951365448e+00	1.3597652215108197042882042970305066e-05	3.1934604027502871943770478772629785e-03
2.9501050622337560288157726336170012e-03	-1.0413111882028458765631912147258252e+00	1.3477139870545594007160231656269426e-05	3.1792777188428206136792419987701162e-03
2.9760474259583837942500427135297300e-03	-1.0286220253774419108288885883279933e+00	1.3359656593576452334934192405099607e-05	3.1653903410109581679721197750178311e-03
3.0017839046552161760139097891459550e-03	-1.0159878317453136798971243700035449e+00	1.3245112288413655715746804860641507e-05	3.1517914537615560960199130916319817e-03
3.0273117594834570964342412802429280e-03	-1.0034074666121955658984256615446965e+00	1.3133420508118037016301662023439206e-05	3.1384744786025464779776346367372110e-03
3.0526282969039008511471213476541194e-03	-9.9087981513900973944307147672005233e-01	1.3024498279636925346668173043974297e-05	3.1254330642141597023584512991752436e-03
3.0777308680138611559059076037414333e-03	-9.7840378745206091656315329053551277e-01	1.2918265938758110949349221164851608e-05	3.1126610771163914839425445428588938e-03
3.1026168679009205684085357009956825e-03	-9.6597831778961401435455141497277111e-01	1.2814646974339189473137800949537419e-05	3.1001525928038378867681925606448462e-03
3.1272837350148731881170806178832354e-03	-9.5360236368303997347634377136111475e-01	1.2713567881218699447195555483694988e-05	3.0879018873209363896933507006839448e-03
3.1517289505572605322025051951507835e-03	-9.4127490517081925815606003677452496e-01	1.2614958021258188071085530573418483e-05	3.0759034292524238887270788694275591e-03
3.1759500378879261249711473864687255e-03	-9.2899494404378996051952276223611674e-01	1.2518749492003659039460788655684800e-05	3.0641518721054652441353565294206923e-03
3.1999445619480387007171107211413367e-03	-9.1676150312011852495991226562254608e-01	1.2424877002491068938782304956401788e-05	3.0526420470614291009958397456387255e-03
3.2237101286990570799600952172175887e-03	-9.0457362554855632863799153653228155e-01	1.2333277755753914582187119956808496e-05	3.0413689560767008551921130454761458e-03
3.2472443845771318056847053256968215e-03	-8.9243037413862512808227228188017657e-01	1.2243891337621736032292581147608384e-05	3.0303277653132345741668468232105163e-03
3.2705450159624595842126400466509671e-03	-8.8033083071644909772798078922779870e-01	1.2156659611426769851318265932522850e-05	3.0195137988807644203832951982495540e-03
3.2936097486631265252617314499331243e-03	-8.6827409550502120197497592725610255e-01	1.2071526618262224749359724803652861e-05	3.0089225328737289807006232487810160e-03
3.3164363474129951742545997481598559e-03	-8.5625928652775728785485500126290762e-01	1.1988438482459899329536826669379570e-05	2.9985495896870155649060117924917372e-03
3.3390226153832084301208646987452265e-03	-8.4428553903425286498301131323749996e-01	1.1907343321977284543093074250969491e-05	2.9883907325956121207187717132960351e-03
3.3613663937069006934382286409654183e-03	-8.3235200494721533401646768073798597e-01	1.1828191163405042318319066021564686e-05	2.9784418605841675234843557305883383e-03
3.3834655610167230394236243020106075e-03	-8.2045785232959869377365106439695400e-01	1.1750933861324963678224519066871263e-05	2.9686990034133117700899193178084492e-03
3.4053180329948049017733483204935199e-03	-8.0860226487101874026508117041208040e-01	1.1675525021766309393188649041711476e-05	2.9591583169103807453175630297993420e-03
3.4269217619347897277310234656047821e-03	-7.9678444139257468986576537681248678e-01	1.1601919929524937690218293699208664e-05	2.9498160784729300536787735380600903e-03
3.4482747363155963606023945134973857e-03	-7.8500359536924821890863945940208130e-01	1.1530075479124930655408989777748298e-05	2.9406686827741128860369501220880874e-03
3.4693749803865715594728434917111143e-03	-7.7325895446909330306736892325925605e-01	1.1459950109216638588880709309458787e-05	2.9317126376596416612074276404323779e-03
3.4902205537637121111799341366043163e-03	-7.6154976010847013802638169718076897e-01	1.1391503740218256388541971153135995e-05	2.9229445602266555976730883185875045e-03
3.5108095510366474586845785980675041e-03	-7.4987526702261399125521905917848075e-01	1.1324697715020307316738849964358786e-05	2.9143611730753795109636312169342133e-03
3.5311401013860856930137041809454608e-03	-7.3823474285086522453585677320105752e-01	1.1259494742583809773049435776966504e-05	2.9059593007249858347287302667883561e-03
3.5512103682114371612909535511685399e-03	-7.2662746773592007866791805199424997e-01	1.1195858844273508370106634578418163e-05	2.8977358661855647410105406761342042e-03
3.5710185487683408577558358511279105e-03	-7.1505273393649325589537739320593297e-01	1.1133755302777422539070083796799184e-05	2.8896878876785686960582828643474269e-03
3.5905628738158292132790550169005900e-03	-7.0350984545281299320522232960876758e-01	1.1073150613473159870160431917051324e-05	2.8818124754985300534200996143064473e-03
3.6098416072728769054531161307443775e-03	-6.9199811766439730335393584811289784e-01	1.1014012438110008609518446019992260e-05	2.8741068290092554058000887268167257e-03
3.6288530458840888982638045796171791e-03	-6.8051687697958647501273065430023107e-01	1.0956309560683811179823090195058866e-05	2.8665682337680802840530158883651779e-03
3.6475955188942921087576007194729569e-03	-6.6906546049633186624063927343353157e-01	1.0900011845389071438175824030284292e-05	2.8591940587721241545049553669878929e-03
3.6660673877318039079575074764452915e-03	-6.5764321567376458732318337599356435e-01	1.0845090196539702312507994999194659e-05	2.8519817538208201412538746789141681e-03
3.6842670457001591133819344355857137e-03	-6.4624950001408993436087963631711204e-01	1.0791516520356313965435604002007733e-05	2.8449288469893079836936318161565782e-03
3.7021929176780852386863737405279678e-03	-6.3488368075437448260871011919481395e-01	1.0739263688524009312608399957695656e-05	2.8380329422075738153252155981333205e-03
3.7198434598275235489999194830859023e-03	-6.2354513456781265187935147883835301e-01	1.0688305503430324504236983787415485e-05	2.8312917169404976997239707070655026e-03
3.7372171593095009443789793744430544e-03	-6.1223324727407838381854811550495491e-01	1.0638616664998255366367635575796097e-05	2.8247029199642306709492571072548625e-03
3.7543125340076648735022600846104161e-03	-6.0094741355838538645550270282574911e-01	1.0590172739034273071375815819430603e-05	2.8182643692345683997330692724804492e-03
3.7711281322593003795328833591341612e-03	-5.8968703669889626479778496694839952e-01	1.0542950127015877707447417091962678e-05	2.8119739498432195647486162944455260e-03
3.7876625325936550134680167359525918e-03	-5.7845152830213682311667429421862817e-01	1.0496926037247589321146914776750475e-05	2.8058296120580844979682068843787139e-03
3.8039143434774037300661862313273186e-03	-5.6724030804608694703919250563301321e-01	1.0452078457318353081745894284993563e-05	2.7998293694438645747012906459228944e-03
3.8198822030670920197024678753707515e-03	-5.5605280343063380031804293009899193e-01	1.0408386127797157558070477054435101e-05	2.7939712970595159500554951729037615e-03
3.8355647789684014377393941847859754e-03	-5.4488844953508664772738740327183833e-01	1.0365828517107250365490130608772260e-05	2.7882535297292433643789837760887420e-03
3.8509607680020873821136975161879882e-03	-5.3374668878246548453584153720264174e-01	1.0324385797522699967186089196153486e-05	2.7826742603839015576368282867488945e-03
3.8660688959764444501675465631227640e-03	-5.2262697071028785431550469038668157e-01	1.0284038822234211319806684416424204e-05	2.7772317384698340044464954875258695e-03
3.8808879174661599871165377258019004e-03	-5.1152875174758980779566470409945394e-01	1.0244769103434070341774259505436752e-05	2.7719242684223318200593515954086662e-03
3.8954166155974215302720018269887657e-03	-5.0045149499792793103614988226778881e-01	1.0206558791372880828072354298914908e-05	2.7667502082010403633746941513446013e-03
3.9096538018391487640852475760467361e-03	-4.8939467002811978414942503661276710e-01	1.0169390654343379467888854694855303e-05	2.7617079678847778077433760710946973e-03
3.9235983158002253396825531387100246e-03	-4.7835775266248997286025576567345060e-01	1.0133248059549081199857770082072274e-05	2.7567960083233592595722171082490059e-03
3.9372490250326104868268808837622159e-03	-4.6734022478239845315969291142594713e-01	1.0098114954817828620492290986117091e-05	2.7520128398441423410337730656888993e-03
3.9506048248402147638023748248428211e-03	-4.5634157413083657120167610159829016e-01	1.0063975851122505162025896175506878e-05	2.7473570210111259481696416580946158e-03
3.9636646380934285588319304797735647e-03	-4.4536129412188479175258141330646195e-01	1.0030815805873231211752729207675273e-05	2.7428271574345435524546504519549343e-03
3.9764274150491960822228323139885705e-03	-4.3439888365483409272478900178580360e-01	9.9986204069473035625258102030287904e-06	2.7384219006289963091058176173405222e-03
3.9888921331765315780816374821418061e-03	-4.2345384693278062293639883517460404e-01	9.9673757574249692891709670184031139e-06	2.7341399469182697211724476038963678e-03
4.0010577969873783444312191340993711e-03	-4.1252569328551045621005172082735671e-01	9.9370684610008525279050113690600067e-06	2.7299800363850710140592827632796047e-03
4.0129234378727148868946145179450619e-03	-4.0161393699649814694954899197563429e-01	9.9076856080424833898143223578322424e-06	2.7259409518640130088049784229117192e-03
4.0244881139438161495031561038262256e-03	-3.9071809713384931891586011046170097e-01	9.8792147622689186017112371995952174e-06	2.7220215179762544327307871419049976e-03
4.0357509098785812721033908814240136e-03	-3.7983769738502371744919288667358198e-01	9.8516439480238992516782351508798335e-06	2.7182206002042865433293557632984241e-03
4.0467109367728427224980399469324941e-03	-3.6897226589518104218916474434230420e-01	9.8249616381193676443292183140806952e-06	2.7145371040054319188855960122747615e-03
4.0573673319965749478502913592848719e-03	-3.5812133510899746778721356500614750e-01	9.7991567422264678020759162775537352e-06	2.7109699739626935249752926159195567e-03
4.0677192590549238887805157650889429e-03	-3.4728444161580606861975971558309253e-01	9.7742185957923873080737660247317462e-06	2.7075181929716609227039193472777487e-03
4.0777659074539818055575127997970682e-03	-3.3646112599791940366833932988503733e-01	9.7501369494625663882520577214698014e-06	2.7041807814622459517518294326282789e-03
4.0875064925712348832065484801597353e-03	-3.2565093268199730229305896595236641e-01	9.7269019589889075006783330485792078e-06	2.7009567966540825957493218793981715e-03
4.0969402555306140154148960242304242e-03	-3.1485340979332743258421887786005495e-01	9.7045041756056691009531458426096553e-06	2.6978453318444852042075651293269199e-03
4.1060664630820820198309846594520444e-03	-3.0406810901289054261205846235438746e-01	9.6829345368557242961252406220484903e-06	2.6948455157279159782136990146718420e-03
4.1148844074856933135813737542168561e-03	-2.9329458543708635180911401866956016e-01	9.6621843578508121718307922270415700e-06	2.6919565117459667901987152789576637e-03
4.1233934064000647812726762442134970e-03	-2.8253239743999994488039667405004049e-01	9.6422453229503098510969383378109865e-06	2.6891775174669121556528642442634301e-03
4.1315928027751992019602910706399081e-03	-2.7178110653809219341080350446042095e-01	9.6231094778439097951060976838202938e-06	2.6865077639939396522101837861528790e-03
4.1394819647496051699725855007235275e-03	-2.6104027725720120952881937702379105e-01	9.6047692220244022806034659445569338e-06	2.6839465154012114263445640562075626e-03
4.1470602855516599503691899977428705e-03	-2.5030947700174512985897760488640837e-01	9.5872173016375400110413354193615395e-06	2.6814930681969557696558355160207124e-03
4.1543271834051641563549092619351749e-03	-2.3958827592601964431695546447393617e-01	9.5704468026967029078831878879505438e-06	2.6791467508128312078959484304789618e-03
4.1612821014390395262214116007464936e-03	-2.2887624680748663035820031564254807e-01	9.5544511446507886084565861866476257e-06	2.6769069231188472423869403501028400e-03
4.1679245076011234142944464096709169e-03	-2.1817296492195303592017474404812379e-01	9.5392240742944302565108504457936609e-06	2.6747729759631659250454134511218264e-03
4.1742538945760158967704532901921761e-03	-2.0747800792054177990895839710149713e-01	9.5247596600102898756890277503089956e-06	2.6727443307361469388531033192975789e-03
4.1802697797069376319832219030717384e-03	-1.9679095570835891367715892469989164e-01	9.5110522863337949134650794928521604e-06	2.6708204389580358939737650867037205e-03
4.1859717049215588082092473524321082e-03	-1.8611139032476361614133645501063360e-01	9.4980966488312792758116533910168491e-06	2.6690007818897312295392618895936225e-03
4.1913592366617616631759962797273433e-03	-1.7543889582514978424734058998621792e-01	9.4858877492830600841141144954322822e-06	2.6672848701660995215460671416820421e-03
4.1964319658173011704780260062131422e-03	-1.6477305816415003431712901382965902e-01	9.4744208911635291273404784371266773e-06	2.6656722434513422231918619237901101e-03
4.2011895076633305615555983408244599e-03	-1.5411346508017485297534468291268232e-01	9.4636916754108651214518051210363222e-06	2.6641624701159489862692236253318757e-03
4.2056315018017603901040157816176218e-03	-1.4345970598120143311645087771916249e-01	9.4536959964794809138025997038441730e-06	2.6627551469348038081975139112909855e-03
4.2097576121064218510500564609791857e-03	-1.3281137183172840468959082633732000e-01	9.4444300386688101003544912260360454e-06	2.6614498988060403928203363621587762e-03
4.2135675266720070407855133223734197e-03	-1.2216805504081422561529433572426303e-01	9.4358902727225115094048790860969467e-06	2.6602463784902723750197792433815239e-03
4.2170609577667607913624277088447241e-03	-1.1152934935111843829509024083038742e-01	9.4280734526926289381186916963415712e-06	2.6591442663698525074341101782351156e-03
4.2202376417889006309543408270680597e-03	-1.0089484972886632505501105518192908e-01	9.4209766130636886428789543929354585e-06	2.6581432702278426074208266041053097e-03
4.2230973392267433181496989771838970e-03	-9.0264152254658714343574604585503504e-02	9.4145970661321495661458377972802376e-06	2.6572431250464030767880858813391234e-03
4.2256398346225182706009978955754692e-03	-7.9636854015049801203623093187902305e-02	9.4089323996370422699006063152771337e-06	2.6564435928243371964415853246196268e-03
4.2278649365398500612002946293496672e-03	-6.9012552994816852836111766331724906e-02	9.4039804746380431359371906751555342e-06	2.6557444624135512216922296132250980e-03
4.2297724775348939892463710072875850e-03	-5.8390847969846575122028460732695430e-02	9.3997394236376316458100916641862623e-06	2.6551455493742166184824866023395001e-03
4.2313623141311105519367486861174832e-03	-4.7771338400563720691084085355225312e-02	9.3962076489443714941544267424104164e-06	2.6546466958484456415517046374577163e-03
4.2326343267976664448556873853654349e-03	-3.7153624325828225229221582833130166e-02	9.3933838212747419146083125546766103e-06	2.6542477704523159164834270413862916e-03
4.2335884199314515108085098320973074e-03	-2.6537306257227767694863515064357254e-02	9.3912668785913248778384128852006373e-06	2.6539486681861038013199678495022325e-03
4.2342245218427028362221957887470090e-03	-1.5921985073693163251277443212923417e-02	9.3898560251755277037793680482390548e-06	2.6537493103626101215667660056360551e-03
4.2345425847442289652223959040490097e-03	-5.3072619163644161002156337169227997e-03	9.3891507309333900435858089407131559e-06	2.6536496445534854455966574407531285e-03
4.2345425847442289652223959040490097e-03	5.3072619163644161002156337169227997e-03	9.3891507309333900435858089407131559e-06	2.6536496445534854455966574407531285e-03
4.2342245218427028362221957887470090e-03	1.5921985073693163251277443212923417e-02	9.3898560251755277037793680482390548e-06	2.6537493103626101215667660056360551e-03
4.2335884199314515108085098320973074e-03	2.6537306257227767694863515064357254e-02	9.3912668785913248778384128852006373e-06	2.6539486681861038013199678495022325e-03
4.2326343267976664448556873853654349e-03	3.7153624325828225229221582833130166e-02	9.3933838212747419146083125546766103e-06	2.6542477704523159164834270413862916e-03
4.2313623141311105519367486861174832e-03	4.7771338400563720691084085355225312e-02	9.3962076489443714941544267424104164e-06	2.6546466958484456415517046374577163e-03
4.2297724775348939892463710072875850e-03	5.8390847969846575122028460732695430e-02	9.3997394236376316458100916641862623e-06	2.6551455493742166184824866023395001e-03
4.2278649365398500612002946293496672e-03	6.9012552994816852836111766331724906e-02	9.4039804746380431359371906751555342e-06	2.6557444624135512216922296132250980e-03
4.2256398346225182706009978955754692e-03	7.9636854015049801203623093187902305e-02	9.4089323996370422699006063152771337e-06	2.6564435928243371964415853246196268e-03
4.2230973392267433181496989771838970e-03	9.0264152254658714343574604585503504e-02	9.4145970661321495661458377972802376e-06	2.6572431250464030767880858813391234e-03
4.2202376417889006309543408270680597e-03	1.0089484972886632505501105518192908e-01	9.4209766130636886428789543929354585e-06	2.6581432702278426074208266041053097e-03
4.2170609577667607913624277088447241e-03	1.1152934935111843829509024083038742e-01	9.4280734526926289381186916963415712e-06	2.6591442663698525074341101782351156e-03
4.2135675266720070407855133223734197e-03	1.2216805504081422561529433572426303e-01	9.4358902727225115094048790860969467e-06	2.6602463784902723750197792433815239e-03
4.2097576121064218510500564609791857e-03	1.3281137183172840468959082633732000e-01	9.4444300386688101003544912260360454e-06	2.6614498988060403928203363621587762e-03
4.2056315018017603901040157816176218e-03	1.4345970598120143311645087771916249e-01	9.4536959964794809138025997038441730e-06	2.6627551469348038081975139112909855e-03
4.2011895076633305615555983408244599e-03	1.5411346508017485297534468291268232e-01	9.4636916754108651214518051210363222e-06	2.6641624701159489862692236253318757e-03
4.1964319658173011704780260062131422e-03	1.6477305816415003431712901382965902e-01	9.4744208911635291273404784371266773e-06	2.6656722434513422231918619237901101e-03
4.1913592366617616631759962797273433e-03	1.7543889582514978424734058998621792e-01	9.4858877492830600841141144954322822e-06	2.6672848701660995215460671416820421e-03
4.1859717049215588082092473524321082e-03	1.8611139032476361614133645501063360e-01	9.4980966488312792758116533910168491e-06	2.6690007818897312295392618895936225e-03
4.1802697797069376319832219030717384e-03	1.9679095570835891367715892469989164e-01	9.5110522863337949134650794928521604e-06	2.6708204389580358939737650867037205e-03
4.1742538945760158967704532901921761e-03	2.0747800792054177990895839710149713e-01	9.5247596600102898756890277503089956e-06	2.6727443307361469388531033192975789e-03
4.1679245076011234142944464096709169e-03	2.1817296492195303592017474404812379e-01	9.5392240742944302565108504457936609e-06	2.6747729759631659250454134511218264e-03
4.1612821014390395262214116007464936e-03	2.2887624680748663035820031564254807e-01	9.5544511446507886084565861866476257e-06	2.6769069231188472423869403501028400e-03
4.1543271834051641563549092619351749e-03	2.3958827592601964431695546447393617e-01	9.5704468026967029078831878879505438e-06	2.6791467508128312078959484304789618e-03
4.1470602855516599503691899977428705e-03	2.5030947700174512985897760488640837e-01	9.5872173016375400110413354193615395e-06	2.6814930681969557696558355160207124e-03
4.1394819647496051699725855007235275e-03	2.6104027725720120952881937702379105e-01	9.6047692220244022806034659445569338e-06	2.6839465154012114263445640562075626e-03
4.1315928027751992019602910706399081e-03	2.7178110653809219341080350446042095e-01	9.6231094778439097951060976838202938e-06	2.6865077639939396522101837861528790e-03
4.1233934064000647812726762442134970e-03	2.8253239743999994488039667405004049e-01	9.6422453229503098510969383378109865e-06	2.6891775174669121556528642442634301e-03
4.1148844074856933135813737542168561e-03	2.9329458543708635180911401866956016e-01	9.6621843578508121718307922270415700e-06	2.6919565117459667901987152789576637e-03
4.1060664630820820198309846594520444e-03	3.0406810901289054261205846235438746e-01	9.6829345368557242961252406220484903e-06	2.6948455157279159782136990146718420e-03
4.0969402555306140154148960242304242e-03	3.1485340979332743258421887786005495e-01	9.7045041756056691009531458426096553e-06	2.6978453318444852042075651293269199e-03
4.0875064925712348832065484801597353e-03	3.2565093268199730229305896595236641e-01	9.7269019589889075006783330485792078e-06	2.7009567966540825957493218793981715e-03
4.0777659074539818055575127997970682e-03	3.3646112599791940366833932988503733e-01	9.7501369494625663882520577214698014e-06	2.7041807814622459517518294326282789e-03
4.0677192590549238887805157650889429e-03	3.4728444161580606861975971558309253e-01	9.7742185957923873080737660247317462e-06	2.7075181929716609227039193472777487e-03
4.0573673319965749478502913592848719e-03	3.5812133510899746778721356500614750e-01	9.7991567422264678020759162775537352e-06	2.7109699739626935249752926159195567e-03
4.0467109367728427224980399469324941e-03	3.6897226589518104218916474434230420e-01	9.8249616381193676443292183140806952e-06	2.7145371040054319188855960122747615e-03
4.0357509098785812721033908814240136e-03	3.7983769738502371744919288667358198e-01	9.8516439480238992516782351508798335e-06	2.7182206002042865433293557632984241e-03
4.0244881139438161495031561038262256e-03	3.9071809713384931891586011046170097e-01	9.8792147622689186017112371995952174e-06	2.7220215179762544327307871419049976e-03
4.0129234378727148868946145179450619e-03	4.0161393699649814694954899197563429e-01	9.9076856080424833898143223578322424e-06	2.7259409518640130088049784229117192e-03
4.0010577969873783444312191340993711e-03	4.1252569328551045621005172082735671e-01	9.9370684610008525279050113690600067e-06	2.7299800363850710140592827632796047e-03
3.9888921331765315780816374821418061e-03	4.2345384693278062293639883517460404e-01	9.9673757574249692891709670184031139e-06	2.7341399469182697211724476038963678e-03
3.9764274150491960822228323139885705e-03	4.3439888365483409272478900178580360e-01	9.9986204069473035625258102030287904e-06	2.7384219006289963091058176173405222e-03
3.9636646380934285588319304797735647e-03	4.4536129412188479175258141330646195e-01	1.0030815805873231211752729207675273e-05	2.7428271574345435524546504519549343e-03
3.9506048248402147638023748248428211e-03	4.5634157413083657120167610159829016e-01	1.0063975851122505162025896175506878e-05	2.7473570210111259481696416580946158e-03
3.9372490250326104868268808837622159e-03	4.6734022478239845315969291142594713e-01	1.0098114954817828620492290986117091e-05	2.7520128398441423410337730656888993e-03
3.9235983158002253396825531387100246e-03	4.7835775266248997286025576567345060e-01	1.0133248059549081199857770082072274e-05	2.7567960083233592595722171082490059e-03
3.9096538018391487640852475760467361e-03	4.8939467002811978414942503661276710e-01	1.0169390654343379467888854694855303e-05	2.7617079678847778077433760710946973e-03
3.8954166155974215302720018269887657e-03	5.0045149499792793103614988226778881e-01	1.0206558791372880828072354298914908e-05	2.7667502082010403633746941513446013e-03
3.8808879174661599871165377258019004e-03	5.1152875174758980779566470409945394e-01	1.0244769103434070341774259505436752e-05	2.7719242684223318200593515954086662e-03
3.8660688959764444501675465631227640e-03	5.2262697071028785431550469038668157e-01	1.0284038822234211319806684416424204e-05	2.7772317384698340044464954875258695e-03
3.8509607680020873821136975161879882e-03	5.3374668878246548453584153720264174e-01	1.0324385797522699967186089196153486e-05	2.7826742603839015576368282867488945e-03
3.8355647789684014377393941847859754e-03	5.4488844953508664772738740327183833e-01	1.0365828517107250365490130608772260e-05	2.7882535297292433643789837760887420e-03
3.8198822030670920197024678753707515e-03	5.5605280343063380031804293009899193e-01	1.0408386127797157558070477054435101e-05	2.7939712970595159500554951729037615e-03
3.8039143434774037300661862313273186e-03	5.6724030804608694703919250563301321e-01	1.0452078457318353081745894284993563e-05	2.7998293694438645747012906459228944e-03
3.7876625325936550134680167359525918e-03	5.7845152830213682311667429421862817e-01	1.0496926037247589321146914776750475e-05	2.8058296120580844979682068843787139e-03
3.7711281322593003795328833591341612e-03	5.8968703669889626479778496694839952e-01	1.0542950127015877707447417091962678e-05	2.8119739498432195647486162944455260e-03
3.7543125340076648735022600846104161e-03	6.0094741355838538645550270282574911e-01	1.0590172739034273071375815819430603e-05	2.8182643692345683997330692724804492e-03
3.7372171593095009443789793744430544e-03	6.1223324727407838381854811550495491e-01	1.0638616664998255366367635575796097e-05	2.8247029199642306709492571072548625e-03
3.7198434598275235489999194830859023e-03	6.2354513456781265187935147883835301e-01	1.0688305503430324504236983787415485e-05	2.8312917169404976997239707070655026e-03
3.7021929176780852386863737405279678e-03	6.3488368075437448260871011919481395e-01	1.0739263688524009312608399957695656e-05	2.8380329422075738153252155981333205e-03
3.6842670457001591133819344355857137e-03	6.4624950001408993436087963631711204e-01	1.0791516520356313965435604002007733e-05	2.8449288469893079836936318161565782e-03
3.6660673877318039079575074764452915e-03	6.5764321567376458732318337599356435e-01	1.0845090196539702312507994999194659e-05	2.8519817538208201412538746789141681e-03
3.6475955188942921087576007194729569e-03	6.6906546049633186624063927343353157e-01	1.0900011845389071438175824030284292e-05	2.8591940587721241545049553669878929e-03
3.6288530458840888982638045796171791e-03	6.8051687697958647501273065430023107e-01	1.0956309560683811179823090195058866e-05	2.8665682337680802840530158883651779e-03
3.6098416072728769054531161307443775e-03	6.9199811766439730335393584811289784e-01	1.1014012438110008609518446019992260e-05	2.8741068290092554058000887268167257e-03
3.5905628738158292132790550169005900e-03	7.0350984545281299320522232960876758e-01	1.1073150613473159870160431917051324e-05	2.8818124754985300534200996143064473e-03
3.5710185487683408577558358511279105e-03	7.1505273393649325589537739320593297e-01	1.1133755302777422539070083796799184e-05	2.8896878876785686960582828643474269e-03
3.5512103682114371612909535511685399e-03	7.2662746773592007866791805199424997e-01	1.1195858844273508370106634578418163e-05	2.8977358661855647410105406761342042e-03
3.5311401013860856930137041809454608e-03	7.3823474285086522453585677320105752e-01	1.1259494742583809773049435776966504e-05	2.9059593007249858347287302667883561e-03
3.5108095510366474586845785980675041e-03	7.4987526702261399125521905917848075e-01	1.1324697715020307316738849964358786e-05	2.9143611730753795109636312169342133e-03
3.4902205537637121111799341366043163e-03	7.6154976010847013802638169718076897e-01	1.1391503740218256388541971153135995e-05	2.9229445602266555976730883185875045e-03
3.4693749803865715594728434917111143e-03	7.7325895446909330306736892325925605e-01	1.1459950109216638588880709309458787e-05	2.9317126376596416612074276404323779e-03
3.4482747363155963606023945134973857e-03	7.8500359536924821890863945940208130e-01	1.1530075479124930655408989777748298e-05	2.9406686827741128860369501220880874e-03
3.4269217619347897277310234656047821e-03	7.9678444139257468986576537681248678e-01	1.1601919929524937690218293699208664e-05	2.9498160784729300536787735380600903e-03
3.4053180329948049017733483204935199e-03	8.0860226487101874026508117041208040e-01	1.1675525021766309393188649041711476e-05	2.9591583169103807453175630297993420e-03
3.3834655610167230394236243020106075e-03	8.2045785232959869377365106439695400e-01	1.1750933861324963678224519066871263e-05	2.9686990034133117700899193178084492e-03
3.3613663937069006934382286409654183e-03	8.3235200494721533401646768073798597e-01	1.1828191163405042318319066021564686e-05	2.9784418605841675234843557305883383e-03
3.3390226153832084301208646987452265e-03	8.4428553903425286498301131323749996e-01	1.1907343321977284543093074250969491e-05	2.9883907325956121207187717132960351e-03
3.3164363474129951742545997481598559e-03	8.5625928652775728785485500126290762e-01	1.1988438482459899329536826669379570e-05	2.9985495896870155649060117924917372e-03
3.2936097486631265252617314499331243e-03	8.6827409550502120197497592725610255e-01	1.2071526618262224749359724803652861e-05	3.0089225328737289807006232487810160e-03
3.2705450159624595842126400466509671e-03	8.8033083071644909772798078922779870e-01	1.2156659611426769851318265932522850e-05	3.0195137988807644203832951982495540e-03
3.2472443845771318056847053256968215e-03	8.9243037413862512808227228188017657e-01	1.2243891337621736032292581147608384e-05	3.0303277653132345741668468232105163e-03
3.2237101286990570799600952172175887e-03	9.0457362554855632863799153653228155e-01	1.2333277755753914582187119956808496e-05	3.0413689560767008551921130454761458e-03
3.1999445619480387007171107211413367e-03	9.1676150312011852495991226562254608e-01	1.2424877002491068938782304956401788e-05	3.0526420470614291009958397456387255e-03
3.1759500378879261249711473864687255e-03	9.2899494404378996051952276223611674e-01	1.2518749492003659039460788655684800e-05	3.0641518721054652441353565294206923e-03
3.1517289505572605322025051951507835e-03	9.4127490517081925815606003677452496e-01	1.2614958021258188071085530573418483e-05	3.0759034292524238887270788694275591e-03
3.1272837350148731881170806178832354e-03	9.5360236368303997347634377136111475e-01	1.2713567881218699447195555483694988e-05	3.0879018873209363896933507006839448e-03
3.1026168679009205684085357009956825e-03	9.6597831778961401435455141497277111e-01	1.2814646974339189473137800949537419e-05	3.1001525928038378867681925606448462e-03
3.0777308680138611559059076037414333e-03	9.7840378745206091656315329053551277e-01	1.2918265938758110949349221164851608e-05	3.1126610771163914839425445428588938e-03
3.0526282969039008511471213476541194e-03	9.9087981513900973944307147672005233e-01	1.3024498279636925346668173043974297e-05	3.1254330642141597023584512991752436e-03
3.0273117594834570964342412802429280e-03	1.0034074666121955658984256615446965e+00	1.3133420508118037016301662023439206e-05	3.1384744786025464779776346367372110e-03
3.0017839046552161760139097891459550e-03	1.0159878317453136798971243700035449e+00	1.3245112288413655715746804860641507e-05	3.1517914537615560960199130916319817e-03
2.9760474259583837942500427135297300e-03	1.0286220253774419108288885883279933e+00	1.3359656593576452334934192405099607e-05	3.1653903410109581679721197750178311e-03
2.9501050622337560288157726336170012e-03	1.0413111882028458765631912147258252e+00	1.3477139870545594007160231656269426e-05	3.1792777188428206136792419987701162e-03
2.9239595983082661919852187729953925e-03	1.0540564876990934691286562951365448e+00	1.3597652215108197042882042970305066e-05	3.1934604027502871943770478772629785e-03
2.8976138656996931011257267247906596e-03	1.0668591190955245004456080608683903e+00	1.3721287557466782556723818270619546e-05	3.2079454555835451818773050128099538e-03
2.8710707433422478571659973190596160e-03	1.0797203063842496057292273004906724e+00	1.3848143859158362548305999994901901e-05	3.2227401984661662443533035261555208e-03
2.8443331583337895619944418257052080e-03	1.0926413033759899930431193658523545e+00	1.3978323322130769482160918249707405e-05	3.2378522223074249904578492051524650e-03
2.8174040867054555850320075975107900e-03	1.1056233948032171977260647351321770e+00	1.4111932610847264879328753882819902e-05	3.2532893999488218178809226543378864e-03
2.7902865542145291366407266087588406e-03	1.1186678974732104900555397251214701e+00	1.4249083088361871591547637289731691e-05	3.2690598989858784794701456585507941e-03
2.7629836371614061517119622022574877e-03	1.1317761614738199122352477168426740e+00	1.4389891067385881142783148203628133e-05	3.2851721953093567689271130629755025e-03
2.7354984632315649707689214961086729e-03	1.1449495714349060921439348573692473e+00	1.4534478077451271526100704600018870e-05	3.3016350874133957593709131185843768e-03
2.7078342123634861790181622227326318e-03	1.1581895478486250977924096328866042e+00	1.4682971149370089255679328219054033e-05	3.3184577115216963328365366676716412e-03
2.6799941176435163884947527117176038e-03	1.1714975484519388658175000383910507e+00	1.4835503118291046461855205644145314e-05	3.3356495575868312395574008044734132e-03
2.6519814662287188999949727880780911e-03	1.1848750696749604848700543689878331e+00	1.4992212946766601576651357912456419e-05	3.3532204862220555531901350279760726e-03
2.6237996002988062489705257702802070e-03	1.1983236481589902959935302117690040e+00	1.5153246069366683399108801774738319e-05	3.3711807466296704379200395332591637e-03
2.5954519180383048271684782668094295e-03	1.2118448623483649871431698551504245e+00	1.5318754760510160502980287352530020e-05	3.3895409955950906809179256819391486e-03
2.5669418746501603002199257471982058e-03	1.2254403341605293684717890302851745e+00	1.5488898527333469459679321650949923e-05	3.4083123176213257605333031297376556e-03
2.5382729834020546492760631984331988e-03	1.2391117307390512579341279840596280e+00	1.5663844529578974076778279863413642e-05	3.4275062462846523525939018332024306e-03
2.5094488167067716104876429922920110e-03	1.2528607662946360207025365550875322e+00	1.5843768028665292321704816813290611e-05	3.4471347868988854911700831711126056e-03
2.4804730072380173494433565730068444e-03	1.2666892040395611495674778641502268e+00	1.6028852868299861217213375143966363e-05	3.4672104405829044611454537510165298e-03
2.4513492490831776919737674010057543e-03	1.2805988582213454522688700849477510e+00	1.6219291989212508828562960470878775e-05	3.4877462298340230291645093268847847e-03
2.4220812989345724671164756694534377e-03	1.2945915962618948062511282034338461e+00	1.6415287980830127136501253199865076e-05	3.5087557257184845577566457752662231e-03
2.3926729773208518599184543699016585e-03	1.3086693410088302400600490609708867e+00	1.6617053672979351946830000181943334e-05	3.5302530767998922390378313587877325e-03
2.3631281698802695095426474222756424e-03	1.3228340731062078362269914585427680e+00	1.6824812770999461290800981478881703e-05	3.5522530399368442008143457430236279e-03
2.3334508286776628443562036294567473e-03	1.3370878334923875414616198182229103e+00	1.7038800537974899366345058528490314e-05	3.5747710130925346619518759657371031e-03
2.3036449735670732803053905355545999e-03	1.3514327260334037673690620462711135e+00	1.7259264528159764567763069077452396e-05	3.5978230703117202098546329757075752e-03
2.2737146936020479231981911976698926e-03	1.3658709203008395056134098778928496e+00	1.7486465376069626395125898298067143e-05	3.6214259990343633721111625677540686e-03
2.2436641484957808562746827721564440e-03	1.3804046545039129486061552697666817e+00	1.7720677646164104353061260176817577e-05	3.6455973399305987900804737353874209e-03
2.2134975701333765585803278383157328e-03	1.3950362385862572985161940400846211e+00	1.7962190748542375451479942909574014e-05	3.6703554294585836345914005948877697e-03
2.1832192641386511395172800074814114e-03	1.4097680574987172550377255858493462e+00	1.8211309926629575934794195853778737e-05	3.6957194453654774822530721141945313e-03
2.1528336114980296041516261122009189e-03	1.4246025746604070698104382245562848e+00	1.8468357323452222999150482710540097e-05	3.7217094553724555885878870524759203e-03
2.1223450702442500638343360432010331e-03	1.4395423356212834010907842107265872e+00	1.8733673133793632051163820757519511e-05	3.7483464693075285028698727711035146e-03
2.0917581772027495340347727380920198e-03	1.4545899719405908558708305809710179e+00	1.9007616850295366765922461217719421e-05	3.7756524949752866291534186021180082e-03
2.0610775498037816559474526397692489e-03	1.4697482052967495627013386744711224e+00	1.9290568612438936886118199052938466e-05	3.8036505980808127955441527931583815e-03
2.0303078879635053729876533954046403e-03	1.4850198518455841599327200219975862e+00	1.9582930668315758763045546605298357e-05	3.8323649665562523994708075840251601e-03
1.9994539760374864233128605660340191e-03	1.5004078268452554586225309774451855e+00	1.9885128960187183755174490042989465e-05	3.8618209796732897869947209546211352e-03
1.9685206848502717252682792162174822e-03	1.5159151495678646624852991231816890e+00	2.0197614846066713445650695864119013e-05	3.8920452823634962262197559934331649e-03
1.9375129738049317123224359662892582e-03	1.5315449485194722165572540808189834e+00	2.0520866970942417124545377728776740e-05	3.9230658652116970766210228726520717e-03
1.9064358930767189385941278062576939e-03	1.5473004669922281019770911096542421e+00	2.0855393302821054633510929321268582e-05	3.9549121506357342022616250648952335e-03
1.8752945858952645060838596249830999e-03	1.5631850689744691726138233342213165e+00	2.1201733350541947022167638871434964e-05	3.9876150858199392544469658535808543e-03
1.8440942909200289195620662158076210e-03	1.5792022454470262654745970059486124e+00	2.1560460582307737027817223984984035e-05	4.0212072430300468803461694942929922e-03
1.8128403447140429144881083943586991e-03	1.5953556210966269071956864035905999e+00	2.1932185066145106188006859078210806e-05	4.0557229280050406365872473461666474e-03
1.7815381843213189121173735896533324e-03	1.6116489614802098418777693445822087e+00	2.2317556356081131201920282673604674e-05	4.0911982971975473255121404526759295e-03
1.7501933499536875719264795085164926e-03	1.6280861806772210143477635067924583e+00	2.2717266650746743710994262346293725e-05	4.1276714847200412149960603540833636e-03
1.7188114877932192574804358948774965e-03	1.6446713494705777550417225501034240e+00	2.3132054254451995559087762403781405e-05	4.1651827399506326617843010044762767e-03
1.6873983529168302522181109522420495e-03	1.6614087041010152134472264025679271e+00	2.3562707374582080423084659332146847e-05	4.2037745768611526306031067435168251e-03
1.6559598123501517639550797628639349e-03	1.6783026556440197694344236048949191e+00	2.4010068293512883095546021592879316e-05	4.2434919362534112388516107529233466e-03
1.6245018482582600599654387911615441e-03	1.6953578000635691982594476909310027e+00	2.4475037958227887053803169676804974e-05	4.2843823622290038636399880654601641e-03
1.5930305612814328632320703463081656e-03	1.7125789290025088224434563006491131e+00	2.4958581036537883498559571939133483e-05	4.3264961943763078073639404736556025e-03
1.5615521740247153292222560465086220e-03	1.7299710413756773699806345894998383e+00	2.5461731495383131296307487950844054e-05	4.3698867773382107912133170697065017e-03
1.5300730347107540281583953683231565e-03	1.7475393558389487463535810534989654e+00	2.5985598764278927687769503989427781e-05	4.4146106896289799168703457258706986e-03
1.4985996210060955837808486458227483e-03	1.7652893242152838637541942761716751e+00	2.6531374555721508850854683307718653e-05	4.4607279938024336100651200171343966e-03
1.4671385440319549540237354281031923e-03	1.7832266459678144949656824147992535e+00	2.7100340424505966986623683170532000e-05	4.5083025103408245980330293782944070e-03
1.4356965525713446675595689054241516e-03	1.8013572838200532741466540611113046e+00	2.7693876159665065433559524438045350e-05	4.5574021179400061046384858161752745e-03
1.4042805374854295680607852389754337e-03	1.8196874806347084965107797961273915e+00	2.8313469116408953916112923178407881e-05	4.6080990832179476561485545087528594e-03
1.3728975363530418636993482070033454e-03	1.8382237776754752379209329093409545e+00	2.8960724611380602628903097639757414e-05	4.6604704232780855627298594365702349e-03
1.3415547383484699940061056097916986e-03	1.8569730343908046040527046776574015e+00	2.9637377523161196561843249632058556e-05	4.7145983050253559764127906921757211e-03
1.3102594893739350439338528381665964e-03	1.8759424498752890936176327610642226e+00	3.0345305261771798786048803253473915e-05	4.7705704856718076608997455869688058e-03
1.2790192974646050100647877026797601e-03	1.8951395861832595635461229417877811e+00	3.1086542296537405706052824642107267e-05	4.8284807994932576275469985067861530e-03
1.2478418384855871215417383407383353e-03	1.9145723936908397494173441414658793e+00	3.1863296461854192002408484497561762e-05	4.8884296966239054112585004674031464e-03
1.2167349621421010579822007935382926e-03	1.9342492387274867716523958686473785e+00	3.2677967296040739098567996959577241e-05	4.9505248405206292037205342207355848e-03
1.1857066983259935687991192370279243e-03	1.9541789337264807333066823379960134e+00	3.3533166710672681897097580712856882e-05	5.0148817717151108528616192342158754e-03
1.1547652638239333072322896754690272e-03	1.9743707701765315381973741846665210e+00	3.4431742337963708716296686497806575e-05	5.0816246466268988048091333669825127e-03
1.1239190694150531910861706818592908e-03	1.9948345546943832527262506965056207e+00	3.5376803963546917931312868112868297e-05	5.1508870615666869527770832519137319e-03
1.0931767273885204397168751099134388e-03	2.0155806485818967873997183353000997e+00	3.6371753523509586690588542771493361e-05	5.2228129736562444034633037801985449e-03
1.0625470595145511917422697124909996e-03	2.0366200112816374664900215029382611e+00	3.7420319230323720185633932989617048e-05	5.2975577322781959914709674365959116e-03
1.0320391055057932786887539003889462e-03	2.0579642482037577764385615638349867e+00	3.8526594495612672331994623734516976e-05	5.3752892369048726144521597399407166e-03
1.0016621320098309298877570043969821e-03	2.0796256634654847366023250883241498e+00	3.9695082442528838461674272388664852e-05	5.4561892398141867159063683906324879e-03
9.7142564217788158969338978885872634e-04	2.1016173181646603674973646545920142e+00	4.0930746951953022350486336294866849e-05	5.5404548153727902935370537913858286e-03
9.4133938585963113844166531431161079e-04	2.1239530949028122826951210943877629e+00	4.2239071371158333351850543837235774e-05	5.6283000213654683720462401906982380e-03
9.1141337047967609293358873944349781e-04	2.1466477693839234891356282475562291e+00	4.3626126239126690805054593692370143e-05	5.7199577824155545322808167041384877e-03
8.8165787265731189252538073781359341e-04	2.1697170900458306398246645074889807e+00	4.5098647659715389643771730877320563e-05	5.8156820310505058953928142671625084e-03
8.5208345063854606653625584747133198e-04	2.1931778668362050229508124723831625e+00	4.6664128295614942927575348534953763e-05	5.9157501486417422148350704105335342e-03
8.2270095761736768594341109940134795e-04	2.2170480704295573408944701071994828e+00	4.8330923379622542410905535606066475e-05	6.0204657565695130078420806186568687e-03
7.9352155603264160165484879540858985e-04	2.2413469434021216655411783036339967e+00	5.0108374667351142414007349494011047e-05	6.1301619178894868936298273188646999e-03
7.6455673293772315618218449288079272e-04	2.2660951251459005481105300200760448e+00	5.2006955916016310920198997385302092e-05	6.2452048219653597901769095329430286e-03
7.3581831655225371510630206243611618e-04	2.2913147926217536135996674987327398e+00	5.4038444305330194778761975002262213e-05	6.3659980395695047412141657056695790e-03
7.0731849411989849068403202617735656e-04	2.3170298194370275583385037417442501e+00	5.6216123268889000531564422467041947e-05	6.4929874546031423906982344309355609e-03
6.7906983121238874329802022925077238e-04	2.3432659562021774389908164359672035e+00	5.8555023544392780587856269866396428e-05	6.6266670018406375905165972398028866e-03
6.5108529263957344249621321267861458e-04	2.3700510356939859010744601056547376e+00	6.1072210967814721658378105900250786e-05	6.7675853692598311833914570448251129e-03
6.2337826514781394084106983008822452e-04	2.3974152070571998386843030971609099e+00	6.3787131750651447198413495951835729e-05	6.9163538602987583299121285272920360e-03
5.9596258211563868534986688574850848e-04	2.4253912041464523888158525879988661e+00	6.6722028854415154994878539015760369e-05	7.0736556580621255332319631853811559e-03
5.6885255048694351298633970511870586e-04	2.4540146541915870281633090345792836e+00	6.9902446837215159525997862148165513e-05	7.2402567931488804693372992714526103e-03
5.4206298021921184559184009449103763e-04	2.4833244343215606915401864153341035e+00	7.3357847504482170314754716359936647e-05	7.4170191935203335032845079274543066e-03
5.1560921656853729982127718951869754e-04	2.5133630851839191601232106306866153e+00	7.7122365283830434715335324167508805e-05	7.6049162943125872885811980565771163e-03
4.8950717558630023449790340835115203e-04	2.5441772930538291568448892315357316e+00	8.1235740075298390933814733510384137e-05	7.8050518154695177959063593127868194e-03
4.6377338326626795570174487994127887e-04	2.5758184545808298637656060456007803e+00	8.5744477276079446571296962347776040e-05	8.0186824862996450602311627532502334e-03
4.3842501885833282461244122511317483e-04	2.6083433418659350994669422061914775e+00	9.0703301002445959823698155351326580e-05	8.2472457236499846737048242944037687e-03
4.1347996295953274877209267344820225e-04	2.6418148901616759210333494790052601e+00	9.6176989067956803593683424878867200e-05	8.4923935757771893897390382511404788e-03
3.8895685110892294119561407652876509e-04	2.6763031365112243580713307130796746e+00	1.0224270974099094673445507547382466e-04	8.7560346579510383322266097554311312e-03
3.6487513375621585536247714006241844e-04	2.7118863456066538608623531353092923e+00	1.0899302476310190812291840178904245e-04	9.0403863730769887190259636239038164e-03
3.4125514365275271233635290043693897e-04	2.7486523697850508821754588105383872e+00	1.1653978674515181765253319136186732e-04	9.3480404970768993325956277281583415e-03
3.1811817193788394167253237602003301e-04	2.7867003044519830814880429629560764e+00	1.2501925141862151866033693699835516e-04	9.6820463129403155122095134469058186e-03
2.9548655447856313216940982958362107e-04	2.8261425198688901416521867426929691e+00	1.3459886130342046237654803753412984e-04	1.0046017048853231079445881553665613e-02
2.7338377038461211853354015901749845e-04	2.8671071774539843764643991391160923e+00	1.4548636115975578926360033909442928e-04	1.0444267645669560901569269846666254e-02
2.5183455509414130733737341472961358e-04	2.9097413769772607948187217608917914e+00	1.5794221629692394075994453110644919e-04	1.0881995210654369081733885540344402e-02
2.3086503104178298811136273730955650e-04	2.9542151355785772899286292957925818e+00	1.7229678778248378720866685398603874e-04	1.1365518491180309579358256068086570e-02
2.1050285974235946730961895210467637e-04	3.0007264787011960302058555941878980e+00	1.8897448553516971381753351524772759e-04	1.1902600280758692936302831292314307e-02
1.9077742022560720582798305431005311e-04	3.0495080400895518805417405270719397e+00	2.0852836717699279476999124579435204e-04	1.2502888458439043776984470428556660e-02
1.7172002026452006856477835089745554e-04	3.1008357447121066060888883758946115e+00	2.3169073137397940352330190899183340e-04	1.3178530136434734180107947342206244e-02
1.5336414893452999133988205749030536e-04	3.1550404214701819866763352127414096e+00	2.5944882972790826308257850658084241e-04	1.3945044083436456649822478176888017e-02
1.3574578200907727160299403819831803e-04	3.2125236253643813778983158445502434e+00	2.9316116903918131637617215422760452e-04	1.4822588268377951275058759797100240e-02
1.1890375599601846286098905958498725e-04	3.2737796553121632575669132092430512e+00	3.3474157181600265211967181639581525e-04	1.5837849323905023586332967189201807e-02
1.0288023300080941943784695896455073e-04	3.3394269461726049039303681250049112e+00	3.8696064700068759146006610726998601e-04	1.7026943371982481399334498119975488e-02
8.7721288347062332137111030836623420e-05	3.4102541043450870732512831943959372e+00	4.5395971520788594561437786529576342e-04	1.8440024873974981496594107091457388e-02
7.3477668260280372858468973942264291e-05	3.4872896894903300139221437028447806e+00	5.4216927639366157067872054287713987e-04	2.0148910855094836044920409195507911e-02
6.0205790127170250132288669711415372e-05	3.5719122513708313896182326723735903e+00	6.6204617963730405245502261083297727e-04	2.2260317286570292937588822470011777e-02
4.7969101090647366501900852123120748e-05	3.6660323716185947100487117790636429e+00	8.3159543876884630040481242854058820e-04	2.4940232180514546382466595822689031e-02
3.6839989128273249289289924713040600e-05	3.7724123360950825213012351154910494e+00	1.0841609732843991275852633541083404e-03	2.8462219920340115418905125829419674e-02
2.6902592750764659504405488735178255e-05	3.8952720278184964868490645461829113e+00	1.4877309308559586109546096305797525e-03	3.3312672193538448630064394906261961e-02
1.8257176055165659936120991371320653e-05	4.0415602234627814221401006056773268e+00	2.2007962604996344580709001772720196e-03	4.0451356403880274077276125920253439e-02
1.1027486964570449894087526382023043e-05	4.2240332830292644844988782510982098e+00	3.6754415686031824954705831456026089e-03	5.2086196529324976805990649257960955e-02
5.3744719054217777762307053855163194e-06	4.4705596303454685772007808020783697e+00	7.7456819311721742098513441008633776e-03	7.4766675686911730139578909165991959e-02
1.5168217969035416986716429536515214e-06	4.8664978311103662601157909060944032e+00	3.6583802361942333350890315946468812e-02	1.4301356014489769749273456004695411e-01
0.0000000000000000000000000000000000e+00	0.0000000000000000000000000000000000e+00	1.6261803779955882320395709169118409e-05	3.2499986225385605129427339788434325e-03