1.5065003034157917910460802867880775e-06	-4.8678493774041294129538126818384703e+00	3.6566003932630887688033388955590495e-02	1.4297777179638605479886787655921759e-01
5.3381720958971745964355426803814683e-06	-4.4720137952517752721937027063592842e+00	7.7414530084215857109620134046525669e-03	7.4746134053376778226068600055630974e-02
1.0953465843107035336019090698970987e-05	-4.2255574444855782119351869660821062e+00	3.6732759790569252994174232670080198e-03	5.2070801908218751273043124183345719e-02
1.8135279992706321748491150679453112e-05	-4.0431398278224497655016514346644089e+00	2.1994190912088298485669329682550288e-03	4.0438674233016829297397347362504548e-02
2.6723831948555582923052258507566051e-05	-3.8968985978101900641504111744961070e+00	1.4867518603180130051088309951605215e-03	3.3301694980997984940085649600347094e-02
3.6596267047440052079051185933387651e-05	-3.7740802449591850887073032042773219e+00	1.0834156295408242565098587830325150e-03	2.8452425545368714964149767780092887e-02
4.7653043863385191681901292222374568e-05	-3.6677375788212326904863630957292910e+00	8.3100111536664607435890936704941325e-04	2.4931312194776150018015108322988160e-02
5.9810629501256601996370420038428672e-05	-3.5736516980474106380699459663479015e+00	6.6155615283614751543402997296886101e-04	2.2252072971297066051580848942903531e-02
7.2997156344749704129104710517431314e-05	-3.4890609703756687469761239975118273e+00	5.4175489709599606636184258679799694e-04	2.0141206012454301376421673007794440e-02
8.7149632768819917023322149880009327e-05	-3.4120552732813126862442101616017207e+00	4.5360230814768084990257040887160869e-04	1.8432761714047708045791174972970237e-02
1.0221204593787963959090287979850627e-04	-3.3412563929876058284314663182380981e+00	3.8664744558594554825150210930761363e-04	1.7020049089205585330593897344042171e-02
1.1813401307201799655449820618448654e-04	-3.2756360238209972214659287484190646e+00	3.3446351023797315245679050128329023e-04	1.5831268113888633177494749831701934e-02
1.3486978844556951081055175575030512e-04	-3.2144057565023459867044112882368753e+00	2.9291160580000626346557310682561646e-04	1.4816276324656315780682217126288652e-02
1.5237751119950377913988351429558792e-04	-3.1569473125287721306119544079506675e+00	2.5922277128458412527585685021245124e-04	1.3938966325114573689274680728527050e-02
1.7061862198222654067823282851979992e-04	-3.1027665193019224144202765039237563e+00	2.3148433969813769480413943234314934e-04	1.3172657990704358630620709707651232e-02
1.8955740145668692539327138130624874e-04	-3.0514619254854953197634726231379812e+00	2.0833863614467882765112143765910423e-04	1.2497198312272064316355779261661531e-02
2.0916059897512254651548419908462115e-04	-3.0027027884107547456634109770342286e+00	1.8879902173006808422092598734098007e-04	1.1897072371789477192647156591339374e-02
2.2939712939661682126891554911003471e-04	-2.9562132556946425078818479742366419e+00	1.7213365808557825811444844778108409e-04	1.1360136095378808241117539607089921e-02
2.5023782235776644914427012375263681e-04	-2.9117607553305900620585772875450895e+00	1.5778983946188756384045767574642681e-04	1.0876744035718034247209364970954521e-02
2.7165521257442490597447375779348177e-04	-2.8691473148747918428416035794068054e+00	1.4534342910894847820386477373377057e-04	1.0439135370218959253624293186641755e-02
2.9362336269926348641057974850907449e-04	-2.8282029630631893448456881915433246e+00	1.3446428096545073272030082451069165e-04	1.0040992967021957993312818995430025e-02
3.1611771233933644232519461674853110e-04	-2.7887806401320936426293240710857645e+00	1.2489210105235140289547832656247771e-04	9.6771210564980409403769631378093833e-03
3.3911494833383798859071847999478009e-04	-2.7507522197868553501552422741125205e+00	1.1641928266611869593733454297058992e-04	9.3432058154942485904072316203057833e-03
3.6259289248723155720900964546866422e-04	-2.7140053627923040218659492557588320e+00	1.0887849566232372356237556353372573e-04	9.0356349575103488279033688159267141e-03
3.8653040376694449565940577037460731e-04	-2.6784410013037027423091001070483569e+00	1.0213357662757427920850715896000497e-04	8.7513599989498524542193119671529203e-03
4.1090729258850899502451641143776929e-04	-2.6439713075925708385384239123386911e+00	9.6072749433687894125331930105724690e-05	8.4877898471892411097353661012371245e-03
4.3570424527963150143722768837993032e-04	-2.6105180390437533285874945357295281e+00	9.0603516195145419021185944143052671e-05	8.2427076870984894361184541461088206e-03
4.6090275717668032391411271090886483e-04	-2.5780111785067066925060798906193111e+00	8.5648762339314891245161955830187049e-05	8.0142054119740354440991892918463341e-03
4.8648507308974297440950468886248947e-04	-2.5463878087263651323854381609667120e+00	8.1143755503613078285904334104910528e-05	7.8006314159710778358162605090635108e-03
5.1243413409529021888415761186801428e-04	-2.5155911739463129258209151419520108e+00	7.7033810280023960210619564141346480e-05	7.6005486690350626858408783929189961e-03
5.3873352979283470088656696974223299e-04	-2.4855698924130962592396964292539893e+00	7.3272454425255097928681221742920224e-05	7.4127007815984028632322335269929660e-03
5.6536745530428051230923112213792005e-04	-2.4562772914725042725866769723822790e+00	6.9819976586811115151522250542547998e-05	7.2359843334252420887255158441844951e-03
5.9232067240974393539930015576876834e-04	-2.4276708429707423541830749788870579e+00	6.6642267040366312814521710990798147e-05	7.0694261548429746190829153469982076e-03
6.1957847430737118366965923230173462e-04	-2.3997116812722612219269848992270530e+00	6.3709885456615454880946774683942894e-05	6.9121645539132268007800735612815669e-03
6.4712665356156206681364164096936021e-04	-2.3723641897496086748618068328819184e+00	6.0997306029466075818963870771488543e-05	6.7634337106299712053944857705502140e-03
6.7495147286746337825604907649244742e-04	-2.3455956443541741013885144677031895e+00	5.8482302238009665442467740405279713e-05	6.6225506304181574709311007300649259e-03
7.0303963831228016536407786774282168e-04	-2.3193759050331561703043895798345431e+00	5.6145442340528029126498439520622965e-05	6.4889041791471992050584274401569196e-03
7.3137827485794012509052867603224008e-04	-2.2936771474594799698039836066846650e+00	5.3969673282660590809119965118913757e-05	6.3619458213337280769105352155792632e-03
7.5995490380656564050580731307956104e-04	-2.2684736288931146449466714824314348e+00	5.1939975655981979537594948611721554e-05	6.2411817599373931733532369764203915e-03
7.8875742204134919658747068706827811e-04	-2.2437414830732222394978464545885251e+00	5.0043076101574398583503609735689629e-05	6.1261662357868148122841880337194700e-03
8.1777408286181877567801326357474297e-04	-2.2194585399103994337119821429879023e+00	4.8267206426400767239645912859894085e-05	6.0164957913443317449666033291082936e-03
8.4699347825494436440882606311910734e-04	-2.1956041664523100928563628868390858e+00	4.6601900912899162151531422605338167e-05	5.9118043402875387340343873361587829e-03
8.7640452246273957403961343149290907e-04	-2.1721591261690190413065314803068540e+00	4.5037825017906278370508026406315795e-05	5.8117589135356888373560444526145984e-03
9.0599643672349273974078869245951601e-04	-2.1491054540731710058528978128714625e+00	4.3566629996113859138262147856514258e-05	5.7160559755963791351567236631198002e-03
9.3575873507795940536386243177374693e-04	-2.1264263455756765366938643985702237e+00	4.2180829034943244196553218073842405e-05	5.6244182237527424748051788075664088e-03
9.6568121114412320777324007329029525e-04	-2.1041060572960860577526474932470430e+00	4.0873691318573760373833207658663652e-05	5.5365917976453305520227999767347295e-03
9.9575392577478167263545235589011984e-04	-2.0821298183111923365458372899957510e+00	3.9639151098954369196656128813755396e-05	5.4523438389874164829012912591849270e-03
1.0259671955214829181626234083732823e-03	-2.0604837505457595912772096173114790e+00	3.8471729378879766904702615085057504e-05	5.3714603510758757308508126959602514e-03
1.0563115818364328375811555056843095e-03	-2.0391547971937168630951525051517301e+00	3.7366466235517855216775765549339556e-05	5.2937443158794121792248864140480726e-03
1.0867778809510803258921165631809561e-03	-2.0181306582131384032103956753875437e+00	3.6318862154294410950474744073064801e-05	5.2190140331591724458822564708310720e-03
1.1173571143763132482138184310390430e-03	-1.9973997320690602121279345578391207e+00	3.5324827019867062907428801263953804e-05	5.1471016515847426102267040822175894e-03
1.1480405199746801527659872392023438e-03	-1.9769510630088452536897879540944368e+00	3.4380635636316153301569164056109614e-05	5.0778518663731918373481780865082402e-03
1.1788195435598935436179969534842025e-03	-1.9567742932488139901830531138720943e+00	3.3482888832989316011847239483609594e-05	5.0111207617765523428539131460324036e-03
1.2096858309831556895316208509444135e-03	-1.9368596195309750378369551326539984e+00	3.2628479363770772209118923961964752e-05	4.9467747799146143973478418900004521e-03
1.2406312206696504219613443782064532e-03	-1.9171977535771919938539510933627309e+00	3.1814561932297078950059835730208982e-05	4.8846898001079682581400977382992768e-03
1.2716477365719263897251994339326331e-03	-1.8977798860268708135286002966456776e+00	3.1038526778869208064166470978958910e-05	4.8247503151016681560741361106207077e-03
1.3027275815099120151567713229705702e-03	-1.8785976534947846307923505602421841e+00	3.0297976350541951752444552537531728e-05	4.7668486924561709714387460600851534e-03
1.3338631308699956018880396690971890e-03	-1.8596431084292418844928283329189403e+00	2.9590704647322004244003444686488718e-05	4.7108845109789456955487405125787512e-03
1.3650469266380149696163837256531824e-03	-1.8409086914885058485747187517453095e+00	2.8914678897156248769472542465641570e-05	4.6567639634259665866459028604466642e-03
1.3962716717431635379601096432315221e-03	-1.8223872061860700285158245618653442e+00	2.8268023262520838287876960461244165e-05	4.6043993178569644018991562051353806e-03
1.4275302246917632789172796827058644e-03	-1.8040717955838210145221566841664460e+00	2.7649004323611199605331771546587197e-05	4.5537084310144765132855691312986639e-03
1.4588155944716048441526762729621245e-03	-1.7859559208368962650524820420043895e+00	2.7056018118748426574050617481164689e-05	4.5046143079413232046439264316539254e-03
1.4901209357091335684291785471321180e-03	-1.7680333414156889847377142958698345e+00	2.6487578552771244887983570108790534e-05	4.4570447027763998730352983501789026e-03
1.5214395440631862328367002426793369e-03	-1.7502980968494046954004507293234189e+00	2.5942307009784684243649704626736782e-05	4.4109317562930767448445297980387031e-03
1.5527648518402742833674100032716892e-03	-1.7327444898522058150686570171014341e+00	2.5418923028433398266842149086811299e-05	4.3662116662834049625796519319249577e-03
1.5840904238175793885306356794812891e-03	-1.7153670707076069183157182535158245e+00	2.4916235916473919092390735066265752e-05	4.3228243873575676082280279480107673e-03
1.6154099532608897239110619789310812e-03	-1.6981606227996727488652436484282333e+00	2.4433137197343718937253091814498173e-05	4.2807133571323258870525891544323420e-03
1.6467172581256715700123861126336681e-03	-1.6811201491909525129272088116611952e+00	2.3968593795086401717108410608109579e-05	4.2398252461336116870753213398913853e-03
1.6780062774303507277060940758037603e-03	-1.6642408601571534124041817878654731e+00	2.3521641875741197292963189031365415e-05	4.2001097290445004857400690467471558e-03
1.7092710677916807438236291185043888e-03	-1.6475181615974817812599934871355337e+00	2.3091381273432479903525641456935773e-05	4.1615192751969729274923060066661227e-03
1.7405058001128078265172150178879811e-03	-1.6309476442475059707505959934261316e+00	2.2676970438144733697191852699304951e-05	4.1240089564395648704813079291433247e-03
1.7717047564153125533661392620860323e-03	-1.6145250736284456974707632167956206e+00	2.2277621849744262052632256335029506e-05	4.0875362707178182673678779739109760e-03
1.8028623268071221934848933846534510e-03	-1.5982463806730753401393457681161910e+00	2.1892597849382410571532945119918831e-05	4.0520609798842952928648857025281083e-03
1.8339730065787501549707848927143911e-03	-1.5821076529740365951779482693919385e+00	2.1521206845130557312773941828709572e-05	4.0175449604131450746324839718124969e-03
1.8650313934208356097154844945605550e-03	-1.5661051266053695740139500624915815e+00	2.1162799853676574307598508163115047e-05	3.9839520658336702421566743851077907e-03
1.8960321847564310920865377349653842e-03	-1.5502351784725608750285009384698031e+00	2.0816767344259124368573658286778735e-05	3.9512479998204739250649288855117061e-03
1.9269701751819227066693007523903500e-03	-1.5344943191504333564249514712725050e+00	2.0482536354817633210172571174905566e-05	3.9194001989866753631647047181233532e-03
1.9578402540108699953740745245315846e-03	-1.5188791861718184518995949817033125e+00	2.0159567853666577623979373246045281e-05	3.8883777245231692141532136786761322e-03
1.9886374029154236273402753943292321e-03	-1.5033865377332043818242169481577605e+00	1.9847354322926366101952538130697489e-05	3.8581511619125261501994757701343216e-03
2.0193566936603216886140764889002609e-03	-1.4880132467864832052749100409781290e+00	1.9545417542513811422475005162678005e-05	3.8286925280222345790808768494511647e-03
2.0499932859247819820018559590506305e-03	-1.4727562954885620164042784423298274e+00	1.9253306555759447383474055063522424e-05	3.7999751849497285909645461835724635e-03
2.0805424252079006690559477951759367e-03	-1.4576127699829900623804647177242718e+00	1.8970595799716561757947132589293876e-05	3.7719737600520441765916641197881581e-03
2.1109994408134388406835497850746483e-03	-1.4425798554899117383031758463517771e+00	1.8696883384992045462723843315967465e-05	3.7446640716468705928296061544051212e-03
2.1413597439101300362820366155576795e-03	-1.4276548316826096158899085564019897e+00	1.8431789511491481462292555695336487e-05	3.7180230599199789871670424663272694e-03
2.1716188256638750120444970804498129e-03	-1.4128350683306733576947448004186209e+00	1.8174955007855758507185428028352162e-05	3.6920287226171807842669027509759601e-03
2.2017722554384066971053022871765611e-03	-1.3981180211914385423196970246571993e+00	1.7926039983595887268137207407159290e-05	3.6666600551376743954135496280648511e-03
2.2318156790612096397034456404616114e-03	-1.3835012281328008915400999588668698e+00	1.7684722584025665055057344101424652e-05	3.6418969946803883282664544458763474e-03
2.2617448171516655757599775141587470e-03	-1.3689823054718410589697036946303552e+00	1.7450697839064901925091862029131445e-05	3.6177203681261666581827822694810100e-03
2.2915554635085711765538940619742309e-03	-1.3545589445149062559288265330317471e+00	1.7223676597853442939364663252816558e-05	3.5941118433667595055299338761382620e-03
2.3212434835543365756413725131424354e-03	-1.3402289082858993332857878484395817e+00	1.7003384541890696003477266599892622e-05	3.5710538838169198041398506106596573e-03
2.3508048128333248709566702563800776e-03	-1.3259900284305339999333409375248141e+00	1.6789561270107698311035669324993716e-05	3.5485297058687703103514615388499164e-03
2.3802354555619342965476733503962438e-03	-1.3118402022852359963355603040527987e+00	1.6581959449898442251172035963259805e-05	3.5265232390682577783558499800103470e-03
2.4095314832281569354170525451532394e-03	-1.2977773901002126113842878831891973e+00	1.6380344028692556230931668231494304e-05	3.5050190888121896040872041534194724e-03
2.4386890332384714089177086753109600e-03	-1.2837996124069844044922519295707434e+00	1.6184491501149787494717361289664107e-05	3.4840025013812598541152935066565862e-03
2.4677043076100425767194660127872833e-03	-1.2699049475213800619513165848687234e+00	1.5994189227504458347928034272542588e-05	3.4634593311398004474430168628821017e-03
2.4965735717063095071383035139586499e-03	-1.2560915291736439735656563738828611e+00	1.5809234798990783202793172061217319e-05	3.4433760097469024628493527038971320e-03
2.5252931530141443734003425393231794e-03	-1.2423575442579017440922595381792732e+00	1.5629435446642585258309887140303140e-05	3.4237395172361868964879725776281960e-03
2.5538594399608599948459516208745069e-03	-1.2287012306937762896479346684022141e+00	1.5454607490087894039509097426314814e-05	3.4045373548329923902188655909616542e-03
2.5822688807694329298361977152212020e-03	-1.2151208753934507618451515528196127e+00	1.5284575823253981226510587655000313e-05	3.3857575193882040238114696271706965e-03
2.6105179823503927586571366812735812e-03	-1.2016148123279382093646014558713262e+00	1.5119173434164997033876107235502932e-05	3.3673884793174742687258000258584221e-03
2.6386033092289068556377622917492826e-03	-1.1881814206867451597084162539143216e+00	1.4958240956255505891881735237942388e-05	3.3494191519432756842768252219559991e-03
2.6665214825056638948134461464466071e-03	-1.1748191231255103705270464422216906e+00	1.4801626248841548196964966893866921e-05	3.3318388821451562207844299835709816e-03
2.6942691788502288895246338308673305e-03	-1.1615263840965637400597413046242416e+00	1.4649184004588733304547194098228870e-05	3.3146374222308147996701338971912792e-03
2.7218431295256080344959209115056573e-03	-1.1483017082576863845030116443436693e+00	1.4500775381996392237298578012820835e-05	3.2978049129472422708018825507950441e-03
2.7492401194428232769904107298774137e-03	-1.1351436389546635445936000163487332e+00	1.4356267661079848786514566692111248e-05	3.2813318655572392516929284243247137e-03
2.7764569862443546480349767506466884e-03	-1.1220507567735094113332299619423183e+00	1.4215533920581062074128720491081938e-05	3.2652091449121800839783834836159194e-03
2.8034906194153631724060082430926427e-03	-1.1090216781585091000795025101410144e+00	1.4078452735172728986554561895275444e-05	3.2494279534569882226723592032060610e-03
2.8303379594216588661347779356776220e-03	-1.0960550540924696132988362653855351e+00	1.3944907891243728600934598480912034e-05	3.2339798161079650830269214172809819e-03
2.8569959968734271254591816800901204e-03	-1.0831495688358003147800077214493656e+00	1.3814788119965719358982837091338810e-05	3.2188565659484097631476562126123666e-03
2.8834617717137728991381722882644653e-03	-1.0703039387212556471987944010177600e+00	1.3687986846442815217081421511804784e-05	3.2040503306909154243344706914061170e-03
2.9097323724311855908188336972009201e-03	-1.0575169110013698855095058778709049e+00	1.3564401953839510793709081531162642e-05	3.1895535198588603673704373920980923e-03
2.9358049352950688210284888077016660e-03	-1.0447872627457968380925749998306255e+00	1.3443935561467241172240169054073721e-05	3.1753588126429559064413982026236998e-03
2.9616766436135181390663304363013134e-03	-1.0321137997859376871337607725865440e+00	1.3326493815887906040531247893431177e-05	3.1614591463917942371378113780655934e-03
2.9873447270125666526198516808822960e-03	-1.0194953557043986046117482539041070e+00	1.3211986694164039473022851630965865e-05	3.1478477056981804352348698126196706e-03
3.0128064607361534665278986235726330e-03	-1.0069307908669673089544889705066455e+00	1.3100327818450676283030986638593499e-05	3.1345179120456541621445421370520550e-03
3.0380591649661029118949617301258882e-03	-9.9441899149493517967214447960991420e-01	1.2991434281183902579031637129864843e-05	3.1214634139820273054101354667011986e-03
3.0631002041614339145223435887891710e-03	-9.8195886877571969157433011974649027e-01	1.2885226480176076356730137137724983e-05	3.1086780777890006206670466433411640e-03
3.0879269864163486014516973063102965e-03	-9.6954935800986147033487082800006577e-01	1.2781627962978209241167344037193323e-05	3.0961559786189908709701441991475220e-03
3.1125369628362774732962645708079720e-03	-9.5718941779258185224187943368910637e-01	1.2680565279916414828444052320213932e-05	3.0838913920722139762415158488065601e-03
3.1369276269313852683784564565471816e-03	-9.4487802922819104464142645931962902e-01	1.2581967845252015409139214925385868e-05	3.0718787861888420156120471156795842e-03
3.1610965140269670968414341176357216e-03	-9.3261419517573437296449965568252940e-01	1.2485767805954185186282876573491121e-05	3.0601128138326941490848275737048066e-03
3.1850412006901886075830585216213534e-03	-9.2039693952435516422545942509990120e-01	1.2391899917610191111916247146211372e-05	3.0485883054444441890313544584379606e-03
3.2087593041726469416002677511463602e-03	-9.0822530649693801412296995916097148e-01	1.2300301427031640742669724028443889e-05	3.0373002621437402696048360396944833e-03
3.2322484818682510908424992580886871e-03	-8.9609835998067593726131105760996088e-01	1.2210911961145903410981516744921860e-05	3.0262438491609436020994889158891913e-03
3.2555064307859410862029171383500391e-03	-8.8401518288327959592599155641429061e-01	1.2123673421790257202644711954597230e-05	3.0154143895804116716141309439974080e-03
3.2785308870367852419353123423213491e-03	-8.7197487651361680007063142088853343e-01	1.2038529886052530001930261790901716e-05	3.0048073583783837383341157329245463e-03
3.3013196253350135428406375477299489e-03	-8.5997655998563609950766043398057893e-01	1.1955427511826230123959713425689531e-05	2.9944183767395798415733417601139121e-03
3.3238704585125632277212342768787698e-03	-8.4801936964448985296539685447668384e-01	1.1874314448270566159843314153114701e-05	2.9842432066376047839188606327389298e-03
3.3461812370467297472397010799508224e-03	-8.3610245851382993848456564143252768e-01	1.1795140750886487044353604735916189e-05	2.9742777456651613975808251596005355e-03
3.3682498486005326027486686423737504e-03	-8.2422499576330352493716842688586471e-01	1.1717858300939068973799518510505197e-05	2.9645180221009278974716319998463613e-03
3.3900742175754211483169753194920040e-03	-8.1238616619532729496081329809703929e-01	1.1642420728974360434126747490370950e-05	2.9549601902007470112186356620670188e-03
3.4116523046759603018387138165141913e-03	-8.0058516975026641698271978160685862e-01	1.1568783342195284019283551174812855e-05	2.9456005257015141627733253320797015e-03
3.4329821064861503010619072357131925e-03	-7.8882122102918961338118486366885887e-01	1.1496903055476487740098592203186344e-05	2.9364354215268422376536840524584933e-03
3.4540616550570481925859481545341747e-03	-7.7709354883341405312030501756945248e-01	1.1426738325812233936536399964986291e-05	2.9274613836842250162621045928733872e-03
3.4748890175053716901661613007824812e-03	-7.6540139572009368634872367449411179e-01	1.1358249090004597328351256346109225e-05	2.9186750273440235756202417089583088e-03
3.4954622956227784148317646084881452e-03	-7.5374401757314219858035644507792513e-01	1.1291396705411494373269659538729744e-05	2.9100730730911629097381854083868247e-03
3.5157796254955253632933682216334681e-03	-7.4212068318881714445679688688449849e-01	1.1226143893585456420224629334471156e-05	2.9016523433409525404552057609957042e-03
3.5358391771342247710571479961888283e-03	-7.3053067387532516612269884929499276e-01	1.1162454686644655506979152812730900e-05	2.8934097589109375960914245410500950e-03
3.5556391541134233691054776092488715e-03	-7.1897328306583963929050457108911750e-01	1.1100294376227554858969579630984626e-05	2.8853423357411481322767075512094622e-03
3.5751777932207424029470251072509542e-03	-7.0744781594435174224395732442276226e-01	1.1039629464891741946825591776364539e-05	2.8774471817555465783928282649561432e-03
3.5944533641153257138498234406616355e-03	-6.9595358908380392191257879173535327e-01	1.0980427619826061499897985274668435e-05	2.8697214938578781633541206439264057e-03
3.6134641689953526963753957943564477e-03	-6.8448993009598114144661354671226903e-01	1.0922657628753146106910676163003843e-05	2.8621625550555088981462501125339384e-03
3.6322085422743820649032791639121590e-03	-6.7305617729266023286330477987822250e-01	1.0866289357906886096516623197969037e-05	2.8547677317051919178946973909117281e-03
3.6506848502663011044714393434539353e-03	-6.6165167935754123702625063732151804e-01	1.0811293711976327928972521440003630e-05	2.8475344708750373294514883911013698e-03
3.6688914908786634666570450319347903e-03	-6.5027579502850687594758800859394043e-01	1.0757642595913977813205825000973640e-05	2.8404602978172746665651395256132283e-03
3.6868268933142066170505797491310527e-03	-6.3892789278977734790225912829362772e-01	1.0705308878512548253652771057835904e-05	2.8335428135466920072922737235547474e-03
3.7044895177803477638340864804762212e-03	-6.2760735057354753752281468925748597e-01	1.0654266357659850635419511626268573e-05	2.8267796925199130387506856121562607e-03
3.7218778552064645128541801464246724e-03	-6.1631355547071255937658521098696680e-01	1.0604489727186835253156742832161950e-05	2.8201686804109340498325857022440156e-03
3.7389904269687736183238265871077868e-03	-6.0504590345030536841649198672730206e-01	1.0555954545228737634902898637610575e-05	2.8137075919785880937366066985281264e-03
3.7558257846226280440361251232029096e-03	-5.9380379908728703380388446770459484e-01	1.0508637204023930828604346636088088e-05	2.8073943090218344100637448847819004e-03
3.7723825096420591311202373664202375e-03	-5.8258665529834623965399024593073361e-01	1.0462514901079429863327248791817707e-05	2.8012267784189885782471999048740662e-03
3.7886592131663969976007743660126297e-03	-5.7139389308537969932706349150482868e-01	1.0417565611636067517499946804715396e-05	2.7952030102472136700567919177753223e-03
3.8046545357538083843611601570767871e-03	-5.6022494128633949766414417057756946e-01	1.0373768062370178903295659091513425e-05	2.7893210759787856962258152933131147e-03
3.8203671471415970229592793869334722e-03	-5.4907923633314695357616327158735649e-01	1.0331101706272213851018271657014255e-05	2.7835791067508286606913464952058311e-03
3.8357957460131172439144352383347002e-03	-5.3795622201638546623860848360506661e-01	1.0289546698646056970237888349405917e-05	2.7779752917053862521519030943464608e-03
3.8509390597711569798410689984062730e-03	-5.2685534925649701169414145777623635e-01	1.0249083874175990681435722124094627e-05	2.7725078763968592741569903495963453e-03
3.8657958443176515558904487557165537e-03	-5.1577607588121853025768419421340298e-01	1.0209694725011200442830932423879612e-05	2.7671751612639909539010224332213401e-03
3.8803648838395947096314447688675396e-03	-5.0471786640900542372457177936300587e-01	1.0171361379820506804894381319740129e-05	2.7619755001637268464940777397158926e-03
3.8946449906010181525500286562871533e-03	-4.9368019183819979777256711443277961e-01	1.0134066583772627827879110220725923e-05	2.7569072989644126971104386541891609e-03
3.9086350047409156841350017529746354e-03	-4.8266252944171096984051776481399841e-01	1.0097793679399738943480531668661615e-05	2.7519690141959228335448401906515906e-03
3.9223337940769924049966885484911468e-03	-4.7166436256698514496361131817508018e-01	1.0062526588304415876846082083297804e-05	2.7471591517544338985558282540081203e-03
3.9357402539151239552026592399781751e-03	-4.6068518044105006856471456193258504e-01	1.0028249793672229377096157162303529e-05	2.7424762656596744263650175465100022e-03
3.9488533068644149352134359375789297e-03	-4.4972447798042892139268489153643212e-01	9.9949483235543171594601019244184819e-06	2.7379189568625903236872627214360618e-03
3.9616719026577497563224527215444160e-03	-4.3878175560572575145363514645557331e-01	9.9626077348861969376240932471446443e-06	2.7334858721014701091055460252299646e-03
3.9741950179777331218859608230903080e-03	-4.2785651906069236323596321859915226e-01	9.9312140982109124382558054209320830e-06	2.7291757028046721473496819505051668e-03
3.9864216562879211661028497967796615e-03	-4.1694827923559382675936799208030142e-01	9.9007539830763290224326381596068979e-06	2.7249871840381894161929787280305535e-03
3.9983508476692479796164893539289994e-03	-4.0605655199469664768345673731828309e-01	9.8712144440780236773770009711339062e-06	2.7209190934963758712134460328627160e-03
4.0099816486615558364340796906951554e-03	-3.9518085800771017340231886650801061e-01	9.8425830075207519155247923841822991e-06	2.7169702505342425159185794873576726e-03
4.0213131421101409100106370678770535e-03	-3.8432072258501801612068953748336240e-01	9.8148476586729273325585887938683652e-06	2.7131395152398111118187866409527347e-03
4.0323444370172296329995832421264504e-03	-3.7347567551654216870211582218386155e-01	9.7879968295899236464113015101539299e-06	2.7094257875450893281298914043887357e-03
4.0430746683983041200763457910036348e-03	-3.6264525091408808796622062874215920e-01	9.7620193874833090181530106883620318e-06	2.7058280063743032713224713577657933e-03
4.0535029971431982411259880165954396e-03	-3.5182898705702433753710162349383030e-01	9.7369046236143530607831898162001326e-06	2.7023451488280919735106606177031640e-03
4.0636286098818890074774491563610678e-03	-3.4102642624115543189094834833549114e-01	9.7126422426913125806625084620629893e-06	2.6989762294024337648688561692860516e-03
4.0734507188549109210998120226967967e-03	-3.3023711463065131768995053693010409e-01	9.6892223527511068886609016221677203e-06	2.6957202992411367054025059966209713e-03
4.0829685617883238399027151905748043e-03	-3.1946060211290147983119826142521308e-01	9.6666354555070413178623335702035936e-06	2.6925764454207845902185262316621260e-03
4.0921814017731677354845770027351130e-03	-3.0869644215616597917655111149774723e-01	9.6448724371452319989240291275518064e-06	2.6895437902670866437179616154427609e-03
4.1010885271493404666676664572214378e-03	-2.9794419166989982728101853855583128e-01	9.6239245595533293513314585481413475e-06	2.6866214907016330454400942061401071e-03
4.1096892513938373666142609663811312e-03	-2.8720341086763099058669744366244577e-01	9.6037834519660353152141645318562056e-06	2.6838087376181100376965892741396316e-03
4.1179829130132940467548363121144983e-03	-2.7647366313227600188207879613153158e-01	9.5844411030127630439240725895559123e-06	2.6811047552870776978773994222921416e-03
4.1259688754407763605628907210630676e-03	-2.6575451488378064916368601999951481e-01	9.5658898531536003897931550599136466e-06	2.6785088007884606533863562012211501e-03
4.1336465269367639476385761940183408e-03	-2.5504553544897651966723961895626314e-01	9.5481223874905126629282186412576204e-06	2.6760201634709472039100813827278371e-03
4.1410152804942761967506053071662737e-03	-2.4434629693354730754469783262904992e-01	9.5311317289414582873814676259035377e-06	2.6736381644375356163425961181329681e-03
4.1480745737480918284545433501727660e-03	-2.3365637409600175476211971145605142e-01	9.5149112317657954370418173236344582e-06	2.6713621560565078877448672633927365e-03
4.1548238688880156065696456381613784e-03	-2.2297534422355289314214434722821056e-01	9.4994545754300306868740578816417302e-06	2.6691915214971511406016410279818371e-03
4.1612626525761479459686652672400020e-03	-2.1230278700980589750891179350616698e-01	9.4847557588036042205562502879827968e-06	2.6671256742895851259897332183536000e-03
4.1673904358681153945330981419767340e-03	-2.0163828443415935164368952980091458e-01	9.4708090946750221342778809754527923e-06	2.6651640579080911623926117762633473e-03
4.1732067541382221323781939051103528e-03	-1.9098142064282707587442671688987371e-01	9.4576092045792367024330507545185625e-06	2.6633061453773733241210884473889256e-03
4.1787111670084847541017414537128806e-03	-1.8033178183138987288608270656923061e-01	9.4451510139277418589336470488229034e-06	2.6615514389012169023539946750477197e-03
4.1839032582815146823233165636502467e-03	-1.6968895612878862168881350986518513e-01	9.4334297474333952408628256570512939e-06	2.6598994695130421781420727790332282e-03
4.1887826358772146055477233149021149e-03	-1.5905253348267209322618031824348035e-01	9.4224409248225014973554486139922219e-06	2.6583497967478834508027449494541108e-03
4.1933489317732573427301171925755929e-03	-1.4842210554601467913925141820376549e-01	9.4121803568271956657866112271059372e-06	2.6569020083353541337799133271939323e-03
4.1976018019493175130986923692382125e-03	-1.3779726556492092171827082870206034e-01	9.4026441414516516672246597291535127e-06	2.6555557199131886366623818144607162e-03
4.2015409263350283350017742140907375e-03	-1.2717760826753531177767131046068533e-01	9.3938286605061107148420359262020365e-06	2.6543105747609807669228064749243875e-03
4.2051660087616377939318573043702762e-03	-1.1656272975397728551360335194704163e-01	9.3857305764031789426784528310251952e-06	2.6531662435537665754441381607846824e-03
4.2084767769173403095300952956242731e-03	-1.0595222738722270451268143644292782e-01	9.3783468292112840719242900196596677e-06	2.6521224241351270007759509307119912e-03
4.2114729823062618963338134289631149e-03	-9.5345699684854347889187268324710569e-02	9.3716746339606086106528888940273507e-06	2.6511788413095124006101893181192455e-03
4.2141544002110786552957394302776613e-03	-8.4742746211605084703718869390701896e-02	9.3657114781972330569467177929950608e-06	2.6503352466535171552648451582546186e-03
4.2165208296592502546356329373521868e-03	-7.4142967472618430791244185352231704e-02	9.3604551197816279285689447995859999e-06	2.6495914183458580450750543885042689e-03
4.2185720933928518613050698658464135e-03	-6.3545964807352129104216595324456063e-02	9.3559035849280292204348120600900525e-06	2.6489471610158350977466246487532962e-03
4.2203080378419897701434707068471897e-03	-5.2951340284051228638783399876154449e-02	9.3520551664816191055301976586590812e-06	2.6484023056100781275163040379867300e-03
4.2217285331017877485375563200030471e-03	-4.2358696594717875725766159188417506e-02	9.3489084224308133264383406683637081e-06	2.6479567092774062985092714551039279e-03
4.2228334729129328719004481681252602e-03	-3.1767636950505674489786493408690806e-02	9.3464621746523297271369319979488241e-06	2.6476102552716517918150966244922739e-03
4.2236227746457713713707096291804643e-03	-2.1177764977467021961447905918171742e-02	9.3447155078870796785894914659549675e-06	2.6473628528723220902163222631029532e-03
4.2240963792879467515859872875694707e-03	-1.0588684612582278819879187226612214e-02	9.3436677689452866671115770431763526e-06	2.6472144373229985659265154086757237e-03
4.2242542514355741649840662866819222e-03	0.0000000000000000000000000000000000e+00	9.3433185661395949348986825719132890e-06	2.6471649697873920140410205019474679e-03
4.2240963792879467515859872875694707e-03	1.0588684612582278819879187226612214e-02	9.3436677689452866671115770431763526e-06	2.6472144373229985659265154086757237e-03
4.2236227746457713713707096291804643e-03	2.1177764977467021961447905918171742e-02	9.3447155078870796785894914659549675e-06	2.6473628528723220902163222631029532e-03
4.2228334729129328719004481681252602e-03	3.1767636950505674489786493408690806e-02	9.3464621746523297271369319979488241e-06	2.6476102552716517918150966244922739e-03
4.2217285331017877485375563200030471e-03	4.2358696594717875725766159188417506e-02	9.3489084224308133264383406683637081e-06	2.6479567092774062985092714551039279e-03
4.2203080378419897701434707068471897e-03	5.2951340284051228638783399876154449e-02	9.3520551664816191055301976586590812e-06	2.6484023056100781275163040379867300e-03
4.2185720933928518613050698658464135e-03	6.3545964807352129104216595324456063e-02	9.3559035849280292204348120600900525e-06	2.6489471610158350977466246487532962e-03
4.2165208296592502546356329373521868e-03	7.4142967472618430791244185352231704e-02	9.3604551197816279285689447995859999e-06	2.6495914183458580450750543885042689e-03
4.2141544002110786552957394302776613e-03	8.4742746211605084703718869390701896e-02	9.3657114781972330569467177929950608e-06	2.6503352466535171552648451582546186e-03
4.2114729823062618963338134289631149e-03	9.5345699684854347889187268324710569e-02	9.3716746339606086106528888940273507e-06	2.6511788413095124006101893181192455e-03
4.2084767769173403095300952956242731e-03	1.0595222738722270451268143644292782e-01	9.3783468292112840719242900196596677e-06	2.6521224241351270007759509307119912e-03
4.2051660087616377939318573043702762e-03	1.1656272975397728551360335194704163e-01	9.3857305764031789426784528310251952e-06	2.6531662435537665754441381607846824e-03
4.2015409263350283350017742140907375e-03	1.2717760826753531177767131046068533e-01	9.3938286605061107148420359262020365e-06	2.6543105747609807669228064749243875e-03
4.1976018019493175130986923692382125e-03	1.3779726556492092171827082870206034e-01	9.4026441414516516672246597291535127e-06	2.6555557199131886366623818144607162e-03
4.1933489317732573427301171925755929e-03	1.4842210554601467913925141820376549e-01	9.4121803568271956657866112271059372e-06	2.6569020083353541337799133271939323e-03
4.1887826358772146055477233149021149e-03	1.5905253348267209322618031824348035e-01	9.4224409248225014973554486139922219e-06	2.6583497967478834508027449494541108e-03
4.1839032582815146823233165636502467e-03	1.6968895612878862168881350986518513e-01	9.4334297474333952408628256570512939e-06	2.6598994695130421781420727790332282e-03
4.1787111670084847541017414537128806e-03	1.8033178183138987288608270656923061e-01	9.4451510139277418589336470488229034e-06	2.6615514389012169023539946750477197e-03
4.1732067541382221323781939051103528e-03	1.9098142064282707587442671688987371e-01	9.4576092045792367024330507545185625e-06	2.6633061453773733241210884473889256e-03
4.1673904358681153945330981419767340e-03	2.0163828443415935164368952980091458e-01	9.4708090946750221342778809754527923e-06	2.6651640579080911623926117762633473e-03
4.1612626525761479459686652672400020e-03	2.1230278700980589750891179350616698e-01	9.4847557588036042205562502879827968e-06	2.6671256742895851259897332183536000e-03
4.1548238688880156065696456381613784e-03	2.2297534422355289314214434722821056e-01	9.4994545754300306868740578816417302e-06	2.6691915214971511406016410279818371e-03
4.1480745737480918284545433501727660e-03	2.3365637409600175476211971145605142e-01	9.5149112317657954370418173236344582e-06	2.6713621560565078877448672633927365e-03
4.1410152804942761967506053071662737e-03	2.4434629693354730754469783262904992e-01	9.5311317289414582873814676259035377e-06	2.6736381644375356163425961181329681e-03
4.1336465269367639476385761940183408e-03	2.5504553544897651966723961895626314e-01	9.5481223874905126629282186412576204e-06	2.6760201634709472039100813827278371e-03
4.1259688754407763605628907210630676e-03	2.6575451488378064916368601999951481e-01	9.5658898531536003897931550599136466e-06	2.6785088007884606533863562012211501e-03
4.1179829130132940467548363121144983e-03	2.7647366313227600188207879613153158e-01	9.5844411030127630439240725895559123e-06	2.6811047552870776978773994222921416e-03
4.1096892513938373666142609663811312e-03	2.8720341086763099058669744366244577e-01	9.6037834519660353152141645318562056e-06	2.6838087376181100376965892741396316e-03
4.1010885271493404666676664572214378e-03	2.9794419166989982728101853855583128e-01	9.6239245595533293513314585481413475e-06	2.6866214907016330454400942061401071e-03
4.0921814017731677354845770027351130e-03	3.0869644215616597917655111149774723e-01	9.6448724371452319989240291275518064e-06	2.6895437902670866437179616154427609e-03
4.0829685617883238399027151905748043e-03	3.1946060211290147983119826142521308e-01	9.6666354555070413178623335702035936e-06	2.6925764454207845902185262316621260e-03
4.0734507188549109210998120226967967e-03	3.3023711463065131768995053693010409e-01	9.6892223527511068886609016221677203e-06	2.6957202992411367054025059966209713e-03
4.0636286098818890074774491563610678e-03	3.4102642624115543189094834833549114e-01	9.7126422426913125806625084620629893e-06	2.6989762294024337648688561692860516e-03
4.0535029971431982411259880165954396e-03	3.5182898705702433753710162349383030e-01	9.7369046236143530607831898162001326e-06	2.7023451488280919735106606177031640e-03
4.0430746683983041200763457910036348e-03	3.6264525091408808796622062874215920e-01	9.7620193874833090181530106883620318e-06	2.7058280063743032713224713577657933e-03
4.0323444370172296329995832421264504e-03	3.7347567551654216870211582218386155e-01	9.7879968295899236464113015101539299e-06	2.7094257875450893281298914043887357e-03
4.0213131421101409100106370678770535e-03	3.8432072258501801612068953748336240e-01	9.8148476586729273325585887938683652e-06	2.7131395152398111118187866409527347e-03
4.0099816486615558364340796906951554e-03	3.9518085800771017340231886650801061e-01	9.8425830075207519155247923841822991e-06	2.7169702505342425159185794873576726e-03
3.9983508476692479796164893539289994e-03	4.0605655199469664768345673731828309e-01	9.8712144440780236773770009711339062e-06	2.7209190934963758712134460328627160e-03
3.9864216562879211661028497967796615e-03	4.1694827923559382675936799208030142e-01	9.9007539830763290224326381596068979e-06	2.7249871840381894161929787280305535e-03
3.9741950179777331218859608230903080e-03	4.2785651906069236323596321859915226e-01	9.9312140982109124382558054209320830e-06	2.7291757028046721473496819505051668e-03
3.9616719026577497563224527215444160e-03	4.3878175560572575145363514645557331e-01	9.9626077348861969376240932471446443e-06	2.7334858721014701091055460252299646e-03
3.9488533068644149352134359375789297e-03	4.4972447798042892139268489153643212e-01	9.9949483235543171594601019244184819e-06	2.7379189568625903236872627214360618e-03
3.9357402539151239552026592399781751e-03	4.6068518044105006856471456193258504e-01	1.0028249793672229377096157162303529e-05	2.7424762656596744263650175465100022e-03
3.9223337940769924049966885484911468e-03	4.7166436256698514496361131817508018e-01	1.0062526588304415876846082083297804e-05	2.7471591517544338985558282540081203e-03
3.9086350047409156841350017529746354e-03	4.8266252944171096984051776481399841e-01	1.0097793679399738943480531668661615e-05	2.7519690141959228335448401906515906e-03
3.8946449906010181525500286562871533e-03	4.9368019183819979777256711443277961e-01	1.0134066583772627827879110220725923e-05	2.7569072989644126971104386541891609e-03
3.8803648838395947096314447688675396e-03	5.0471786640900542372457177936300587e-01	1.0171361379820506804894381319740129e-05	2.7619755001637268464940777397158926e-03
3.8657958443176515558904487557165537e-03	5.1577607588121853025768419421340298e-01	1.0209694725011200442830932423879612e-05	2.7671751612639909539010224332213401e-03
3.8509390597711569798410689984062730e-03	5.2685534925649701169414145777623635e-01	1.0249083874175990681435722124094627e-05	2.7725078763968592741569903495963453e-03
3.8357957460131172439144352383347002e-03	5.3795622201638546623860848360506661e-01	1.0289546698646056970237888349405917e-05	2.7779752917053862521519030943464608e-03
3.8203671471415970229592793869334722e-03	5.4907923633314695357616327158735649e-01	1.0331101706272213851018271657014255e-05	2.7835791067508286606913464952058311e-03
3.8046545357538083843611601570767871e-03	5.6022494128633949766414417057756946e-01	1.0373768062370178903295659091513425e-05	2.7893210759787856962258152933131147e-03
3.7886592131663969976007743660126297e-03	5.7139389308537969932706349150482868e-01	1.0417565611636067517499946804715396e-05	2.7952030102472136700567919177753223e-03
3.7723825096420591311202373664202375e-03	5.8258665529834623965399024593073361e-01	1.0462514901079429863327248791817707e-05	2.8012267784189885782471999048740662e-03
3.7558257846226280440361251232029096e-03	5.9380379908728703380388446770459484e-01	1.0508637204023930828604346636088088e-05	2.8073943090218344100637448847819004e-03
3.7389904269687736183238265871077868e-03	6.0504590345030536841649198672730206e-01	1.0555954545228737634902898637610575e-05	2.8137075919785880937366066985281264e-03
3.7218778552064645128541801464246724e-03	6.1631355547071255937658521098696680e-01	1.0604489727186835253156742832161950e-05	2.8201686804109340498325857022440156e-03
3.7044895177803477638340864804762212e-03	6.2760735057354753752281468925748597e-01	1.0654266357659850635419511626268573e-05	2.8267796925199130387506856121562607e-03
3.6868268933142066170505797491310527e-03	6.3892789278977734790225912829362772e-01	1.0705308878512548253652771057835904e-05	2.8335428135466920072922737235547474e-03
3.6688914908786634666570450319347903e-03	6.5027579502850687594758800859394043e-01	1.0757642595913977813205825000973640e-05	2.8404602978172746665651395256132283e-03
3.6506848502663011044714393434539353e-03	6.6165167935754123702625063732151804e-01	1.0811293711976327928972521440003630e-05	2.8475344708750373294514883911013698e-03
3.6322085422743820649032791639121590e-03	6.7305617729266023286330477987822250e-01	1.0866289357906886096516623197969037e-05	2.8547677317051919178946973909117281e-03
3.6134641689953526963753957943564477e-03	6.8448993009598114144661354671226903e-01	1.0922657628753146106910676163003843e-05	2.8621625550555088981462501125339384e-03
3.5944533641153257138498234406616355e-03	6.9595358908380392191257879173535327e-01	1.0980427619826061499897985274668435e-05	2.8697214938578781633541206439264057e-03
3.5751777932207424029470251072509542e-03	7.0744781594435174224395732442276226e-01	1.1039629464891741946825591776364539e-05	2.8774471817555465783928282649561432e-03
3.5556391541134233691054776092488715e-03	7.1897328306583963929050457108911750e-01	1.1100294376227554858969579630984626e-05	2.8853423357411481322767075512094622e-03
3.5358391771342247710571479961888283e-03	7.3053067387532516612269884929499276e-01	1.1162454686644655506979152812730900e-05	2.8934097589109375960914245410500950e-03
3.5157796254955253632933682216334681e-03	7.4212068318881714445679688688449849e-01	1.1226143893585456420224629334471156e-05	2.9016523433409525404552057609957042e-03
3.4954622956227784148317646084881452e-03	7.5374401757314219858035644507792513e-01	1.1291396705411494373269659538729744e-05	2.9100730730911629097381854083868247e-03
3.4748890175053716901661613007824812e-03	7.6540139572009368634872367449411179e-01	1.1358249090004597328351256346109225e-05	2.9186750273440235756202417089583088e-03
3.4540616550570481925859481545341747e-03	7.7709354883341405312030501756945248e-01	1.1426738325812233936536399964986291e-05	2.9274613836842250162621045928733872e-03
3.4329821064861503010619072357131925e-03	7.8882122102918961338118486366885887e-01	1.1496903055476487740098592203186344e-05	2.9364354215268422376536840524584933e-03
3.4116523046759603018387138165141913e-03	8.0058516975026641698271978160685862e-01	1.1568783342195284019283551174812855e-05	2.9456005257015141627733253320797015e-03
3.3900742175754211483169753194920040e-03	8.1238616619532729496081329809703929e-01	1.1642420728974360434126747490370950e-05	2.9549601902007470112186356620670188e-03
3.3682498486005326027486686423737504e-03	8.2422499576330352493716842688586471e-01	1.1717858300939068973799518510505197e-05	2.9645180221009278974716319998463613e-03
3.3461812370467297472397010799508224e-03	8.3610245851382993848456564143252768e-01	1.1795140750886487044353604735916189e-05	2.9742777456651613975808251596005355e-03
3.3238704585125632277212342768787698e-03	8.4801936964448985296539685447668384e-01	1.1874314448270566159843314153114701e-05	2.9842432066376047839188606327389298e-03
3.3013196253350135428406375477299489e-03	8.5997655998563609950766043398057893e-01	1.1955427511826230123959713425689531e-05	2.9944183767395798415733417601139121e-03
3.2785308870367852419353123423213491e-03	8.7197487651361680007063142088853343e-01	1.2038529886052530001930261790901716e-05	3.0048073583783837383341157329245463e-03
3.2555064307859410862029171383500391e-03	8.8401518288327959592599155641429061e-01	1.2123673421790257202644711954597230e-05	3.0154143895804116716141309439974080e-03
3.2322484818682510908424992580886871e-03	8.9609835998067593726131105760996088e-01	1.2210911961145903410981516744921860e-05	3.0262438491609436020994889158891913e-03
3.2087593041726469416002677511463602e-03	9.0822530649693801412296995916097148e-01	1.2300301427031640742669724028443889e-05	3.0373002621437402696048360396944833e-03
3.1850412006901886075830585216213534e-03	9.2039693952435516422545942509990120e-01	1.2391899917610191111916247146211372e-05	3.0485883054444441890313544584379606e-03
3.1610965140269670968414341176357216e-03	9.3261419517573437296449965568252940e-01	1.2485767805954185186282876573491121e-05	3.0601128138326941490848275737048066e-03
3.1369276269313852683784564565471816e-03	9.4487802922819104464142645931962902e-01	1.2581967845252015409139214925385868e-05	3.0718787861888420156120471156795842e-03
3.1125369628362774732962645708079720e-03	9.5718941779258185224187943368910637e-01	1.2680565279916414828444052320213932e-05	3.0838913920722139762415158488065601e-03
3.0879269864163486014516973063102965e-03	9.6954935800986147033487082800006577e-01	1.2781627962978209241167344037193323e-05	3.0961559786189908709701441991475220e-03
3.0631002041614339145223435887891710e-03	9.8195886877571969157433011974649027e-01	1.2885226480176076356730137137724983e-05	3.1086780777890006206670466433411640e-03
3.0380591649661029118949617301258882e-03	9.9441899149493517967214447960991420e-01	1.2991434281183902579031637129864843e-05	3.1214634139820273054101354667011986e-03
3.0128064607361534665278986235726330e-03	1.0069307908669673089544889705066455e+00	1.3100327818450676283030986638593499e-05	3.1345179120456541621445421370520550e-03
2.9873447270125666526198516808822960e-03	1.0194953557043986046117482539041070e+00	1.3211986694164039473022851630965865e-05	3.1478477056981804352348698126196706e-03
2.9616766436135181390663304363013134e-03	1.0321137997859376871337607725865440e+00	1.3326493815887906040531247893431177e-05	3.1614591463917942371378113780655934e-03
2.9358049352950688210284888077016660e-03	1.0447872627457968380925749998306255e+00	1.3443935561467241172240169054073721e-05	3.1753588126429559064413982026236998e-03
2.9097323724311855908188336972009201e-03	1.0575169110013698855095058778709049e+00	1.3564401953839510793709081531162642e-05	3.1895535198588603673704373920980923e-03
2.8834617717137728991381722882644653e-03	1.0703039387212556471987944010177600e+00	1.3687986846442815217081421511804784e-05	3.2040503306909154243344706914061170e-03
2.8569959968734271254591816800901204e-03	1.0831495688358003147800077214493656e+00	1.3814788119965719358982837091338810e-05	3.2188565659484097631476562126123666e-03
2.8303379594216588661347779356776220e-03	1.0960550540924696132988362653855351e+00	1.3944907891243728600934598480912034e-05	3.2339798161079650830269214172809819e-03
2.8034906194153631724060082430926427e-03	1.1090216781585091000795025101410144e+00	1.4078452735172728986554561895275444e-05	3.2494279534569882226723592032060610e-03
2.7764569862443546480349767506466884e-03	1.1220507567735094113332299619423183e+00	1.4215533920581062074128720491081938e-05	3.2652091449121800839783834836159194e-03
2.7492401194428232769904107298774137e-03	1.1351436389546635445936000163487332e+00	1.4356267661079848786514566692111248e-05	3.2813318655572392516929284243247137e-03
2.7218431295256080344959209115056573e-03	1.1483017082576863845030116443436693e+00	1.4500775381996392237298578012820835e-05	3.2978049129472422708018825507950441e-03
2.6942691788502288895246338308673305e-03	1.1615263840965637400597413046242416e+00	1.4649184004588733304547194098228870e-05	3.3146374222308147996701338971912792e-03
2.6665214825056638948134461464466071e-03	1.1748191231255103705270464422216906e+00	1.4801626248841548196964966893866921e-05	3.3318388821451562207844299835709816e-03
2.6386033092289068556377622917492826e-03	1.1881814206867451597084162539143216e+00	1.4958240956255505891881735237942388e-05	3.3494191519432756842768252219559991e-03
2.6105179823503927586571366812735812e-03	1.2016148123279382093646014558713262e+00	1.5119173434164997033876107235502932e-05	3.3673884793174742687258000258584221e-03
2.5822688807694329298361977152212020e-03	1.2151208753934507618451515528196127e+00	1.5284575823253981226510587655000313e-05	3.3857575193882040238114696271706965e-03
2.5538594399608599948459516208745069e-03	1.2287012306937762896479346684022141e+00	1.5454607490087894039509097426314814e-05	3.4045373548329923902188655909616542e-03
2.5252931530141443734003425393231794e-03	1.2423575442579017440922595381792732e+00	1.5629435446642585258309887140303140e-05	3.4237395172361868964879725776281960e-03
2.4965735717063095071383035139586499e-03	1.2560915291736439735656563738828611e+00	1.5809234798990783202793172061217319e-05	3.4433760097469024628493527038971320e-03
2.4677043076100425767194660127872833e-03	1.2699049475213800619513165848687234e+00	1.5994189227504458347928034272542588e-05	3.4634593311398004474430168628821017e-03
2.4386890332384714089177086753109600e-03	1.2837996124069844044922519295707434e+00	1.6184491501149787494717361289664107e-05	3.4840025013812598541152935066565862e-03
2.4095314832281569354170525451532394e-03	1.2977773901002126113842878831891973e+00	1.6380344028692556230931668231494304e-05	3.5050190888121896040872041534194724e-03
2.3802354555619342965476733503962438e-03	1.3118402022852359963355603040527987e+00	1.6581959449898442251172035963259805e-05	3.5265232390682577783558499800103470e-03
2.3508048128333248709566702563800776e-03	1.3259900284305339999333409375248141e+00	1.6789561270107698311035669324993716e-05	3.5485297058687703103514615388499164e-03
2.3212434835543365756413725131424354e-03	1.3402289082858993332857878484395817e+00	1.7003384541890696003477266599892622e-05	3.5710538838169198041398506106596573e-03
2.2915554635085711765538940619742309e-03	1.3545589445149062559288265330317471e+00	1.7223676597853442939364663252816558e-05	3.5941118433667595055299338761382620e-03
2.2617448171516655757599775141587470e-03	1.3689823054718410589697036946303552e+00	1.7450697839064901925091862029131445e-05	3.6177203681261666581827822694810100e-03
2.2318156790612096397034456404616114e-03	1.3835012281328008915400999588668698e+00	1.7684722584025665055057344101424652e-05	3.6418969946803883282664544458763474e-03
2.2017722554384066971053022871765611e-03	1.3981180211914385423196970246571993e+00	1.7926039983595887268137207407159290e-05	3.6666600551376743954135496280648511e-03
2.1716188256638750120444970804498129e-03	1.4128350683306733576947448004186209e+00	1.8174955007855758507185428028352162e-05	3.6920287226171807842669027509759601e-03
2.1413597439101300362820366155576795e-03	1.4276548316826096158899085564019897e+00	1.8431789511491481462292555695336487e-05	3.7180230599199789871670424663272694e-03
2.1109994408134388406835497850746483e-03	1.4425798554899117383031758463517771e+00	1.8696883384992045462723843315967465e-05	3.7446640716468705928296061544051212e-03
2.0805424252079006690559477951759367e-03	1.4576127699829900623804647177242718e+00	1.8970595799716561757947132589293876e-05	3.7719737600520441765916641197881581e-03
2.0499932859247819820018559590506305e-03	1.4727562954885620164042784423298274e+00	1.9253306555759447383474055063522424e-05	3.7999751849497285909645461835724635e-03
2.0193566936603216886140764889002609e-03	1.4880132467864832052749100409781290e+00	1.9545417542513811422475005162678005e-05	3.8286925280222345790808768494511647e-03
1.9886374029154236273402753943292321e-03	1.5033865377332043818242169481577605e+00	1.9847354322926366101952538130697489e-05	3.8581511619125261501994757701343216e-03
1.9578402540108699953740745245315846e-03	1.5188791861718184518995949817033125e+00	2.0159567853666577623979373246045281e-05	3.8883777245231692141532136786761322e-03
1.9269701751819227066693007523903500e-03	1.5344943191504333564249514712725050e+00	2.0482536354817633210172571174905566e-05	3.9194001989866753631647047181233532e-03
1.8960321847564310920865377349653842e-03	1.5502351784725608750285009384698031e+00	2.0816767344259124368573658286778735e-05	3.9512479998204739250649288855117061e-03
1.8650313934208356097154844945605550e-03	1.5661051266053695740139500624915815e+00	2.1162799853676574307598508163115047e-05	3.9839520658336702421566743851077907e-03
1.8339730065787501549707848927143911e-03	1.5821076529740365951779482693919385e+00	2.1521206845130557312773941828709572e-05	4.0175449604131450746324839718124969e-03
1.8028623268071221934848933846534510e-03	1.5982463806730753401393457681161910e+00	2.1892597849382410571532945119918831e-05	4.0520609798842952928648857025281083e-03
1.7717047564153125533661392620860323e-03	1.6145250736284456974707632167956206e+00	2.2277621849744262052632256335029506e-05	4.0875362707178182673678779739109760e-03
1.7405058001128078265172150178879811e-03	1.6309476442475059707505959934261316e+00	2.2676970438144733697191852699304951e-05	4.1240089564395648704813079291433247e-03
1.7092710677916807438236291185043888e-03	1.6475181615974817812599934871355337e+00	2.3091381273432479903525641456935773e-05	4.1615192751969729274923060066661227e-03
1.6780062774303507277060940758037603e-03	1.6642408601571534124041817878654731e+00	2.3521641875741197292963189031365415e-05	4.2001097290445004857400690467471558e-03
1.6467172581256715700123861126336681e-03	1.6811201491909525129272088116611952e+00	2.3968593795086401717108410608109579e-05	4.2398252461336116870753213398913853e-03
1.6154099532608897239110619789310812e-03	1.6981606227996727488652436484282333e+00	2.4433137197343718937253091814498173e-05	4.2807133571323258870525891544323420e-03
1.5840904238175793885306356794812891e-03	1.7153670707076069183157182535158245e+00	2.4916235916473919092390735066265752e-05	4.3228243873575676082280279480107673e-03
1.5527648518402742833674100032716892e-03	1.7327444898522058150686570171014341e+00	2.5418923028433398266842149086811299e-05	4.3662116662834049625796519319249577e-03
1.5214395440631862328367002426793369e-03	1.7502980968494046954004507293234189e+00	2.5942307009784684243649704626736782e-05	4.4109317562930767448445297980387031e-03
1.4901209357091335684291785471321180e-03	1.7680333414156889847377142958698345e+00	2.6487578552771244887983570108790534e-05	4.4570447027763998730352983501789026e-03
1.4588155944716048441526762729621245e-03	1.7859559208368962650524820420043895e+00	2.7056018118748426574050617481164689e-05	4.5046143079413232046439264316539254e-03
1.4275302246917632789172796827058644e-03	1.8040717955838210145221566841664460e+00	2.7649004323611199605331771546587197e-05	4.5537084310144765132855691312986639e-03
1.3962716717431635379601096432315221e-03	1.8223872061860700285158245618653442e+00	2.8268023262520838287876960461244165e-05	4.6043993178569644018991562051353806e-03
1.3650469266380149696163837256531824e-03	1.8409086914885058485747187517453095e+00	2.8914678897156248769472542465641570e-05	4.6567639634259665866459028604466642e-03
1.3338631308699956018880396690971890e-03	1.8596431084292418844928283329189403e+00	2.9590704647322004244003444686488718e-05	4.7108845109789456955487405125787512e-03
1.3027275815099120151567713229705702e-03	1.8785976534947846307923505602421841e+00	3.0297976350541951752444552537531728e-05	4.7668486924561709714387460600851534e-03
1.2716477365719263897251994339326331e-03	1.8977798860268708135286002966456776e+00	3.1038526778869208064166470978958910e-05	4.8247503151016681560741361106207077e-03
1.2406312206696504219613443782064532e-03	1.9171977535771919938539510933627309e+00	3.1814561932297078950059835730208982e-05	4.8846898001079682581400977382992768e-03
1.2096858309831556895316208509444135e-03	1.9368596195309750378369551326539984e+00	3.2628479363770772209118923961964752e-05	4.9467747799146143973478418900004521e-03
1.1788195435598935436179969534842025e-03	1.9567742932488139901830531138720943e+00	3.3482888832989316011847239483609594e-05	5.0111207617765523428539131460324036e-03
1.1480405199746801527659872392023438e-03	1.9769510630088452536897879540944368e+00	3.4380635636316153301569164056109614e-05	5.0778518663731918373481780865082402e-03
1.1173571143763132482138184310390430e-03	1.9973997320690602121279345578391207e+00	3.5324827019867062907428801263953804e-05	5.1471016515847426102267040822175894e-03
1.0867778809510803258921165631809561e-03	2.0181306582131384032103956753875437e+00	3.6318862154294410950474744073064801e-05	5.2190140331591724458822564708310720e-03
1.0563115818364328375811555056843095e-03	2.0391547971937168630951525051517301e+00	3.7366466235517855216775765549339556e-05	5.2937443158794121792248864140480726e-03
1.0259671955214829181626234083732823e-03	2.0604837505457595912772096173114790e+00	3.8471729378879766904702615085057504e-05	5.3714603510758757308508126959602514e-03
9.9575392577478167263545235589011984e-04	2.0821298183111923365458372899957510e+00	3.9639151098954369196656128813755396e-05	5.4523438389874164829012912591849270e-03
9.6568121114412320777324007329029525e-04	2.1041060572960860577526474932470430e+00	4.0873691318573760373833207658663652e-05	5.5365917976453305520227999767347295e-03
9.3575873507795940536386243177374693e-04	2.1264263455756765366938643985702237e+00	4.2180829034943244196553218073842405e-05	5.6244182237527424748051788075664088e-03
9.0599643672349273974078869245951601e-04	2.1491054540731710058528978128714625e+00	4.3566629996113859138262147856514258e-05	5.7160559755963791351567236631198002e-03
8.7640452246273957403961343149290907e-04	2.1721591261690190413065314803068540e+00	4.5037825017906278370508026406315795e-05	5.8117589135356888373560444526145984e-03
8.4699347825494436440882606311910734e-04	2.1956041664523100928563628868390858e+00	4.6601900912899162151531422605338167e-05	5.9118043402875387340343873361587829e-03
8.1777408286181877567801326357474297e-04	2.2194585399103994337119821429879023e+00	4.8267206426400767239645912859894085e-05	6.0164957913443317449666033291082936e-03
7.8875742204134919658747068706827811e-04	2.2437414830732222394978464545885251e+00	5.0043076101574398583503609735689629e-05	6.1261662357868148122841880337194700e-03
7.5995490380656564050580731307956104e-04	2.2684736288931146449466714824314348e+00	5.1939975655981979537594948611721554e-05	6.2411817599373931733532369764203915e-03
7.3137827485794012509052867603224008e-04	2.2936771474594799698039836066846650e+00	5.3969673282660590809119965118913757e-05	6.3619458213337280769105352155792632e-03
7.0303963831228016536407786774282168e-04	2.3193759050331561703043895798345431e+00	5.6145442340528029126498439520622965e-05	6.4889041791471992050584274401569196e-03
6.7495147286746337825604907649244742e-04	2.3455956443541741013885144677031895e+00	5.8482302238009665442467740405279713e-05	6.6225506304181574709311007300649259e-03
6.4712665356156206681364164096936021e-04	2.3723641897496086748618068328819184e+00	6.0997306029466075818963870771488543e-05	6.7634337106299712053944857705502140e-03
6.1957847430737118366965923230173462e-04	2.3997116812722612219269848992270530e+00	6.3709885456615454880946774683942894e-05	6.9121645539132268007800735612815669e-03
5.9232067240974393539930015576876834e-04	2.4276708429707423541830749788870579e+00	6.6642267040366312814521710990798147e-05	7.0694261548429746190829153469982076e-03
5.6536745530428051230923112213792005e-04	2.4562772914725042725866769723822790e+00	6.9819976586811115151522250542547998e-05	7.2359843334252420887255158441844951e-03
5.3873352979283470088656696974223299e-04	2.4855698924130962592396964292539893e+00	7.3272454425255097928681221742920224e-05	7.4127007815984028632322335269929660e-03
5.1243413409529021888415761186801428e-04	2.5155911739463129258209151419520108e+00	7.7033810280023960210619564141346480e-05	7.6005486690350626858408783929189961e-03
4.8648507308974297440950468886248947e-04	2.5463878087263651323854381609667120e+00	8.1143755503613078285904334104910528e-05	7.8006314159710778358162605090635108e-03
4.6090275717668032391411271090886483e-04	2.5780111785067066925060798906193111e+00	8.5648762339314891245161955830187049e-05	8.0142054119740354440991892918463341e-03
4.3570424527963150143722768837993032e-04	2.6105180390437533285874945357295281e+00	9.0603516195145419021185944143052671e-05	8.2427076870984894361184541461088206e-03
4.1090729258850899502451641143776929e-04	2.6439713075925708385384239123386911e+00	9.6072749433687894125331930105724690e-05	8.4877898471892411097353661012371245e-03
3.8653040376694449565940577037460731e-04	2.6784410013037027423091001070483569e+00	1.0213357662757427920850715896000497e-04	8.7513599989498524542193119671529203e-03
3.6259289248723155720900964546866422e-04	2.7140053627923040218659492557588320e+00	1.0887849566232372356237556353372573e-04	9.0356349575103488279033688159267141e-03
3.3911494833383798859071847999478009e-04	2.7507522197868553501552422741125205e+00	1.1641928266611869593733454297058992e-04	9.3432058154942485904072316203057833e-03
3.1611771233933644232519461674853110e-04	2.7887806401320936426293240710857645e+00	1.2489210105235140289547832656247771e-04	9.6771210564980409403769631378093833e-03
2.9362336269926348641057974850907449e-04	2.8282029630631893448456881915433246e+00	1.3446428096545073272030082451069165e-04	1.0040992967021957993312818995430025e-02
2.7165521257442490597447375779348177e-04	2.8691473148747918428416035794068054e+00	1.4534342910894847820386477373377057e-04	1.0439135370218959253624293186641755e-02
2.5023782235776644914427012375263681e-04	2.9117607553305900620585772875450895e+00	1.5778983946188756384045767574642681e-04	1.0876744035718034247209364970954521e-02
2.2939712939661682126891554911003471e-04	2.9562132556946425078818479742366419e+00	1.7213365808557825811444844778108409e-04	1.1360136095378808241117539607089921e-02
2.0916059897512254651548419908462115e-04	3.0027027884107547456634109770342286e+00	1.8879902173006808422092598734098007e-04	1.1897072371789477192647156591339374e-02
1.8955740145668692539327138130624874e-04	3.0514619254854953197634726231379812e+00	2.0833863614467882765112143765910423e-04	1.2497198312272064316355779261661531e-02
1.7061862198222654067823282851979992e-04	3.1027665193019224144202765039237563e+00	2.3148433969813769480413943234314934e-04	1.3172657990704358630620709707651232e-02
1.5237751119950377913988351429558792e-04	3.1569473125287721306119544079506675e+00	2.5922277128458412527585685021245124e-04	1.3938966325114573689274680728527050e-02
1.3486978844556951081055175575030512e-04	3.2144057565023459867044112882368753e+00	2.9291160580000626346557310682561646e-04	1.4816276324656315780682217126288652e-02
1.1813401307201799655449820618448654e-04	3.2756360238209972214659287484190646e+00	3.3446351023797315245679050128329023e-04	1.5831268113888633177494749831701934e-02
1.0221204593787963959090287979850627e-04	3.3412563929876058284314663182380981e+00	3.8664744558594554825150210930761363e-04	1.7020049089205585330593897344042171e-02
8.7149632768819917023322149880009327e-05	3.4120552732813126862442101616017207e+00	4.5360230814768084990257040887160869e-04	1.8432761714047708045791174972970237e-02
7.2997156344749704129104710517431314e-05	3.4890609703756687469761239975118273e+00	5.4175489709599606636184258679799694e-04	2.0141206012454301376421673007794440e-02
5.9810629501256601996370420038428672e-05	3.5736516980474106380699459663479015e+00	6.6155615283614751543402997296886101e-04	2.2252072971297066051580848942903531e-02
4.7653043863385191681901292222374568e-05	3.6677375788212326904863630957292910e+00	8.3100111536664607435890936704941325e-04	2.4931312194776150018015108322988160e-02
3.6596267047440052079051185933387651e-05	3.7740802449591850887073032042773219e+00	1.0834156295408242565098587830325150e-03	2.8452425545368714964149767780092887e-02
2.6723831948555582923052258507566051e-05	3.8968985978101900641504111744961070e+00	1.4867518603180130051088309951605215e-03	3.3301694980997984940085649600347094e-02
1.8135279992706321748491150679453112e-05	4.0431398278224497655016514346644089e+00	2.1994190912088298485669329682550288e-03	4.0438674233016829297397347362504548e-02
1.0953465843107035336019090698970987e-05	4.2255574444855782119351869660821062e+00	3.6732759790569252994174232670080198e-03	5.2070801908218751273043124183345719e-02
5.3381720958971745964355426803814683e-06	4.4720137952517752721937027063592842e+00	7.7414530084215857109620134046525669e-03	7.4746134053376778226068600055630974e-02
1.5065003034157917910460802867880775e-06	4.8678493774041294129538126818384703e+00	3.6566003932630887688033388955590495e-02	1.4297777179638605479886787655921759e-01
0.0000000000000000000000000000000000e+00	0.0000000000000000000000000000000000e+00	1.6182577237456899946003346559993552e-05	3.2420720126531001361925042406998915e-03