1.3015958515022181986529677917140295e-06	-4.8967047577630088384146818639984381e+00	3.6188984528352476077697527214909703e-02	1.4221776888618972665443693852615421e-01
4.6170834541835110387274521580703407e-06	-4.5030477728514042752291755986838269e+00	7.6519846511739464857566388843060148e-03	7.4310248234741145588775302175597260e-02
9.4822726725889915028596112921739339e-06	-4.2580762930034887935966752234451393e+00	3.6275020210114491590134240454411819e-03	5.1744346785246714672725205394205725e-02
1.5711446075027975843547839813770108e-05	-4.0768340833252848484812310263811003e+00	2.1703323112518253437532131780701685e-03	4.0169888711344777381585280702449685e-02
2.3167812245947353297647608940252222e-05	-3.9315880094045112799351343762734016e+00	1.4660871972491680851682678063398652e-03	3.3069159095892967207522408171640998e-02
3.1746165611511303225046066443534549e-05	-3.8096451717453973992018569828336343e+00	1.0676937333994933027257297972320763e-03	2.8245039167158423804023489199958620e-02
4.1361245388732185939503010503648570e-05	-3.7040921047547761254100279504359494e+00	8.1847184317317326757723899152591339e-04	2.4742518167832462017504058471981027e-02
5.1941487810145994000106978654993943e-05	-3.6107307768306651301180515183298502e+00	6.5123106846936013393059056240570291e-04	2.2077647070844352045670079101093254e-02
6.3425310784134888079414890989400911e-05	-3.5268134498937619862269177669536020e+00	5.3302808892590079704936424460154380e-04	1.9978253205767260686496403312712467e-02
7.5758727641150948428997858077498060e-05	-3.4504397604526398160909468666765337e+00	4.4607889990670533305330803837772386e-04	1.8279203487765114914742302272331557e-02
8.8893723950557081078919783564309186e-05	-3.3802386361744928054751377866192255e+00	3.8005755631366879893660723136604571e-04	1.6874338056152205447450423626798572e-02
1.0278710352073005557300547486307980e-04	-3.3151871696030714576152771411419088e+00	3.2861553225890852056265367529561222e-04	1.5692218290802579577651369064406815e-02
1.1739963872640671322428768871811095e-04	-3.2545011407806012505246817272547614e+00	2.8766519743794298445506833644517413e-04	1.4682956766540161041679384036315095e-02
1.3269542686154124346016800477605715e-04	-3.1975655939835789710564393178179500e+00	2.5447243357625659469809083855889659e-04	1.3810631559372127671141696942859740e-02
1.4864139093779969590628224088341806e-04	-3.1438890409018214229847100762940135e+00	2.2714900075523878859630908634942587e-04	1.3048700877803060934031189208974990e-02
1.6520688475315574672150636551433480e-04	-3.0930722329350074463608359305070615e+00	2.0435480745268890177608172477401823e-04	1.2377117132752354410920451841232343e-02
1.8236337511165689568462915763594932e-04	-3.0447862596313399538807249162213418e+00	1.8511616322776242550472337368925343e-04	1.1780447249955528110585102100190047e-02
2.0008418235094354195610863482231107e-04	-2.9987568107552864774278323412783690e+00	1.6871095587615435484649663798328121e-04	1.1246611732281783288185897425310230e-02
2.1834426575369974614781686488369936e-04	-2.9547526258899768785017910157845671e+00	1.5459391377313021783265656565622385e-04	1.0766016815283016456104262367918086e-02
2.3712004407025669536898040625560201e-04	-2.9125768584555723739836821973023021e+00	1.4234667073694424864623989983779276e-04	1.0330943564774608652935510545196831e-02
2.5638924390064894628652238568559230e-04	-2.8720605116488647131718624802223161e+00	1.3164362204890373735933400174744171e-04	9.9351091831843381631835358548107480e-03
2.7613077046351790720224680455095379e-04	-2.8330573754212777736875056439346878e+00	1.2222809211452737361554303063629254e-04	9.5733463291306224032639585783881258e-03
2.9632459655921240146227655721267518e-04	-2.7954400694204902808733807227949031e+00	1.1389538955798080073036290227202392e-04	9.2413649332771466788374880355880769e-03
3.1695166647131774589625360068005787e-04	-2.7590969132748706919453919328024112e+00	1.0648055698789019419226475980416891e-04	8.9355727220504784725517445805518983e-03
3.3799381224733463600372451843850473e-04	-2.7239294243536168042486573575678595e+00	9.9849380029275732744235234477997156e-05	8.6529382006659542108669210242335419e-03
3.5943368032432718795393175576669759e-04	-2.6898502973999619698990793361013028e+00	9.3891697101423778560005123945796056e-05	8.3908847980271990718243278195118484e-03
3.8125466686632385122228959800153730e-04	-2.6567817584657857521037554510867038e+00	8.8516358180194819025439432974722008e-05	8.1472081904861272056578812690806991e-03
4.0344086049001702342733143439892331e-04	-2.6246542126458612453540537093232695e+00	8.3647381980467736366812252645843622e-05	7.9200110795060401041771008423059138e-03
4.2597699129717955316472432289754313e-04	-2.5934051246531774184766878456516070e+00	7.9220995323070602680528304104808359e-05	7.7076512615560953348633280186844947e-03
4.4884838532294180977661405621794229e-04	-2.5629780855712303469805637243925664e+00	7.5183329610929760475337879711418047e-05	7.5086999269450263708945021965625331e-03
4.7204092366083675460377273020216119e-04	-2.5333220297010565100098189815574785e+00	7.1488612141915893268981691230811579e-05	7.3219079066097251037517466643969944e-03
4.9554100564729961322815057949153220e-04	-2.5043905733419956955338121426971223e+00	6.8097733858521416228161682663219801e-05	7.1461781501236956178249905942023672e-03
5.1933551558679228652363327682604837e-04	-2.4761414533362800949659338525200022e+00	6.4977106181089097569421619659083834e-05	6.9805431299450565611437038506825122e-03
5.4341179257894715303132001027495885e-04	-2.4485360477826216440292028584230938e+00	6.2097741806799107056986547075791411e-05	6.8241461706812868859348522414788915e-03
5.6775760307492004929348291609229058e-04	-2.4215389648491829940360561881517086e+00	5.9434510460875265389117710568771859e-05	6.6762259285182756415290380465503940e-03
5.9236111584444653836043736012220629e-04	-2.3951176883554716393509114428622704e+00	5.6965532372802678987696647796454807e-05	6.5361034162673419521694019637058066e-03
6.1721087908018321475075962450509425e-04	-2.3692422709378737734175862056530257e+00	5.4671680961469054308516637885628913e-05	6.4031710987546159041522295356000562e-03
6.4229579940356077627121682982960576e-04	-2.3438850673060028253017121161647892e+00	5.2536172710942293676078080431652619e-05	6.2768836822223130615471518550556948e-03
6.6760512256797224625854971593746304e-04	-2.3190205014416343594705505493898630e+00	5.0544227107582278679965974172813465e-05	6.1567502977421010210579562187328821e-03
6.9312841568177170932955227061479041e-04	-2.2946248626672568359140356806691735e+00	4.8682783217825047959167670474945114e-05	6.0423278379631101457207494851462289e-03
7.1885555079614564043137342539757499e-04	-2.2706761263764775444941229693090983e+00	4.6940262320997794044112139628801257e-05	5.9332152529444320793000426635228545e-03
7.4477668972214550645576420311086270e-04	-2.2471537959188054136751304642961564e+00	4.5306368194560512656594078958199363e-05	5.8290486473982269189557416458727941e-03
7.7088226995760558508256157641939788e-04	-2.2240387627012788797828253122857742e+00	4.3771918341801494238583273896418542e-05	5.7294970506660502670407341456952034e-03
7.9716299161877525778951303024883301e-04	-2.2013131820357232841990540553206946e+00	4.2328700773021669868774794692475027e-05	5.6342587538754644309592597612783171e-03
8.2360980528364665660278044489698904e-04	-2.1789603626438632198337530830053177e+00	4.0969351988645820630195028429982983e-05	5.5430581272699211692761130709452336e-03
8.5021390066446488686943798717094031e-04	-2.1569646680493129394569983967189411e+00	3.9687252632212956873709686932041758e-05	5.4556428456588815185559399805896300e-03
8.7696669603602312649380515620291394e-04	-2.1353114283483935322220346658911043e+00	3.8476437932241418674680619658054965e-05	5.3717814620546537656571573182114889e-03
9.0385982835427889418263047467793929e-04	-2.1139868610708847611597101818626397e+00	3.7331520571952296440975925762290423e-05	5.2912612794327390043947491287399629e-03
9.3088514400675535595961765434708228e-04	-2.0929780000252523886171121562839673e+00	3.6247624043281332650684649270945940e-05	5.2138864786284847792091210376177828e-03
9.5803469014225847073243240987880970e-04	-2.0722726311770286039796351460041444e+00	3.5220324878379409662754765348412488e-05	5.1394764670201866915707953642955819e-03
9.8530070653276920088089100465264547e-04	-2.0518592347390318557313211431482285e+00	3.4245602424761139483747683685820846e-05	5.0678644181269813629568833608815628e-03
1.0126756179250626633083406828470742e-03	-2.0317269327621664319502249279928816e+00	3.3319795052494033497607476877217181e-05	4.9988959767898210569532834721012454e-03
1.0401520268437496935820193719670040e-03	-2.0118654416090271455882657122127108e+00	3.2439561863532608478565446471848500e-05	4.9324281083809180800230177084787384e-03
1.0677227068111043084990495895031480e-03	-1.9922650287722089460901258686076712e+00	3.1601849122494074718137296290238946e-05	4.8683280736412630424481753897043942e-03
1.0953805959522954288636120742298117e-03	-1.9729164735673421167149191395930943e+00	3.0803860751149856357173299187923283e-05	4.8064725133893580730049548229386853e-03
1.1231187909575362177622278731064853e-03	-1.9538110312892948966107448841154442e+00	3.0043032330661984679118148018006840e-05	4.7467466295675085210091943323424018e-03
1.1509305413752450537174947035401978e-03	-1.9349404004702357254256222709428156e+00	2.9317008140095872488727821853862659e-05	4.6890434509679382142261342050873156e-03
1.1788092442126175763979434279592707e-03	-1.9162966929215922459890625631288152e+00	2.8623620830163197212512549199313920e-05	4.6332631735689477618121018870423912e-03
1.2067484388220730441830439736668439e-03	-1.8978724062794348114004845607785523e+00	2.7960873390035597907948230446047355e-05	4.5793125667596703166843781833964872e-03
1.2347418020538894438883505276981801e-03	-1.8796603988053246095044110075910661e+00	2.7326923114471898303862896671188775e-05	4.5271044378802528801546068975590055e-03
1.2627831436570054960166299282123799e-03	-1.8616538662229332696408882310936210e+00	2.6720067320076840071968672721079163e-05	4.4765571484849885358510952502524601e-03
1.2908664019114656770358548411916495e-03	-1.8438463203953765754554154508212727e+00	2.6138730594604117889112126746940385e-05	4.4275941765758161605979970955179922e-03
1.3189856394773355653533433277198459e-03	-1.8262315696697268837979510863315292e+00	2.5581453392927861600055424952011386e-05	4.3801437197748249599793648432076483e-03
1.3471350394461357109820755777753272e-03	-1.8088037007340135754819367235210467e+00	2.5046881818531683565575395368106821e-05	4.3341383350253152831709378552471651e-03
1.3753089015819472461372354251596044e-03	-1.7915570618485578361818853221139490e+00	2.4533758450839088977133102124568543e-05	4.2895146109468571874850747777119793e-03
1.4035016387403442173222735537709432e-03	-1.7744862473280309100431563059295246e+00	2.4040914097039426490449480650214217e-05	4.2462128694334115649087015734040361e-03
1.4317077734542172045561536885894104e-03	-1.7575860831634406010013427049136340e+00	2.3567260362750124470223395869125615e-05	4.2041768934856163174759965400922318e-03
1.4599219346763799393460943678356915e-03	-1.7408516136845669719045647674267944e+00	2.3111782949313347903432730264353500e-05	4.1633536786177602529910931375792368e-03
1.4881388546696039210114091877571219e-03	-1.7242780891733797369490593245618185e+00	2.2673535597097959375842273767746073e-05	4.1236932054843209773522401631296473e-03
1.5163533660354130368519613886493045e-03	-1.7078609543478438260689956796691490e+00	2.2251634604152896747292061393839992e-05	4.0851482316366047865520987783791101e-03
1.5445603988735976164641166446988612e-03	-1.6915958376433996218904993168769840e+00	2.1845253858175739755168464376016239e-05	4.0476741005523921392136873894593718e-03
1.5727549780649811324542627795033202e-03	-1.6754785412264141444253137651784168e+00	2.1453620327221402140017461747620943e-05	4.0112285662851403513777141861857145e-03
1.6009322206704981705670736724670135e-03	-1.6595050316801458033679069731904727e+00	2.1076009961049499011630859169136103e-05	3.9757716322581204895384936065774971e-03
1.6290873334401240199517205784034436e-03	-1.6436714313093406805655189394637728e+00	2.0711743960637313766028232087736621e-05	3.9412654028861890074104882422941286e-03
1.6572156104256384551449535985602957e-03	-1.6279740100145627902317406390664539e+00	2.0360185378288603557304103737086004e-05	3.9076739468465546912305070500486608e-03
1.6853124306916127216711386445501261e-03	-1.6124091776918240263507276355773812e+00	2.0020736015048470276305736799831795e-05	3.8749631709423290292567198598233238e-03
1.7133732561193827271460033607838659e-03	-1.5969734771170821682069451199684617e+00	1.9692833585877506842487764295009959e-05	3.8431007036109300929297977148480586e-03
1.7413936292991159602394509236443920e-03	-1.5816635772787702547324681282628853e+00	1.9375949126317818966673333330096185e-05	3.8120557872253416338546111485686060e-03
1.7693691715053973829233895271289005e-03	-1.5664762671247540664797829181465428e+00	1.9069584617261893490727744053325841e-05	3.7817991784213578670053379220363109e-03
1.7972955807520528660181101908221376e-03	-1.5514084496930268264876834318130524e+00	1.8773270806966085616594993467815339e-05	3.7523030557596069689262988224521783e-03
1.8251686299221998208812861998127092e-03	-1.5364571365980770292299470642941964e+00	1.8486565211679481563175066255915592e-05	3.7235409340984994359379013879909426e-03
1.8529841649697654628475796134337048e-03	-1.5216194428472377018994517250998882e+00	1.8209050278225305100117121691778257e-05	3.6954875851142941195019547573110755e-03
1.8807381031889453751925042723525258e-03	-1.5068925819634708261395965271194922e+00	1.7940331693609605645231895073017516e-05	3.6681189634580862642397699830784836e-03
1.9084264315482903061277898273758980e-03	-1.4922738613929832808692710013872069e+00	1.7680036828269738313392351626289900e-05	3.6414121380874564438967935605638315e-03
1.9360452050863088539092066403074339e-03	-1.4777606781778318556323625990267128e+00	1.7427813300938182933686925754269919e-05	3.6153452283534379216953418970333502e-03
1.9635905453656591691541206818589334e-03	-1.4633505148752735052877980990362874e+00	1.7183327654307211347750964321120649e-05	3.5898973444619398831329303325473529e-03
1.9910586389831752001796497919396963e-03	-1.4490409357070697873616901283111168e+00	1.6946264131755558034274436749871614e-05	3.5650485319633101188997506077321809e-03
2.0184457361331333891521760222666184e-03	-1.4348295829232761687397632655643897e+00	1.6716323546355849994868611583443148e-05	3.5407797199547754581765361536748906e-03
2.0457481492213150591797358646637475e-03	-1.4207141733662507763858806361554809e+00	1.6493222234235247315797731968298298e-05	3.5170726727084497819070072052613815e-03
2.0729622515275588927419879930730676e-03	-1.4066924952217149091959707208726395e+00	1.6276691085123843070968970486628232e-05	3.4939099444627889870021352637206009e-03
2.1000844759146276888942354628703310e-03	-1.3927624049446996560112513019291339e+00	1.6066474643606600174117607650592458e-05	3.4712748371381001698167217960346156e-03
2.1271113135813347285030281443845057e-03	-1.3789218243491285811462006255115731e+00	1.5862330275204333192430277623676554e-05	3.4491513607572433184849357221583859e-03
2.1540393128579882375060820396913739e-03	-1.3651687378506239512270718932183134e+00	1.5664027391955669830974719463426573e-05	3.4275241963712316924785280654674823e-03
2.1808650780423182243398952412068539e-03	-1.3515011898528908141425781020185944e+00	1.5471346732662227965939543387858743e-05	3.4063786613062484707894957911653675e-03
2.2075852682741489336760813952338105e-03	-1.3379172822687360530930840864431298e+00	1.5284079693399716789978231393316481e-05	3.3857006765638351111564980639680521e-03
2.2341965964471728117875747066195678e-03	-1.3244151721674242876165037094814091e+00	1.5102027704293846975603675056461866e-05	3.3654767362198333603063519346025612e-03
2.2606958281562686839194035669531438e-03	-1.3109930695406645293247968716159399e+00	1.4925001648916681854645888588638049e-05	3.3456938786802219497951632391906038e-03
2.2870797806788882270010367100476704e-03	-1.2976492351800656302066622215683762e+00	1.4752821322980667429340839449048962e-05	3.3263396596634086580536422072807340e-03
2.3133453219891111728669928177235927e-03	-1.2843819786593991101517696343523936e+00	1.4585314929297826505803055677830425e-05	3.3074021267889324884727326926426957e-03
2.3394893698030413569459038950246706e-03	-1.2711896564154688122332864125405607e+00	1.4422318606233833212446789674589900e-05	3.2888697956620006705713446866004784e-03
2.3655088906542830652604265841073886e-03	-1.2580706699218115202646978482268490e+00	1.4263675987123854679345912349867767e-05	3.2707316273519215556973818863178178e-03
2.3914008989983004323069254437146588e-03	-1.2450234639498443520087197334431224e+00	1.4109237788331774851887587456550896e-05	3.2529770071703781007069672329653672e-03
2.4171624563445221836862788211396556e-03	-1.2320465249124362760924497909936925e+00	1.3958861423829023071317568470751433e-05	3.2355957246626898109780189995935010e-03
2.4427906704151100580588208240568885e-03	-1.2191383792852150804500237066012205e+00	1.3812410644345778670465673715265216e-05	3.2185779547317984725183464556479142e-03
2.4682826943293620209232972864344599e-03	-1.2062975921012298891236620259720502e+00	1.3669755199307645002221994035043198e-05	3.2019142398207427507561025435667458e-03
2.4936357258127711174278898654682712e-03	-1.1935227655148750068472237885796770e+00	1.3530770519916613081324285268295908e-05	3.1855954730849108178351962663019196e-03
2.5188470064298077057604483658191882e-03	-1.1808125374312453940298046969894748e+00	1.3395337421867719709103188802122180e-05	3.1696128824904253387605216334722045e-03
2.5439138208395370541943147352211948e-03	-1.1681655801973391882402309220985795e+00	1.3263341826313544022891633653157052e-05	3.1539580157796634320095341716575535e-03
2.5688334960732260471384982511022414e-03	-1.1555805993517499822343239980615453e+00	1.3134674497798737669234945100126969e-05	3.1386227262491834539103128379475431e-03
2.5936034008331321892685892101596295e-03	-1.1430563324297024894821324978101605e+00	1.3009230797987182348692258687687027e-05	3.1235991592892547233252306025618496e-03
2.6182209448117053709276431915566563e-03	-1.1305915478204810930693624319916346e+00	1.2886910454096040723017905375055233e-05	3.1088797396377963440951283662036764e-03
2.6426835780304681005947786289428649e-03	-1.1181850436744827829553811295812155e+00	1.2767617341034742600076375472789220e-05	3.0944571593048548476547239770287547e-03
2.6669887901978732494904116433482085e-03	-1.1058356468572952345342007359533193e+00	1.2651259276323572290668817035845535e-05	3.0803243661268125425483313495292506e-03
2.6911341100854699083424551312962976e-03	-1.0935422119483582675326561111651816e+00	1.2537747826936663329660675126872400e-05	3.0664745529123419006513412159854823e-03
2.7151171049217378375810270796292756e-03	-1.0813036202819135614381389734245059e+00	1.2426998127278463906569171497517983e-05	3.0529011471447265630192967797696084e-03
2.7389353798029793026096691565586410e-03	-1.0691187790280841266428700497898712e+00	1.2318928707561650554311784495978076e-05	3.0395978012075752148741142134861697e-03
2.7625865771206839210201871555365262e-03	-1.0569866203120524032181960985665822e+00	1.2213461331908525284437806881722180e-05	3.0265583831031775308617676275694608e-03
2.7860683760048075977833915000906493e-03	-1.0449061003694246812852174572453902e+00	1.2110520845547570779571980961245425e-05	3.0137769676348069426441896364908613e-03
2.8093784917824307705793427285631769e-03	-1.0328761987359804495309310088882888e+00	1.2010035030522454876800824319018233e-05	3.0012478280261770437370639631242336e-03
2.8325146754512841079248408987739291e-03	-1.0208959174701088696671084734087697e+00	1.1911934469372726416283527660074065e-05	2.9889654279530196711646209556750679e-03
2.8554747131676515698109508765313897e-03	-1.0089642804063313844054798383788860e+00	1.1816152416284052220443626639113352e-05	2.9769244139633846012533235326133535e-03
2.8782564257481814215684666285982270e-03	-9.9708033243839999074583515743233158e-01	1.1722624675241401326817746490607902e-05	2.9651196082647738513988612405188955e-03
2.9008576681851554495719672341202658e-03	-9.8524313883054540492401930457182962e-01	1.1631289484751351792274057153369305e-05	2.9535460018576273463372117727456872e-03
2.9232763291747853209876852942505093e-03	-9.7345178455552862961810875624422395e-01	1.1542087408729916763987007906604584e-05	2.9421987479959799025338676585188267e-03
2.9455103306581228140590896608937245e-03	-9.6170537365822369402344773710906996e-01	1.1454961233180177108614912018139330e-05	2.9310731559573200646055432773376119e-03
2.9675576273741875718545208438535627e-03	-9.5000302864352892881812976791472450e-01	1.1369855868309764671073678582342925e-05	2.9201646851048065623368752735360826e-03
2.9894162064249321491314805025555113e-03	-9.3834388988746938868376756597901228e-01	1.1286718255762042093711403054033470e-05	2.9094689392260446916806524263211397e-03
3.0110840868516794741056307343024569e-03	-9.2672711507041424732696451621276198e-01	1.1205497280656834677747943819329498e-05	2.8989816611335988385730694441882742e-03
3.0325593192226824767142560869497059e-03	-9.1515187863139044299585858880750264e-01	1.1126143688156934937722173092059641e-05	2.8886987275133242276260560237783228e-03
3.0538399852314695820601288490992739e-03	-9.0361737124252780411770792713355325e-01	1.1048610004295455956112964135162711e-05	2.8786161440074458896318474626514925e-03
3.0749241973056530692839013571114729e-03	-8.9212279930272157317388155493451983e-01	1.0972850460816578083078956582830375e-05	2.8687300405201004792014309070391281e-03
3.0958100982258899870280107377558729e-03	-8.8066738444964589263372788564370697e-01	1.0898820923798426811338670796488306e-05	2.8590366667337912278417408859846607e-03
3.1164958607546974296814468271705693e-03	-8.6925036308929662359695575702334827e-01	1.0826478825841839856823660013863447e-05	2.8495323878258919281465429406741512e-03
3.1369796872748355445086574204302549e-03	-8.5787098594228402454760540977411762e-01	1.0755783101622721787592940563533771e-05	2.8402136803749760312047065398822912e-03
3.1572598094369826874948211914957707e-03	-8.4652851760613549922039127060654335e-01	1.0686694126618630121370883881741305e-05	2.8310771284473450295686576842526645e-03
3.1773344878164377024867907330682941e-03	-8.3522223613290599117343954255553393e-01	1.0619173658832265517893181011245513e-05	2.8221194198546893535314740549555798e-03
3.1972020115785943895678875446106399e-03	-8.2395143262142880865214511536861902e-01	1.0553184783345721768629410613549672e-05	2.8133373425743378471171215496360200e-03
3.2168606981529428786662706147198071e-03	-8.1271541082357284629988809816997777e-01	1.0488691859549753963573845794451795e-05	2.8047277813240411078687974005046062e-03
3.2363088929153618558476005430683700e-03	-8.0151348676390345983687098013805851e-01	1.0425660470902005257665434537244153e-05	2.7962877142836919637081451669131327e-03
3.2555449688784744239575639720178938e-03	-7.9034498837217376641180352997886030e-01	1.0364057377077148861739020535124184e-05	2.7880142099568153272922669533740503e-03
3.2745673263898488364055230495133265e-03	-7.7920925512810099887733587887550802e-01	1.0303850468380302513229635314485559e-05	2.7799044241650616495397158874000017e-03
3.2933743928378334419157418031001920e-03	-7.6810563771790884086733236679697978e-01	1.0245008722302903886610502455118928e-05	2.7719555971693150693838122798296397e-03
3.3119646223648229369409495362317929e-03	-7.5703349770214150815194999191654495e-01	1.0187502162107539571835739747838027e-05	2.7641650509113808633020619728595254e-03
3.3303364955877604580512951011326479e-03	-7.4599220719427881052430388439818718e-01	1.0131301817335036342707713136413737e-05	2.7565301863705485414488104512969890e-03
3.3484885193256871749535822349794703e-03	-7.3498114854970361146228281892712994e-01	1.0076379686133487289679795931002230e-05	2.7490484810296384024596929210114071e-03
3.3664192263341578809503659112850527e-03	-7.2399971406459407832759705491986038e-01	1.0022708699314829979537876594816757e-05	2.7417174864454319206823196122119329e-03
3.3841271750463476358760913659213887e-03	-7.1304730568433295693744802036631807e-01	9.9702626860501494927825420824907478e-06	2.7345348259186612704606255419080121e-03
3.4016109493206808103300102814615395e-03	-7.0212333472104487909790960705603173e-01	9.9190163411200739553740753788804300e-06	2.7274981922589917713395195216973675e-03
3.4188691581948199221148858385420039e-03	-6.9122722157989048370639157913771591e-01	9.8689451936414898164890515036837318e-06	2.7206053456406741587454467719845015e-03
3.4359004356458574582525398247232110e-03	-6.8035839549376296068665133880097310e-01	9.8200255771963524187306741846381024e-06	2.7138541115447723606515909023008956e-03
3.4527034403565594502039564098846098e-03	-6.6951629426604856778036136189872025e-01	9.7722346012926263191165083371909329e-06	2.7072423787840878327425635713278966e-03
3.4692768554875149267893948767585866e-03	-6.5870036402112777492470653031715498e-01	9.7255501240913796246309891715529443e-06	2.7007680976071043461303176976549785e-03
3.4856193884550505190300563083675854e-03	-6.4791005896230800806878837000459345e-01	9.6799507263377960398618983948927452e-06	2.6944292778774682441403554251345995e-03
3.5017297707147744434292425276613253e-03	-6.3714484113689253916663204970687338e-01	9.6354156864373747057799142823758399e-06	2.6882239873256993422018747544515676e-03
3.5176067575506188542858896342267524e-03	-6.2640418020810294416635060702379145e-01	9.5919249566218772579725684859012074e-06	2.6821503498699975386677569002406300e-03
3.5332491278692541402209971789217008e-03	-6.1568755323358476582301442020134132e-01	9.5494591401526686752822647897855489e-06	2.6762065440031704868377753999560302e-03
3.5486556839997531534855307939518609e-03	-6.0499444445023761030883853191665031e-01	9.5079994695119971535097955521887069e-06	2.6703908012428589567881725881823591e-03
3.5638252514983876106740708417017935e-03	-5.9432434506512191074628849426014275e-01	9.4675277855354811412633114579218065e-06	2.6647014046423793552999562402232096e-03
3.5787566789584429976628007817642684e-03	-5.8367675305220503963212076142826019e-01	9.4280265174416306041239556928700247e-06	2.6591366873596378000792330595555131e-03
3.5934488378249422570208753634391940e-03	-5.7305117295471937630301929352162133e-01	9.3894786637166354708944733676348903e-06	2.6536950312816976516765809078130587e-03
3.6079006222141723395561075899192730e-03	-5.6244711569291436386909058937957447e-01	9.3518677738149172047942241638941757e-06	2.6483748657027029510321193372452784e-03
3.6221109487379113694624119216478165e-03	-5.5186409837699354939315749443662489e-01	9.3151779306380689488635727230388590e-06	2.6431746660529742197176018648994844e-03
3.6360787563322577108372633515139824e-03	-5.4130164412503611685320273310320861e-01	9.2793937337568144636231965554772284e-06	2.6380929526772009526026139367345005e-03
3.6498030060909656379364839876936683e-03	-5.3075928188571051838217107444944567e-01	9.2445002833425042323418200541268049e-06	2.6331282896597572413573070613984260e-03
3.6632826811031956079555713963385461e-03	-5.2023654626559550778301393071851893e-01	9.2104831647764462098059314334488650e-06	2.6282792836952636599741523377511977e-03
3.6765167862955903186324029554764219e-03	-5.0973297736093120237065489536890142e-01	9.1773284339070457611293744062942374e-06	2.6235445830026101456943199024694476e-03
3.6895043482785908085671980943305425e-03	-4.9924812059362976454123335594798430e-01	9.1450226029263109169695128208081189e-06	2.6189228762807414246233776952325492e-03
3.7022444151969098306283749653255774e-03	-4.8878152655138192168006686559801600e-01	9.1135526268387712486123227135683063e-06	2.6144128917045888455906316594739358e-03
3.7147360565840826027111601045514103e-03	-4.7833275083170184955907842952461536e-01	9.0829058904972671116636448110590575e-06	2.6100133959596105649161069952899101e-03
3.7269783632210178197828913719060464e-03	-4.6790135388975894667629446338840212e-01	9.0530701961813960053975622006558492e-06	2.6057231933134761182419827588868792e-03
3.7389704469984745007293610701442744e-03	-4.5748690088985074052258060597552573e-01	9.0240337516956592736115425262894424e-06	2.6015411247235017572604738899875597e-03
3.7507114407833928469665918966136333e-03	-4.4708896156037660608675887870460400e-01	8.9957851589655399285266215196233930e-06	2.5974660669785097381773462697986066e-03
3.7622004982890098108804418789600281e-03	-4.3670711005217715574345750032833393e-01	8.9683134031108653015114262782514580e-06	2.5934969318738482306025548784243362e-03
3.7734367939486925145122927244305137e-03	-4.2634092480010909092604225749443737e-01	8.9416078419768705185184935822807641e-06	2.5896326654183688630718293892877462e-03
3.7844195227934250259732949378156962e-03	-4.1598998838773000184009030125090432e-01	8.9156581961043842057309248732380344e-06	2.5858722470722163155617188064470030e-03
3.7951479003328862961418587717560466e-03	-4.0565388741497207338985972326546217e-01	8.8904545391215098490344499641981001e-06	2.5822146890143389801296552674799838e-03
3.8056211624400592844361038899261652e-03	-3.9533221236868791428085776318476448e-01	8.8659872885400781295391862609258921e-06	2.5786590354386816978796523756220225e-03
3.8158385652393134628763976905650853e-03	-3.8502455749595578211639030872339546e-01	8.8422471969410003956973252471612336e-06	2.5752043618780710939327951002485586e-03
3.8257993849979049851564620579546474e-03	-3.7473052068003533983306609564511208e-01	8.8192253435334640740808751089483614e-06	2.5718497745548512131436544784512099e-03
3.8355029180208408447970935324065337e-03	-3.6444970331886875708004367246808701e-01	8.7969131260736799472391521902899243e-06	2.5685944097573721407865055633341285e-03
3.8449484805490553263217699246986405e-03	-3.5418171020602547268420829862466517e-01	8.7753022531296213509058958841102084e-06	2.5654374332414771993961958225437934e-03
3.8541354086608489783169968307968314e-03	-3.4392614941399226921782509447060590e-01	8.7543847366788888197446414355073390e-06	2.5623780396561752631830713618224404e-03
3.8630630581765422096678667680066467e-03	-3.3368263217971348549849412293544600e-01	8.7341528850274927503230286820589884e-06	2.5594154519927238359646358593336176e-03
3.8717308045662974325390970999039942e-03	-3.2345077279228921477418713302046819e-01	8.7145992960379733257636334995985051e-06	2.5565489210563859020520740350628263e-03
3.8801380428610654500595329966977043e-03	-3.1323018848274221214280094153633011e-01	8.6957168506558732058321660979257330e-06	2.5537777249601592807671905716226934e-03
3.8882841875666135153320199080233938e-03	-3.0302049931576697080618114466725179e-01	8.6774987067241461588139068088798827e-06	2.5511011686398113874903136564591079e-03
3.8961686725805941734161091958827028e-03	-2.9282132808337702908060895841347055e-01	8.6599382930756256176946520017958690e-06	2.5485185833895850154370735654541182e-03
3.9037909511126156413252926576659259e-03	-2.8263230020036904435441000014378650e-01	8.6430293038941927013592088031324196e-06	2.5460293264179720859947053225540893e-03
3.9111504956072760847761859310911676e-03	-2.7245304360152452174983717626742645e-01	8.6267656933357750754067814520413930e-06	2.5436327804229823501745092243622097e-03
3.9182467976701257162868957094254898e-03	-2.6228318864047231915541495149914516e-01	8.6111416704007775721711496859185026e-06	2.5413283531863628341049198319494408e-03
3.9250793679965221690418875553800042e-03	-2.5212236799013717130101323344289658e-01	8.5961516940499940988900732845076142e-06	2.5391154771862514781152377823445733e-03
3.9316477363033460964543910269172789e-03	-2.4197021654470148813054491573107684e-01	8.5817904685564793134916418274335783e-06	2.5369936092277749887856667023468877e-03
3.9379514512635454102387499017685434e-03	-2.3182637132300959110504891474978319e-01	8.5680529390862690447814235596353055e-06	2.5349622300911264698757288996274492e-03
3.9439900804434780016720901342109935e-03	-2.2169047137334535921319007656213016e-01	8.5549342875012316173152466513282338e-06	2.5330208441966829815971214666360969e-03
3.9497632102430241931422471283923078e-03	-2.1156215767951596811288543288870993e-01	8.5424299283777091886967576260356121e-06	2.5311689792867468555842850416845890e-03
3.9552704458384415415621431846262085e-03	-2.0144107306817602448926533839945167e-01	8.5305355052349699388997254654790605e-06	2.5294061861235174196610685076926468e-03
3.9605114111279359632477447823374990e-03	-1.9132686211732792669009883949051391e-01	8.5192468869678394346496890900321751e-06	2.5277320382029218140265682273846059e-03
3.9654857486799244728310443753909380e-03	-1.8121917106593572508699800940154755e-01	8.5085601644782136445618559246654795e-06	2.5261461314839548582830262574123233e-03
3.9701931196839661280931964896404564e-03	-1.7111764772459111431261793659942463e-01	8.4984716475004777742983184341848286e-06	2.5246480841331985040394775373716852e-03
3.9746332039043390495988168734026397e-03	-1.6102194138717146725946929607125590e-01	8.4889778616161651544937777317518056e-06	2.5232375362842113257798819028198882e-03
3.9788056996362426399966024614101436e-03	-1.5093170274343102003708089734762312e-01	8.4800755454534896370780393109885014e-06	2.5219141498114978064625412438536170e-03
3.9827103236646053640955070077000600e-03	-1.4084658379246744034428669917266778e-01	8.4717616480676740907577458672902511e-06	2.5206776081187859052830662062141868e-03
3.9863468112254796685691948732053872e-03	-1.3076623775700706113352565336214877e-01	8.4640333264982773528231180376155610e-06	2.5195276159413595928685834199764878e-03
3.9897149159700068205938623936879182e-03	-1.2069031899845303907983024164381652e-01	8.4568879434999930798905642339265435e-06	2.5184638991622107420026963006013642e-03
3.9928144099309356290673046754769364e-03	-1.1061848293264160512465738590896208e-01	8.4503230654436570036743889474760794e-06	2.5174862046417920064985868930800445e-03
3.9956450834916801814459489500564087e-03	-1.0055038594625241400583762418335355e-01	8.4443364603844547719522583081592890e-06	2.5165943000611691424079960635389519e-03
3.9982067453579028848031522194959276e-03	-9.0485685313819772832650765562205828e-02	8.4389260962945714478718219680174957e-06	2.5157879737783876585280555794441086e-03
4.0004992225316102425659894019224581e-03	-8.0424039115292236908007282432465936e-02	8.4340901394577664388381729568234964e-06	2.5150670346978847601858314263672501e-03
4.0025223602877499296184382820868323e-03	-7.0365106154088705496462823295428305e-02	8.4298269530235946955047182188498297e-06	2.5144313121527933035690320486396263e-03
4.0042760221532988491372720517269581e-03	-6.0308545875599732319625787722952742e-02	8.4261350957192270097450453145407438e-06	2.5138806557999999385399295017027120e-03
4.0057600898888329657073920093391715e-03	-5.0254018286083286338998155515319551e-02	8.4230133207170496794297398937119214e-06	2.5134149355278348162009819643050438e-03
4.0069744634725708119850919662463495e-03	-4.0201183871904658850365131630482259e-02	8.4204605746564472142921648694895657e-06	2.5130340413762852030194152814699576e-03
4.0079190610868836614668596560188465e-03	-3.0149703519070613936633108574165473e-02	8.4184759968183916351678828384404233e-06	2.5127378834696401049554360041815124e-03
4.0085938191072664487921430068650051e-03	-2.0099238433008221666233733745772062e-02	8.4170589184516787612104958087243216e-06	2.5125263919614875910956156559854877e-03
4.0089986920937646024653418236902692e-03	-1.0049450058539097728322843351337349e-02	8.4162088622498661694452858623771183e-06	2.5123995169920009446000454280357163e-03
4.0091336527848530339209635998607502e-03	0.0000000000000000000000000000000000e+00	8.4159255419781797232451403642236181e-06	2.5123572286574640867483318134356972e-03
4.0089986920937646024653418236902692e-03	1.0049450058539097728322843351337349e-02	8.4162088622498661694452858623771183e-06	2.5123995169920009446000454280357163e-03
4.0085938191072664487921430068650051e-03	2.0099238433008221666233733745772062e-02	8.4170589184516787612104958087243216e-06	2.5125263919614875910956156559854877e-03
4.0079190610868836614668596560188465e-03	3.0149703519070613936633108574165473e-02	8.4184759968183916351678828384404233e-06	2.5127378834696401049554360041815124e-03
4.0069744634725708119850919662463495e-03	4.0201183871904658850365131630482259e-02	8.4204605746564472142921648694895657e-06	2.5130340413762852030194152814699576e-03
4.0057600898888329657073920093391715e-03	5.0254018286083286338998155515319551e-02	8.4230133207170496794297398937119214e-06	2.5134149355278348162009819643050438e-03
4.0042760221532988491372720517269581e-03	6.0308545875599732319625787722952742e-02	8.4261350957192270097450453145407438e-06	2.5138806557999999385399295017027120e-03
4.0025223602877499296184382820868323e-03	7.0365106154088705496462823295428305e-02	8.4298269530235946955047182188498297e-06	2.5144313121527933035690320486396263e-03
4.0004992225316102425659894019224581e-03	8.0424039115292236908007282432465936e-02	8.4340901394577664388381729568234964e-06	2.5150670346978847601858314263672501e-03
3.9982067453579028848031522194959276e-03	9.0485685313819772832650765562205828e-02	8.4389260962945714478718219680174957e-06	2.5157879737783876585280555794441086e-03
3.9956450834916801814459489500564087e-03	1.0055038594625241400583762418335355e-01	8.4443364603844547719522583081592890e-06	2.5165943000611691424079960635389519e-03
3.9928144099309356290673046754769364e-03	1.1061848293264160512465738590896208e-01	8.4503230654436570036743889474760794e-06	2.5174862046417920064985868930800445e-03
3.9897149159700068205938623936879182e-03	1.2069031899845303907983024164381652e-01	8.4568879434999930798905642339265435e-06	2.5184638991622107420026963006013642e-03
3.9863468112254796685691948732053872e-03	1.3076623775700706113352565336214877e-01	8.4640333264982773528231180376155610e-06	2.5195276159413595928685834199764878e-03
3.9827103236646053640955070077000600e-03	1.4084658379246744034428669917266778e-01	8.4717616480676740907577458672902511e-06	2.5206776081187859052830662062141868e-03
3.9788056996362426399966024614101436e-03	1.5093170274343102003708089734762312e-01	8.4800755454534896370780393109885014e-06	2.5219141498114978064625412438536170e-03
3.9746332039043390495988168734026397e-03	1.6102194138717146725946929607125590e-01	8.4889778616161651544937777317518056e-06	2.5232375362842113257798819028198882e-03
3.9701931196839661280931964896404564e-03	1.7111764772459111431261793659942463e-01	8.4984716475004777742983184341848286e-06	2.5246480841331985040394775373716852e-03
3.9654857486799244728310443753909380e-03	1.8121917106593572508699800940154755e-01	8.5085601644782136445618559246654795e-06	2.5261461314839548582830262574123233e-03
3.9605114111279359632477447823374990e-03	1.9132686211732792669009883949051391e-01	8.5192468869678394346496890900321751e-06	2.5277320382029218140265682273846059e-03
3.9552704458384415415621431846262085e-03	2.0144107306817602448926533839945167e-01	8.5305355052349699388997254654790605e-06	2.5294061861235174196610685076926468e-03
3.9497632102430241931422471283923078e-03	2.1156215767951596811288543288870993e-01	8.5424299283777091886967576260356121e-06	2.5311689792867468555842850416845890e-03
3.9439900804434780016720901342109935e-03	2.2169047137334535921319007656213016e-01	8.5549342875012316173152466513282338e-06	2.5330208441966829815971214666360969e-03
3.9379514512635454102387499017685434e-03	2.3182637132300959110504891474978319e-01	8.5680529390862690447814235596353055e-06	2.5349622300911264698757288996274492e-03
3.9316477363033460964543910269172789e-03	2.4197021654470148813054491573107684e-01	8.5817904685564793134916418274335783e-06	2.5369936092277749887856667023468877e-03
3.9250793679965221690418875553800042e-03	2.5212236799013717130101323344289658e-01	8.5961516940499940988900732845076142e-06	2.5391154771862514781152377823445733e-03
3.9182467976701257162868957094254898e-03	2.6228318864047231915541495149914516e-01	8.6111416704007775721711496859185026e-06	2.5413283531863628341049198319494408e-03
3.9111504956072760847761859310911676e-03	2.7245304360152452174983717626742645e-01	8.6267656933357750754067814520413930e-06	2.5436327804229823501745092243622097e-03
3.9037909511126156413252926576659259e-03	2.8263230020036904435441000014378650e-01	8.6430293038941927013592088031324196e-06	2.5460293264179720859947053225540893e-03
3.8961686725805941734161091958827028e-03	2.9282132808337702908060895841347055e-01	8.6599382930756256176946520017958690e-06	2.5485185833895850154370735654541182e-03
3.8882841875666135153320199080233938e-03	3.0302049931576697080618114466725179e-01	8.6774987067241461588139068088798827e-06	2.5511011686398113874903136564591079e-03
3.8801380428610654500595329966977043e-03	3.1323018848274221214280094153633011e-01	8.6957168506558732058321660979257330e-06	2.5537777249601592807671905716226934e-03
3.8717308045662974325390970999039942e-03	3.2345077279228921477418713302046819e-01	8.7145992960379733257636334995985051e-06	2.5565489210563859020520740350628263e-03
3.8630630581765422096678667680066467e-03	3.3368263217971348549849412293544600e-01	8.7341528850274927503230286820589884e-06	2.5594154519927238359646358593336176e-03
3.8541354086608489783169968307968314e-03	3.4392614941399226921782509447060590e-01	8.7543847366788888197446414355073390e-06	2.5623780396561752631830713618224404e-03
3.8449484805490553263217699246986405e-03	3.5418171020602547268420829862466517e-01	8.7753022531296213509058958841102084e-06	2.5654374332414771993961958225437934e-03
3.8355029180208408447970935324065337e-03	3.6444970331886875708004367246808701e-01	8.7969131260736799472391521902899243e-06	2.5685944097573721407865055633341285e-03
3.8257993849979049851564620579546474e-03	3.7473052068003533983306609564511208e-01	8.8192253435334640740808751089483614e-06	2.5718497745548512131436544784512099e-03
3.8158385652393134628763976905650853e-03	3.8502455749595578211639030872339546e-01	8.8422471969410003956973252471612336e-06	2.5752043618780710939327951002485586e-03
3.8056211624400592844361038899261652e-03	3.9533221236868791428085776318476448e-01	8.8659872885400781295391862609258921e-06	2.5786590354386816978796523756220225e-03
3.7951479003328862961418587717560466e-03	4.0565388741497207338985972326546217e-01	8.8904545391215098490344499641981001e-06	2.5822146890143389801296552674799838e-03
3.7844195227934250259732949378156962e-03	4.1598998838773000184009030125090432e-01	8.9156581961043842057309248732380344e-06	2.5858722470722163155617188064470030e-03
3.7734367939486925145122927244305137e-03	4.2634092480010909092604225749443737e-01	8.9416078419768705185184935822807641e-06	2.5896326654183688630718293892877462e-03
3.7622004982890098108804418789600281e-03	4.3670711005217715574345750032833393e-01	8.9683134031108653015114262782514580e-06	2.5934969318738482306025548784243362e-03
3.7507114407833928469665918966136333e-03	4.4708896156037660608675887870460400e-01	8.9957851589655399285266215196233930e-06	2.5974660669785097381773462697986066e-03
3.7389704469984745007293610701442744e-03	4.5748690088985074052258060597552573e-01	9.0240337516956592736115425262894424e-06	2.6015411247235017572604738899875597e-03
3.7269783632210178197828913719060464e-03	4.6790135388975894667629446338840212e-01	9.0530701961813960053975622006558492e-06	2.6057231933134761182419827588868792e-03
3.7147360565840826027111601045514103e-03	4.7833275083170184955907842952461536e-01	9.0829058904972671116636448110590575e-06	2.6100133959596105649161069952899101e-03
3.7022444151969098306283749653255774e-03	4.8878152655138192168006686559801600e-01	9.1135526268387712486123227135683063e-06	2.6144128917045888455906316594739358e-03
3.6895043482785908085671980943305425e-03	4.9924812059362976454123335594798430e-01	9.1450226029263109169695128208081189e-06	2.6189228762807414246233776952325492e-03
3.6765167862955903186324029554764219e-03	5.0973297736093120237065489536890142e-01	9.1773284339070457611293744062942374e-06	2.6235445830026101456943199024694476e-03
3.6632826811031956079555713963385461e-03	5.2023654626559550778301393071851893e-01	9.2104831647764462098059314334488650e-06	2.6282792836952636599741523377511977e-03
3.6498030060909656379364839876936683e-03	5.3075928188571051838217107444944567e-01	9.2445002833425042323418200541268049e-06	2.6331282896597572413573070613984260e-03
3.6360787563322577108372633515139824e-03	5.4130164412503611685320273310320861e-01	9.2793937337568144636231965554772284e-06	2.6380929526772009526026139367345005e-03
3.6221109487379113694624119216478165e-03	5.5186409837699354939315749443662489e-01	9.3151779306380689488635727230388590e-06	2.6431746660529742197176018648994844e-03
3.6079006222141723395561075899192730e-03	5.6244711569291436386909058937957447e-01	9.3518677738149172047942241638941757e-06	2.6483748657027029510321193372452784e-03
3.5934488378249422570208753634391940e-03	5.7305117295471937630301929352162133e-01	9.3894786637166354708944733676348903e-06	2.6536950312816976516765809078130587e-03
3.5787566789584429976628007817642684e-03	5.8367675305220503963212076142826019e-01	9.4280265174416306041239556928700247e-06	2.6591366873596378000792330595555131e-03
3.5638252514983876106740708417017935e-03	5.9432434506512191074628849426014275e-01	9.4675277855354811412633114579218065e-06	2.6647014046423793552999562402232096e-03
3.5486556839997531534855307939518609e-03	6.0499444445023761030883853191665031e-01	9.5079994695119971535097955521887069e-06	2.6703908012428589567881725881823591e-03
3.5332491278692541402209971789217008e-03	6.1568755323358476582301442020134132e-01	9.5494591401526686752822647897855489e-06	2.6762065440031704868377753999560302e-03
3.5176067575506188542858896342267524e-03	6.2640418020810294416635060702379145e-01	9.5919249566218772579725684859012074e-06	2.6821503498699975386677569002406300e-03
3.5017297707147744434292425276613253e-03	6.3714484113689253916663204970687338e-01	9.6354156864373747057799142823758399e-06	2.6882239873256993422018747544515676e-03
3.4856193884550505190300563083675854e-03	6.4791005896230800806878837000459345e-01	9.6799507263377960398618983948927452e-06	2.6944292778774682441403554251345995e-03
3.4692768554875149267893948767585866e-03	6.5870036402112777492470653031715498e-01	9.7255501240913796246309891715529443e-06	2.7007680976071043461303176976549785e-03
3.4527034403565594502039564098846098e-03	6.6951629426604856778036136189872025e-01	9.7722346012926263191165083371909329e-06	2.7072423787840878327425635713278966e-03
3.4359004356458574582525398247232110e-03	6.8035839549376296068665133880097310e-01	9.8200255771963524187306741846381024e-06	2.7138541115447723606515909023008956e-03
3.4188691581948199221148858385420039e-03	6.9122722157989048370639157913771591e-01	9.8689451936414898164890515036837318e-06	2.7206053456406741587454467719845015e-03
3.4016109493206808103300102814615395e-03	7.0212333472104487909790960705603173e-01	9.9190163411200739553740753788804300e-06	2.7274981922589917713395195216973675e-03
3.3841271750463476358760913659213887e-03	7.1304730568433295693744802036631807e-01	9.9702626860501494927825420824907478e-06	2.7345348259186612704606255419080121e-03
3.3664192263341578809503659112850527e-03	7.2399971406459407832759705491986038e-01	1.0022708699314829979537876594816757e-05	2.7417174864454319206823196122119329e-03
3.3484885193256871749535822349794703e-03	7.3498114854970361146228281892712994e-01	1.0076379686133487289679795931002230e-05	2.7490484810296384024596929210114071e-03
3.3303364955877604580512951011326479e-03	7.4599220719427881052430388439818718e-01	1.0131301817335036342707713136413737e-05	2.7565301863705485414488104512969890e-03
3.3119646223648229369409495362317929e-03	7.5703349770214150815194999191654495e-01	1.0187502162107539571835739747838027e-05	2.7641650509113808633020619728595254e-03
3.2933743928378334419157418031001920e-03	7.6810563771790884086733236679697978e-01	1.0245008722302903886610502455118928e-05	2.7719555971693150693838122798296397e-03
3.2745673263898488364055230495133265e-03	7.7920925512810099887733587887550802e-01	1.0303850468380302513229635314485559e-05	2.7799044241650616495397158874000017e-03
3.2555449688784744239575639720178938e-03	7.9034498837217376641180352997886030e-01	1.0364057377077148861739020535124184e-05	2.7880142099568153272922669533740503e-03
3.2363088929153618558476005430683700e-03	8.0151348676390345983687098013805851e-01	1.0425660470902005257665434537244153e-05	2.7962877142836919637081451669131327e-03
3.2168606981529428786662706147198071e-03	8.1271541082357284629988809816997777e-01	1.0488691859549753963573845794451795e-05	2.8047277813240411078687974005046062e-03
3.1972020115785943895678875446106399e-03	8.2395143262142880865214511536861902e-01	1.0553184783345721768629410613549672e-05	2.8133373425743378471171215496360200e-03
3.1773344878164377024867907330682941e-03	8.3522223613290599117343954255553393e-01	1.0619173658832265517893181011245513e-05	2.8221194198546893535314740549555798e-03
3.1572598094369826874948211914957707e-03	8.4652851760613549922039127060654335e-01	1.0686694126618630121370883881741305e-05	2.8310771284473450295686576842526645e-03
3.1369796872748355445086574204302549e-03	8.5787098594228402454760540977411762e-01	1.0755783101622721787592940563533771e-05	2.8402136803749760312047065398822912e-03
3.1164958607546974296814468271705693e-03	8.6925036308929662359695575702334827e-01	1.0826478825841839856823660013863447e-05	2.8495323878258919281465429406741512e-03
3.0958100982258899870280107377558729e-03	8.8066738444964589263372788564370697e-01	1.0898820923798426811338670796488306e-05	2.8590366667337912278417408859846607e-03
3.0749241973056530692839013571114729e-03	8.9212279930272157317388155493451983e-01	1.0972850460816578083078956582830375e-05	2.8687300405201004792014309070391281e-03
3.0538399852314695820601288490992739e-03	9.0361737124252780411770792713355325e-01	1.1048610004295455956112964135162711e-05	2.8786161440074458896318474626514925e-03
3.0325593192226824767142560869497059e-03	9.1515187863139044299585858880750264e-01	1.1126143688156934937722173092059641e-05	2.8886987275133242276260560237783228e-03
3.0110840868516794741056307343024569e-03	9.2672711507041424732696451621276198e-01	1.1205497280656834677747943819329498e-05	2.8989816611335988385730694441882742e-03
2.9894162064249321491314805025555113e-03	9.3834388988746938868376756597901228e-01	1.1286718255762042093711403054033470e-05	2.9094689392260446916806524263211397e-03
2.9675576273741875718545208438535627e-03	9.5000302864352892881812976791472450e-01	1.1369855868309764671073678582342925e-05	2.9201646851048065623368752735360826e-03
2.9455103306581228140590896608937245e-03	9.6170537365822369402344773710906996e-01	1.1454961233180177108614912018139330e-05	2.9310731559573200646055432773376119e-03
2.9232763291747853209876852942505093e-03	9.7345178455552862961810875624422395e-01	1.1542087408729916763987007906604584e-05	2.9421987479959799025338676585188267e-03
2.9008576681851554495719672341202658e-03	9.8524313883054540492401930457182962e-01	1.1631289484751351792274057153369305e-05	2.9535460018576273463372117727456872e-03
2.8782564257481814215684666285982270e-03	9.9708033243839999074583515743233158e-01	1.1722624675241401326817746490607902e-05	2.9651196082647738513988612405188955e-03
2.8554747131676515698109508765313897e-03	1.0089642804063313844054798383788860e+00	1.1816152416284052220443626639113352e-05	2.9769244139633846012533235326133535e-03
2.8325146754512841079248408987739291e-03	1.0208959174701088696671084734087697e+00	1.1911934469372726416283527660074065e-05	2.9889654279530196711646209556750679e-03
2.8093784917824307705793427285631769e-03	1.0328761987359804495309310088882888e+00	1.2010035030522454876800824319018233e-05	3.0012478280261770437370639631242336e-03
2.7860683760048075977833915000906493e-03	1.0449061003694246812852174572453902e+00	1.2110520845547570779571980961245425e-05	3.0137769676348069426441896364908613e-03
2.7625865771206839210201871555365262e-03	1.0569866203120524032181960985665822e+00	1.2213461331908525284437806881722180e-05	3.0265583831031775308617676275694608e-03
2.7389353798029793026096691565586410e-03	1.0691187790280841266428700497898712e+00	1.2318928707561650554311784495978076e-05	3.0395978012075752148741142134861697e-03
2.7151171049217378375810270796292756e-03	1.0813036202819135614381389734245059e+00	1.2426998127278463906569171497517983e-05	3.0529011471447265630192967797696084e-03
2.6911341100854699083424551312962976e-03	1.0935422119483582675326561111651816e+00	1.2537747826936663329660675126872400e-05	3.0664745529123419006513412159854823e-03
2.6669887901978732494904116433482085e-03	1.1058356468572952345342007359533193e+00	1.2651259276323572290668817035845535e-05	3.0803243661268125425483313495292506e-03
2.6426835780304681005947786289428649e-03	1.1181850436744827829553811295812155e+00	1.2767617341034742600076375472789220e-05	3.0944571593048548476547239770287547e-03
2.6182209448117053709276431915566563e-03	1.1305915478204810930693624319916346e+00	1.2886910454096040723017905375055233e-05	3.1088797396377963440951283662036764e-03
2.5936034008331321892685892101596295e-03	1.1430563324297024894821324978101605e+00	1.3009230797987182348692258687687027e-05	3.1235991592892547233252306025618496e-03
2.5688334960732260471384982511022414e-03	1.1555805993517499822343239980615453e+00	1.3134674497798737669234945100126969e-05	3.1386227262491834539103128379475431e-03
2.5439138208395370541943147352211948e-03	1.1681655801973391882402309220985795e+00	1.3263341826313544022891633653157052e-05	3.1539580157796634320095341716575535e-03
2.5188470064298077057604483658191882e-03	1.1808125374312453940298046969894748e+00	1.3395337421867719709103188802122180e-05	3.1696128824904253387605216334722045e-03
2.4936357258127711174278898654682712e-03	1.1935227655148750068472237885796770e+00	1.3530770519916613081324285268295908e-05	3.1855954730849108178351962663019196e-03
2.4682826943293620209232972864344599e-03	1.2062975921012298891236620259720502e+00	1.3669755199307645002221994035043198e-05	3.2019142398207427507561025435667458e-03
2.4427906704151100580588208240568885e-03	1.2191383792852150804500237066012205e+00	1.3812410644345778670465673715265216e-05	3.2185779547317984725183464556479142e-03
2.4171624563445221836862788211396556e-03	1.2320465249124362760924497909936925e+00	1.3958861423829023071317568470751433e-05	3.2355957246626898109780189995935010e-03
2.3914008989983004323069254437146588e-03	1.2450234639498443520087197334431224e+00	1.4109237788331774851887587456550896e-05	3.2529770071703781007069672329653672e-03
2.3655088906542830652604265841073886e-03	1.2580706699218115202646978482268490e+00	1.4263675987123854679345912349867767e-05	3.2707316273519215556973818863178178e-03
2.3394893698030413569459038950246706e-03	1.2711896564154688122332864125405607e+00	1.4422318606233833212446789674589900e-05	3.2888697956620006705713446866004784e-03
2.3133453219891111728669928177235927e-03	1.2843819786593991101517696343523936e+00	1.4585314929297826505803055677830425e-05	3.3074021267889324884727326926426957e-03
2.2870797806788882270010367100476704e-03	1.2976492351800656302066622215683762e+00	1.4752821322980667429340839449048962e-05	3.3263396596634086580536422072807340e-03
2.2606958281562686839194035669531438e-03	1.3109930695406645293247968716159399e+00	1.4925001648916681854645888588638049e-05	3.3456938786802219497951632391906038e-03
2.2341965964471728117875747066195678e-03	1.3244151721674242876165037094814091e+00	1.5102027704293846975603675056461866e-05	3.3654767362198333603063519346025612e-03
2.2075852682741489336760813952338105e-03	1.3379172822687360530930840864431298e+00	1.5284079693399716789978231393316481e-05	3.3857006765638351111564980639680521e-03
2.1808650780423182243398952412068539e-03	1.3515011898528908141425781020185944e+00	1.5471346732662227965939543387858743e-05	3.4063786613062484707894957911653675e-03
2.1540393128579882375060820396913739e-03	1.3651687378506239512270718932183134e+00	1.5664027391955669830974719463426573e-05	3.4275241963712316924785280654674823e-03
2.1271113135813347285030281443845057e-03	1.3789218243491285811462006255115731e+00	1.5862330275204333192430277623676554e-05	3.4491513607572433184849357221583859e-03
2.1000844759146276888942354628703310e-03	1.3927624049446996560112513019291339e+00	1.6066474643606600174117607650592458e-05	3.4712748371381001698167217960346156e-03
2.0729622515275588927419879930730676e-03	1.4066924952217149091959707208726395e+00	1.6276691085123843070968970486628232e-05	3.4939099444627889870021352637206009e-03
2.0457481492213150591797358646637475e-03	1.4207141733662507763858806361554809e+00	1.6493222234235247315797731968298298e-05	3.5170726727084497819070072052613815e-03
2.0184457361331333891521760222666184e-03	1.4348295829232761687397632655643897e+00	1.6716323546355849994868611583443148e-05	3.5407797199547754581765361536748906e-03
1.9910586389831752001796497919396963e-03	1.4490409357070697873616901283111168e+00	1.6946264131755558034274436749871614e-05	3.5650485319633101188997506077321809e-03
1.9635905453656591691541206818589334e-03	1.4633505148752735052877980990362874e+00	1.7183327654307211347750964321120649e-05	3.5898973444619398831329303325473529e-03
1.9360452050863088539092066403074339e-03	1.4777606781778318556323625990267128e+00	1.7427813300938182933686925754269919e-05	3.6153452283534379216953418970333502e-03
1.9084264315482903061277898273758980e-03	1.4922738613929832808692710013872069e+00	1.7680036828269738313392351626289900e-05	3.6414121380874564438967935605638315e-03
1.8807381031889453751925042723525258e-03	1.5068925819634708261395965271194922e+00	1.7940331693609605645231895073017516e-05	3.6681189634580862642397699830784836e-03
1.8529841649697654628475796134337048e-03	1.5216194428472377018994517250998882e+00	1.8209050278225305100117121691778257e-05	3.6954875851142941195019547573110755e-03
1.8251686299221998208812861998127092e-03	1.5364571365980770292299470642941964e+00	1.8486565211679481563175066255915592e-05	3.7235409340984994359379013879909426e-03
1.7972955807520528660181101908221376e-03	1.5514084496930268264876834318130524e+00	1.8773270806966085616594993467815339e-05	3.7523030557596069689262988224521783e-03
1.7693691715053973829233895271289005e-03	1.5664762671247540664797829181465428e+00	1.9069584617261893490727744053325841e-05	3.7817991784213578670053379220363109e-03
1.7413936292991159602394509236443920e-03	1.5816635772787702547324681282628853e+00	1.9375949126317818966673333330096185e-05	3.8120557872253416338546111485686060e-03
1.7133732561193827271460033607838659e-03	1.5969734771170821682069451199684617e+00	1.9692833585877506842487764295009959e-05	3.8431007036109300929297977148480586e-03
1.6853124306916127216711386445501261e-03	1.6124091776918240263507276355773812e+00	2.0020736015048470276305736799831795e-05	3.8749631709423290292567198598233238e-03
1.6572156104256384551449535985602957e-03	1.6279740100145627902317406390664539e+00	2.0360185378288603557304103737086004e-05	3.9076739468465546912305070500486608e-03
1.6290873334401240199517205784034436e-03	1.6436714313093406805655189394637728e+00	2.0711743960637313766028232087736621e-05	3.9412654028861890074104882422941286e-03
1.6009322206704981705670736724670135e-03	1.6595050316801458033679069731904727e+00	2.1076009961049499011630859169136103e-05	3.9757716322581204895384936065774971e-03
1.5727549780649811324542627795033202e-03	1.6754785412264141444253137651784168e+00	2.1453620327221402140017461747620943e-05	4.0112285662851403513777141861857145e-03
1.5445603988735976164641166446988612e-03	1.6915958376433996218904993168769840e+00	2.1845253858175739755168464376016239e-05	4.0476741005523921392136873894593718e-03
1.5163533660354130368519613886493045e-03	1.7078609543478438260689956796691490e+00	2.2251634604152896747292061393839992e-05	4.0851482316366047865520987783791101e-03
1.4881388546696039210114091877571219e-03	1.7242780891733797369490593245618185e+00	2.2673535597097959375842273767746073e-05	4.1236932054843209773522401631296473e-03
1.4599219346763799393460943678356915e-03	1.7408516136845669719045647674267944e+00	2.3111782949313347903432730264353500e-05	4.1633536786177602529910931375792368e-03
1.4317077734542172045561536885894104e-03	1.7575860831634406010013427049136340e+00	2.3567260362750124470223395869125615e-05	4.2041768934856163174759965400922318e-03
1.4035016387403442173222735537709432e-03	1.7744862473280309100431563059295246e+00	2.4040914097039426490449480650214217e-05	4.2462128694334115649087015734040361e-03
1.3753089015819472461372354251596044e-03	1.7915570618485578361818853221139490e+00	2.4533758450839088977133102124568543e-05	4.2895146109468571874850747777119793e-03
1.3471350394461357109820755777753272e-03	1.8088037007340135754819367235210467e+00	2.5046881818531683565575395368106821e-05	4.3341383350253152831709378552471651e-03
1.3189856394773355653533433277198459e-03	1.8262315696697268837979510863315292e+00	2.5581453392927861600055424952011386e-05	4.3801437197748249599793648432076483e-03
1.2908664019114656770358548411916495e-03	1.8438463203953765754554154508212727e+00	2.6138730594604117889112126746940385e-05	4.4275941765758161605979970955179922e-03
1.2627831436570054960166299282123799e-03	1.8616538662229332696408882310936210e+00	2.6720067320076840071968672721079163e-05	4.4765571484849885358510952502524601e-03
1.2347418020538894438883505276981801e-03	1.8796603988053246095044110075910661e+00	2.7326923114471898303862896671188775e-05	4.5271044378802528801546068975590055e-03
1.2067484388220730441830439736668439e-03	1.8978724062794348114004845607785523e+00	2.7960873390035597907948230446047355e-05	4.5793125667596703166843781833964872e-03
1.1788092442126175763979434279592707e-03	1.9162966929215922459890625631288152e+00	2.8623620830163197212512549199313920e-05	4.6332631735689477618121018870423912e-03
1.1509305413752450537174947035401978e-03	1.9349404004702357254256222709428156e+00	2.9317008140095872488727821853862659e-05	4.6890434509679382142261342050873156e-03
1.1231187909575362177622278731064853e-03	1.9538110312892948966107448841154442e+00	3.0043032330661984679118148018006840e-05	4.7467466295675085210091943323424018e-03
1.0953805959522954288636120742298117e-03	1.9729164735673421167149191395930943e+00	3.0803860751149856357173299187923283e-05	4.8064725133893580730049548229386853e-03
1.0677227068111043084990495895031480e-03	1.9922650287722089460901258686076712e+00	3.1601849122494074718137296290238946e-05	4.8683280736412630424481753897043942e-03
1.0401520268437496935820193719670040e-03	2.0118654416090271455882657122127108e+00	3.2439561863532608478565446471848500e-05	4.9324281083809180800230177084787384e-03
1.0126756179250626633083406828470742e-03	2.0317269327621664319502249279928816e+00	3.3319795052494033497607476877217181e-05	4.9988959767898210569532834721012454e-03
9.8530070653276920088089100465264547e-04	2.0518592347390318557313211431482285e+00	3.4245602424761139483747683685820846e-05	5.0678644181269813629568833608815628e-03
9.5803469014225847073243240987880970e-04	2.0722726311770286039796351460041444e+00	3.5220324878379409662754765348412488e-05	5.1394764670201866915707953642955819e-03
9.3088514400675535595961765434708228e-04	2.0929780000252523886171121562839673e+00	3.6247624043281332650684649270945940e-05	5.2138864786284847792091210376177828e-03
9.0385982835427889418263047467793929e-04	2.1139868610708847611597101818626397e+00	3.7331520571952296440975925762290423e-05	5.2912612794327390043947491287399629e-03
8.7696669603602312649380515620291394e-04	2.1353114283483935322220346658911043e+00	3.8476437932241418674680619658054965e-05	5.3717814620546537656571573182114889e-03
8.5021390066446488686943798717094031e-04	2.1569646680493129394569983967189411e+00	3.9687252632212956873709686932041758e-05	5.4556428456588815185559399805896300e-03
8.2360980528364665660278044489698904e-04	2.1789603626438632198337530830053177e+00	4.0969351988645820630195028429982983e-05	5.5430581272699211692761130709452336e-03
7.9716299161877525778951303024883301e-04	2.2013131820357232841990540553206946e+00	4.2328700773021669868774794692475027e-05	5.6342587538754644309592597612783171e-03
7.7088226995760558508256157641939788e-04	2.2240387627012788797828253122857742e+00	4.3771918341801494238583273896418542e-05	5.7294970506660502670407341456952034e-03
7.4477668972214550645576420311086270e-04	2.2471537959188054136751304642961564e+00	4.5306368194560512656594078958199363e-05	5.8290486473982269189557416458727941e-03
7.1885555079614564043137342539757499e-04	2.2706761263764775444941229693090983e+00	4.6940262320997794044112139628801257e-05	5.9332152529444320793000426635228545e-03
6.9312841568177170932955227061479041e-04	2.2946248626672568359140356806691735e+00	4.8682783217825047959167670474945114e-05	6.0423278379631101457207494851462289e-03
6.6760512256797224625854971593746304e-04	2.3190205014416343594705505493898630e+00	5.0544227107582278679965974172813465e-05	6.1567502977421010210579562187328821e-03
6.4229579940356077627121682982960576e-04	2.3438850673060028253017121161647892e+00	5.2536172710942293676078080431652619e-05	6.2768836822223130615471518550556948e-03
6.1721087908018321475075962450509425e-04	2.3692422709378737734175862056530257e+00	5.4671680961469054308516637885628913e-05	6.4031710987546159041522295356000562e-03
5.9236111584444653836043736012220629e-04	2.3951176883554716393509114428622704e+00	5.6965532372802678987696647796454807e-05	6.5361034162673419521694019637058066e-03
5.6775760307492004929348291609229058e-04	2.4215389648491829940360561881517086e+00	5.9434510460875265389117710568771859e-05	6.6762259285182756415290380465503940e-03
5.4341179257894715303132001027495885e-04	2.4485360477826216440292028584230938e+00	6.2097741806799107056986547075791411e-05	6.8241461706812868859348522414788915e-03
5.1933551558679228652363327682604837e-04	2.4761414533362800949659338525200022e+00	6.4977106181089097569421619659083834e-05	6.9805431299450565611437038506825122e-03
4.9554100564729961322815057949153220e-04	2.5043905733419956955338121426971223e+00	6.8097733858521416228161682663219801e-05	7.1461781501236956178249905942023672e-03
4.7204092366083675460377273020216119e-04	2.5333220297010565100098189815574785e+00	7.1488612141915893268981691230811579e-05	7.3219079066097251037517466643969944e-03
4.4884838532294180977661405621794229e-04	2.5629780855712303469805637243925664e+00	7.5183329610929760475337879711418047e-05	7.5086999269450263708945021965625331e-03
4.2597699129717955316472432289754313e-04	2.5934051246531774184766878456516070e+00	7.9220995323070602680528304104808359e-05	7.7076512615560953348633280186844947e-03
4.0344086049001702342733143439892331e-04	2.6246542126458612453540537093232695e+00	8.3647381980467736366812252645843622e-05	7.9200110795060401041771008423059138e-03
3.8125466686632385122228959800153730e-04	2.6567817584657857521037554510867038e+00	8.8516358180194819025439432974722008e-05	8.1472081904861272056578812690806991e-03
3.5943368032432718795393175576669759e-04	2.6898502973999619698990793361013028e+00	9.3891697101423778560005123945796056e-05	8.3908847980271990718243278195118484e-03
3.3799381224733463600372451843850473e-04	2.7239294243536168042486573575678595e+00	9.9849380029275732744235234477997156e-05	8.6529382006659542108669210242335419e-03
3.1695166647131774589625360068005787e-04	2.7590969132748706919453919328024112e+00	1.0648055698789019419226475980416891e-04	8.9355727220504784725517445805518983e-03
2.9632459655921240146227655721267518e-04	2.7954400694204902808733807227949031e+00	1.1389538955798080073036290227202392e-04	9.2413649332771466788374880355880769e-03
2.7613077046351790720224680455095379e-04	2.8330573754212777736875056439346878e+00	1.2222809211452737361554303063629254e-04	9.5733463291306224032639585783881258e-03
2.5638924390064894628652238568559230e-04	2.8720605116488647131718624802223161e+00	1.3164362204890373735933400174744171e-04	9.9351091831843381631835358548107480e-03
2.3712004407025669536898040625560201e-04	2.9125768584555723739836821973023021e+00	1.4234667073694424864623989983779276e-04	1.0330943564774608652935510545196831e-02
2.1834426575369974614781686488369936e-04	2.9547526258899768785017910157845671e+00	1.5459391377313021783265656565622385e-04	1.0766016815283016456104262367918086e-02
2.0008418235094354195610863482231107e-04	2.9987568107552864774278323412783690e+00	1.6871095587615435484649663798328121e-04	1.1246611732281783288185897425310230e-02
1.8236337511165689568462915763594932e-04	3.0447862596313399538807249162213418e+00	1.8511616322776242550472337368925343e-04	1.1780447249955528110585102100190047e-02
1.6520688475315574672150636551433480e-04	3.0930722329350074463608359305070615e+00	2.0435480745268890177608172477401823e-04	1.2377117132752354410920451841232343e-02
1.4864139093779969590628224088341806e-04	3.1438890409018214229847100762940135e+00	2.2714900075523878859630908634942587e-04	1.3048700877803060934031189208974990e-02
1.3269542686154124346016800477605715e-04	3.1975655939835789710564393178179500e+00	2.5447243357625659469809083855889659e-04	1.3810631559372127671141696942859740e-02
1.1739963872640671322428768871811095e-04	3.2545011407806012505246817272547614e+00	2.8766519743794298445506833644517413e-04	1.4682956766540161041679384036315095e-02
1.0278710352073005557300547486307980e-04	3.3151871696030714576152771411419088e+00	3.2861553225890852056265367529561222e-04	1.5692218290802579577651369064406815e-02
8.8893723950557081078919783564309186e-05	3.3802386361744928054751377866192255e+00	3.8005755631366879893660723136604571e-04	1.6874338056152205447450423626798572e-02
7.5758727641150948428997858077498060e-05	3.4504397604526398160909468666765337e+00	4.4607889990670533305330803837772386e-04	1.8279203487765114914742302272331557e-02
6.3425310784134888079414890989400911e-05	3.5268134498937619862269177669536020e+00	5.3302808892590079704936424460154380e-04	1.9978253205767260686496403312712467e-02
5.1941487810145994000106978654993943e-05	3.6107307768306651301180515183298502e+00	6.5123106846936013393059056240570291e-04	2.2077647070844352045670079101093254e-02
4.1361245388732185939503010503648570e-05	3.7040921047547761254100279504359494e+00	8.1847184317317326757723899152591339e-04	2.4742518167832462017504058471981027e-02
3.1746165611511303225046066443534549e-05	3.8096451717453973992018569828336343e+00	1.0676937333994933027257297972320763e-03	2.8245039167158423804023489199958620e-02
2.3167812245947353297647608940252222e-05	3.9315880094045112799351343762734016e+00	1.4660871972491680851682678063398652e-03	3.3069159095892967207522408171640998e-02
1.5711446075027975843547839813770108e-05	4.0768340833252848484812310263811003e+00	2.1703323112518253437532131780701685e-03	4.0169888711344777381585280702449685e-02
9.4822726725889915028596112921739339e-06	4.2580762930034887935966752234451393e+00	3.6275020210114491590134240454411819e-03	5.1744346785246714672725205394205725e-02
4.6170834541835110387274521580703407e-06	4.5030477728514042752291755986838269e+00	7.6519846511739464857566388843060148e-03	7.4310248234741145588775302175597260e-02
1.3015958515022181986529677917140295e-06	4.8967047577630088384146818639984381e+00	3.6188984528352476077697527214909703e-02	1.4221776888618972665443693852615421e-01
0.0000000000000000000000000000000000e+00	0.0000000000000000000000000000000000e+00	1.4576371332245305897498636653784049e-05	3.0769709876908882513056634326835739e-03