1.2443473280852219563761479640059447e-06	-4.9055506261111756368402721854193738e+00	3.6074534414333163424534240001217460e-02	1.4198633211819432991482678751166977e-01
4.4154529966824554256722571066179106e-06	-4.5125568364008414277023777214620145e+00	7.6248673426480436797631152364671723e-03	7.4177639448983335931830341695047160e-02
9.0706184662153138990694208392962814e-06	-4.2680369337764922083370365894037113e+00	3.6136440111748817668468168461874066e-03	5.1645110393475939745261666938044481e-02
1.5032834108584341656218228719313649e-05	-4.0871519116762364612631772509377572e+00	2.1615347499690523018656355273577433e-03	4.0088239426969499189180756323020590e-02
2.2171691154340790625757573606314316e-05	-3.9422080499244501042317074750164807e+00	1.4598422449541073143722259986885098e-03	3.2998564705172978933070864930268898e-02
3.0386884698081272817356861802549002e-05	-3.8205309349130074616037527257991921e+00	1.0629461274243712556281825141115899e-03	2.8182114783080923400749918150828788e-02
3.9597120032209095474302617923647562e-05	-3.7152173859604947826206908334360165e+00	8.1469098511830855154967534445096417e-04	2.4685264382959427757483431024226962e-02
4.9734158072954546615084703680227200e-05	-3.6220757354059053495658255169218806e+00	6.4811739592243983366433394192511477e-04	2.2024775927715268385501079214482941e-02
6.0739274226176679259202373904882075e-05	-3.5383624816350896393138090931745994e+00	5.3039802950016476182829702169014838e-04	1.9928882078087240760708595193511229e-02
7.2560983957145564198622245105203600e-05	-3.4621802365303590842603411756546388e+00	4.4381285416790418085175269052257065e-04	1.8232698731170377081173657877473600e-02
8.5153495639061680288770685032526660e-05	-3.3921601049001968763434473098565878e+00	3.7807380597200229973549945001002945e-04	1.6830227975351646297562527773161996e-02
9.8475610588136425286637734861439636e-05	-3.3272808248645168886983035300901703e+00	3.2685607485586158938938659295170325e-04	1.5650141383460150222430561346166239e-02
1.1248991316349189429251604779010396e-04	-3.2667594534306294953936370963607705e+00	2.8608755995586162906407827285902853e-04	1.4642629288772159445575741311519588e-02
1.2716215724014070286247938709277407e-04	-3.2099820476309787926072977103571955e+00	2.5304469525443088818871374254062181e-04	1.3771826313571902708632777688829844e-02
1.4246079036208965984615013975788037e-04	-3.1564579372437253279041948356114420e+00	2.2584663716884589866328993054465843e-04	1.3011232839354811257348900101990391e-02
1.5835657728296402560716285383966714e-04	-3.1057885449439500130728909120190471e+00	2.0315861726156563210055599843292493e-04	1.2340833414877799963532137034584661e-02
1.7482229704590672650756481225076212e-04	-3.0576455185976944665025694534087058e+00	1.8401086430475211298283363693239079e-04	1.1745219915564308184678277899569401e-02
1.9183249564206590602439039117852712e-04	-3.0117550178588081289172985348949184e+00	1.6768420947065534389106749809506887e-04	1.1212332529633180871491732736353171e-02
2.0936328145256868210370357831552350e-04	-2.9678861819157532184862127015168258e+00	1.5363563050210452869376032143702083e-04	1.0732593247053105065796409287275348e-02
2.2739215415883496947502578782531765e-04	-2.9258425071782797655954549899252005e+00	1.4144850695274400978197285096893628e-04	1.0298295902127129126549150633707455e-02
2.4589786020904975180864159739850852e-04	-2.8854552936808665768866277583633985e+00	1.3079860775350387265761980029050016e-04	9.9031681629028087502165604678922388e-03
2.6486026962436902983583263881570815e-04	-2.8465785901874197977853623110772804e+00	1.2143035162083123743567356236661064e-04	9.5420513532180949306774486524877047e-03
2.8426027014844318643187881830847998e-04	-2.8090852435264540550586548466741398e+00	1.1313992873502739980116170532007415e-04	9.2106626440404848875522843109582962e-03
3.0407967563685077957875901837668998e-04	-2.7728637739645027166907538850468321e+00	1.0576309909226425928241822257590410e-04	8.9054158617887410841810508454261565e-03
3.2430114624691504202891479921002074e-04	-2.7378158770598745412618206620139317e+00	9.9166237517070771918110523687865057e-05	8.6232846898729869548207869000664069e-03
3.4490811848889095938339704638730197e-04	-2.7038544066206641055434240062236526e+00	9.3239670446188753781411480661760281e-05	8.3616969833440287393884574712295672e-03
3.6588474358170643635050502192425788e-04	-2.6709017313636432936828686548137790e+00	8.7892655211464696656209304192908590e-05	8.1184522259427816075281771916259663e-03
3.8721583285170532191945552481666077e-04	-2.6388883848988742165249132870760926e+00	8.3049552991834812928551696494160770e-05	7.8916564134592830090061719487134478e-03
4.0888680914339335593355983531858183e-04	-2.6077519481778464328500462832703774e+00	7.8646880425347654866569769427043757e-05	7.6796702082058745753389201415297324e-03
4.3088366339298909644797067927215334e-04	-2.5774361178151675722472379736074345e+00	7.4631015685436007192037591698749511e-05	7.4810673061015664318828008735477558e-03
4.5319291566024503395910228354935830e-04	-2.5478899242591816944043659140542764e+00	7.0956397387558508112428002303596444e-05	7.2946007389653852450779276983714069e-03
4.7580158003008615172029211559509073e-04	-2.5190670716956700825139491090511369e+00	6.7584098395579396265215581418210035e-05	7.1191753979916509520714526932812074e-03
4.9869713288948991073058999783986265e-04	-2.4909253775504516255180792643778572e+00	6.4480687523152720074860962439790935e-05	6.9538254754941488560137043627311476e-03
5.2186748416150381645897520427114602e-04	-2.4634262940245300179879259911460027e+00	6.1617314273862977938987315037872829e-05	6.7976958252891333148871611134128511e-03
5.4530095114101472125574438484082645e-04	-2.4365344976150417590609410863194089e+00	5.8968967804714505278379896081960134e-05	6.6500264681024020832753929074364701e-03
5.6898623462864884629957616113775166e-04	-2.4102175353100385545651495232917443e+00	5.6513873037194410885256590806041269e-05	6.5101396384236154820299078903375484e-03
5.9291239710216085197540898270188201e-04	-2.3844455182868749636323220003973807e+00	5.4232995516530321181365806824687215e-05	6.3774288982974262389854934770757752e-03
6.1706884270055514728570147576905093e-04	-2.3591908556337058995997340863280604e+00	5.2109633091510248904704852336374977e-05	6.2513499423291440759524507353956800e-03
6.4144529882630208257365573925949602e-04	-2.3344280219560223563277446775212302e+00	5.0129077356500585094619759852371885e-05	6.1314127943917769931087440447266571e-03
6.6603179919641772628409236758336175e-04	-2.3101333538036672871963188529209882e+00	4.8278331490897618794131901184314980e-05	6.0171751557488420910312706082801402e-03
6.9081866819470684862018319154543579e-04	-2.2862848707175746777787105688696294e+00	4.6545873954706907011966022998244499e-05	5.9082367106601742828402474005128752e-03
7.1579650639579667697513238692070531e-04	-2.2628621173946129501177254653856936e+00	4.4921459673031628935558873435141660e-05	5.8042342320553788276469582135377942e-03
7.4095617714725612368496931886348958e-04	-2.2398460240379257185559775241462649e+00	4.3395952027905800888825732567444795e-05	5.7048373588092444471557094384686745e-03
7.6628879410954131371305153831107963e-04	-2.2172187824257118851707154039255416e+00	4.1961180291442962787357759830952334e-05	5.6097449392404251444665574690263702e-03
7.9178570966509202168495423837779491e-04	-2.1949637356141949376376008695586060e+00	4.0609818167354034828449066998356757e-05	5.5186818539704800239807623064125045e-03
8.1743850411791904876674075028969770e-04	-2.1730652795068042213519201120985225e+00	3.9335279923972761305753743400880963e-05	5.4313962462099570671284989644937802e-03
8.4323897561371176542580875892285275e-04	-2.1515087747840795942192896738700126e+00	3.8131631250232549258383475642381329e-05	5.3476570996379005334724209465437218e-03
8.6917913071805836534501381759915389e-04	-2.1302804679076046771622738675113642e+00	3.6993512483829352485081188458624267e-05	5.2672521138952773417458023856196990e-03
8.9525117559697532118874852357927985e-04	-2.1093674200944000731274767845652409e+00	3.5916072276479596291344063940195366e-05	5.1899858357755398786344654413630976e-03
9.2144750774972605850638296963158662e-04	-2.0887574433120861453287403836109112e+00	3.4894910096515760207555865670244599e-05	5.1156780108219280873691527280713133e-03
9.4776070824898839779912404675104816e-04	-2.0684390424749148834879748451266724e+00	3.3926026240852190502948160609739241e-05	5.0441621255102499412150721092062618e-03
9.7418353444790378421150896491224986e-04	-2.0484013631306387077136760142843375e+00	3.3005778249630301674960081343700298e-05	4.9752841147282905402607877889169935e-03
1.0007089131174913984316928040370366e-03	-2.0286341440215108543688397313833301e+00	3.2130842797778780483727768940699062e-05	4.9089012130338107420877895154530094e-03
1.0273299339814069545081912281551274e-03	-2.0091276739822512254534437431945298e+00	3.1298182286269050643118687799650757e-05	4.8448809313220473681547389087162223e-03
1.0540398436181288694457779075114583e-03	-1.9898727527058164788087280270094562e+00	3.0505015478287747728126247987689915e-05	4.7831001431727396186025087161777026e-03
1.0808320397034142997319783864707737e-03	-1.9708606549661346095916260427236114e+00	2.9748791626857298253059990603119844e-05	4.7234442673661779071005396346535267e-03
1.1077000655683277057281187777944828e-03	-1.9520830979371286388841812504579722e+00	2.9027167624566721479170940775792929e-05	4.6658065349305365114231612400293499e-03
1.1346376050503423830771022868624856e-03	-1.9335322112906245898527688587011966e+00	2.8337987776186187773056239451324141e-05	4.6100873306680271121578451703516956e-03
1.1616384776169828484016228944292140e-03	-1.9152005097931650464764163341054048e+00	2.7679265853564914420983401159872713e-05	4.5561936004534648954456361679480835e-03
1.1886966337432407446650636703894404e-03	-1.8970808681542058807447990721413287e+00	2.7049169141394224632659524388973417e-05	4.5040383167451657162090709719705154e-03
1.2158061505255829692717982501092724e-03	-1.8791664979063916096972527996965522e+00	2.6446004223807206320554175659227738e-05	4.4535399957271232842596431836427914e-03
1.2429612275167987809202296212385160e-03	-1.8614509261231978985127446954165033e+00	2.5868204296723895000408557607933069e-05	4.4046222603398755036294855370191373e-03
1.2701561827672207567583977790471811e-03	-1.8439279758007143041486535435748085e+00	2.5314317820428570743468890490324573e-05	4.3572134441774581440516361540928573e-03
1.2973854490590183796822406380560074e-03	-1.8265917477491522550103991782675951e+00	2.4782998351976809474724654104586546e-05	4.3112462318476951829620356147551941e-03
1.3246435703213164789142664984771185e-03	-1.8094366038561713612693246408393268e+00	2.4272995418407268651770481669180862e-05	4.2666573319280456405864655586437094e-03
1.3519251982148457577926218065257083e-03	-1.7924571515986345437389985676244422e+00	2.3783146309980179501385397550489689e-05	4.2233871791120527153787144104766046e-03
1.3792250888756997792756331464480392e-03	-1.7756482296921956217530932727238357e+00	2.3312368688279471421483923639096798e-05	4.1813796625427856954936799882078582e-03
1.4065380998085613261726111502857661e-03	-1.7590048947794192808855170878706386e+00	2.2859653917411190419408618878266697e-05	4.1405818776784816532845726951235914e-03
1.4338591869204791899033890695398869e-03	-1.7425224090671272464040067574115143e+00	2.2424061038050418603082719755671310e-05	4.1009438993394205785782284551597562e-03
1.4611834016869313906492878265229956e-03	-1.7261962288325228011037717589827525e+00	2.2004711314018114938333201636508414e-05	4.0624185738502683678203841865369593e-03
1.4885058884425089811418550179919083e-03	-1.7100219937255118628219229931825545e+00	2.1600783289647069064727010417814429e-05	4.0249613284240836071892706003262578e-03
1.5158218817891015969205708216442657e-03	-1.6939955168016361797828288521945207e+00	2.1211508303622673919042580195627692e-05	3.9885299961374772779983048630824552e-03
1.5431267041149668131614366284122699e-03	-1.6781127752262694455298439708484755e+00	2.0836166411427672689632219507756364e-05	3.9530846550249275798123308854272091e-03
1.5704157632185246213199928559289044e-03	-1.6623699015962925488068862712909145e+00	2.0474082674122099673812006197117370e-05	3.9185874799773003482027619572446349e-03
1.5976845500311399290364079209401107e-03	-1.6467631758304397637962936269659197e+00	2.0124623776069954277968892198336828e-05	3.8850026062680424382441534905964938e-03
1.6249286364335434663301237821104203e-03	-1.6312890175839629671649634111811803e+00	1.9787194938483999600628464615217340e-05	3.8522960036527278997507805211718645e-03
1.6521436731608980247683820801045774e-03	-1.6159439791472564584649063350331622e+00	1.9461237099385395111145683838503968e-05	3.8204353600957281199133042111641803e-03
1.6793253877918454056643664076181827e-03	-1.6007247387916734467379905069420502e+00	1.9146224333838738225827211712707521e-05	3.7893899742735395129704921754770876e-03
1.7064695828171723558066841637510615e-03	-1.5856280945289928786628814642788251e+00	1.8841661491187792004130063965429228e-05	3.7591306560892806528995702319701798e-03
1.7335721337840134116579591419389555e-03	-1.5706509582539024079662134188790702e+00	1.8547082028535922787496183125740310e-05	3.7296296345083993261007510444216540e-03
1.7606289875117670114242261002298455e-03	-1.5557903502414853614690505473126844e+00	1.8262046021933606856811178905700121e-05	3.7008604720928636066313044599873043e-03
1.7876361603761403199336437574748592e-03	-1.5410433939740676613805284586894102e+00	1.7986138338692354577960454307118243e-05	3.6727979856710509997395284902804255e-03
1.8145897366579596126260072528034656e-03	-1.5264073112739222000192206404524501e+00	1.7718966955973619239560304447060587e-05	3.6454181726340657393275699487243016e-03
1.8414858669535882885476138240061396e-03	-1.5118794177202672696017576151043696e+00	1.7460161412331618624291213148783185e-05	3.6186981423970633780141394512051097e-03
1.8683207666439849896721971738256334e-03	-1.4974571183307536362352291092966824e+00	1.7209371380245445362261516083771668e-05	3.5926160526070037315544488851109674e-03
1.8950907144196111273962822502798001e-03	-1.4831379034892305569806824825060849e+00	1.6966265348879939006137416172514110e-05	3.5671510497166642617107666827230050e-03
1.9217920508585614732731608384865328e-03	-1.4689193451030311589272686489678256e+00	1.6730529407385209457637844909326618e-05	3.5422832135792301446015002081325675e-03
1.9484211770554443729294674245973270e-03	-1.4547990929743369292292997271110984e+00	1.6501866119997634036728761477359049e-05	3.5179935057487761910606772394061765e-03
1.9749745532986805097044142353257329e-03	-1.4407748713713827495623501453223257e+00	1.6279993485054672723321227201876898e-05	3.4942637211998569993954846803519358e-03
2.0014486977940218144701392054053932e-03	-1.4268444757863596385004935959307437e+00	1.6064643970794207649459235433715842e-05	3.4710764432045658392778000915706519e-03
2.0278401854322158519074368249270230e-03	-1.4130057698678725535001980334227234e+00	1.5855563621486993478397164885861618e-05	3.4484150011281096075843774932933504e-03
2.0541456465988565052517922992242148e-03	-1.3992566825167245369144033461162778e+00	1.5652511228057530677008741337242895e-05	3.4262634309244410672883603588746328e-03
2.0803617660245696643331536961303791e-03	-1.3855952051346344606778218155171647e+00	1.5455257557892400145559693437525837e-05	3.4046064381320238129273019805078728e-03
2.1064852816737834738090259121639505e-03	-1.3720193890162610472326855116221141e+00	1.5263584639022969533761608487469169e-05	3.3834293631865862846261008690573178e-03
2.1325129836704270483948625633233632e-03	-1.3585273428756073586567181168384493e+00	1.5077285094307666110875285869624988e-05	3.3627181488829312991210563958289633e-03
2.1584417132589898932911975640956930e-03	-1.3451172304985235026925600794964258e+00	1.4896161521633214183752762665438285e-05	3.3424593098316688735961510566477751e-03
2.1842683617994570239021859564281843e-03	-1.3317872685136162441459846121500805e+00	1.4720025916509200729891427935349464e-05	3.3226399037692762929471112700254644e-03
2.2099898697947123654925156972376851e-03	-1.3185357242744173316082436095115001e+00	1.4548699133750328678462192506502771e-05	3.3032475045912881415782069145103246e-03
2.2356032259490758033566515348409927e-03	-1.3053609138461619693182439291489630e+00	1.4382010385229507994552432131512136e-05	3.2842701769887940572864521386176624e-03
2.2611054662567075897185297752811775e-03	-1.2922612000909888696181083636029174e+00	1.4219796770945846238945279781899490e-05	3.2656964525778745521110854432314538e-03
2.2864936731186780096640834674906781e-03	-1.2792349908457972175683439607280275e+00	1.4061902840887574444984152059483415e-05	3.2475153074202257417584529616594415e-03
2.3117649744875605545175587136388048e-03	-1.2662807371873868289497885649734561e+00	1.3908180185383586521781370856165200e-05	3.2297161408410929379862099990645500e-03
2.3369165430384636138867075024755261e-03	-1.2533969317798686438533352294979116e+00	1.3758487051830891540438488988218630e-05	3.2122887554578229567420998973200817e-03
2.3619455953654691229168850262525211e-03	-1.2405821072996660549412926352371104e+00	1.3612687985860929716674475073724466e-05	3.1952233383389202880525817672346646e-03
2.3868493912024969158408195198130121e-03	-1.2278348349337357621649743421812926e+00	1.3470653495167208387241671052452889e-05	3.1785104432195108669738076025735185e-03
2.4116252326676609500029227264505531e-03	-1.2151537229469219947325624878818372e+00	1.3332259734361696907900191777029941e-05	3.1621409737046310322430247224524823e-03
2.4362704635302282695609809881600179e-03	-1.2025374153146219699587614938594785e+00	1.3197388209359325435717936369320627e-05	3.1461061673968150247452208459114365e-03
2.4607824684993337538334304989965058e-03	-1.1899845904171851138033373338333417e+00	1.3065925499910052129944495682712201e-05	3.1303975808890940185980841775307162e-03
2.4851586725336435072238445393465952e-03	-1.1774939597926954366937433225155777e+00	1.2937762999007448554721515140741280e-05	3.1150070755687809572555680935410040e-03
2.5093965401711973490305835212764728e-03	-1.1650642669449969845089510726013835e+00	1.2812796668002634026513073651114955e-05	3.0999268041813324093563145400805789e-03
2.5334935748786963942210757818966537e-03	-1.1526942862040177830024585658366715e+00	1.2690926806343588172292343213723973e-05	3.0851491981071819488333491823546091e-03
2.5574473184195353120843691771587123e-03	-1.1403828216356293624598739564803006e+00	1.2572057834943212952757456560649865e-05	3.0706669553077569013473085867832734e-03
2.5812553502399106307602311645285254e-03	-1.1281287059984478806839375912635948e+00	1.2456098092255741558566205657516873e-05	3.0564730288999467144187084200619979e-03
2.6049152868723665354470863371334435e-03	-1.1159307997451400539163252910427081e+00	1.2342959642210866867865054238598663e-05	3.0425606163211093400700624743081874e-03
2.6284247813561680920580141491686812e-03	-1.1037879900659434683149600667445491e+00	1.2232558093218884119791073814083177e-05	3.0289231490493023604202520033273453e-03
2.6517815226739188142748854534003994e-03	-1.0916991899722472123430152467706468e+00	1.2124812427518748624933673556606173e-05	3.0155542828458267081694811573090604e-03
2.6749832352038650715818195300454830e-03	-1.0796633374182059053844131328222491e+00	1.2019644840194723664852437485708754e-05	3.0024478884893895761740494350089418e-03
2.6980276781873540938902829763412585e-03	-1.0676793944584787983894144305218373e+00	1.1916980587236672389352597890072477e-05	2.9895980429732447597268352890195700e-03
2.7209126452109353439456523487898891e-03	-1.0557463464402963283974864466073290e+00	1.1816747842064423944010257120512153e-05	2.9769990211385671189864026197003447e-03
2.7436359637026168756139782191764910e-03	-1.0438632012281599074357773764910788e+00	1.1718877559978373480387838963192283e-05	2.9646452877190757140298948874102443e-03
2.7661954944418090432168961353262036e-03	-1.0320289884595773564191714214539347e+00	1.1623303350036879131273613327091003e-05	2.9525314897735489414747137110513166e-03
2.7885891310825076385562132126205744e-03	-1.0202427588303267512866107056215303e+00	1.1529961353896386821641034548379617e-05	2.9406524494843851539925361435880279e-03
2.8108147996892872681476828383313761e-03	-1.0085035834078259867382905723311111e+00	1.1438790131182808771783547174926700e-05	2.9290031573017633102215699257404470e-03
2.8328704582856935995346763392075980e-03	-9.9681055297126450118960447631329207e-01	1.1349730550992741869609638613992778e-05	2.9175787654142588827587795721518343e-03
2.8547540964146400548019138847670113e-03	-9.8516277737722773027818265855092790e-01	1.1262725689150853681372433457546331e-05	2.9063745815279784882704792480249758e-03
2.8764637347104306606026993792828638e-03	-9.7355938494961432043121578725890106e-01	1.1177720730875382700797194410487870e-05	2.8953860629373997520285397310194182e-03
2.8979974244820461230594943520733282e-03	-9.6199952189271126585031510757898313e-01	1.1094662878527373492126897963482738e-05	2.8846088108721474129181117318447596e-03
2.9193532473073448257940531236589736e-03	-9.5048235172635323364738311915486753e-01	1.1013501264141158447134545069828443e-05	2.8740385651049086833618129185777007e-03
2.9405293146378443903805211190804913e-03	-9.3900705474214969138348659855694461e-01	1.0934186866453853120960265768628601e-05	2.8636711988065959585170493124203364e-03
2.9615237674137627284677699104054010e-03	-9.2757282747981730626237869064642113e-01	1.0856672432170385517797122661285104e-05	2.8535027136357082119098873313991187e-03
2.9823347756890101891202826524823962e-03	-9.1617888222270568354815614951845866e-01	1.0780912401217953330056980169595943e-05	2.8435292350496284885384124151657065e-03
3.0029605382658364968361547532250552e-03	-9.0482444651165207336274043984605855e-01	1.0706862835759908285190139337940899e-05	2.8337470078263280944919131124784900e-03
3.0233992823388477164434847364866978e-03	-8.9350876267634540340672795804575914e-01	1.0634481352754004965797614836846068e-05	2.8241523917856323167157406002315646e-03
3.0436492631481194999893675763338128e-03	-8.8223108738342207879210134059956153e-01	1.0563727059853815456154823918327643e-05	2.8147418576998414005954933875412973e-03
3.0637087636411433953930833368889287e-03	-8.7099069120055560367555251304916000e-01	1.0494560494464985646432963078197293e-05	2.8055119833840973880393057353072006e-03
3.0835760941433530529669526917127681e-03	-8.5978685817583938459125788554687873e-01	1.0426943565779971453397319193969741e-05	2.7964594499574453302939779945435224e-03
3.1032495920369867783102328123297723e-03	-8.4861888543179722242918539702615788e-01	1.0360839499626014465964978399859578e-05	2.7875810382660591506003606856057833e-03
3.1227276214480520715159261115920616e-03	-8.3748608277338912821810854726740344e-01	1.0296212785971461486511769230311938e-05	2.7788736254605906328317019897483491e-03
3.1420085729411665847212657179276326e-03	-8.2638777230941133663040780701703463e-01	1.0233029128945160567569380953079654e-05	2.7703341817200570414004393332891649e-03
3.1610908632220583431522979772227384e-03	-8.1532328808671886063415329031798474e-01	1.0171255399232631945856246690171818e-05	2.7619597671151109372137304434751999e-03
3.1799729348475161281634319663262793e-03	-8.0429197573672674272010370568617126e-01	1.0110859588721065756546431081117813e-05	2.7537475286039368765300834726106670e-03
3.1986532559425886324610462511249352e-03	-7.9329319213367241655890828655929068e-01	1.0051810767272985474355564839368045e-05	2.7456946971543957406558350820793296e-03
3.2171303199248383848081198593292964e-03	-7.8232630506414639451401994090259567e-01	9.9940790415156788402641641411595845e-06	2.7377985849863901781255696730263785e-03
3.2354026452354635201562207840561175e-03	-7.7139069290742193119821889492334937e-01	9.9376355155402753495959744984664442e-06	2.7300565829287556499020332619779530e-03
3.2534687750771072565643174330352378e-03	-7.6048574432613646510057307673992718e-01	9.8824522534106768425623928044591722e-06	2.7224661578852923344847534376190785e-03
3.2713272771581814468197953489056616e-03	-7.4961085796689858740643681440224502e-01	9.8285022433884581535550200404676187e-06	2.7150248504048450454150213851390476e-03
3.2889767434435368139639473089447269e-03	-7.3876544217041410238571518127091458e-01	9.7757593637853783437821066124386279e-06	2.7077302723506126087356777590181178e-03
3.3064157899113184687882449291309302e-03	-7.2794891469074349514336894948981505e-01	9.7241983503603075908242960288552059e-06	2.7005801046641260193397710588489305e-03
3.3236430563158510559585995352967758e-03	-7.1716070242332087358792664896228909e-01	9.6737947651822059917385187797754010e-06	2.6935720952195772337141591402430664e-03
3.3406572059564033952382523804828937e-03	-7.0640024114138126145305094466308605e-01	9.6245249668853120161255042173578566e-06	2.6867040567644086741166489978198469e-03
3.3574569254516877861971432379269815e-03	-6.9566697524045904347975052017086410e-01	9.5763660822469319607962271951787355e-06	2.6799738649422883545870793977294906e-03
3.3740409245199542391203742084563846e-03	-6.8496035749063545418969496375583226e-01	9.5292959790221876748764470820799299e-06	2.6733794563947978640608045461391596e-03
3.3904079357645447913215562629698466e-03	-6.7427984879622730644974525240916625e-01	9.4832932399737966760434654351078195e-06	2.6669188269383510659356364178264369e-03
3.4065567144647777759785619307558896e-03	-6.6362491796262272051825192918539192e-01	9.4383371380384437898891932092192985e-06	2.6605900298130410492661452965168926e-03
3.4224860383720364387091418618772152e-03	-6.5299504146998248084621120116202726e-01	9.3944076125745725469829950521655790e-06	2.6543911740002822940535324777647994e-03
3.4381947075109406537092987585569920e-03	-6.4238970325353785625261522185655871e-01	9.3514852466394925098012943198141567e-06	2.6483204226062748428275019875046747e-03
3.4536815439854846842796061936327421e-03	-6.3180839449022730636273882878140968e-01	9.3095512452465791256778544562090970e-06	2.6423759913084681087675560015558437e-03
3.4689453917900279694539198059145273e-03	-6.2125061339142549821134717638831652e-01	9.2685874145560482588070687713843788e-06	2.6365561468623443611941881189813189e-03
3.4839851166250298063331413563243154e-03	-6.1071586500152850431215387280571470e-01	9.2285761419553299656858758386995832e-06	2.6308592056659764380241050208275253e-03
3.4987996057174225433693978040227592e-03	-6.0020366100216897789256785494141753e-01	9.1895003769874562140232687207554954e-06	2.6252835323799413316834930152444430e-03
3.5133877676455215096625831488484223e-03	-5.8971351952184453110849311501981097e-01	9.1513436130881251900740857685334995e-06	2.6198275386002914369104743498746303e-03
3.5277485321683733854239813625314307e-03	-5.7924496495075150484200974048773940e-01	9.1140898700942199550481898936088609e-06	2.6144896815823988621272198582344237e-03
3.5418808500594480749337193350205027e-03	-5.6879752776062483945210725244420662e-01	9.0777236774885501918551463846150640e-06	2.6092684630135956885092451079773021e-03
3.5557836929445823810907085001023750e-03	-5.5837074432939285836418253066337552e-01	9.0422300583474607072862460110236301e-06	2.6041624278326347840813823480067664e-03
3.5694560531440869052794322105719132e-03	-5.4796415677046348298010230914558089e-01	9.0075945139597167315455845864401195e-06	2.5991701630940920912557625710556162e-03
3.5828969435189306127594144265492095e-03	-5.3757731276646572905718461118308321e-01	8.9738030090867408713377328134407459e-06	2.5942902968759225296504543885014637e-03
3.5961053973209204168844375647985769e-03	-5.2720976540727731117637725487533586e-01	8.9408419578358463236256916420873703e-06	2.5895214972284680951841114779165615e-03
3.6090804680467959497185880072549179e-03	-5.1686107303217582175828114175465873e-01	8.9086982101195916950122668360085602e-06	2.5848624711632986751641094075554782e-03
3.6218212292961624063613640028450602e-03	-5.0653079907595727175317957634329200e-01	8.8773590386757801316324703211012026e-06	2.5803119636803438030213928516328138e-03
3.6343267746331869796496584232053256e-03	-4.9621851191887179806235264660647325e-01	8.8468121266239446974177147381828338e-06	2.5758687568318472942345643027137989e-03
3.6465962174519869448055004188682948e-03	-4.8592378474023207341413358733716655e-01	8.8170455555354079398070937530977755e-06	2.5715316688217466698400323902774279e-03
3.6586286908456399138001279452563188e-03	-4.7564619537555541238854776992623415e-01	8.7880477939951809171200868061723394e-06	2.5672995531391457041186528094024872e-03
3.6704233474787491602921005308572503e-03	-4.6538532617710576628229352156953753e-01	8.7598076866350798911891651211811564e-06	2.5631712977246115333299376570805423e-03
3.6819793594634992213933980190866136e-03	-4.5514076387770675246139339516969582e-01	8.7323144436184913897044829151710812e-06	2.5591458241680877247894275613631602e-03
3.6932959182391392154938384733338716e-03	-4.4491209945770158294796816218577946e-01	8.7055576305582121297089905528351737e-06	2.5552220869372717103863370732714903e-03
3.7043722344548334790572419257679083e-03	-4.3469892801494025371761499525701187e-01	8.6795271588497328378490770638685087e-06	2.5513990726353592050303778087628758e-03
3.7152075378558212226822686793203875e-03	-4.2450084863767864137616894045317878e-01	8.6542132764032275492576396059812159e-06	2.5476757992871098174377945752068921e-03
3.7258010771728289406568397226852670e-03	-4.1431746428027823775425781040752493e-01	8.6296065587583555502789669754912128e-06	2.5440513156522371674738689019874851e-03
3.7361521200146812814647550310644913e-03	-4.0414838164159914514081569902557494e-01	8.6056979005667845905537277953834274e-06	2.5405247005651735913792877780527473e-03
3.7462599527640580018474436921494865e-03	-3.9399321104598266446366277124878282e-01	8.5824785074281039859459651807736147e-06	2.5370950623003040756944671165659477e-03
3.7561238804763464865933090518368426e-03	-3.8385156632672334429497087868339180e-01	8.5599398880655172556209663400459621e-06	2.5337615379618065368441114007064312e-03
3.7657432267815411226279571282310551e-03	-3.7372306471193372820812373676607957e-01	8.5380738468283883178288043002608486e-06	2.5305232928972760731658718280583123e-03
3.7751173337891425715177396688069513e-03	-3.6360732671270824938209828525689448e-01	8.5168724765093651974577071193965268e-06	2.5273795201343494698804118751051229e-03
3.7842455619960116913896282827975291e-03	-3.5350397601349578165400220357321141e-01	8.4963281514644227264647101058582709e-06	2.5243294398395831389769928864436101e-03
3.7931272901971345196365804251421027e-03	-3.4341263936459327227031702373571824e-01	8.4764335210247527719613994681492744e-06	2.5213722987988729231690746325184953e-03
3.8017619153992563436590090030782581e-03	-3.3333294647667565981272487767301008e-01	8.4571815031899889146603095790342294e-06	2.5185073699187378783546576177136735e-03
3.8101488527373444602494991447089875e-03	-3.2326452991727992724608257370993723e-01	8.4385652785927839218268294598913483e-06	2.5157339517478223596095487275355644e-03
3.8182875353938407569435007464547014e-03	-3.1320702500916366048607511290422106e-01	8.4205782847252644112180777205561291e-06	2.5130513680180015540156369258235810e-03
3.8261774145206667425454950460887865e-03	-3.0316006973046088272398692673421209e-01	8.4032142104183692882159632610213038e-06	2.5104589672045051074159617586381117e-03
3.8338179591639451108421394224283854e-03	-2.9312330461656021908478920408710549e-01	8.3864669905655382715571327584469685e-06	2.5079561221045017550907356356502142e-03
3.8412086561914033429106846481816709e-03	-2.8309637266363261985493032176206213e-01	8.3703308010826554354261107036298044e-06	2.5055422294336149579961397197629068e-03
3.8483490102224262410409770625733936e-03	-2.7307891923373793804940373451277464e-01	8.3548000540965714421365738913589423e-06	2.5032167094398655325252576397568041e-03
3.8552385435607256426731811976855667e-03	-2.6307059196144162278876479488817230e-01	8.3398693933549282035594146930906512e-06	2.5009790055345622051943094547238174e-03
3.8618767961295968874167771206408819e-03	-2.5307104066187465787744446401434300e-01	8.3255336898503922075665281104941865e-06	2.4988285839396849834399631384537031e-03
3.8682633254097329056133430687963875e-03	-2.4307991724017164893594061166360622e-01	8.3117880376527687326084669359570109e-06	2.4967649333513292660139199689500368e-03
3.8743977063795680644410217510133781e-03	-2.3309687560222364604327529679968263e-01	8.2986277499428196457912757006700337e-06	2.4947875646188007746216776369611432e-03
3.8802795314581251485909070791621501e-03	-2.2312157156668388548652070033194096e-01	8.2860483552419433801741186931940630e-06	2.4928960104389727231642290295914432e-03
3.8859084104503400683895749376612984e-03	-2.1315366277816614708751635151357502e-01	8.2740455938321979079347777694228532e-06	2.4910898250655372004172677533850011e-03
3.8912839704948400801709347376816842e-03	-2.0319280862157685569127403531332017e-01	8.2626154143614569132113206820313777e-06	2.4893685840328025721201211544951000e-03
3.8964058560141524729487717620774641e-03	-1.9323867013752340958494015295040114e-01	8.2517539706287867239356282994050295e-06	2.4877318838937078529824757227074177e-03
3.9012737286673218232062508991853917e-03	-1.8329090993874249752865536417658482e-01	8.2414576185454176474158480721020460e-06	2.4861793419717434997702715895048141e-03
3.9058872673049150470630659911086072e-03	-1.7334919212749337221525883189734751e-01	8.2317229132669588937112996817073864e-06	2.4847105961264859732412335544409083e-03
3.9102461679263945873350486446034764e-03	-1.6341318221386218367377753114712050e-01	8.2225466064927719528818576422645701e-06	2.4833253045324707473511560184255011e-03
3.9143501436398411631644742687248033e-03	-1.5348254703492454358224000292577157e-01	8.2139256439286737734001514652421389e-06	2.4820231454711452452988368267143158e-03
3.9181989246240085830428777159512117e-03	-1.4355695467471449270604323154503986e-01	8.2058571629093889956795113136695168e-06	2.4808038171356594885585645131219275e-03
3.9217922580926941792158832720993942e-03	-1.3363607438494898063947599767664651e-01	8.1983384901774104251890682643378768e-06	2.4796670374482680905946262109808302e-03
3.9251299082614094636702087767084704e-03	-1.2371957650645784147919007731600754e-01	8.1913671398151594566066125823605063e-06	2.4786125438901326436880466546263890e-03
3.9282116563163366341520505937615673e-03	-1.1380713239127006265209367694197051e-01	8.1849408113275638327094840872376145e-06	2.4776400933433285662505637757895716e-03
3.9310373003855575739271587139857590e-03	-1.0389841432530789838719346825602681e-01	8.1790573878723894661236028985411709e-06	2.4767494619448751290600147712544094e-03
3.9336066555125429922195657511872974e-03	-9.3993095451641075674673391107896836e-02	8.1737149346358765754214780154506561e-06	2.4759404449526216909054830005644258e-03
3.9359195536318903443930189289741256e-03	-8.4090849694253980295705121653628897e-02	8.1689116973514385777470496693229140e-06	2.4752128566228371751205798549526402e-03
3.9379758435473001528844478308887509e-03	-7.4191351682279294822861175785467785e-02	8.1646461009593855097225615961369579e-06	2.4745665300993635354914171974816724e-03
3.9397753909117813225644042732372381e-03	-6.4294276674652090466537568169049522e-02	8.1609167484058326731947298111416086e-06	2.4740013173142074193539194091677619e-03
3.9413180782100770084732385196299807e-03	-5.4399300485138851256716405949764452e-02	8.1577224195791501649855599550102002e-06	2.4735170888994574629393196027075490e-03
3.9426038047433035506389107510376129e-03	-4.4506099407696333179851006455752287e-02	8.1550620703825003804833227052644954e-06	2.4731137341104276741499172952542036e-03
3.9436324866157959407864044437471626e-03	-3.4614350142115533317084141432557494e-02	8.1529348319411988989478527329794999e-06	2.4727911607599401953490359285533443e-03
3.9444040567241542300532177131556664e-03	-2.4723729719906365435283607612663756e-02	8.1513400099438197734976032041824052e-06	2.4725492951636734173336407967278252e-03
3.9449184647484862261750660575018884e-03	-1.4833915430378909454640636180862961e-02	8.1502770841161495622483558459833348e-06	2.4723880820965139588996572874655047e-03
3.9451756771458427638379341346743772e-03	-4.9445847468773232508294289631753631e-03	8.1497457078272758432620347099888556e-06	2.4723074847598634574177361889918819e-03
3.9451756771458427638379341346743772e-03	4.9445847468773232508294289631753631e-03	8.1497457078272758432620347099888556e-06	2.4723074847598634574177361889918819e-03
3.9449184647484862261750660575018884e-03	1.4833915430378909454640636180862961e-02	8.1502770841161495622483558459833348e-06	2.4723880820965139588996572874655047e-03
3.9444040567241542300532177131556664e-03	2.4723729719906365435283607612663756e-02	8.1513400099438197734976032041824052e-06	2.4725492951636734173336407967278252e-03
3.9436324866157959407864044437471626e-03	3.4614350142115533317084141432557494e-02	8.1529348319411988989478527329794999e-06	2.4727911607599401953490359285533443e-03
3.9426038047433035506389107510376129e-03	4.4506099407696333179851006455752287e-02	8.1550620703825003804833227052644954e-06	2.4731137341104276741499172952542036e-03
3.9413180782100770084732385196299807e-03	5.4399300485138851256716405949764452e-02	8.1577224195791501649855599550102002e-06	2.4735170888994574629393196027075490e-03
3.9397753909117813225644042732372381e-03	6.4294276674652090466537568169049522e-02	8.1609167484058326731947298111416086e-06	2.4740013173142074193539194091677619e-03
3.9379758435473001528844478308887509e-03	7.4191351682279294822861175785467785e-02	8.1646461009593855097225615961369579e-06	2.4745665300993635354914171974816724e-03
3.9359195536318903443930189289741256e-03	8.4090849694253980295705121653628897e-02	8.1689116973514385777470496693229140e-06	2.4752128566228371751205798549526402e-03
3.9336066555125429922195657511872974e-03	9.3993095451641075674673391107896836e-02	8.1737149346358765754214780154506561e-06	2.4759404449526216909054830005644258e-03
3.9310373003855575739271587139857590e-03	1.0389841432530789838719346825602681e-01	8.1790573878723894661236028985411709e-06	2.4767494619448751290600147712544094e-03
3.9282116563163366341520505937615673e-03	1.1380713239127006265209367694197051e-01	8.1849408113275638327094840872376145e-06	2.4776400933433285662505637757895716e-03
3.9251299082614094636702087767084704e-03	1.2371957650645784147919007731600754e-01	8.1913671398151594566066125823605063e-06	2.4786125438901326436880466546263890e-03
3.9217922580926941792158832720993942e-03	1.3363607438494898063947599767664651e-01	8.1983384901774104251890682643378768e-06	2.4796670374482680905946262109808302e-03
3.9181989246240085830428777159512117e-03	1.4355695467471449270604323154503986e-01	8.2058571629093889956795113136695168e-06	2.4808038171356594885585645131219275e-03
3.9143501436398411631644742687248033e-03	1.5348254703492454358224000292577157e-01	8.2139256439286737734001514652421389e-06	2.4820231454711452452988368267143158e-03
3.9102461679263945873350486446034764e-03	1.6341318221386218367377753114712050e-01	8.2225466064927719528818576422645701e-06	2.4833253045324707473511560184255011e-03
3.9058872673049150470630659911086072e-03	1.7334919212749337221525883189734751e-01	8.2317229132669588937112996817073864e-06	2.4847105961264859732412335544409083e-03
3.9012737286673218232062508991853917e-03	1.8329090993874249752865536417658482e-01	8.2414576185454176474158480721020460e-06	2.4861793419717434997702715895048141e-03
3.8964058560141524729487717620774641e-03	1.9323867013752340958494015295040114e-01	8.2517539706287867239356282994050295e-06	2.4877318838937078529824757227074177e-03
3.8912839704948400801709347376816842e-03	2.0319280862157685569127403531332017e-01	8.2626154143614569132113206820313777e-06	2.4893685840328025721201211544951000e-03
3.8859084104503400683895749376612984e-03	2.1315366277816614708751635151357502e-01	8.2740455938321979079347777694228532e-06	2.4910898250655372004172677533850011e-03
3.8802795314581251485909070791621501e-03	2.2312157156668388548652070033194096e-01	8.2860483552419433801741186931940630e-06	2.4928960104389727231642290295914432e-03
3.8743977063795680644410217510133781e-03	2.3309687560222364604327529679968263e-01	8.2986277499428196457912757006700337e-06	2.4947875646188007746216776369611432e-03
3.8682633254097329056133430687963875e-03	2.4307991724017164893594061166360622e-01	8.3117880376527687326084669359570109e-06	2.4967649333513292660139199689500368e-03
3.8618767961295968874167771206408819e-03	2.5307104066187465787744446401434300e-01	8.3255336898503922075665281104941865e-06	2.4988285839396849834399631384537031e-03
3.8552385435607256426731811976855667e-03	2.6307059196144162278876479488817230e-01	8.3398693933549282035594146930906512e-06	2.5009790055345622051943094547238174e-03
3.8483490102224262410409770625733936e-03	2.7307891923373793804940373451277464e-01	8.3548000540965714421365738913589423e-06	2.5032167094398655325252576397568041e-03
3.8412086561914033429106846481816709e-03	2.8309637266363261985493032176206213e-01	8.3703308010826554354261107036298044e-06	2.5055422294336149579961397197629068e-03
3.8338179591639451108421394224283854e-03	2.9312330461656021908478920408710549e-01	8.3864669905655382715571327584469685e-06	2.5079561221045017550907356356502142e-03
3.8261774145206667425454950460887865e-03	3.0316006973046088272398692673421209e-01	8.4032142104183692882159632610213038e-06	2.5104589672045051074159617586381117e-03
3.8182875353938407569435007464547014e-03	3.1320702500916366048607511290422106e-01	8.4205782847252644112180777205561291e-06	2.5130513680180015540156369258235810e-03
3.8101488527373444602494991447089875e-03	3.2326452991727992724608257370993723e-01	8.4385652785927839218268294598913483e-06	2.5157339517478223596095487275355644e-03
3.8017619153992563436590090030782581e-03	3.3333294647667565981272487767301008e-01	8.4571815031899889146603095790342294e-06	2.5185073699187378783546576177136735e-03
3.7931272901971345196365804251421027e-03	3.4341263936459327227031702373571824e-01	8.4764335210247527719613994681492744e-06	2.5213722987988729231690746325184953e-03
3.7842455619960116913896282827975291e-03	3.5350397601349578165400220357321141e-01	8.4963281514644227264647101058582709e-06	2.5243294398395831389769928864436101e-03
3.7751173337891425715177396688069513e-03	3.6360732671270824938209828525689448e-01	8.5168724765093651974577071193965268e-06	2.5273795201343494698804118751051229e-03
3.7657432267815411226279571282310551e-03	3.7372306471193372820812373676607957e-01	8.5380738468283883178288043002608486e-06	2.5305232928972760731658718280583123e-03
3.7561238804763464865933090518368426e-03	3.8385156632672334429497087868339180e-01	8.5599398880655172556209663400459621e-06	2.5337615379618065368441114007064312e-03
3.7462599527640580018474436921494865e-03	3.9399321104598266446366277124878282e-01	8.5824785074281039859459651807736147e-06	2.5370950623003040756944671165659477e-03
3.7361521200146812814647550310644913e-03	4.0414838164159914514081569902557494e-01	8.6056979005667845905537277953834274e-06	2.5405247005651735913792877780527473e-03
3.7258010771728289406568397226852670e-03	4.1431746428027823775425781040752493e-01	8.6296065587583555502789669754912128e-06	2.5440513156522371674738689019874851e-03
3.7152075378558212226822686793203875e-03	4.2450084863767864137616894045317878e-01	8.6542132764032275492576396059812159e-06	2.5476757992871098174377945752068921e-03
3.7043722344548334790572419257679083e-03	4.3469892801494025371761499525701187e-01	8.6795271588497328378490770638685087e-06	2.5513990726353592050303778087628758e-03
3.6932959182391392154938384733338716e-03	4.4491209945770158294796816218577946e-01	8.7055576305582121297089905528351737e-06	2.5552220869372717103863370732714903e-03
3.6819793594634992213933980190866136e-03	4.5514076387770675246139339516969582e-01	8.7323144436184913897044829151710812e-06	2.5591458241680877247894275613631602e-03
3.6704233474787491602921005308572503e-03	4.6538532617710576628229352156953753e-01	8.7598076866350798911891651211811564e-06	2.5631712977246115333299376570805423e-03
3.6586286908456399138001279452563188e-03	4.7564619537555541238854776992623415e-01	8.7880477939951809171200868061723394e-06	2.5672995531391457041186528094024872e-03
3.6465962174519869448055004188682948e-03	4.8592378474023207341413358733716655e-01	8.8170455555354079398070937530977755e-06	2.5715316688217466698400323902774279e-03
3.6343267746331869796496584232053256e-03	4.9621851191887179806235264660647325e-01	8.8468121266239446974177147381828338e-06	2.5758687568318472942345643027137989e-03
3.6218212292961624063613640028450602e-03	5.0653079907595727175317957634329200e-01	8.8773590386757801316324703211012026e-06	2.5803119636803438030213928516328138e-03
3.6090804680467959497185880072549179e-03	5.1686107303217582175828114175465873e-01	8.9086982101195916950122668360085602e-06	2.5848624711632986751641094075554782e-03
3.5961053973209204168844375647985769e-03	5.2720976540727731117637725487533586e-01	8.9408419578358463236256916420873703e-06	2.5895214972284680951841114779165615e-03
3.5828969435189306127594144265492095e-03	5.3757731276646572905718461118308321e-01	8.9738030090867408713377328134407459e-06	2.5942902968759225296504543885014637e-03
3.5694560531440869052794322105719132e-03	5.4796415677046348298010230914558089e-01	9.0075945139597167315455845864401195e-06	2.5991701630940920912557625710556162e-03
3.5557836929445823810907085001023750e-03	5.5837074432939285836418253066337552e-01	9.0422300583474607072862460110236301e-06	2.6041624278326347840813823480067664e-03
3.5418808500594480749337193350205027e-03	5.6879752776062483945210725244420662e-01	9.0777236774885501918551463846150640e-06	2.6092684630135956885092451079773021e-03
3.5277485321683733854239813625314307e-03	5.7924496495075150484200974048773940e-01	9.1140898700942199550481898936088609e-06	2.6144896815823988621272198582344237e-03
3.5133877676455215096625831488484223e-03	5.8971351952184453110849311501981097e-01	9.1513436130881251900740857685334995e-06	2.6198275386002914369104743498746303e-03
3.4987996057174225433693978040227592e-03	6.0020366100216897789256785494141753e-01	9.1895003769874562140232687207554954e-06	2.6252835323799413316834930152444430e-03
3.4839851166250298063331413563243154e-03	6.1071586500152850431215387280571470e-01	9.2285761419553299656858758386995832e-06	2.6308592056659764380241050208275253e-03
3.4689453917900279694539198059145273e-03	6.2125061339142549821134717638831652e-01	9.2685874145560482588070687713843788e-06	2.6365561468623443611941881189813189e-03
3.4536815439854846842796061936327421e-03	6.3180839449022730636273882878140968e-01	9.3095512452465791256778544562090970e-06	2.6423759913084681087675560015558437e-03
3.4381947075109406537092987585569920e-03	6.4238970325353785625261522185655871e-01	9.3514852466394925098012943198141567e-06	2.6483204226062748428275019875046747e-03
3.4224860383720364387091418618772152e-03	6.5299504146998248084621120116202726e-01	9.3944076125745725469829950521655790e-06	2.6543911740002822940535324777647994e-03
3.4065567144647777759785619307558896e-03	6.6362491796262272051825192918539192e-01	9.4383371380384437898891932092192985e-06	2.6605900298130410492661452965168926e-03
3.3904079357645447913215562629698466e-03	6.7427984879622730644974525240916625e-01	9.4832932399737966760434654351078195e-06	2.6669188269383510659356364178264369e-03
3.3740409245199542391203742084563846e-03	6.8496035749063545418969496375583226e-01	9.5292959790221876748764470820799299e-06	2.6733794563947978640608045461391596e-03
3.3574569254516877861971432379269815e-03	6.9566697524045904347975052017086410e-01	9.5763660822469319607962271951787355e-06	2.6799738649422883545870793977294906e-03
3.3406572059564033952382523804828937e-03	7.0640024114138126145305094466308605e-01	9.6245249668853120161255042173578566e-06	2.6867040567644086741166489978198469e-03
3.3236430563158510559585995352967758e-03	7.1716070242332087358792664896228909e-01	9.6737947651822059917385187797754010e-06	2.6935720952195772337141591402430664e-03
3.3064157899113184687882449291309302e-03	7.2794891469074349514336894948981505e-01	9.7241983503603075908242960288552059e-06	2.7005801046641260193397710588489305e-03
3.2889767434435368139639473089447269e-03	7.3876544217041410238571518127091458e-01	9.7757593637853783437821066124386279e-06	2.7077302723506126087356777590181178e-03
3.2713272771581814468197953489056616e-03	7.4961085796689858740643681440224502e-01	9.8285022433884581535550200404676187e-06	2.7150248504048450454150213851390476e-03
3.2534687750771072565643174330352378e-03	7.6048574432613646510057307673992718e-01	9.8824522534106768425623928044591722e-06	2.7224661578852923344847534376190785e-03
3.2354026452354635201562207840561175e-03	7.7139069290742193119821889492334937e-01	9.9376355155402753495959744984664442e-06	2.7300565829287556499020332619779530e-03
3.2171303199248383848081198593292964e-03	7.8232630506414639451401994090259567e-01	9.9940790415156788402641641411595845e-06	2.7377985849863901781255696730263785e-03
3.1986532559425886324610462511249352e-03	7.9329319213367241655890828655929068e-01	1.0051810767272985474355564839368045e-05	2.7456946971543957406558350820793296e-03
3.1799729348475161281634319663262793e-03	8.0429197573672674272010370568617126e-01	1.0110859588721065756546431081117813e-05	2.7537475286039368765300834726106670e-03
3.1610908632220583431522979772227384e-03	8.1532328808671886063415329031798474e-01	1.0171255399232631945856246690171818e-05	2.7619597671151109372137304434751999e-03
3.1420085729411665847212657179276326e-03	8.2638777230941133663040780701703463e-01	1.0233029128945160567569380953079654e-05	2.7703341817200570414004393332891649e-03
3.1227276214480520715159261115920616e-03	8.3748608277338912821810854726740344e-01	1.0296212785971461486511769230311938e-05	2.7788736254605906328317019897483491e-03
3.1032495920369867783102328123297723e-03	8.4861888543179722242918539702615788e-01	1.0360839499626014465964978399859578e-05	2.7875810382660591506003606856057833e-03
3.0835760941433530529669526917127681e-03	8.5978685817583938459125788554687873e-01	1.0426943565779971453397319193969741e-05	2.7964594499574453302939779945435224e-03
3.0637087636411433953930833368889287e-03	8.7099069120055560367555251304916000e-01	1.0494560494464985646432963078197293e-05	2.8055119833840973880393057353072006e-03
3.0436492631481194999893675763338128e-03	8.8223108738342207879210134059956153e-01	1.0563727059853815456154823918327643e-05	2.8147418576998414005954933875412973e-03
3.0233992823388477164434847364866978e-03	8.9350876267634540340672795804575914e-01	1.0634481352754004965797614836846068e-05	2.8241523917856323167157406002315646e-03
3.0029605382658364968361547532250552e-03	9.0482444651165207336274043984605855e-01	1.0706862835759908285190139337940899e-05	2.8337470078263280944919131124784900e-03
2.9823347756890101891202826524823962e-03	9.1617888222270568354815614951845866e-01	1.0780912401217953330056980169595943e-05	2.8435292350496284885384124151657065e-03
2.9615237674137627284677699104054010e-03	9.2757282747981730626237869064642113e-01	1.0856672432170385517797122661285104e-05	2.8535027136357082119098873313991187e-03
2.9405293146378443903805211190804913e-03	9.3900705474214969138348659855694461e-01	1.0934186866453853120960265768628601e-05	2.8636711988065959585170493124203364e-03
2.9193532473073448257940531236589736e-03	9.5048235172635323364738311915486753e-01	1.1013501264141158447134545069828443e-05	2.8740385651049086833618129185777007e-03
2.8979974244820461230594943520733282e-03	9.6199952189271126585031510757898313e-01	1.1094662878527373492126897963482738e-05	2.8846088108721474129181117318447596e-03
2.8764637347104306606026993792828638e-03	9.7355938494961432043121578725890106e-01	1.1177720730875382700797194410487870e-05	2.8953860629373997520285397310194182e-03
2.8547540964146400548019138847670113e-03	9.8516277737722773027818265855092790e-01	1.1262725689150853681372433457546331e-05	2.9063745815279784882704792480249758e-03
2.8328704582856935995346763392075980e-03	9.9681055297126450118960447631329207e-01	1.1349730550992741869609638613992778e-05	2.9175787654142588827587795721518343e-03
2.8108147996892872681476828383313761e-03	1.0085035834078259867382905723311111e+00	1.1438790131182808771783547174926700e-05	2.9290031573017633102215699257404470e-03
2.7885891310825076385562132126205744e-03	1.0202427588303267512866107056215303e+00	1.1529961353896386821641034548379617e-05	2.9406524494843851539925361435880279e-03
2.7661954944418090432168961353262036e-03	1.0320289884595773564191714214539347e+00	1.1623303350036879131273613327091003e-05	2.9525314897735489414747137110513166e-03
2.7436359637026168756139782191764910e-03	1.0438632012281599074357773764910788e+00	1.1718877559978373480387838963192283e-05	2.9646452877190757140298948874102443e-03
2.7209126452109353439456523487898891e-03	1.0557463464402963283974864466073290e+00	1.1816747842064423944010257120512153e-05	2.9769990211385671189864026197003447e-03
2.6980276781873540938902829763412585e-03	1.0676793944584787983894144305218373e+00	1.1916980587236672389352597890072477e-05	2.9895980429732447597268352890195700e-03
2.6749832352038650715818195300454830e-03	1.0796633374182059053844131328222491e+00	1.2019644840194723664852437485708754e-05	3.0024478884893895761740494350089418e-03
2.6517815226739188142748854534003994e-03	1.0916991899722472123430152467706468e+00	1.2124812427518748624933673556606173e-05	3.0155542828458267081694811573090604e-03
2.6284247813561680920580141491686812e-03	1.1037879900659434683149600667445491e+00	1.2232558093218884119791073814083177e-05	3.0289231490493023604202520033273453e-03
2.6049152868723665354470863371334435e-03	1.1159307997451400539163252910427081e+00	1.2342959642210866867865054238598663e-05	3.0425606163211093400700624743081874e-03
2.5812553502399106307602311645285254e-03	1.1281287059984478806839375912635948e+00	1.2456098092255741558566205657516873e-05	3.0564730288999467144187084200619979e-03
2.5574473184195353120843691771587123e-03	1.1403828216356293624598739564803006e+00	1.2572057834943212952757456560649865e-05	3.0706669553077569013473085867832734e-03
2.5334935748786963942210757818966537e-03	1.1526942862040177830024585658366715e+00	1.2690926806343588172292343213723973e-05	3.0851491981071819488333491823546091e-03
2.5093965401711973490305835212764728e-03	1.1650642669449969845089510726013835e+00	1.2812796668002634026513073651114955e-05	3.0999268041813324093563145400805789e-03
2.4851586725336435072238445393465952e-03	1.1774939597926954366937433225155777e+00	1.2937762999007448554721515140741280e-05	3.1150070755687809572555680935410040e-03
2.4607824684993337538334304989965058e-03	1.1899845904171851138033373338333417e+00	1.3065925499910052129944495682712201e-05	3.1303975808890940185980841775307162e-03
2.4362704635302282695609809881600179e-03	1.2025374153146219699587614938594785e+00	1.3197388209359325435717936369320627e-05	3.1461061673968150247452208459114365e-03
2.4116252326676609500029227264505531e-03	1.2151537229469219947325624878818372e+00	1.3332259734361696907900191777029941e-05	3.1621409737046310322430247224524823e-03
2.3868493912024969158408195198130121e-03	1.2278348349337357621649743421812926e+00	1.3470653495167208387241671052452889e-05	3.1785104432195108669738076025735185e-03
2.3619455953654691229168850262525211e-03	1.2405821072996660549412926352371104e+00	1.3612687985860929716674475073724466e-05	3.1952233383389202880525817672346646e-03
2.3369165430384636138867075024755261e-03	1.2533969317798686438533352294979116e+00	1.3758487051830891540438488988218630e-05	3.2122887554578229567420998973200817e-03
2.3117649744875605545175587136388048e-03	1.2662807371873868289497885649734561e+00	1.3908180185383586521781370856165200e-05	3.2297161408410929379862099990645500e-03
2.2864936731186780096640834674906781e-03	1.2792349908457972175683439607280275e+00	1.4061902840887574444984152059483415e-05	3.2475153074202257417584529616594415e-03
2.2611054662567075897185297752811775e-03	1.2922612000909888696181083636029174e+00	1.4219796770945846238945279781899490e-05	3.2656964525778745521110854432314538e-03
2.2356032259490758033566515348409927e-03	1.3053609138461619693182439291489630e+00	1.4382010385229507994552432131512136e-05	3.2842701769887940572864521386176624e-03
2.2099898697947123654925156972376851e-03	1.3185357242744173316082436095115001e+00	1.4548699133750328678462192506502771e-05	3.3032475045912881415782069145103246e-03
2.1842683617994570239021859564281843e-03	1.3317872685136162441459846121500805e+00	1.4720025916509200729891427935349464e-05	3.3226399037692762929471112700254644e-03
2.1584417132589898932911975640956930e-03	1.3451172304985235026925600794964258e+00	1.4896161521633214183752762665438285e-05	3.3424593098316688735961510566477751e-03
2.1325129836704270483948625633233632e-03	1.3585273428756073586567181168384493e+00	1.5077285094307666110875285869624988e-05	3.3627181488829312991210563958289633e-03
2.1064852816737834738090259121639505e-03	1.3720193890162610472326855116221141e+00	1.5263584639022969533761608487469169e-05	3.3834293631865862846261008690573178e-03
2.0803617660245696643331536961303791e-03	1.3855952051346344606778218155171647e+00	1.5455257557892400145559693437525837e-05	3.4046064381320238129273019805078728e-03
2.0541456465988565052517922992242148e-03	1.3992566825167245369144033461162778e+00	1.5652511228057530677008741337242895e-05	3.4262634309244410672883603588746328e-03
2.0278401854322158519074368249270230e-03	1.4130057698678725535001980334227234e+00	1.5855563621486993478397164885861618e-05	3.4484150011281096075843774932933504e-03
2.0014486977940218144701392054053932e-03	1.4268444757863596385004935959307437e+00	1.6064643970794207649459235433715842e-05	3.4710764432045658392778000915706519e-03
1.9749745532986805097044142353257329e-03	1.4407748713713827495623501453223257e+00	1.6279993485054672723321227201876898e-05	3.4942637211998569993954846803519358e-03
1.9484211770554443729294674245973270e-03	1.4547990929743369292292997271110984e+00	1.6501866119997634036728761477359049e-05	3.5179935057487761910606772394061765e-03
1.9217920508585614732731608384865328e-03	1.4689193451030311589272686489678256e+00	1.6730529407385209457637844909326618e-05	3.5422832135792301446015002081325675e-03
1.8950907144196111273962822502798001e-03	1.4831379034892305569806824825060849e+00	1.6966265348879939006137416172514110e-05	3.5671510497166642617107666827230050e-03
1.8683207666439849896721971738256334e-03	1.4974571183307536362352291092966824e+00	1.7209371380245445362261516083771668e-05	3.5926160526070037315544488851109674e-03
1.8414858669535882885476138240061396e-03	1.5118794177202672696017576151043696e+00	1.7460161412331618624291213148783185e-05	3.6186981423970633780141394512051097e-03
1.8145897366579596126260072528034656e-03	1.5264073112739222000192206404524501e+00	1.7718966955973619239560304447060587e-05	3.6454181726340657393275699487243016e-03
1.7876361603761403199336437574748592e-03	1.5410433939740676613805284586894102e+00	1.7986138338692354577960454307118243e-05	3.6727979856710509997395284902804255e-03
1.7606289875117670114242261002298455e-03	1.5557903502414853614690505473126844e+00	1.8262046021933606856811178905700121e-05	3.7008604720928636066313044599873043e-03
1.7335721337840134116579591419389555e-03	1.5706509582539024079662134188790702e+00	1.8547082028535922787496183125740310e-05	3.7296296345083993261007510444216540e-03
1.7064695828171723558066841637510615e-03	1.5856280945289928786628814642788251e+00	1.8841661491187792004130063965429228e-05	3.7591306560892806528995702319701798e-03
1.6793253877918454056643664076181827e-03	1.6007247387916734467379905069420502e+00	1.9146224333838738225827211712707521e-05	3.7893899742735395129704921754770876e-03
1.6521436731608980247683820801045774e-03	1.6159439791472564584649063350331622e+00	1.9461237099385395111145683838503968e-05	3.8204353600957281199133042111641803e-03
1.6249286364335434663301237821104203e-03	1.6312890175839629671649634111811803e+00	1.9787194938483999600628464615217340e-05	3.8522960036527278997507805211718645e-03
1.5976845500311399290364079209401107e-03	1.6467631758304397637962936269659197e+00	2.0124623776069954277968892198336828e-05	3.8850026062680424382441534905964938e-03
1.5704157632185246213199928559289044e-03	1.6623699015962925488068862712909145e+00	2.0474082674122099673812006197117370e-05	3.9185874799773003482027619572446349e-03
1.5431267041149668131614366284122699e-03	1.6781127752262694455298439708484755e+00	2.0836166411427672689632219507756364e-05	3.9530846550249275798123308854272091e-03
1.5158218817891015969205708216442657e-03	1.6939955168016361797828288521945207e+00	2.1211508303622673919042580195627692e-05	3.9885299961374772779983048630824552e-03
1.4885058884425089811418550179919083e-03	1.7100219937255118628219229931825545e+00	2.1600783289647069064727010417814429e-05	4.0249613284240836071892706003262578e-03
1.4611834016869313906492878265229956e-03	1.7261962288325228011037717589827525e+00	2.2004711314018114938333201636508414e-05	4.0624185738502683678203841865369593e-03
1.4338591869204791899033890695398869e-03	1.7425224090671272464040067574115143e+00	2.2424061038050418603082719755671310e-05	4.1009438993394205785782284551597562e-03
1.4065380998085613261726111502857661e-03	1.7590048947794192808855170878706386e+00	2.2859653917411190419408618878266697e-05	4.1405818776784816532845726951235914e-03
1.3792250888756997792756331464480392e-03	1.7756482296921956217530932727238357e+00	2.3312368688279471421483923639096798e-05	4.1813796625427856954936799882078582e-03
1.3519251982148457577926218065257083e-03	1.7924571515986345437389985676244422e+00	2.3783146309980179501385397550489689e-05	4.2233871791120527153787144104766046e-03
1.3246435703213164789142664984771185e-03	1.8094366038561713612693246408393268e+00	2.4272995418407268651770481669180862e-05	4.2666573319280456405864655586437094e-03
1.2973854490590183796822406380560074e-03	1.8265917477491522550103991782675951e+00	2.4782998351976809474724654104586546e-05	4.3112462318476951829620356147551941e-03
1.2701561827672207567583977790471811e-03	1.8439279758007143041486535435748085e+00	2.5314317820428570743468890490324573e-05	4.3572134441774581440516361540928573e-03
1.2429612275167987809202296212385160e-03	1.8614509261231978985127446954165033e+00	2.5868204296723895000408557607933069e-05	4.4046222603398755036294855370191373e-03
1.2158061505255829692717982501092724e-03	1.8791664979063916096972527996965522e+00	2.6446004223807206320554175659227738e-05	4.4535399957271232842596431836427914e-03
1.1886966337432407446650636703894404e-03	1.8970808681542058807447990721413287e+00	2.7049169141394224632659524388973417e-05	4.5040383167451657162090709719705154e-03
1.1616384776169828484016228944292140e-03	1.9152005097931650464764163341054048e+00	2.7679265853564914420983401159872713e-05	4.5561936004534648954456361679480835e-03
1.1346376050503423830771022868624856e-03	1.9335322112906245898527688587011966e+00	2.8337987776186187773056239451324141e-05	4.6100873306680271121578451703516956e-03
1.1077000655683277057281187777944828e-03	1.9520830979371286388841812504579722e+00	2.9027167624566721479170940775792929e-05	4.6658065349305365114231612400293499e-03
1.0808320397034142997319783864707737e-03	1.9708606549661346095916260427236114e+00	2.9748791626857298253059990603119844e-05	4.7234442673661779071005396346535267e-03
1.0540398436181288694457779075114583e-03	1.9898727527058164788087280270094562e+00	3.0505015478287747728126247987689915e-05	4.7831001431727396186025087161777026e-03
1.0273299339814069545081912281551274e-03	2.0091276739822512254534437431945298e+00	3.1298182286269050643118687799650757e-05	4.8448809313220473681547389087162223e-03
1.0007089131174913984316928040370366e-03	2.0286341440215108543688397313833301e+00	3.2130842797778780483727768940699062e-05	4.9089012130338107420877895154530094e-03
9.7418353444790378421150896491224986e-04	2.0484013631306387077136760142843375e+00	3.3005778249630301674960081343700298e-05	4.9752841147282905402607877889169935e-03
9.4776070824898839779912404675104816e-04	2.0684390424749148834879748451266724e+00	3.3926026240852190502948160609739241e-05	5.0441621255102499412150721092062618e-03
9.2144750774972605850638296963158662e-04	2.0887574433120861453287403836109112e+00	3.4894910096515760207555865670244599e-05	5.1156780108219280873691527280713133e-03
8.9525117559697532118874852357927985e-04	2.1093674200944000731274767845652409e+00	3.5916072276479596291344063940195366e-05	5.1899858357755398786344654413630976e-03
8.6917913071805836534501381759915389e-04	2.1302804679076046771622738675113642e+00	3.6993512483829352485081188458624267e-05	5.2672521138952773417458023856196990e-03
8.4323897561371176542580875892285275e-04	2.1515087747840795942192896738700126e+00	3.8131631250232549258383475642381329e-05	5.3476570996379005334724209465437218e-03
8.1743850411791904876674075028969770e-04	2.1730652795068042213519201120985225e+00	3.9335279923972761305753743400880963e-05	5.4313962462099570671284989644937802e-03
7.9178570966509202168495423837779491e-04	2.1949637356141949376376008695586060e+00	4.0609818167354034828449066998356757e-05	5.5186818539704800239807623064125045e-03
7.6628879410954131371305153831107963e-04	2.2172187824257118851707154039255416e+00	4.1961180291442962787357759830952334e-05	5.6097449392404251444665574690263702e-03
7.4095617714725612368496931886348958e-04	2.2398460240379257185559775241462649e+00	4.3395952027905800888825732567444795e-05	5.7048373588092444471557094384686745e-03
7.1579650639579667697513238692070531e-04	2.2628621173946129501177254653856936e+00	4.4921459673031628935558873435141660e-05	5.8042342320553788276469582135377942e-03
6.9081866819470684862018319154543579e-04	2.2862848707175746777787105688696294e+00	4.6545873954706907011966022998244499e-05	5.9082367106601742828402474005128752e-03
6.6603179919641772628409236758336175e-04	2.3101333538036672871963188529209882e+00	4.8278331490897618794131901184314980e-05	6.0171751557488420910312706082801402e-03
6.4144529882630208257365573925949602e-04	2.3344280219560223563277446775212302e+00	5.0129077356500585094619759852371885e-05	6.1314127943917769931087440447266571e-03
6.1706884270055514728570147576905093e-04	2.3591908556337058995997340863280604e+00	5.2109633091510248904704852336374977e-05	6.2513499423291440759524507353956800e-03
5.9291239710216085197540898270188201e-04	2.3844455182868749636323220003973807e+00	5.4232995516530321181365806824687215e-05	6.3774288982974262389854934770757752e-03
5.6898623462864884629957616113775166e-04	2.4102175353100385545651495232917443e+00	5.6513873037194410885256590806041269e-05	6.5101396384236154820299078903375484e-03
5.4530095114101472125574438484082645e-04	2.4365344976150417590609410863194089e+00	5.8968967804714505278379896081960134e-05	6.6500264681024020832753929074364701e-03
5.2186748416150381645897520427114602e-04	2.4634262940245300179879259911460027e+00	6.1617314273862977938987315037872829e-05	6.7976958252891333148871611134128511e-03
4.9869713288948991073058999783986265e-04	2.4909253775504516255180792643778572e+00	6.4480687523152720074860962439790935e-05	6.9538254754941488560137043627311476e-03
4.7580158003008615172029211559509073e-04	2.5190670716956700825139491090511369e+00	6.7584098395579396265215581418210035e-05	7.1191753979916509520714526932812074e-03
4.5319291566024503395910228354935830e-04	2.5478899242591816944043659140542764e+00	7.0956397387558508112428002303596444e-05	7.2946007389653852450779276983714069e-03
4.3088366339298909644797067927215334e-04	2.5774361178151675722472379736074345e+00	7.4631015685436007192037591698749511e-05	7.4810673061015664318828008735477558e-03
4.0888680914339335593355983531858183e-04	2.6077519481778464328500462832703774e+00	7.8646880425347654866569769427043757e-05	7.6796702082058745753389201415297324e-03
3.8721583285170532191945552481666077e-04	2.6388883848988742165249132870760926e+00	8.3049552991834812928551696494160770e-05	7.8916564134592830090061719487134478e-03
3.6588474358170643635050502192425788e-04	2.6709017313636432936828686548137790e+00	8.7892655211464696656209304192908590e-05	8.1184522259427816075281771916259663e-03
3.4490811848889095938339704638730197e-04	2.7038544066206641055434240062236526e+00	9.3239670446188753781411480661760281e-05	8.3616969833440287393884574712295672e-03
3.2430114624691504202891479921002074e-04	2.7378158770598745412618206620139317e+00	9.9166237517070771918110523687865057e-05	8.6232846898729869548207869000664069e-03
3.0407967563685077957875901837668998e-04	2.7728637739645027166907538850468321e+00	1.0576309909226425928241822257590410e-04	8.9054158617887410841810508454261565e-03
2.8426027014844318643187881830847998e-04	2.8090852435264540550586548466741398e+00	1.1313992873502739980116170532007415e-04	9.2106626440404848875522843109582962e-03
2.6486026962436902983583263881570815e-04	2.8465785901874197977853623110772804e+00	1.2143035162083123743567356236661064e-04	9.5420513532180949306774486524877047e-03
2.4589786020904975180864159739850852e-04	2.8854552936808665768866277583633985e+00	1.3079860775350387265761980029050016e-04	9.9031681629028087502165604678922388e-03
2.2739215415883496947502578782531765e-04	2.9258425071782797655954549899252005e+00	1.4144850695274400978197285096893628e-04	1.0298295902127129126549150633707455e-02
2.0936328145256868210370357831552350e-04	2.9678861819157532184862127015168258e+00	1.5363563050210452869376032143702083e-04	1.0732593247053105065796409287275348e-02
1.9183249564206590602439039117852712e-04	3.0117550178588081289172985348949184e+00	1.6768420947065534389106749809506887e-04	1.1212332529633180871491732736353171e-02
1.7482229704590672650756481225076212e-04	3.0576455185976944665025694534087058e+00	1.8401086430475211298283363693239079e-04	1.1745219915564308184678277899569401e-02
1.5835657728296402560716285383966714e-04	3.1057885449439500130728909120190471e+00	2.0315861726156563210055599843292493e-04	1.2340833414877799963532137034584661e-02
1.4246079036208965984615013975788037e-04	3.1564579372437253279041948356114420e+00	2.2584663716884589866328993054465843e-04	1.3011232839354811257348900101990391e-02
1.2716215724014070286247938709277407e-04	3.2099820476309787926072977103571955e+00	2.5304469525443088818871374254062181e-04	1.3771826313571902708632777688829844e-02
1.1248991316349189429251604779010396e-04	3.2667594534306294953936370963607705e+00	2.8608755995586162906407827285902853e-04	1.4642629288772159445575741311519588e-02
9.8475610588136425286637734861439636e-05	3.3272808248645168886983035300901703e+00	3.2685607485586158938938659295170325e-04	1.5650141383460150222430561346166239e-02
8.5153495639061680288770685032526660e-05	3.3921601049001968763434473098565878e+00	3.7807380597200229973549945001002945e-04	1.6830227975351646297562527773161996e-02
7.2560983957145564198622245105203600e-05	3.4621802365303590842603411756546388e+00	4.4381285416790418085175269052257065e-04	1.8232698731170377081173657877473600e-02
6.0739274226176679259202373904882075e-05	3.5383624816350896393138090931745994e+00	5.3039802950016476182829702169014838e-04	1.9928882078087240760708595193511229e-02
4.9734158072954546615084703680227200e-05	3.6220757354059053495658255169218806e+00	6.4811739592243983366433394192511477e-04	2.2024775927715268385501079214482941e-02
3.9597120032209095474302617923647562e-05	3.7152173859604947826206908334360165e+00	8.1469098511830855154967534445096417e-04	2.4685264382959427757483431024226962e-02
3.0386884698081272817356861802549002e-05	3.8205309349130074616037527257991921e+00	1.0629461274243712556281825141115899e-03	2.8182114783080923400749918150828788e-02
2.2171691154340790625757573606314316e-05	3.9422080499244501042317074750164807e+00	1.4598422449541073143722259986885098e-03	3.2998564705172978933070864930268898e-02
1.5032834108584341656218228719313649e-05	4.0871519116762364612631772509377572e+00	2.1615347499690523018656355273577433e-03	4.0088239426969499189180756323020590e-02
9.0706184662153138990694208392962814e-06	4.2680369337764922083370365894037113e+00	3.6136440111748817668468168461874066e-03	5.1645110393475939745261666938044481e-02
4.4154529966824554256722571066179106e-06	4.5125568364008414277023777214620145e+00	7.6248673426480436797631152364671723e-03	7.4177639448983335931830341695047160e-02
1.2443473280852219563761479640059447e-06	4.9055506261111756368402721854193738e+00	3.6074534414333163424534240001217460e-02	1.4198633211819432991482678751166977e-01
0.0000000000000000000000000000000000e+00	0.0000000000000000000000000000000000e+00	1.4115242760142784671058375845531246e-05	3.0279090655337923261495130272696233e-03