1.2286176920492201324579340851205974e-06	-4.9080497564001148138059749321179395e+00	3.6042295101135083373538723191199330e-02	1.4192107748736700534411745061122720e-01
4.3600395420983175386281674374814013e-06	-4.5152429379110151270562958114957200e+00	7.6172322461861521726157042474846486e-03	7.4140260539480450068454691775473603e-02
8.9574621502947911735313851446560330e-06	-4.2708503093025999139811041727967014e+00	3.6097435019392179359297744464147240e-03	5.1617145042712143112033117167255434e-02
1.4846263520775289736957823885240540e-05	-4.0900659349579227181463026385731318e+00	2.1590592730236752185418844605303924e-03	4.0065234970613524514912387334303138e-02
2.1897785258406429289232237127782170e-05	-3.9452072132887062528611345218536413e+00	1.4580854673676456042625121657782828e-03	3.2978678567027254246818863548617995e-02
3.0013066500036035229432567870842457e-05	-3.8236049452925358774324593839780447e+00	1.0616108736457029170622737773182764e-03	2.8164392187231230995091880839998370e-02
3.9111900320477680595902502161627798e-05	-3.7183588514232245520325049883585522e+00	8.1362784930736236104117792901263576e-04	2.4669141367993628852706916604322901e-02
4.9126959548544586807746740876905297e-05	-3.6252790590882784258556745703667086e+00	6.4724203625472426067832482348717751e-04	2.2009889214756585540071831100834621e-02
6.0000303397968170308406977316745612e-05	-3.5416232616160024451997799228925033e+00	5.2965876615866184319712216876010281e-04	1.9914982720580792747303557613448696e-02
7.1681133698506311784767731220710533e-05	-3.4654949101053746618450133853358407e+00	4.4317602019493698763698877973535903e-04	1.8219608012206833854257569287650356e-02
8.4124268592198113781719545991368974e-05	-3.3955257234222790803833775067867865e+00	3.7751639977971714189246065909957925e-04	1.6817812857888949049317986527907993e-02
9.7289057384919231450205846476878426e-05	-3.3306949038068754919422149791902955e+00	3.2636177152616099824753235546518059e-04	1.5638299911397765307164864813545145e-02
1.1113858155210086442741662130155865e-04	-3.2702198684152633803221565130018040e+00	2.8564440624627556538327606317709155e-04	1.4631281438211192182459197319678639e-02
1.2563904947087122958221879682715905e-04	-3.2134869599062281445538314443967837e+00	2.5264370828634873821859071970878976e-04	1.3760908009606687180880647404458392e-02
1.4075932697722645613979664061184463e-04	-3.1600057387773589955769392989673350e+00	2.2548091593806971758905178421080841e-04	1.3000691901921130542427264233167531e-02
1.5647056597191355209296716515159411e-04	-3.1093778170144037948728163101521956e+00	2.0282275898582899330472724489143809e-04	1.2330626728253250229468938568872121e-02
1.7274590557519513469032676738014858e-04	-3.0612749999346229521927137100633703e+00	1.8370056923263009302369151173261897e-04	1.1735311400911882486837090321849969e-02
1.8956022811185147864796308797150730e-04	-3.0154235797022802165381800895091931e+00	1.6739600619648103321517742147381149e-04	1.1202691660181602924925808608525033e-02
2.0688995730371187346487721153220455e-04	-2.9715928081931737675024167534987439e+00	1.5336668062096425254372660167938613e-04	1.0723193939378509488695618586567435e-02
2.2471288948005243898605353186992257e-04	-2.9295862785364873599134021216439406e+00	1.4119646330800270917861285590474862e-04	1.0289115673980794646631537219269211e-02
2.4300805098677555254897162027494399e-04	-2.8892353744695505512771584918718295e+00	1.3056150971407906893358329007239205e-04	9.8941874837002221563090541301190534e-03
2.6175557664819192795641123643262815e-04	-2.8503942177346438062344137779524609e+00	1.2120654646530100576114090190063955e-04	9.5332531362506867257212193010346887e-03
2.8093660533879752069203039546881647e-04	-2.8129357192174434564814186901489370e+00	1.1292801177731173566334271590083940e-04	9.2020318445931550276112058671796744e-03
3.0053318960341688511584445513689315e-04	-2.7767484557557331567354676319848233e+00	1.0556186748248887732529350293090593e-04	8.8969391555296254926656443933921089e-03
3.2052821691902198720567530091690153e-04	-2.7417341731477195312763617002322603e+00	9.8974654169222544751077707877208761e-05	8.6149502128744199114545313494939301e-03
3.4090534068531047484195088061650319e-04	-2.7078057700477586584510299186321550e+00	9.3056835566380064239493883646312093e-05	8.3534941199805125210807998861899329e-03
3.6164891940817657454218808589769818e-04	-2.6748856553935878927901042757165223e+00	8.7717783601342754718616466940488950e-05	8.1103714343822466322307571974798302e-03
3.8274396283149664789907974899640404e-04	-2.6429043990256138301351962599768021e+00	8.2881955789890121722584574124083988e-05	7.8836890809648909165105862899032594e-03
4.0417608400010096693643186240162683e-04	-2.6117996146632391589568386647317631e+00	7.8485950294149096668125699063002630e-05	7.6718085302922988311026554154793373e-03
4.2593145641615709557143852152275008e-04	-2.5815150286691673898089550116781214e+00	7.4476214700376880434544011664053844e-05	7.4733041849404804484915256984581998e-03
4.4799677559390635920882143118459176e-04	-2.5519996985933061302108752739078126e+00	7.0807247062458068462549508681086848e-05	7.2869296974452536562877116893993723e-03
4.7035922443221473161924151206250391e-04	-2.5232073533931628543205078152318556e+00	6.7440171412557256495387531598418431e-05	7.1115905066006953487288126918379580e-03
4.9300644191701294644355751677913193e-04	-2.4950958332066251303690825354906444e+00	6.4341600832294217099091677875301525e-05	6.9463212897784365270281614241602508e-03
5.1592649474114388304339374596184752e-04	-2.4676266111188037632744738008365209e+00	6.1482723301805151759485218042039551e-05	6.7902673320869663628132235161466633e-03
5.3910785149100948209106731970845303e-04	-2.4407643828826427269233109304343676e+00	5.8838561567044784608474841926633480e-05	6.6426690391052664931448304229220159e-03
5.6253935910047791155229329183549021e-04	-2.4144767132865455567572440666269768e+00	5.6387369992172416921525308416319931e-05	6.5028489898873940817181662678040405e-03
5.8621022131491292351284584286504021e-04	-2.3887337300030349229655292958813181e+00	5.4110140030488252570455885739590159e-05	6.3702010559433917408723179953622820e-03
6.1010997894358955134743649998413470e-04	-2.3635078574414274093815419679522604e+00	5.1990192411799352963370161237565003e-05	6.2441812106457835928477330922400161e-03
6.3422849170847467787670300558366063e-04	-2.3387735844693164120829471353801343e+00	5.0012839007814120914565509748878771e-05	6.1242997296857524073338640928862409e-03
6.5855592152241540787846508318319918e-04	-2.3145072609406776733328446718086961e+00	4.8165101026530535357954696943097000e-05	6.0101145424039049000353841542563503e-03
6.8308271705101958242281748469541917e-04	-2.2906869188318157685282235610586101e+00	4.6435473006788559986086377461684749e-05	5.9012255401523679031429606727416096e-03
7.0779959943059428564713973318563709e-04	-2.2672921144851852261126111004836318e+00	4.4813724255725034896089126356709443e-05	5.7972696843457747253950428135614250e-03
7.3269754902996469396874900115259600e-04	-2.2443037890298682486132882748356842e+00	4.3290731055560750028917917077481005e-05	5.6979167857951667897396739945261531e-03
7.5776779315726098275823535215518253e-04	-2.2217041445128235606292370715682167e+00	4.1858334280143935184659031124339560e-05	5.6028658499952612778605697983569663e-03
7.8300179462418907334908790209349131e-04	-2.1994765336576502336663852591526398e+00	4.0509218093541836822924844395095355e-05	5.5118419015428154759229962590417718e-03
8.0839124109018180290130473410768438e-04	-2.1776053614837352402411703129528071e+00	3.9236806218091682791988151298023614e-05	5.4245932157865386651288167795901483e-03
8.3392803511739950857641371988698959e-04	-2.1560759972810188899776457725595031e+00	3.8035172906857307909369979155590495e-05	5.3408888979031056316479588044121780e-03
8.5960428487501068961188588478750449e-04	-2.1348746956543030558145494004066918e+00	3.6898966272610285811748455825269837e-05	5.2605167594433746379605979083559065e-03
8.8541229543769860889064698426598066e-04	-2.1139885255340667384208082566902939e+00	3.5823342040630084075911220700378175e-05	5.1832814504518868409224388346692753e-03
9.1134456062904550433662458712329306e-04	-2.0934053062045588106954424764054313e+00	3.4803906127547231668431728441854576e-05	5.1090028118860201596105186741232728e-03
9.3739375536545736191902826579466302e-04	-2.0731135495296660286517115044164654e+00	3.3836664719914389183340467927845377e-05	5.0375144185277495860527154611498982e-03
9.6355272846070556667409990448840822e-04	-2.0531024076668703374374881738058836e+00	3.2917980747197707019597159656869706e-05	4.9686622871112517400572002021900848e-03
9.8981449585505875315455501851757043e-04	-2.0333616256528916744621171771927066e+00	3.2044535824586322550129937149633577e-05	4.9023037281586289758797303082756829e-03
1.0161722342364279136064037023755156e-03	-2.0138814983241135710587410921884317e+00	3.1213296889380272553711080652867940e-05	4.8383063231634946430152253925714099e-03
1.0426192750240090194900423056726529e-03	-1.9946528311028610514295117982201952e+00	3.0421486877007752412909647809978991e-05	4.7765470114000258821157579267168331e-03
1.0691490986876301512217536755488476e-03	-1.9756669042388936811909070505382168e+00	2.9666558883906673212246338064438396e-05	4.7169112728535097110159873290274712e-03
1.0957553293784372527116897041092557e-03	-1.9569154401456167312088709361100893e+00	2.8946173348531990211092448557709001e-05	4.6592923956402831656469070638209289e-03
1.1224317298487208874483725185862937e-03	-1.9383905735137630121170323455431837e+00	2.8258177851774250839294723390292406e-05	4.6035908178694884633164814838310941e-03
1.1491721966406273980166805159183120e-03	-1.9200848239227058602506447358025063e+00	2.7600589196627449454309011008414904e-05	4.5497135352444756526363628907513962e-03
1.1759707555252389492703014920247295e-03	-1.9019910707020042321268516748293648e+00	2.6971577476064695959496196092257571e-05	4.4975735668474629778045127137519610e-03
1.2028215571750716748669175460703779e-03	-1.8841025298239849559794468824719453e+00	2.6369451879417585647283821174999051e-05	4.4470894725296255645855487639711030e-03
1.2297188730544500241499185618090184e-03	-1.8664127326327482003620968902888845e+00	2.5792648022448388667365450795859716e-05	4.3981849161668396320468715891495432e-03
1.2566570915134862262173650735924292e-03	-1.8489155062364562512326220073737404e+00	2.5239716615844234936519076605095230e-05	4.3507882697609511028947200703391032e-03
1.2836307140725420691933412286903896e-03	-1.8316049554085683327705226013814752e+00	2.4709313311941473382956734131638372e-05	4.3048322539859888721103510580323841e-03
1.3106343518850894927722144184913548e-03	-1.8144754458601841635461000354066377e+00	2.4200189590838342091864404378698278e-05	4.2602536113134541520854593134650230e-03
1.3376627223678286818264338112459537e-03	-1.7975215887601691553619103062908849e+00	2.3711184565277621264341080593698082e-05	4.2169928083134184277123294510471473e-03
1.3647106459877778446571195422694750e-03	-1.7807382263925209749419918002123460e+00	2.3241217599275749564269288777375282e-05	4.1749937641293117833340423173710668e-03
1.3917730431968268207154182724678832e-03	-1.7641204188517278584366458445079103e+00	2.2789281648853278170797450442324201e-05	4.1342036024729296543536019091408634e-03
1.4188449315049551597683283290854556e-03	-1.7476634316868579989181129940655992e+00	2.2354437244726116699810429765718178e-05	4.0945724247898640950413516651031437e-03
1.4459214226839614724717871651565595e-03	-1.7313627244139732205263571923242705e+00	2.1935807046733294895110554024147402e-05	4.0560531025106364161435998394730536e-03
1.4729977200941409733739331124760245e-03	-1.7152139398243222968019839621107787e+00	2.1532570908343515980608682330410280e-05	4.0186010865346556170781563405985445e-03
1.5000691161268878063267748361461251e-03	-1.6992128940227631076747489244130831e+00	2.1143961396999545298701635146115063e-05	3.9821742322973201493927424623678576e-03
1.5271309897566929171057628212708561e-03	-1.6833555671370949425214279158494082e+00	2.0769259722494443625225682959089398e-05	3.9467326389490055519446372381621242e-03
1.5541788041964613278713166333903188e-03	-1.6676380946445448701709170494912068e+00	2.0407792031168318374546597015348398e-05	3.9122385013316511452738596826114835e-03
1.5812081046504886006660995913435473e-03	-1.6520567592666251782741663481442065e+00	2.0058926028588117982221290020960883e-05	3.8786559735770073028425188173165172e-03
1.6082145161598185570236595891123252e-03	-1.6366079833880319147937795192113780e+00	1.9722067897627183643578994269393176e-05	3.8459510432727566124592952517062354e-03
1.6351937415350560800270054355221767e-03	-1.6212883219592480320242254470997929e+00	1.9396659482581622395539225958278619e-05	3.8140914152507598336555744891802543e-03
1.6621415593720328672704714621040764e-03	-1.6060944558461012998856982748099132e+00	1.9082175713220064418100564300099612e-05	3.7830464041473922413529398293405375e-03
1.6890538221460228412919818118024587e-03	-1.5910231855927531276241133299217813e+00	1.8778122245524225654442372013770082e-05	3.7527868349708718345251398264242822e-03
1.7159264543804798143574472280480466e-03	-1.5760714255675000773893471699718417e+00	1.8484033298393053203940109507882903e-05	3.7232849509859716870699491280361217e-03
1.7427554508865249754206083031702036e-03	-1.5612361984633905714084157117100874e+00	1.8199469667798571314121966198189735e-05	3.6945143282937086466791602397045737e-03
1.7695368750696476448374930404785754e-03	-1.5465146301280261886186039799618486e+00	1.7924016901835885270167716073174060e-05	3.6664497965435104326702626132638280e-03
1.7962668573003011733292126165233363e-03	-1.5319039446990573868996243657176925e+00	1.7657283621836670811939983884888403e-05	3.6390673652688523012195416343878932e-03
1.8229415933452783319361565875723952e-03	-1.5174014600238215990723008451159511e+00	1.7398899976243753143589463537180474e-05	3.6123441553851793835930382631341295e-03
1.8495573428569383926109595785271449e-03	-1.5030045833433287342066321898865025e+00	1.7148516215298974746908263315702426e-05	3.5862583354317510943434346559240600e-03
1.8761104279175325503797633161175941e-03	-1.4887108072223940043501851542300146e+00	1.6905801375798998646360482631587412e-05	3.5607890621774355992413306921093463e-03
1.9025972316360364892563267969070400e-03	-1.4745177057091673693614976360020277e+00	1.6670442066242639985140292272764609e-05	3.5359164252449490211903356362819448e-03
1.9290141967950497446970889815689610e-03	-1.4604229307086275413421164067650305e+00	1.6442141343644938681059749918379692e-05	3.5116213954390172456387454832379687e-03
1.9553578245454619730376903914956537e-03	-1.4464242085558095531990957012786055e+00	1.6220617674141534628431587808170556e-05	3.4878857764918252121899093389329643e-03
1.9816246731467171284273874255147726e-03	-1.4325193367756300583465869113928457e+00	1.6005603970264217971706399074512014e-05	3.4646921599642498885310043821640625e-03
2.0078113567506286216286532113025621e-03	-1.4187061810171741978543409812928150e+00	1.5796846698445465974008698940110258e-05	3.4420238830640483876972566812728967e-03
2.0339145442268124773858735105578589e-03	-1.4049826721512213292339344203224311e+00	1.5594105050915658373617385571972862e-05	3.4198649891626560838705563859714851e-03
2.0599309580279119425334476177331677e-03	-1.3913468035206224462807847507565664e+00	1.5397150176699630295855966418345489e-05	3.3982001908107743237512430934625403e-03
2.0858573730928864960483492442796542e-03	-1.3777966283339071434629060757292689e+00	1.5205764466906410563577038502375344e-05	3.3770148350696996016130413297977041e-03
2.1116906157867312963212182688067962e-03	-1.3643302571931991266749627100677091e+00	1.5019740889943662517893967001746552e-05	3.3562948709905483977054364845733984e-03
2.1374275628750802471943346176308203e-03	-1.3509458557481624926362109624744634e+00	1.4838882372681992758942903789725037e-05	3.3360268190873260840257180943794075e-03
2.1630651405322275098570661281334424e-03	-1.3376416424682916297899817811487955e+00	1.4663001223948757998227380477387624e-05	3.3161977426623180135614760052452222e-03
2.1886003233811788332056586392840726e-03	-1.3244158865264004305206939596984672e+00	1.4491918597050543279269685977983257e-05	3.2967952208536737933872383811425913e-03
2.2140301335644158884799080804610404e-03	-1.3112669057866658623061269618244838e+00	1.4325463988311865954020796819675925e-05	3.2778073232854254119291142776124462e-03
2.2393516398441242126322734409299135e-03	-1.2981930648910407094992511091669605e+00	1.4163474768878200337256754194380993e-05	3.2592225862096275804836977760773916e-03
2.2645619567306986994645779926219323e-03	-1.2851927734382739707005857923593607e+00	1.4005795747267055767347780770402013e-05	3.2410299900389246719113769236317656e-03
2.2896582436384001137815574976018053e-03	-1.2722644842501681406015988497811813e+00	1.3852278760364177883315453908882543e-05	3.2232189381757136614148754502880686e-03
2.3146377040670921047615421194543806e-03	-1.2594066917200632760593388831225397e+00	1.3702782290755286717410566087781719e-05	3.2057792370512586287534030424792950e-03
2.3394975848090409029292962118171745e-03	-1.2466179302388709272785506161123643e+00	1.3557171108459164426809949805422391e-05	3.1887010772946842447328562159845318e-03
2.3642351751798095242228708395784599e-03	-1.2338967726942890450421872475179427e+00	1.3415315935287181368381573466986197e-05	3.1719750159577911134660902696752830e-03
2.3888478062723250811799855531491182e-03	-1.2212418290391139733494423220654904e+00	1.3277093130199122648458432383407743e-05	3.1555919597271468033539231271425453e-03
2.4133328502332419060213946440098031e-03	-1.2086517449248295261251123094286512e+00	1.3142384394156892524044124781728528e-05	3.1395431490599595145266438893980726e-03
2.4376877195607647997889941686531331e-03	-1.1961252003968976724685820488859979e+00	1.3011076493097619446080004316808380e-05	3.1238201431848785344051908721340784e-03
2.4619098664231359989415188134019690e-03	-1.1836609086484021036733393694997136e+00	1.2883060997757010668381591376868282e-05	3.1084148059131246706229541998909628e-03
2.4859967819970265470794380919449802e-03	-1.1712576148289063701066677356927800e+00	1.2758234039173540804197425397115875e-05	3.0933192922092687283207806267615589e-03
2.5099459958251078148401494196838248e-03	-1.1589140949055836709415710657484882e+00	1.2636496078795124069472561049042758e-05	3.0785260354745774859068369100727672e-03
2.5337550751921120553754125709610819e-03	-1.1466291545738569520584711354968722e+00	1.2517751692193139960492448240343067e-05	3.0640277354991622059318816461925431e-03
2.5574216245187222367433497379861848e-03	-1.1344016282149568092817276387754462e+00	1.2401909365464796441417710987684410e-05	3.0498173470422195130044875542138310e-03
2.5809432847726610679634991208286813e-03	-1.1222303778979618024086367127367179e+00	1.2288881303474487396329188857696890e-05	3.0358880690024711054422496437350121e-03
2.6043177328963772364239187697699720e-03	-1.1101142924240320710282987429610699e+00	1.2178583249148628853635365623480221e-05	3.0222333341435077252070259511735067e-03
2.6275426812507534975293769953816531e-03	-1.0980522864106834387178811647203155e+00	1.2070934313096978077592549000933042e-05	3.0088467993411426517530428675342590e-03
2.6506158770742864929511636091023176e-03	-1.0860432994140762599418057986795813e+00	1.1965856812887134326586000071049376e-05	2.9957223363220975419808294810049931e-03
2.6735351019572121053917311099732687e-03	-1.0740862950874118018116012494252127e+00	1.1863276121348225446766137008286412e-05	2.9828540228653939890688584825127263e-03
2.6962981713300728634953219909921490e-03	-1.0621802603736396004825168840694354e+00	1.1763120523325093388696475200266677e-05	2.9702361344397215976525775649962745e-03
2.7189029339662454632136892859822171e-03	-1.0503242047307825761148279625206773e+00	1.1665321080345958930106683423207911e-05	2.9578631362518102919210280578062063e-03
2.7413472714979669394789948809628520e-03	-1.0385171593882832696014721627212707e+00	1.1569811502704891918194644687977689e-05	2.9457296756824624710029783922931753e-03
2.7636290979454174678256863946113639e-03	-1.0267581766328648734058990475865521e+00	1.1476528028495728146089238627101231e-05	2.9338305750884099615763275345474304e-03
2.7857463592584362588341724061445034e-03	-1.0150463291224852226677040123567241e+00	1.1385409309166620014696994062730050e-05	2.9221608249495610239109187236143687e-03
2.8076970328704645842574985869572199e-03	-1.0033807092270410096005502274968045e+00	1.1296396301194423200752107248889532e-05	2.9107155773425026402218439077221999e-03
2.8294791272643266941591193119604457e-03	-9.9176042839455356927381570872399907e-01	1.1209432163505821282674955690788655e-05	2.8994901397223308913281487278473998e-03
2.8510906815494752977222379687536244e-03	-9.8018461654163701293221357160217469e-01	1.1124462160297670353650234017618854e-05	2.8884799689960046611354820964524124e-03
2.8725297650503434318817787570708731e-03	-9.6865242146711458312430065125448038e-01	1.1041433568932683807060891928213275e-05	2.8776806658714618284899016807488092e-03
2.8937944769054589739982228698721232e-03	-9.5716300828771017477064413988887648e-01	1.0960295592608435264378791596188608e-05	2.8670879694677085785047323342970585e-03
2.9148829456769918071878338847400636e-03	-9.4571555889479928637611052688047525e-01	1.0880999277517881988932457893117097e-05	2.8566977521719970444881730644641350e-03
2.9357933289704167569135693156600070e-03	-9.3430927143125749308277405118765560e-01	1.0803497434238335878147022568669732e-05	2.8465060147310492658100233093096550e-03
2.9565238130639879199835194882505520e-03	-9.2294335978749510588324343045223143e-01	1.0727744563103156140242909202797724e-05	2.8365088815640710821577562700411444e-03
2.9770726125477319350080721456481214e-03	-9.1161705311581421890423583260983049e-01	1.0653696783326518169020748241452067e-05	2.8267025962860323614725942511388752e-03
2.9974379699716791274405912930495728e-03	-9.0032959536226905265420127153476553e-01	1.0581311765666528327613549773983393e-05	2.8170835174303738077779182582796323e-03
3.0176181555030623315114788962535101e-03	-8.8908024481525256386403541565078648e-01	1.0510548668425796918971335522882847e-05	2.8076481143609391270961997140977812e-03
3.0376114665922235728653624987877635e-03	-8.7786827367007188654384448878362796e-01	1.0441368076601436148351562611873256e-05	2.7983929633635278644383703387187246e-03
3.0574162276469787151069737416861677e-03	-8.6669296760881245590182549704060025e-01	1.0373731944008393716530715838578710e-05	2.7893147439080218164091680749660425e-03
3.0770307897151996548202131759469021e-03	-8.5555362539482579687311317448236612e-01	1.0307603538211136590696550163317166e-05	2.7804102350725593835669486723661148e-03
3.0964535301753827156003194133856171e-03	-8.4444955848120907144357905475268770e-01	1.0242947388109028278466228741005695e-05	2.7716763121217201437794897004788161e-03
3.1156828524349805635634899031583414e-03	-8.3338009063267570303826962506202634e-01	1.0179729234030355944983624865421072e-05	2.7631099432311386890846616807914462e-03
3.1347171856362832647695640244674016e-03	-8.2234455756024585212032356998444208e-01	1.0117915980198915390430047008515535e-05	2.7547081863513945750631014984386454e-03
3.1535549843696420479546067846857895e-03	-8.1134230656821331649976916350569169e-01	1.0057475649445402176660331650015817e-05	2.7464681862044261145880099059272785e-03
3.1721947283938369417841376674999010e-03	-8.0037269621287167656130835882306529e-01	9.9983773400436318930301947837099114e-06	2.7383871714060915824568098124806203e-03
3.1906349223633967413556525738177318e-03	-7.8943509597250729635396625930263408e-01	9.9405911845588637859778887401777870e-06	2.7304624517088539164936133574751209e-03
3.2088740955626867398050744090887814e-03	-7.7852888592819021624741389912919332e-01	9.8840883106022684428918706637421287e-06	2.7226914153588958059331461279783447e-03
3.2269108016465863526223780649865030e-03	-7.6765345645491611549208575071817546e-01	9.8288408033918975088155474535206509e-06	2.7150715265622826307195868320671990e-03
3.2447436183875851788414010054425074e-03	-7.5680820792267346166421736795425694e-01	9.7748216700264142767461051664120052e-06	2.7076003230550824268045314078530104e-03
3.2623711474291321980420155642006924e-03	-7.4599255040702977149653492470373263e-01	9.7220048053833585866619001939688724e-06	2.7002754137726261721308143918914664e-03
3.2797920140450787077615384666897819e-03	-7.3520590340884965196643493425865177e-01	9.6703649595588755805520379292819895e-06	2.6930944766133493919197588824891568e-03
3.2970048669050612744414192677772682e-03	-7.2444769558277503518218115004489574e-01	9.6198777067706611052547798891281890e-06	2.6860552562928984604180060947019478e-03
3.3140083778456764137744881350264184e-03	-7.1371736447411482481988736700479694e-01	9.5705194156503905586154657857523381e-06	2.6791555622844130405986995430957528e-03
3.3308012416473039440007040088278058e-03	-7.0301435626380709096936048587738023e-01	9.5222672208561245428204712089417664e-06	2.6723932668411107917843569805247430e-03
3.3473821758164409784889888775450349e-03	-6.9233812552113203597811330640781225e-01	9.4750989959391439575062340716628027e-06	2.6657663030975026589412898873497791e-03
3.3637499203734133514671961615067017e-03	-6.8168813496386825461423354946389732e-01	9.4289933274033777384859279762444228e-06	2.6592726632457575457264709928128565e-03
3.3799032376453359121454672533187800e-03	-6.7106385522559837285387632701055984e-01	9.3839294898990655239620802739296732e-06	2.6529103967839147183318561634939311e-03
3.3958409120641975863699449296964376e-03	-6.6046476462988301319052259068130427e-01	9.3398874224955610161057372501839942e-06	2.6466776088328115880846769851263347e-03
3.4115617499699513995474572442827787e-03	-6.4989034897103424021531192209805014e-01	9.2968477059812444227160111315596946e-06	2.6405724585187542281967512123611993e-03
3.4270645794184937876804665786620615e-03	-6.3934010130123122547457087372178149e-01	9.2547915411413877413963356657734773e-06	2.6345931574191086995315628049269068e-03
3.4423482499944215023324492287059616e-03	-6.2881352172373187007863182309870935e-01	9.2137007279675174139436227978724487e-06	2.6287379680681335556354961891051685e-03
3.4574116326284582472209477110643858e-03	-6.1831011719194456984463241639663595e-01	9.1735576457543567345203770493768297e-06	2.6230052025205082938777194852219343e-03
3.4722536194194468755710760546824638e-03	-6.0782940131413423150594137570959949e-01	9.1343452340428161942112078565956947e-06	2.6173932209701395070043301984268669e-03
3.4868731234608065346867871014911975e-03	-5.9737089416354607842152580865782762e-01	9.0960469743697437556124895225460765e-06	2.6119004304219465243398652673727089e-03
3.5012690786713575734283216090297823e-03	-5.8693412209373974721514026519968043e-01	9.0586468727872582205580724600033670e-06	2.6065252834144418402545020183131749e-03
3.5154404396304203351442301724166600e-03	-5.7651861755893469816558711819407305e-01	9.0221294431164760619618988851301422e-06	2.6012662767910290069729891880216841e-03
3.5293861814170971485386980030710158e-03	-5.6612391893917606571741998343201645e-01	8.9864796909023134021304450419003509e-06	2.5961219505180422906295187032494449e-03
3.5431052994536499071398772687283661e-03	-5.5574957037013778351272751123481496e-01	8.9516830980378077320634482650497473e-06	2.5910908865476486005516432695368277e-03
3.5565968093528885994041597538446211e-03	-5.4539512157738715184398259419026528e-01	8.9177256080280654520481174217662767e-06	2.5861717077238233263002912271242649e-03
3.5698597467694890207414817859909178e-03	-5.3506012771494199412623234322569866e-01	8.8845936118655078613793946321952333e-06	2.5813630767296980581670530007876555e-03
3.5828931672551606703524707393221232e-03	-5.2474414920795819144207884322880364e-01	8.8522739344895658742537076883440784e-06	2.5766636950746600082429929815163908e-03
3.5956961461175885139942170546841270e-03	-5.1444675159939170788540224178476692e-01	8.8207538218053681151485210566205922e-06	2.5720723021196605562568926709095889e-03
3.6082677782830748827038652894833354e-03	-5.0416750540048524075266488000979700e-01	8.7900209282372833919877471045917720e-06	2.5675876741392639656643029374521987e-03
3.6206071781628102809864557202685380e-03	-4.9390598594493536407479442290846234e-01	8.7600633047944217455192934263395625e-06	2.5632086234190371837578543286356091e-03
3.6327134795227042997162351584612967e-03	-4.8366177324660149611746497724974413e-01	8.7308693876263728859336901641335057e-06	2.5589339973869479730370119744372541e-03
3.6445858353567101725415658545425112e-03	-4.7343445186062322502744838489733841e-01	8.7024279870485711052103763284134269e-06	2.5547626777775016242719218616289635e-03
3.6562234177635787832960002659522992e-03	-4.6322361074781748469953486849292686e-01	8.6747282770177256656400985251759633e-06	2.5506935798274063664833474553823910e-03
3.6676254178269801290247601293081332e-03	-4.5302884314223179737082563285574533e-01	8.6477597850387489188586312833334101e-06	2.5467256515016144954797003778335440e-03
3.6787910454989323718167471582936985e-03	-4.4284974642173430190769614625416165e-01	8.6215123824855544696458339028638712e-06	2.5428578727486403596654384593075357e-03
3.6897195294864806756321260242139217e-03	-4.3268592198152557807090560564639433e-01	8.5959762753189878029497483221359997e-06	2.5390892547841078283121184030388057e-03
3.7004101171415700245511994166650540e-03	-4.2253697511046136744613251584505310e-01	8.5711419951859949696175279851918998e-06	2.5354188394015288725318225980718009e-03
3.7108620743540581590371370777067410e-03	-4.1240251487007919085207715841036289e-01	8.5470003908849340098599681326695545e-06	2.5318456983093615530402174264039462e-03
3.7210746854478166494835294638473060e-03	-4.0228215397622557898364799536650686e-01	8.5235426201826914362052962187170358e-06	2.5283689324934401633269874108687612e-03
3.7310472530798699539791262676616260e-03	-3.9217550868318417639937962841905998e-01	8.5007601419699847839702456300846534e-06	2.5249876716039126461588136025701082e-03
3.7407790981425240822345935628930287e-03	-3.8208219867020835682424647602705974e-01	8.4786447087419142949444189510651646e-06	2.5217010733658608022436219057110929e-03
3.7502695596684382122498462770144782e-03	-3.7200184693036520776208906535019893e-01	8.4571883593914744113126018329989893e-06	2.5185083230128173524080328412480864e-03
3.7595179947385942827327997408685098e-03	-3.6193407966160081181940449337339982e-01	8.4363834123043509686234999798309001e-06	2.5154086327424307024565209009418580e-03
3.7685237783931212146005172822381058e-03	-3.5187852615993967775506628098534803e-01	8.4162224587439147095529367265039419e-06	2.5124012411935633907298457821426065e-03
3.7772863035449320011075254430955863e-03	-3.4183481871473396252973289017324664e-01	8.3966983565158777976070281504212037e-06	2.5094854129441437644531186363750572e-03
3.7858049808961334501802016635874498e-03	-3.3180259250588078261714347270154847e-01	8.3778042239026090857379248116450080e-06	2.5066604380291225192643540146836684e-03
3.7940792388571698662422568746140369e-03	-3.2178148550292844430187899635349821e-01	8.3595334338576075812323031095922261e-06	2.5039256314779164289953428369512337e-03
3.8021085234686634239749489544942483e-03	-3.1177113836599483404977953697688657e-01	8.3418796084511133424278225653047991e-06	2.5012803328707509674535433468804498e-03
3.8098922983259154147798511302394420e-03	-3.0177119434842350642149994767094998e-01	8.3248366135582923536434111177645970e-06	2.4987239059133416539972414481091750e-03
3.8174300445060339398509248473049409e-03	-2.9178129920110519324467791159504467e-01	8.3083985537818680785968727669029172e-06	2.4962557380293809095063035745064259e-03
3.8247212604976549833048998560984913e-03	-2.8180110107839453843384301255005047e-01	8.2925597676014886391362000812046329e-06	2.4938752399703230546119679857989029e-03
3.8317654621332251262957445897501388e-03	-2.7183025044555384226179211208996078e-01	8.2773148227425160833319839325603646e-06	2.4915818454419848799696780343454791e-03
3.8385621825238154599271538465400724e-03	-2.6186839998765748111174143396786693e-01	8.2626585117573041061163017820516060e-06	2.4893750107475030278949835793570569e-03
3.8451109719964375225018468912593376e-03	-2.5191520451989245761653722978504356e-01	8.2485858478123939157257143706828003e-06	2.4872542144462123017472740556045650e-03
3.8514113980338333265846880449862080e-03	-2.4197032089919223524208685752395681e-01	8.2350920606754056912168746562771072e-06	2.4852189570280310171064188858804192e-03
3.8574630452167127548387400699299296e-03	-2.3203340793714262421261892157147544e-01	8.2221725928957361872023308953508843e-06	2.4832687606029606774479194122854217e-03
3.8632655151684127919062651763584637e-03	-2.2210412631410001542448780281705584e-01	8.2098230961734923982352109699113187e-06	2.4814031686053276445981875901698177e-03
3.8688184265019542239961202594248535e-03	-2.1218213849446370868516043783928161e-01	8.1980394279113976365324096036175881e-06	2.4796217455124141263312955628960561e-03
3.8741214147694725795117558430068657e-03	-2.0226710864304545409897932235002996e-01	8.1868176479447006988071800121337434e-06	2.4779240765771447634658043970141750e-03
3.8791741324140012041801997188750433e-03	-1.9235870254248062338597154621294359e-01	8.1761540154444017560015446481625244e-06	2.4763097675745134081180760854950407e-03
3.8839762487235854638574367483033860e-03	-1.8245658751162665388737298811694940e-01	8.1660449859893809108881934303973778e-06	2.4747784445614523828542197469787553e-03
3.8885274497877081485923219003826386e-03	-1.7256043232489556435030502484221148e-01	8.1564872088032777148280126065735045e-06	2.4733297536498636350758726254606591e-03
3.8928274384560072137017389482502234e-03	-1.6266990713246843051529383119388035e-01	8.1474775241522229656484597450564452e-06	2.4719633607925477881470045135873007e-03
3.8968759342992680385874728147664780e-03	-1.5278468338134073213400591359416612e-01	8.1390129608997684424669369872418150e-06	2.4706789515817831750575094932751637e-03
3.9006726735726734128264929245255741e-03	-1.4290443373714844326538317399581667e-01	8.1310907342155964609389585583000702e-06	2.4694762310603225549357839593012939e-03
3.9042174091812954726820264942997045e-03	-1.3302883200672563635123985788309544e-01	8.1237082434348198183618735398094859e-06	2.4683549235445903892536407078513065e-03
3.9075099106478148105802585486959462e-03	-1.2315755306134520934762555007683322e-01	8.1168630700649043826583612302703686e-06	2.4673147724598783236719633286453334e-03
3.9105499640824529662220034828938180e-03	-1.1329027276059512565623106436207488e-01	8.1105529759374617805563774886109834e-06	2.4663555401873509125779323919290134e-03
3.9133373721551054817750265979856534e-03	-1.0342666787684328021562644748421932e-01	8.1047759015023688558031413884685048e-06	2.4654770079226876648397423916394600e-03
3.9158719540696636659266331534640989e-03	-9.3566416020244773218445939673526044e-02	8.0995299642618742766771219735395211e-06	2.4646789755462012085630706175449366e-03
3.9181535455405141633559298801679726e-03	-8.3709195564245986753209528672715416e-02	8.0948134573425513348118033103625703e-06	2.4639612615042847962008417108595732e-03
3.9201819987712063682829222252828928e-03	-7.3854685571540420359278400151241155e-02	8.0906248482031500400967128902581376e-06	2.4633237027020555249612349255243240e-03
3.9219571824352786540247217543445232e-03	-6.4002565720431750060099658860367235e-02	8.0869627774765915105660812374771326e-06	2.4627661544070725560604104932313712e-03
3.9234789816592353157815882660413054e-03	-5.4152516231560032834453974731819404e-02	8.0838260579445338002194980342310554e-06	2.4622884901640223042934665026816993e-03
3.9247472980076670420192245994857298e-03	-4.4304217794947385532881730593785653e-02	8.0812136736431211085799967168256998e-06	2.4618906017202750603704773426099427e-03
3.9257620494705086416297872521872362e-03	-3.4457351497319824688039652194918122e-02	8.0791247790987081701518810472906634e-06	2.4615723989622298256741344511373191e-03
3.9265231704524286603540463377278284e-03	-2.4611598749662262152843654486571302e-02	8.0775586986925289174386094636066952e-06	2.4613338098623763052645844484850102e-03
3.9270306117643464215343018730176809e-03	-1.4766641214963911588242556404000745e-02	8.0765149261534536276501519399312352e-06	2.4611747804370150424037452197340648e-03
3.9272843406170729239382419302114861e-03	-4.9221607361115729841418630389420239e-03	8.0759931241781520738596682908767332e-06	2.4610952747145886085695941150444179e-03
3.9272843406170729239382419302114861e-03	4.9221607361115729841418630389420239e-03	8.0759931241781520738596682908767332e-06	2.4610952747145886085695941150444179e-03
3.9270306117643464215343018730176809e-03	1.4766641214963911588242556404000745e-02	8.0765149261534536276501519399312352e-06	2.4611747804370150424037452197340648e-03
3.9265231704524286603540463377278284e-03	2.4611598749662262152843654486571302e-02	8.0775586986925289174386094636066952e-06	2.4613338098623763052645844484850102e-03
3.9257620494705086416297872521872362e-03	3.4457351497319824688039652194918122e-02	8.0791247790987081701518810472906634e-06	2.4615723989622298256741344511373191e-03
3.9247472980076670420192245994857298e-03	4.4304217794947385532881730593785653e-02	8.0812136736431211085799967168256998e-06	2.4618906017202750603704773426099427e-03
3.9234789816592353157815882660413054e-03	5.4152516231560032834453974731819404e-02	8.0838260579445338002194980342310554e-06	2.4622884901640223042934665026816993e-03
3.9219571824352786540247217543445232e-03	6.4002565720431750060099658860367235e-02	8.0869627774765915105660812374771326e-06	2.4627661544070725560604104932313712e-03
3.9201819987712063682829222252828928e-03	7.3854685571540420359278400151241155e-02	8.0906248482031500400967128902581376e-06	2.4633237027020555249612349255243240e-03
3.9181535455405141633559298801679726e-03	8.3709195564245986753209528672715416e-02	8.0948134573425513348118033103625703e-06	2.4639612615042847962008417108595732e-03
3.9158719540696636659266331534640989e-03	9.3566416020244773218445939673526044e-02	8.0995299642618742766771219735395211e-06	2.4646789755462012085630706175449366e-03
3.9133373721551054817750265979856534e-03	1.0342666787684328021562644748421932e-01	8.1047759015023688558031413884685048e-06	2.4654770079226876648397423916394600e-03
3.9105499640824529662220034828938180e-03	1.1329027276059512565623106436207488e-01	8.1105529759374617805563774886109834e-06	2.4663555401873509125779323919290134e-03
3.9075099106478148105802585486959462e-03	1.2315755306134520934762555007683322e-01	8.1168630700649043826583612302703686e-06	2.4673147724598783236719633286453334e-03
3.9042174091812954726820264942997045e-03	1.3302883200672563635123985788309544e-01	8.1237082434348198183618735398094859e-06	2.4683549235445903892536407078513065e-03
3.9006726735726734128264929245255741e-03	1.4290443373714844326538317399581667e-01	8.1310907342155964609389585583000702e-06	2.4694762310603225549357839593012939e-03
3.8968759342992680385874728147664780e-03	1.5278468338134073213400591359416612e-01	8.1390129608997684424669369872418150e-06	2.4706789515817831750575094932751637e-03
3.8928274384560072137017389482502234e-03	1.6266990713246843051529383119388035e-01	8.1474775241522229656484597450564452e-06	2.4719633607925477881470045135873007e-03
3.8885274497877081485923219003826386e-03	1.7256043232489556435030502484221148e-01	8.1564872088032777148280126065735045e-06	2.4733297536498636350758726254606591e-03
3.8839762487235854638574367483033860e-03	1.8245658751162665388737298811694940e-01	8.1660449859893809108881934303973778e-06	2.4747784445614523828542197469787553e-03
3.8791741324140012041801997188750433e-03	1.9235870254248062338597154621294359e-01	8.1761540154444017560015446481625244e-06	2.4763097675745134081180760854950407e-03
3.8741214147694725795117558430068657e-03	2.0226710864304545409897932235002996e-01	8.1868176479447006988071800121337434e-06	2.4779240765771447634658043970141750e-03
3.8688184265019542239961202594248535e-03	2.1218213849446370868516043783928161e-01	8.1980394279113976365324096036175881e-06	2.4796217455124141263312955628960561e-03
3.8632655151684127919062651763584637e-03	2.2210412631410001542448780281705584e-01	8.2098230961734923982352109699113187e-06	2.4814031686053276445981875901698177e-03
3.8574630452167127548387400699299296e-03	2.3203340793714262421261892157147544e-01	8.2221725928957361872023308953508843e-06	2.4832687606029606774479194122854217e-03
3.8514113980338333265846880449862080e-03	2.4197032089919223524208685752395681e-01	8.2350920606754056912168746562771072e-06	2.4852189570280310171064188858804192e-03
3.8451109719964375225018468912593376e-03	2.5191520451989245761653722978504356e-01	8.2485858478123939157257143706828003e-06	2.4872542144462123017472740556045650e-03
3.8385621825238154599271538465400724e-03	2.6186839998765748111174143396786693e-01	8.2626585117573041061163017820516060e-06	2.4893750107475030278949835793570569e-03
3.8317654621332251262957445897501388e-03	2.7183025044555384226179211208996078e-01	8.2773148227425160833319839325603646e-06	2.4915818454419848799696780343454791e-03
3.8247212604976549833048998560984913e-03	2.8180110107839453843384301255005047e-01	8.2925597676014886391362000812046329e-06	2.4938752399703230546119679857989029e-03
3.8174300445060339398509248473049409e-03	2.9178129920110519324467791159504467e-01	8.3083985537818680785968727669029172e-06	2.4962557380293809095063035745064259e-03
3.8098922983259154147798511302394420e-03	3.0177119434842350642149994767094998e-01	8.3248366135582923536434111177645970e-06	2.4987239059133416539972414481091750e-03
3.8021085234686634239749489544942483e-03	3.1177113836599483404977953697688657e-01	8.3418796084511133424278225653047991e-06	2.5012803328707509674535433468804498e-03
3.7940792388571698662422568746140369e-03	3.2178148550292844430187899635349821e-01	8.3595334338576075812323031095922261e-06	2.5039256314779164289953428369512337e-03
3.7858049808961334501802016635874498e-03	3.3180259250588078261714347270154847e-01	8.3778042239026090857379248116450080e-06	2.5066604380291225192643540146836684e-03
3.7772863035449320011075254430955863e-03	3.4183481871473396252973289017324664e-01	8.3966983565158777976070281504212037e-06	2.5094854129441437644531186363750572e-03
3.7685237783931212146005172822381058e-03	3.5187852615993967775506628098534803e-01	8.4162224587439147095529367265039419e-06	2.5124012411935633907298457821426065e-03
3.7595179947385942827327997408685098e-03	3.6193407966160081181940449337339982e-01	8.4363834123043509686234999798309001e-06	2.5154086327424307024565209009418580e-03
3.7502695596684382122498462770144782e-03	3.7200184693036520776208906535019893e-01	8.4571883593914744113126018329989893e-06	2.5185083230128173524080328412480864e-03
3.7407790981425240822345935628930287e-03	3.8208219867020835682424647602705974e-01	8.4786447087419142949444189510651646e-06	2.5217010733658608022436219057110929e-03
3.7310472530798699539791262676616260e-03	3.9217550868318417639937962841905998e-01	8.5007601419699847839702456300846534e-06	2.5249876716039126461588136025701082e-03
3.7210746854478166494835294638473060e-03	4.0228215397622557898364799536650686e-01	8.5235426201826914362052962187170358e-06	2.5283689324934401633269874108687612e-03
3.7108620743540581590371370777067410e-03	4.1240251487007919085207715841036289e-01	8.5470003908849340098599681326695545e-06	2.5318456983093615530402174264039462e-03
3.7004101171415700245511994166650540e-03	4.2253697511046136744613251584505310e-01	8.5711419951859949696175279851918998e-06	2.5354188394015288725318225980718009e-03
3.6897195294864806756321260242139217e-03	4.3268592198152557807090560564639433e-01	8.5959762753189878029497483221359997e-06	2.5390892547841078283121184030388057e-03
3.6787910454989323718167471582936985e-03	4.4284974642173430190769614625416165e-01	8.6215123824855544696458339028638712e-06	2.5428578727486403596654384593075357e-03
3.6676254178269801290247601293081332e-03	4.5302884314223179737082563285574533e-01	8.6477597850387489188586312833334101e-06	2.5467256515016144954797003778335440e-03
3.6562234177635787832960002659522992e-03	4.6322361074781748469953486849292686e-01	8.6747282770177256656400985251759633e-06	2.5506935798274063664833474553823910e-03
3.6445858353567101725415658545425112e-03	4.7343445186062322502744838489733841e-01	8.7024279870485711052103763284134269e-06	2.5547626777775016242719218616289635e-03
3.6327134795227042997162351584612967e-03	4.8366177324660149611746497724974413e-01	8.7308693876263728859336901641335057e-06	2.5589339973869479730370119744372541e-03
3.6206071781628102809864557202685380e-03	4.9390598594493536407479442290846234e-01	8.7600633047944217455192934263395625e-06	2.5632086234190371837578543286356091e-03
3.6082677782830748827038652894833354e-03	5.0416750540048524075266488000979700e-01	8.7900209282372833919877471045917720e-06	2.5675876741392639656643029374521987e-03
3.5956961461175885139942170546841270e-03	5.1444675159939170788540224178476692e-01	8.8207538218053681151485210566205922e-06	2.5720723021196605562568926709095889e-03
3.5828931672551606703524707393221232e-03	5.2474414920795819144207884322880364e-01	8.8522739344895658742537076883440784e-06	2.5766636950746600082429929815163908e-03
3.5698597467694890207414817859909178e-03	5.3506012771494199412623234322569866e-01	8.8845936118655078613793946321952333e-06	2.5813630767296980581670530007876555e-03
3.5565968093528885994041597538446211e-03	5.4539512157738715184398259419026528e-01	8.9177256080280654520481174217662767e-06	2.5861717077238233263002912271242649e-03
3.5431052994536499071398772687283661e-03	5.5574957037013778351272751123481496e-01	8.9516830980378077320634482650497473e-06	2.5910908865476486005516432695368277e-03
3.5293861814170971485386980030710158e-03	5.6612391893917606571741998343201645e-01	8.9864796909023134021304450419003509e-06	2.5961219505180422906295187032494449e-03
3.5154404396304203351442301724166600e-03	5.7651861755893469816558711819407305e-01	9.0221294431164760619618988851301422e-06	2.6012662767910290069729891880216841e-03
3.5012690786713575734283216090297823e-03	5.8693412209373974721514026519968043e-01	9.0586468727872582205580724600033670e-06	2.6065252834144418402545020183131749e-03
3.4868731234608065346867871014911975e-03	5.9737089416354607842152580865782762e-01	9.0960469743697437556124895225460765e-06	2.6119004304219465243398652673727089e-03
3.4722536194194468755710760546824638e-03	6.0782940131413423150594137570959949e-01	9.1343452340428161942112078565956947e-06	2.6173932209701395070043301984268669e-03
3.4574116326284582472209477110643858e-03	6.1831011719194456984463241639663595e-01	9.1735576457543567345203770493768297e-06	2.6230052025205082938777194852219343e-03
3.4423482499944215023324492287059616e-03	6.2881352172373187007863182309870935e-01	9.2137007279675174139436227978724487e-06	2.6287379680681335556354961891051685e-03
3.4270645794184937876804665786620615e-03	6.3934010130123122547457087372178149e-01	9.2547915411413877413963356657734773e-06	2.6345931574191086995315628049269068e-03
3.4115617499699513995474572442827787e-03	6.4989034897103424021531192209805014e-01	9.2968477059812444227160111315596946e-06	2.6405724585187542281967512123611993e-03
3.3958409120641975863699449296964376e-03	6.6046476462988301319052259068130427e-01	9.3398874224955610161057372501839942e-06	2.6466776088328115880846769851263347e-03
3.3799032376453359121454672533187800e-03	6.7106385522559837285387632701055984e-01	9.3839294898990655239620802739296732e-06	2.6529103967839147183318561634939311e-03
3.3637499203734133514671961615067017e-03	6.8168813496386825461423354946389732e-01	9.4289933274033777384859279762444228e-06	2.6592726632457575457264709928128565e-03
3.3473821758164409784889888775450349e-03	6.9233812552113203597811330640781225e-01	9.4750989959391439575062340716628027e-06	2.6657663030975026589412898873497791e-03
3.3308012416473039440007040088278058e-03	7.0301435626380709096936048587738023e-01	9.5222672208561245428204712089417664e-06	2.6723932668411107917843569805247430e-03
3.3140083778456764137744881350264184e-03	7.1371736447411482481988736700479694e-01	9.5705194156503905586154657857523381e-06	2.6791555622844130405986995430957528e-03
3.2970048669050612744414192677772682e-03	7.2444769558277503518218115004489574e-01	9.6198777067706611052547798891281890e-06	2.6860552562928984604180060947019478e-03
3.2797920140450787077615384666897819e-03	7.3520590340884965196643493425865177e-01	9.6703649595588755805520379292819895e-06	2.6930944766133493919197588824891568e-03
3.2623711474291321980420155642006924e-03	7.4599255040702977149653492470373263e-01	9.7220048053833585866619001939688724e-06	2.7002754137726261721308143918914664e-03
3.2447436183875851788414010054425074e-03	7.5680820792267346166421736795425694e-01	9.7748216700264142767461051664120052e-06	2.7076003230550824268045314078530104e-03
3.2269108016465863526223780649865030e-03	7.6765345645491611549208575071817546e-01	9.8288408033918975088155474535206509e-06	2.7150715265622826307195868320671990e-03
3.2088740955626867398050744090887814e-03	7.7852888592819021624741389912919332e-01	9.8840883106022684428918706637421287e-06	2.7226914153588958059331461279783447e-03
3.1906349223633967413556525738177318e-03	7.8943509597250729635396625930263408e-01	9.9405911845588637859778887401777870e-06	2.7304624517088539164936133574751209e-03
3.1721947283938369417841376674999010e-03	8.0037269621287167656130835882306529e-01	9.9983773400436318930301947837099114e-06	2.7383871714060915824568098124806203e-03
3.1535549843696420479546067846857895e-03	8.1134230656821331649976916350569169e-01	1.0057475649445402176660331650015817e-05	2.7464681862044261145880099059272785e-03
3.1347171856362832647695640244674016e-03	8.2234455756024585212032356998444208e-01	1.0117915980198915390430047008515535e-05	2.7547081863513945750631014984386454e-03
3.1156828524349805635634899031583414e-03	8.3338009063267570303826962506202634e-01	1.0179729234030355944983624865421072e-05	2.7631099432311386890846616807914462e-03
3.0964535301753827156003194133856171e-03	8.4444955848120907144357905475268770e-01	1.0242947388109028278466228741005695e-05	2.7716763121217201437794897004788161e-03
3.0770307897151996548202131759469021e-03	8.5555362539482579687311317448236612e-01	1.0307603538211136590696550163317166e-05	2.7804102350725593835669486723661148e-03
3.0574162276469787151069737416861677e-03	8.6669296760881245590182549704060025e-01	1.0373731944008393716530715838578710e-05	2.7893147439080218164091680749660425e-03
3.0376114665922235728653624987877635e-03	8.7786827367007188654384448878362796e-01	1.0441368076601436148351562611873256e-05	2.7983929633635278644383703387187246e-03
3.0176181555030623315114788962535101e-03	8.8908024481525256386403541565078648e-01	1.0510548668425796918971335522882847e-05	2.8076481143609391270961997140977812e-03
2.9974379699716791274405912930495728e-03	9.0032959536226905265420127153476553e-01	1.0581311765666528327613549773983393e-05	2.8170835174303738077779182582796323e-03
2.9770726125477319350080721456481214e-03	9.1161705311581421890423583260983049e-01	1.0653696783326518169020748241452067e-05	2.8267025962860323614725942511388752e-03
2.9565238130639879199835194882505520e-03	9.2294335978749510588324343045223143e-01	1.0727744563103156140242909202797724e-05	2.8365088815640710821577562700411444e-03
2.9357933289704167569135693156600070e-03	9.3430927143125749308277405118765560e-01	1.0803497434238335878147022568669732e-05	2.8465060147310492658100233093096550e-03
2.9148829456769918071878338847400636e-03	9.4571555889479928637611052688047525e-01	1.0880999277517881988932457893117097e-05	2.8566977521719970444881730644641350e-03
2.8937944769054589739982228698721232e-03	9.5716300828771017477064413988887648e-01	1.0960295592608435264378791596188608e-05	2.8670879694677085785047323342970585e-03
2.8725297650503434318817787570708731e-03	9.6865242146711458312430065125448038e-01	1.1041433568932683807060891928213275e-05	2.8776806658714618284899016807488092e-03
2.8510906815494752977222379687536244e-03	9.8018461654163701293221357160217469e-01	1.1124462160297670353650234017618854e-05	2.8884799689960046611354820964524124e-03
2.8294791272643266941591193119604457e-03	9.9176042839455356927381570872399907e-01	1.1209432163505821282674955690788655e-05	2.8994901397223308913281487278473998e-03
2.8076970328704645842574985869572199e-03	1.0033807092270410096005502274968045e+00	1.1296396301194423200752107248889532e-05	2.9107155773425026402218439077221999e-03
2.7857463592584362588341724061445034e-03	1.0150463291224852226677040123567241e+00	1.1385409309166620014696994062730050e-05	2.9221608249495610239109187236143687e-03
2.7636290979454174678256863946113639e-03	1.0267581766328648734058990475865521e+00	1.1476528028495728146089238627101231e-05	2.9338305750884099615763275345474304e-03
2.7413472714979669394789948809628520e-03	1.0385171593882832696014721627212707e+00	1.1569811502704891918194644687977689e-05	2.9457296756824624710029783922931753e-03
2.7189029339662454632136892859822171e-03	1.0503242047307825761148279625206773e+00	1.1665321080345958930106683423207911e-05	2.9578631362518102919210280578062063e-03
2.6962981713300728634953219909921490e-03	1.0621802603736396004825168840694354e+00	1.1763120523325093388696475200266677e-05	2.9702361344397215976525775649962745e-03
2.6735351019572121053917311099732687e-03	1.0740862950874118018116012494252127e+00	1.1863276121348225446766137008286412e-05	2.9828540228653939890688584825127263e-03
2.6506158770742864929511636091023176e-03	1.0860432994140762599418057986795813e+00	1.1965856812887134326586000071049376e-05	2.9957223363220975419808294810049931e-03
2.6275426812507534975293769953816531e-03	1.0980522864106834387178811647203155e+00	1.2070934313096978077592549000933042e-05	3.0088467993411426517530428675342590e-03
2.6043177328963772364239187697699720e-03	1.1101142924240320710282987429610699e+00	1.2178583249148628853635365623480221e-05	3.0222333341435077252070259511735067e-03
2.5809432847726610679634991208286813e-03	1.1222303778979618024086367127367179e+00	1.2288881303474487396329188857696890e-05	3.0358880690024711054422496437350121e-03
2.5574216245187222367433497379861848e-03	1.1344016282149568092817276387754462e+00	1.2401909365464796441417710987684410e-05	3.0498173470422195130044875542138310e-03
2.5337550751921120553754125709610819e-03	1.1466291545738569520584711354968722e+00	1.2517751692193139960492448240343067e-05	3.0640277354991622059318816461925431e-03
2.5099459958251078148401494196838248e-03	1.1589140949055836709415710657484882e+00	1.2636496078795124069472561049042758e-05	3.0785260354745774859068369100727672e-03
2.4859967819970265470794380919449802e-03	1.1712576148289063701066677356927800e+00	1.2758234039173540804197425397115875e-05	3.0933192922092687283207806267615589e-03
2.4619098664231359989415188134019690e-03	1.1836609086484021036733393694997136e+00	1.2883060997757010668381591376868282e-05	3.1084148059131246706229541998909628e-03
2.4376877195607647997889941686531331e-03	1.1961252003968976724685820488859979e+00	1.3011076493097619446080004316808380e-05	3.1238201431848785344051908721340784e-03
2.4133328502332419060213946440098031e-03	1.2086517449248295261251123094286512e+00	1.3142384394156892524044124781728528e-05	3.1395431490599595145266438893980726e-03
2.3888478062723250811799855531491182e-03	1.2212418290391139733494423220654904e+00	1.3277093130199122648458432383407743e-05	3.1555919597271468033539231271425453e-03
2.3642351751798095242228708395784599e-03	1.2338967726942890450421872475179427e+00	1.3415315935287181368381573466986197e-05	3.1719750159577911134660902696752830e-03
2.3394975848090409029292962118171745e-03	1.2466179302388709272785506161123643e+00	1.3557171108459164426809949805422391e-05	3.1887010772946842447328562159845318e-03
2.3146377040670921047615421194543806e-03	1.2594066917200632760593388831225397e+00	1.3702782290755286717410566087781719e-05	3.2057792370512586287534030424792950e-03
2.2896582436384001137815574976018053e-03	1.2722644842501681406015988497811813e+00	1.3852278760364177883315453908882543e-05	3.2232189381757136614148754502880686e-03
2.2645619567306986994645779926219323e-03	1.2851927734382739707005857923593607e+00	1.4005795747267055767347780770402013e-05	3.2410299900389246719113769236317656e-03
2.2393516398441242126322734409299135e-03	1.2981930648910407094992511091669605e+00	1.4163474768878200337256754194380993e-05	3.2592225862096275804836977760773916e-03
2.2140301335644158884799080804610404e-03	1.3112669057866658623061269618244838e+00	1.4325463988311865954020796819675925e-05	3.2778073232854254119291142776124462e-03
2.1886003233811788332056586392840726e-03	1.3244158865264004305206939596984672e+00	1.4491918597050543279269685977983257e-05	3.2967952208536737933872383811425913e-03
2.1630651405322275098570661281334424e-03	1.3376416424682916297899817811487955e+00	1.4663001223948757998227380477387624e-05	3.3161977426623180135614760052452222e-03
2.1374275628750802471943346176308203e-03	1.3509458557481624926362109624744634e+00	1.4838882372681992758942903789725037e-05	3.3360268190873260840257180943794075e-03
2.1116906157867312963212182688067962e-03	1.3643302571931991266749627100677091e+00	1.5019740889943662517893967001746552e-05	3.3562948709905483977054364845733984e-03
2.0858573730928864960483492442796542e-03	1.3777966283339071434629060757292689e+00	1.5205764466906410563577038502375344e-05	3.3770148350696996016130413297977041e-03
2.0599309580279119425334476177331677e-03	1.3913468035206224462807847507565664e+00	1.5397150176699630295855966418345489e-05	3.3982001908107743237512430934625403e-03
2.0339145442268124773858735105578589e-03	1.4049826721512213292339344203224311e+00	1.5594105050915658373617385571972862e-05	3.4198649891626560838705563859714851e-03
2.0078113567506286216286532113025621e-03	1.4187061810171741978543409812928150e+00	1.5796846698445465974008698940110258e-05	3.4420238830640483876972566812728967e-03
1.9816246731467171284273874255147726e-03	1.4325193367756300583465869113928457e+00	1.6005603970264217971706399074512014e-05	3.4646921599642498885310043821640625e-03
1.9553578245454619730376903914956537e-03	1.4464242085558095531990957012786055e+00	1.6220617674141534628431587808170556e-05	3.4878857764918252121899093389329643e-03
1.9290141967950497446970889815689610e-03	1.4604229307086275413421164067650305e+00	1.6442141343644938681059749918379692e-05	3.5116213954390172456387454832379687e-03
1.9025972316360364892563267969070400e-03	1.4745177057091673693614976360020277e+00	1.6670442066242639985140292272764609e-05	3.5359164252449490211903356362819448e-03
1.8761104279175325503797633161175941e-03	1.4887108072223940043501851542300146e+00	1.6905801375798998646360482631587412e-05	3.5607890621774355992413306921093463e-03
1.8495573428569383926109595785271449e-03	1.5030045833433287342066321898865025e+00	1.7148516215298974746908263315702426e-05	3.5862583354317510943434346559240600e-03
1.8229415933452783319361565875723952e-03	1.5174014600238215990723008451159511e+00	1.7398899976243753143589463537180474e-05	3.6123441553851793835930382631341295e-03
1.7962668573003011733292126165233363e-03	1.5319039446990573868996243657176925e+00	1.7657283621836670811939983884888403e-05	3.6390673652688523012195416343878932e-03
1.7695368750696476448374930404785754e-03	1.5465146301280261886186039799618486e+00	1.7924016901835885270167716073174060e-05	3.6664497965435104326702626132638280e-03
1.7427554508865249754206083031702036e-03	1.5612361984633905714084157117100874e+00	1.8199469667798571314121966198189735e-05	3.6945143282937086466791602397045737e-03
1.7159264543804798143574472280480466e-03	1.5760714255675000773893471699718417e+00	1.8484033298393053203940109507882903e-05	3.7232849509859716870699491280361217e-03
1.6890538221460228412919818118024587e-03	1.5910231855927531276241133299217813e+00	1.8778122245524225654442372013770082e-05	3.7527868349708718345251398264242822e-03
1.6621415593720328672704714621040764e-03	1.6060944558461012998856982748099132e+00	1.9082175713220064418100564300099612e-05	3.7830464041473922413529398293405375e-03
1.6351937415350560800270054355221767e-03	1.6212883219592480320242254470997929e+00	1.9396659482581622395539225958278619e-05	3.8140914152507598336555744891802543e-03
1.6082145161598185570236595891123252e-03	1.6366079833880319147937795192113780e+00	1.9722067897627183643578994269393176e-05	3.8459510432727566124592952517062354e-03
1.5812081046504886006660995913435473e-03	1.6520567592666251782741663481442065e+00	2.0058926028588117982221290020960883e-05	3.8786559735770073028425188173165172e-03
1.5541788041964613278713166333903188e-03	1.6676380946445448701709170494912068e+00	2.0407792031168318374546597015348398e-05	3.9122385013316511452738596826114835e-03
1.5271309897566929171057628212708561e-03	1.6833555671370949425214279158494082e+00	2.0769259722494443625225682959089398e-05	3.9467326389490055519446372381621242e-03
1.5000691161268878063267748361461251e-03	1.6992128940227631076747489244130831e+00	2.1143961396999545298701635146115063e-05	3.9821742322973201493927424623678576e-03
1.4729977200941409733739331124760245e-03	1.7152139398243222968019839621107787e+00	2.1532570908343515980608682330410280e-05	4.0186010865346556170781563405985445e-03
1.4459214226839614724717871651565595e-03	1.7313627244139732205263571923242705e+00	2.1935807046733294895110554024147402e-05	4.0560531025106364161435998394730536e-03
1.4188449315049551597683283290854556e-03	1.7476634316868579989181129940655992e+00	2.2354437244726116699810429765718178e-05	4.0945724247898640950413516651031437e-03
1.3917730431968268207154182724678832e-03	1.7641204188517278584366458445079103e+00	2.2789281648853278170797450442324201e-05	4.1342036024729296543536019091408634e-03
1.3647106459877778446571195422694750e-03	1.7807382263925209749419918002123460e+00	2.3241217599275749564269288777375282e-05	4.1749937641293117833340423173710668e-03
1.3376627223678286818264338112459537e-03	1.7975215887601691553619103062908849e+00	2.3711184565277621264341080593698082e-05	4.2169928083134184277123294510471473e-03
1.3106343518850894927722144184913548e-03	1.8144754458601841635461000354066377e+00	2.4200189590838342091864404378698278e-05	4.2602536113134541520854593134650230e-03
1.2836307140725420691933412286903896e-03	1.8316049554085683327705226013814752e+00	2.4709313311941473382956734131638372e-05	4.3048322539859888721103510580323841e-03
1.2566570915134862262173650735924292e-03	1.8489155062364562512326220073737404e+00	2.5239716615844234936519076605095230e-05	4.3507882697609511028947200703391032e-03
1.2297188730544500241499185618090184e-03	1.8664127326327482003620968902888845e+00	2.5792648022448388667365450795859716e-05	4.3981849161668396320468715891495432e-03
1.2028215571750716748669175460703779e-03	1.8841025298239849559794468824719453e+00	2.6369451879417585647283821174999051e-05	4.4470894725296255645855487639711030e-03
1.1759707555252389492703014920247295e-03	1.9019910707020042321268516748293648e+00	2.6971577476064695959496196092257571e-05	4.4975735668474629778045127137519610e-03
1.1491721966406273980166805159183120e-03	1.9200848239227058602506447358025063e+00	2.7600589196627449454309011008414904e-05	4.5497135352444756526363628907513962e-03
1.1224317298487208874483725185862937e-03	1.9383905735137630121170323455431837e+00	2.8258177851774250839294723390292406e-05	4.6035908178694884633164814838310941e-03
1.0957553293784372527116897041092557e-03	1.9569154401456167312088709361100893e+00	2.8946173348531990211092448557709001e-05	4.6592923956402831656469070638209289e-03
1.0691490986876301512217536755488476e-03	1.9756669042388936811909070505382168e+00	2.9666558883906673212246338064438396e-05	4.7169112728535097110159873290274712e-03
1.0426192750240090194900423056726529e-03	1.9946528311028610514295117982201952e+00	3.0421486877007752412909647809978991e-05	4.7765470114000258821157579267168331e-03
1.0161722342364279136064037023755156e-03	2.0138814983241135710587410921884317e+00	3.1213296889380272553711080652867940e-05	4.8383063231634946430152253925714099e-03
9.8981449585505875315455501851757043e-04	2.0333616256528916744621171771927066e+00	3.2044535824586322550129937149633577e-05	4.9023037281586289758797303082756829e-03
9.6355272846070556667409990448840822e-04	2.0531024076668703374374881738058836e+00	3.2917980747197707019597159656869706e-05	4.9686622871112517400572002021900848e-03
9.3739375536545736191902826579466302e-04	2.0731135495296660286517115044164654e+00	3.3836664719914389183340467927845377e-05	5.0375144185277495860527154611498982e-03
9.1134456062904550433662458712329306e-04	2.0934053062045588106954424764054313e+00	3.4803906127547231668431728441854576e-05	5.1090028118860201596105186741232728e-03
8.8541229543769860889064698426598066e-04	2.1139885255340667384208082566902939e+00	3.5823342040630084075911220700378175e-05	5.1832814504518868409224388346692753e-03
8.5960428487501068961188588478750449e-04	2.1348746956543030558145494004066918e+00	3.6898966272610285811748455825269837e-05	5.2605167594433746379605979083559065e-03
8.3392803511739950857641371988698959e-04	2.1560759972810188899776457725595031e+00	3.8035172906857307909369979155590495e-05	5.3408888979031056316479588044121780e-03
8.0839124109018180290130473410768438e-04	2.1776053614837352402411703129528071e+00	3.9236806218091682791988151298023614e-05	5.4245932157865386651288167795901483e-03
7.8300179462418907334908790209349131e-04	2.1994765336576502336663852591526398e+00	4.0509218093541836822924844395095355e-05	5.5118419015428154759229962590417718e-03
7.5776779315726098275823535215518253e-04	2.2217041445128235606292370715682167e+00	4.1858334280143935184659031124339560e-05	5.6028658499952612778605697983569663e-03
7.3269754902996469396874900115259600e-04	2.2443037890298682486132882748356842e+00	4.3290731055560750028917917077481005e-05	5.6979167857951667897396739945261531e-03
7.0779959943059428564713973318563709e-04	2.2672921144851852261126111004836318e+00	4.4813724255725034896089126356709443e-05	5.7972696843457747253950428135614250e-03
6.8308271705101958242281748469541917e-04	2.2906869188318157685282235610586101e+00	4.6435473006788559986086377461684749e-05	5.9012255401523679031429606727416096e-03
6.5855592152241540787846508318319918e-04	2.3145072609406776733328446718086961e+00	4.8165101026530535357954696943097000e-05	6.0101145424039049000353841542563503e-03
6.3422849170847467787670300558366063e-04	2.3387735844693164120829471353801343e+00	5.0012839007814120914565509748878771e-05	6.1242997296857524073338640928862409e-03
6.1010997894358955134743649998413470e-04	2.3635078574414274093815419679522604e+00	5.1990192411799352963370161237565003e-05	6.2441812106457835928477330922400161e-03
5.8621022131491292351284584286504021e-04	2.3887337300030349229655292958813181e+00	5.4110140030488252570455885739590159e-05	6.3702010559433917408723179953622820e-03
5.6253935910047791155229329183549021e-04	2.4144767132865455567572440666269768e+00	5.6387369992172416921525308416319931e-05	6.5028489898873940817181662678040405e-03
5.3910785149100948209106731970845303e-04	2.4407643828826427269233109304343676e+00	5.8838561567044784608474841926633480e-05	6.6426690391052664931448304229220159e-03
5.1592649474114388304339374596184752e-04	2.4676266111188037632744738008365209e+00	6.1482723301805151759485218042039551e-05	6.7902673320869663628132235161466633e-03
4.9300644191701294644355751677913193e-04	2.4950958332066251303690825354906444e+00	6.4341600832294217099091677875301525e-05	6.9463212897784365270281614241602508e-03
4.7035922443221473161924151206250391e-04	2.5232073533931628543205078152318556e+00	6.7440171412557256495387531598418431e-05	7.1115905066006953487288126918379580e-03
4.4799677559390635920882143118459176e-04	2.5519996985933061302108752739078126e+00	7.0807247062458068462549508681086848e-05	7.2869296974452536562877116893993723e-03
4.2593145641615709557143852152275008e-04	2.5815150286691673898089550116781214e+00	7.4476214700376880434544011664053844e-05	7.4733041849404804484915256984581998e-03
4.0417608400010096693643186240162683e-04	2.6117996146632391589568386647317631e+00	7.8485950294149096668125699063002630e-05	7.6718085302922988311026554154793373e-03
3.8274396283149664789907974899640404e-04	2.6429043990256138301351962599768021e+00	8.2881955789890121722584574124083988e-05	7.8836890809648909165105862899032594e-03
3.6164891940817657454218808589769818e-04	2.6748856553935878927901042757165223e+00	8.7717783601342754718616466940488950e-05	8.1103714343822466322307571974798302e-03
3.4090534068531047484195088061650319e-04	2.7078057700477586584510299186321550e+00	9.3056835566380064239493883646312093e-05	8.3534941199805125210807998861899329e-03
3.2052821691902198720567530091690153e-04	2.7417341731477195312763617002322603e+00	9.8974654169222544751077707877208761e-05	8.6149502128744199114545313494939301e-03
3.0053318960341688511584445513689315e-04	2.7767484557557331567354676319848233e+00	1.0556186748248887732529350293090593e-04	8.8969391555296254926656443933921089e-03
2.8093660533879752069203039546881647e-04	2.8129357192174434564814186901489370e+00	1.1292801177731173566334271590083940e-04	9.2020318445931550276112058671796744e-03
2.6175557664819192795641123643262815e-04	2.8503942177346438062344137779524609e+00	1.2120654646530100576114090190063955e-04	9.5332531362506867257212193010346887e-03
2.4300805098677555254897162027494399e-04	2.8892353744695505512771584918718295e+00	1.3056150971407906893358329007239205e-04	9.8941874837002221563090541301190534e-03
2.2471288948005243898605353186992257e-04	2.9295862785364873599134021216439406e+00	1.4119646330800270917861285590474862e-04	1.0289115673980794646631537219269211e-02
2.0688995730371187346487721153220455e-04	2.9715928081931737675024167534987439e+00	1.5336668062096425254372660167938613e-04	1.0723193939378509488695618586567435e-02
1.8956022811185147864796308797150730e-04	3.0154235797022802165381800895091931e+00	1.6739600619648103321517742147381149e-04	1.1202691660181602924925808608525033e-02
1.7274590557519513469032676738014858e-04	3.0612749999346229521927137100633703e+00	1.8370056923263009302369151173261897e-04	1.1735311400911882486837090321849969e-02
1.5647056597191355209296716515159411e-04	3.1093778170144037948728163101521956e+00	2.0282275898582899330472724489143809e-04	1.2330626728253250229468938568872121e-02
1.4075932697722645613979664061184463e-04	3.1600057387773589955769392989673350e+00	2.2548091593806971758905178421080841e-04	1.3000691901921130542427264233167531e-02
1.2563904947087122958221879682715905e-04	3.2134869599062281445538314443967837e+00	2.5264370828634873821859071970878976e-04	1.3760908009606687180880647404458392e-02
1.1113858155210086442741662130155865e-04	3.2702198684152633803221565130018040e+00	2.8564440624627556538327606317709155e-04	1.4631281438211192182459197319678639e-02
9.7289057384919231450205846476878426e-05	3.3306949038068754919422149791902955e+00	3.2636177152616099824753235546518059e-04	1.5638299911397765307164864813545145e-02
8.4124268592198113781719545991368974e-05	3.3955257234222790803833775067867865e+00	3.7751639977971714189246065909957925e-04	1.6817812857888949049317986527907993e-02
7.1681133698506311784767731220710533e-05	3.4654949101053746618450133853358407e+00	4.4317602019493698763698877973535903e-04	1.8219608012206833854257569287650356e-02
6.0000303397968170308406977316745612e-05	3.5416232616160024451997799228925033e+00	5.2965876615866184319712216876010281e-04	1.9914982720580792747303557613448696e-02
4.9126959548544586807746740876905297e-05	3.6252790590882784258556745703667086e+00	6.4724203625472426067832482348717751e-04	2.2009889214756585540071831100834621e-02
3.9111900320477680595902502161627798e-05	3.7183588514232245520325049883585522e+00	8.1362784930736236104117792901263576e-04	2.4669141367993628852706916604322901e-02
3.0013066500036035229432567870842457e-05	3.8236049452925358774324593839780447e+00	1.0616108736457029170622737773182764e-03	2.8164392187231230995091880839998370e-02
2.1897785258406429289232237127782170e-05	3.9452072132887062528611345218536413e+00	1.4580854673676456042625121657782828e-03	3.2978678567027254246818863548617995e-02
1.4846263520775289736957823885240540e-05	4.0900659349579227181463026385731318e+00	2.1590592730236752185418844605303924e-03	4.0065234970613524514912387334303138e-02
8.9574621502947911735313851446560330e-06	4.2708503093025999139811041727967014e+00	3.6097435019392179359297744464147240e-03	5.1617145042712143112033117167255434e-02
4.3600395420983175386281674374814013e-06	4.5152429379110151270562958114957200e+00	7.6172322461861521726157042474846486e-03	7.4140260539480450068454691775473603e-02
1.2286176920492201324579340851205974e-06	4.9080497564001148138059749321179395e+00	3.6042295101135083373538723191199330e-02	1.4192107748736700534411745061122720e-01
0.0000000000000000000000000000000000e+00	0.0000000000000000000000000000000000e+00	1.3987508014050783450604939927743417e-05	3.0141774475706523844840531444606608e-03