7.0380129454423870456224017726536635e-07	-5.0163587018957126452870512993586403e+00	3.4684278217043928680622002542183215e-02	1.3914727831119603175851355253904825e-01
2.5073063023372334325954502285360000e-06	-4.6314915984255571502592770214259751e+00	7.2970305458219218234221880300017113e-03	7.2555709887547902512605536014306590e-02
5.1675273498913159868704960870296417e-06	-4.3924888298662845722985633154376313e+00	3.4466868303409659606132166530471999e-03	5.0434362268653092233234280205609930e-02
8.5880717969651876718463004814265428e-06	-4.2159574607652796491998315684992188e+00	2.0558519226574538576235384700304378e-03	3.9094168534637194889158678206177302e-02
1.2697713492159138286803540516413691e-05	-4.0746897566003707496572642155220257e+00	1.3850143191939834537130377530607574e-03	3.2140687651627018867390899951906401e-02
1.7441615137908514699137380092961243e-05	-3.9562391530759753592617315295251121e+00	1.0061904127497454984990286051359058e-03	2.7418734548358118374055761192823725e-02
2.2775296893673508235481039613836369e-05	-3.8538291944308309923394742653582723e+00	7.6958794884259079012766158432787487e-04	2.3991756688589196565764376254092842e-02
2.8661395048471398702994248654554953e-05	-3.7633466020321561467250254436783142e+00	6.1104668177143314022286091428281408e-04	2.1385282235518531900247058413882615e-02
3.5067733413619508320899158904672973e-05	-3.6821000431264058402694141766876814e+00	4.9914328777418321393509382930858934e-04	1.9332537140099346023547844720652643e-02
4.1966084176243432250285183720578163e-05	-3.6082287595494168637074243443132712e+00	4.1693143797300294947961948851555804e-04	1.7671704028235059104611787462494209e-02
4.9331324765272345383652231706311809e-05	-3.5403906524288937537054441165054306e+00	3.5458084792502679002651277428121705e-04	1.6298779414281819345841238799326566e-02
5.7140838285482093689172326818886805e-05	-3.4775847089532138177152182774257049e+00	3.0605309195303711217905887798592299e-04	1.5143791708513130443306204680888411e-02
6.5374071976020362394944648838928681e-05	-3.4190436958328139822246994327690553e+00	2.6746346663024786294851800532631287e-04	1.4157888569291621231015131663328813e-02
7.4012202671288398713122006392251383e-05	-3.3641661266482745339712981548952151e+00	2.3621565855520623843212951281612627e-04	1.3305900695924677333827422913697290e-02
8.3037877295139212810743152646824651e-05	-3.3124713911773771109746130593910770e+00	2.1051796282891307693476857704788834e-04	1.2561847548183970038379614722036092e-02
9.2435007527539693735897393237314579e-05	-3.2635691649307955599770189084467953e+00	1.8909972521844146367211919289675436e-04	1.1906109190782494505733233848275934e-02
1.0218860456012496059963058047953533e-04	-3.2171379583566925247359169780798938e+00	1.7103835284700130651595188339687733e-04	1.1323584518027136307302920249124048e-02
1.1228464415335199915488936732721449e-04	-3.1729097054611524880535168045649680e+00	1.5565008911815206734192194023740396e-04	1.0802455932212741294175549137402522e-02
1.2270995502198765062707653390280952e-04	-3.1306584549372603220775986939108587e+00	1.4241896014335664491033418027401325e-04	1.0333339252180852568629977104323169e-02
1.3345212547165572568349775896517849e-04	-3.0901919161075813169771157394305454e+00	1.3094932719334850481484747212479455e-04	9.9086853915797442903401409813856336e-03
1.4449942451852558662632448332462224e-04	-3.0513450341224236030221860834154310e+00	1.2093346089619700938195033386065709e-04	9.5223507578996648057608576351704875e-03
1.5584073464832554618844498498515073e-04	-3.0139750350819012434229857871480233e+00	1.1212891983198015442076448731559860e-04	9.1692832601688762057169285797066174e-03
1.6746549403577097561611705549558336e-04	-2.9779575540503497884168232698037093e+00	1.0434247463948020361544464172763399e-04	8.8452891223027949401804573865317247e-03
1.7936364653223248354227554622200047e-04	-2.9431835730486963980952727563472014e+00	9.7418491668398007939414156852941632e-05	8.5468571944480771027259633419726487e-03
1.9152559809134836683443007973729582e-04	-2.9095569732747920764691990799688641e+00	9.1230411270687596680511420018585722e-05	8.2710248438622759202171928283629907e-03
2.0394217857513733052837824407655693e-04	-2.8769925589651171687613336992745235e+00	8.5674409670583969445774908613126196e-05	8.0152743585740763414692218320735929e-03
2.1660460809153419460102056887064889e-04	-2.8454144475664936037707532456810362e+00	8.0664625176229139108718579855955926e-05	7.7774520446215012997361012337978493e-03
2.2950446717525631431951478199121723e-04	-2.8147547474013344458640359211862440e+00	7.6129520823507004275132863242749008e-05	7.5557044099525233135557367261553043e-03
2.4263367024962036146775602702054167e-04	-2.7849524631504953852991179877267091e+00	7.2009083234032860885590866100788568e-05	7.3484273595278793658850374655068958e-03
2.5598444190606497131155809247360121e-04	-2.7559525834763027049976805166893941e+00	6.8252644093516755396084836205019535e-05	7.1542254020820812043563572252763118e-03
2.6954929561702453115342003443150461e-04	-2.7277053154701033349443228820940688e+00	6.4817170313032863368979004331567072e-05	6.9718786352378007924836073307813323e-03
2.8332101456110688489354806382167820e-04	-2.7001654383643816065063953129440399e+00	6.1665910595739062344314721600500996e-05	6.8003158282795831753722514341882159e-03
2.9729263429072824569768757936589910e-04	-2.6732917548148563042019569877726038e+00	5.8767315602275347558958303097215138e-05	6.6385923251192876726081206669009324e-03
3.1145742701406911386445330696765883e-04	-2.6470466225366122291998503550386450e+00	5.6094170007803751931665929810848810e-05	6.4858717874264006839124169642495052e-03
3.2580888729742545828730290232831557e-04	-2.6213955525289159885766192979853131e+00	5.3622890020289571491061666282963860e-05	6.3414110195406918303973908534783741e-03
3.4034071902226687751436624879151029e-04	-2.5963068628043029144638059694597248e+00	5.1332951106627089014095795190316067e-05	6.2045472835215224179880943025984997e-03
3.5504682345475973806613412485594719e-04	-2.5717513786369240512246875740459095e+00	4.9206418931365741991615189705207152e-05	6.0746876392393708684788219905689283e-03
3.6992128830509038160682472989559824e-04	-2.5477021720013449991376558899851653e+00	4.7227562670796124030080721705859047e-05	5.9512999412710900638885607592502112e-03
3.8495837767035609014743547497043910e-04	-2.5241343341886716991058666358833760e+00	4.5382534497056790565450250141538140e-05	5.8339051990735596722529801105975763e-03
4.0015252276865324728695362475888263e-04	-2.5010247766389282638637825607911623e+00	4.3659102539489621954544872367326601e-05	5.7220710649712075122863269470471464e-03
4.1549831338374014926247684184293444e-04	-2.4783520558750795955953283065923193e+00	4.2046427314811264343650937574392324e-05	5.6154062599294264501162472146346656e-03
4.3099048994965275389354244954882611e-04	-2.4560962191091504056242671324341156e+00	4.0534873684075920608878083366388242e-05	5.5135557828790178195678177346163236e-03
4.4662393621320099013421664854578439e-04	-2.4342386676484054659041277391230331e+00	3.9115851996147384033571851350609170e-05	5.4161967777303421586733199759416316e-03
4.6239367241961094620174799736879782e-04	-2.4127620356856649266825099217631198e+00	3.7781683327119444413737165017899076e-05	5.3230349548419000480014912586481460e-03
4.7829484897289992924353678056723087e-04	-2.3916500824328482642836186360314985e+00	3.6525484706271746268028339720532789e-05	5.2338014818529813361125971542671657e-03
4.9432274052803739358901683760262052e-04	-2.3708875958666577695115991233276169e+00	3.5341070994010493554401954739345806e-05	5.1482502734196425328143614147483067e-03
5.1047274047668714224071222742525053e-04	-2.3504603066124261873698734734313253e+00	3.4222870692647712786132865343644254e-05	5.0661556212491011337250150135329751e-03
5.2674035579245430379161733525170282e-04	-2.3303548107064526297575835907120544e+00	3.3165853462265137725308676331650713e-05	4.9873101154825439919388270204914922e-03
5.4312120220516520175358904806276815e-04	-2.3105585001565038036768636191650803e+00	3.2165467508295081441672745021373418e-05	4.9115228163755911171769555244964266e-03
5.5961099967686516787585213133335116e-04	-2.2910595003708556232072772503135714e+00	3.1217585325534556851401179072903481e-05	4.8386176417172942203729465667440591e-03
5.7620556815499212196581073434789067e-04	-2.2718466136533498831899325807256320e+00	3.0318456541056914919603590030677625e-05	4.7684319407861515450387680491359517e-03
5.9290082358062577374383915118787028e-04	-2.2529092680695249657788592802545202e+00	2.9464666808280701127845063581390178e-05	4.7008152300813398472130297128568974e-03
6.0969277413186870026784282321213520e-04	-2.2342374710802606397620711463834586e+00	2.8653101875954807606625622198531897e-05	4.6356280697608447733904236465186402e-03
6.2657751668432452590874574986840070e-04	-2.2158217674172533257004767125163152e+00	2.7880916096591753583340927086144443e-05	4.5727410628023684606383666966137101e-03
6.4355123347233246118109329818714361e-04	-2.1976532007412173891352075778443515e+00	2.7145504754890157942292288436602604e-05	4.5120339614875907168277147875745287e-03
6.6061018893612424099031653610539765e-04	-2.1797232786808034788391118837946743e+00	2.6444479692653362754480143307630848e-05	4.4533948679839483319069551414435291e-03
6.7775072674141273704775308752373479e-04	-2.1620239408993319332702274958781368e+00	2.5775647786387287689367591718659241e-05	4.3967195176320458156012338884219459e-03
6.9496926695912153369196246609705999e-04	-2.1445475298787953942319683516642011e+00	2.5136991900145052941237938683686549e-05	4.3419106350991448333931153950075298e-03
7.1226230339403904484156711395456658e-04	-2.1272867641472179008992213075793820e+00	2.4526653991683612058732133399913266e-05	4.2888773548771930804016140567696481e-03
7.2962640105214440683897005732300513e-04	-2.1102347137072245992678039021025217e+00	2.3942920096545578989883669369314241e-05	4.2375346987262405778357786404886278e-03
7.4705819373721846673346174223798793e-04	-2.0933847774512931800953650736035481e+00	2.3384206953843900965879958994243281e-05	4.1878031036226261260288005267500968e-03
7.6455438176813302550525601697319715e-04	-2.0767306623732262160991682141246875e+00	2.2849050070579371961368553420150738e-05	4.1396079945921816833645288476856661e-03
7.8211172980891494053240855082079891e-04	-2.0602663644064083959400997396454197e+00	2.2336093049296948640121325919576299e-05	4.0928793975135466748220992309255321e-03
7.9972706480431732653826323378481547e-04	-2.0439861507378210337080735479296035e+00	2.1844078027633223217963876306357809e-05	4.0475515875834665067530700814471925e-03
8.1739727401420541987875273485568960e-04	-2.0278845434629393962731313460484938e+00	2.1371837098518922215489552021263751e-05	4.0035627696596148115878228211832005e-03
8.3511930314058625489151409528049345e-04	-2.0119563044608429270923305809213507e+00	2.0918284597048738578015923597437877e-05	3.9608547871495020836313865623618911e-03
8.5289015454158490621403360377927766e-04	-1.9961964213813852694939314222914237e+00	2.0482410154788323133789159482816441e-05	3.9193728565068583613074342812873603e-03
8.7070688552710074524634921211387132e-04	-1.9806000946473227279439966628012272e+00	2.0063272434945943802120036044198821e-05	3.8790653247382731798843235943274209e-03
8.8856660673126940766928028353055558e-04	-1.9651627253840768805439264796141215e+00	1.9659993472719072244057183406744918e-05	3.8398834476202247739992372963437002e-03
9.0646648055721391448499110900357438e-04	-1.9498799041984727566460451468456663e+00	1.9271753554504687283005488416056804e-05	3.8017811865861647710971660375413710e-03
9.2440371968989511864851250244913577e-04	-1.9347474007354886644734381263205536e+00	1.8897786577762582164500076074101345e-05	3.7647150224703193465353253687267235e-03
9.4237558567317045335421419449436241e-04	-1.9197611539488982971851018144457232e+00	1.8537375840332936497116363311809611e-05	3.7286437844937989504532373316735264e-03
9.6037938754744357998409095031865024e-04	-1.9049172630277845468377169315265700e+00	1.8189850214092059254560232628860862e-05	3.6935284930532835254135640836812667e-03
9.7841248054453841353596751311146448e-04	-1.8902119789263478328075872879615881e+00	1.7854580663117602576028193705296057e-05	3.6593322150262147897622402200467134e-03
9.9647226483666131459215129980587096e-04	-1.8756416964492980160883687773469444e+00	1.7530977071139889346360699352563203e-05	3.6260199304418558391372758297304633e-03
1.0145561843365269190277024319097720e-03	-1.8612029468494761625453326622053175e+00	1.7218485347075100453426031976504998e-05	3.5935584094871471380127190121753135e-03
1.0326617255459178630372803747373719e-03	-1.8468923908982597676512042016869062e+00	1.6916584780950211019698957332140260e-05	3.5619160989220365528310908677799838e-03
1.0507864164501281032174142310792741e-03	-1.8327068123928142247566839373396193e+00	1.6624785625607861898577455049058364e-05	3.5310630170726438997853726586814345e-03
1.0689278254559050202739024112744141e-03	-1.8186431120674094536409666431234921e+00	1.6342626882280701212940322597812924e-05	3.5009706566537498615635837501742004e-03
1.0870835603706582791538622158335107e-03	-1.8046983018788632277581065536972391e+00	1.6069674270499432082179528154663016e-05	3.4716118947459812619141501563708164e-03
1.1052512674208446207130180729101677e-03	-1.7908694996387365075239373761752727e+00	1.5805518364889907199273081873142170e-05	3.4429609093188299404040400426512650e-03
1.1234286303075683911957230940752746e-03	-1.7771539239672214523702187247315256e+00	1.5549772883259038713949415515184339e-05	3.4149931017492709077255128090262263e-03
1.1416133692975585870833161420677350e-03	-1.7635488895457565408150191618573065e+00	1.5302073111998769225418905228185413e-05	3.3876850248380884077284957805990562e-03
1.1598032403477953268770210604427933e-03	-1.7500518026472989928585369435250204e+00	1.5062074456279192833050044095726817e-05	3.3610143158728167929038824989502436e-03
1.1779960342621627016904517409930731e-03	-1.7366601569249033126995075317153528e+00	1.4829451103779688058379432547251823e-05	3.3349596343281025409903973995066703e-03
1.1961895758786015760864627712481558e-03	-1.7233715294408146877505238014652471e+00	1.4603894791840991746766849998500841e-05	3.3095006038318582390642834535333552e-03
1.2143817232853257191956075402561751e-03	-1.7101835769197035177903340262121511e+00	1.4385113668929136435214871440315169e-05	3.2846177580593022086642699469147297e-03
1.2325703670647481970193893257457200e-03	-1.6970940322109569842343340384453911e+00	1.4172831242199385437271902734006276e-05	3.2602924902472908043802928722304956e-03
1.2507534295638427524341759480036436e-03	-1.6841007009461181627187123626132170e+00	1.3966785403748016202255252251440749e-05	3.2365070060486335173805329359895113e-03
1.2689288641897373966907548361050492e-03	-1.6712014583786341689344749592639986e+00	1.3766727528853585930116014341782254e-05	3.2132442794706671493642943182284388e-03
1.2870946547294050511000897691289966e-03	-1.6583942463940523933748042009723609e+00	1.3572421640147243059317878780618273e-05	3.1904880116645478606977459590084382e-03
1.3052488146923791891736276259112234e-03	-1.6456770706796971088840546485420796e+00	1.3383643632222524110089026050374670e-05	3.1682225923517574482350570786561394e-03
1.3233893866754813835656271001370983e-03	-1.6330479980436757370481044208866302e+00	1.3200180551706592742866747529082331e-05	3.1464330636924410714018479287930227e-03
1.3415144417486027745615293593405946e-03	-1.6205051538738120882242075588926426e+00	1.3021829928273776308632859048751182e-05	3.1251050864165996440065560993880482e-03
1.3596220788606330362792256510057286e-03	-1.6080467197277894383644349428351570e+00	1.2848399152494445923502312846554895e-05	3.1042249080540299117520491236365153e-03
1.3777104242646786873894943066637356e-03	-1.5956709310464151937532078087664013e+00	1.2679704896782961626471122562142796e-05	3.0837793331123972235496427017398023e-03
1.3957776309617578170065576431629706e-03	-1.5833760749824963454089254965880565e+00	1.2515572576042131982199656797824395e-05	3.0637556950650807636832700621275996e-03
1.4138218781622006953129880530434071e-03	-1.5711604883383456210220310315880883e+00	1.2355835844902440979610420866001272e-05	3.0441418300215734912886019494078306e-03
1.4318413707640255160658928199421317e-03	-1.5590225556054264251974624177758601e+00	1.2200336128725723229318895360306319e-05	3.0249260519633604272108624877201343e-03
1.4498343388475958613949769985843656e-03	-1.5469607071000941198246448167487786e+00	1.2048922185788155960095201856730325e-05	3.0060971294374383109252816254321000e-03
1.4677990371859015601746759316551679e-03	-1.5349734171898053626433762121097080e+00	1.1901449698279155535687059236841538e-05	2.9876442636080654057567448658497821e-03
1.4857337447698375879290188889878515e-03	-1.5230592026045491863822004524823136e+00	1.1757780889953472256697094615334684e-05	2.9695570675750212994220960522617108e-03
1.5036367643478866743970079898562157e-03	-1.5112166208286060574641331391165309e+00	1.1617784168455646939221782933203180e-05	2.9518255468736835167090546836583987e-03
1.5215064219796404788280918519407418e-03	-1.4994442685680668292695891080228433e+00	1.1481333790500958706745760009475304e-05	2.9344400810786538228590046306148429e-03
1.5393410666026216866587946354795312e-03	-1.4877407802898445880691223642180032e+00	1.1348309548246773294066377637846869e-05	2.9173914064385488823765078547072856e-03
1.5571390696118952887960609065975153e-03	-1.4761048268281909531461538816917511e+00	1.1218596475324323494908925633911902e-05	2.9006705994749582587272482205300092e-03
1.5748988244519817319539204538675417e-03	-1.4645351140549863168444369292725074e+00	1.1092084571124779999482119427926716e-05	2.8842690614835132311193583959427496e-03
1.5926187462206076730486496511109834e-03	-1.4530303816103125027123957933381219e+00	1.0968668542046216401192745976018843e-05	2.8681785038795435960759611803398548e-03
1.6102972712838518229506666730898959e-03	-1.4415894016900379322727103481441162e+00	1.0848247558510821177913195636456876e-05	2.8523909343349634426226405925252958e-03
1.6279328569022639086286305174946174e-03	-1.4302109778873510346940965564161718e+00	1.0730725026655431470660999337867252e-05	2.8368986436568541112065442278737340e-03
1.6455239808675541954762281058005452e-03	-1.4188939440853685938624814077040212e+00	1.0616008373684026051592671340117066e-05	2.8216941933617331724031424148882100e-03
1.6630691411494693653236615394221730e-03	-1.4076371633981231750785061030996998e+00	1.0504008845948995151018257977079592e-05	2.8067704039027393773937985948106911e-03
1.6805668555524879070638770104645448e-03	-1.3964395271573987768899518589747582e+00	1.0394641318899499692588269372120055e-05	2.7921203435099496116923537150894002e-03
1.6980156613819846079648405573564685e-03	-1.3852999539430373873364536801785202e+00	1.0287824118100667518081147908155343e-05	2.7777373176067970610666350071350577e-03
1.7154141151195292922059310446943792e-03	-1.3742173886544820788282632848181342e+00	1.0183478850587311439457411957193320e-05	2.7636148587681001112803571541821195e-03
1.7327607921069996925422145417725373e-03	-1.3631908016214554663904932186877590e+00	1.0081530245870798961996185447108307e-05	2.7497467171875571063437650965887079e-03
1.7500542862392023111151997208219784e-03	-1.3522191877517965253061073878940026e+00	9.9819060059681113835348669200574380e-06	2.7361268516247294478946139353619111e-03
1.7672932096647083727081156198485369e-03	-1.3413015657145945987625528368726054e+00	9.8845366638684107901014815140444025e-06	2.7227494208035395753996807995574443e-03
1.7844761924946245414323708753037559e-03	-1.3304369771568675494463115749541327e+00	9.7893554498949571229243918390405925e-06	2.7096087752361646990991633440442454e-03
1.8016018825190300002448534347850715e-03	-1.3196244859521319948502251661543159e+00	9.6962981654593179040407677759250344e-06	2.6966994494479241084519528651902496e-03
1.8186689449308228194402225080287447e-03	-1.3088631774793079409713424953675645e+00	9.6053030637407920949093930909573238e-06	2.6840161545803486803189283521120199e-03
1.8356760620567293004402045327157803e-03	-1.2981521579304883768148378246123899e+00	9.5163107368570997856600095032187073e-06	2.6715537713510960922601684048447870e-03
1.8526219330952402075958908174839692e-03	-1.2874905536461869573498000573913078e+00	9.4292640091229179492881553056664838e-06	2.6593073433507435301236321424644497e-03
1.8695052738612475239636772378305271e-03	-1.2768775104767541943341284374114373e+00	9.3441078360209930837978034878048450e-06	2.6472720706577598694784618899485830e-03
1.8863248165371646157541049430608039e-03	-1.2663121931687249692851558704839454e+00	9.2607892085365370612776989475047369e-06	2.6354433037541391701661840168935312e-03
1.9030793094303214911819343053621609e-03	-1.2557937847749280276862039051892149e+00	9.1792570625295969780953210259404142e-06	2.6238165377252739439102967359238545e-03
1.9197675167364352178477893336932976e-03	-1.2453214860872517280288677209299969e+00	9.0994621928422504172516741685647939e-06	2.6123874067286665198399956921395656e-03
1.9363882183089635420474320490204082e-03	-1.2348945150910199984314243309539079e+00	9.0213571718579662191479666650906773e-06	2.6011516787170258734784121777931956e-03
1.9529402094341573555459525764523846e-03	-1.2245121064399884695765688289331520e+00	8.9448962722494257978308903689270977e-06	2.5901052504021809318613934895696893e-03
1.9694223006116349010075788627989483e-03	-1.2141735109510233570140237599418194e+00	8.8700353936686470230050397403397466e-06	2.5792441424470645965738822335300880e-03
1.9858333173403075157948651839941111e-03	-1.2038779951175750908546200044500667e+00	8.7967319931495062992963148591056242e-06	2.5685644948737900994645315233777444e-03
2.0021720999094933034104051888710777e-03	-1.1936248406411051514420307101251237e+00	8.7249450190078191727808820068393920e-06	2.5580625626765570080184437546215003e-03
2.0184375031950614095076211535676101e-03	-1.1834133439796682645839280967349377e+00	8.6546348480381108783413611595358856e-06	2.5477347116287920714397935275219316e-03
2.0346283964604555811688474752541391e-03	-1.1732428159128932234800450554657747e+00	8.5857632258191727120982133501708953e-06	2.5375774142745536746690250752068060e-03
2.0507436631624514190995319507246567e-03	-1.1631125811226443071844423052131490e+00	8.5182932099525374559709469331175628e-06	2.5275872460948111912441952021442181e-03
2.0667822007615072066787145531655104e-03	-1.1530219777886817154155298117700431e+00	8.4521891160691899643624306535758440e-06	2.5177608818397549825975498163094951e-03
2.0827429205365734307608039758866616e-03	-1.1429703571986737834543556334412851e+00	8.3874164664502239273803928857797025e-06	2.5080950920188019291814684687651257e-03
2.0986247474042311092813435848296229e-03	-1.1329570833719461148732809406145536e+00	8.3239419411168236134731081774584258e-06	2.4985867395404377289652322210110102e-03
2.1144266197420338218871638753437939e-03	-1.1229815326963833003166904678611269e+00	8.2617333312539458226567450353710947e-06	2.4892327764944830942159731677921950e-03
2.1301474892159329131119381145419390e-03	-1.1130430935779276949544639243308609e+00	8.2007594948404534607128021722117973e-06	2.4800302410697885694616910818753831e-03
2.1457863206116697135345185315223091e-03	-1.1031411661021469147222406906900928e+00	8.1409903143662549584066228813757490e-06	2.4709762546007539673362768638800446e-03
2.1613420916700228127734355194505011e-03	-1.0932751617073673835941277035191666e+00	8.0823966565242762410785912756545904e-06	2.4620680187364352075667219366566826e-03
2.1768137929258024284097865889957797e-03	-1.0834445028688955154001250025049170e+00	8.0249503337718736266641822280103837e-06	2.4533028127263453410212945791652194e-03
2.1922004275504877557904376240170790e-03	-1.0736486227938710320863694841769573e+00	7.9686240676626232173662187097341481e-06	2.4446779908173793107638820841415803e-03
2.2075010111984068634498802127221436e-03	-1.0638869651263185877838753974660088e+00	7.9133914538553284537415576711880921e-06	2.4361909797565949931570922966747275e-03
2.2227145718563622254467218870827431e-03	-1.0541589836619843609924211743598179e+00	7.8592269287126032540300981571631015e-06	2.4278392763948676139386411323822499e-03
2.2378401496966083626513619080443677e-03	-1.0444641420725636668354716360898282e+00	7.8061057374065418623831867734249341e-06	2.4196204453867019873226430894318906e-03
2.2528767969330913069505714909064071e-03	-1.0348019136389439941583929722598653e+00	7.7540039034538042441702460743093623e-06	2.4115321169817383297328375182649101e-03
2.2678235776808627120768777756519572e-03	-1.0251717809931052502588189720497485e+00	7.7028981996069516218538948936547829e-06	2.4035719849037237189495542259595418e-03
2.2826795678185844185922258099085438e-03	-1.0155732358683354571846030881567116e+00	7.6527661200330827005021662177682346e-06	2.3957378043129435921043098478580406e-03
2.2974438548540421443863254335359611e-03	-1.0060057788574357419346422639892237e+00	7.6035858537147677363343987688428952e-06	2.3880273898483169187006824052086370e-03
2.3121155377925897215041112701214811e-03	-9.9646891917860324914145515774935179e-01	7.5553362590119737348064115345408292e-06	2.3804386137455556986240998019207585e-03
2.3266937270084479405102023127722041e-03	-9.8696217444869462621165452318644219e-01	7.5079968393271371680217677810318520e-06	2.3729694040279750103082869538250413e-03
2.3411775441187845999677183248547352e-03	-9.7748507046358603171346158716912065e-01	7.4615477198187867957516596632579572e-06	2.3656177427667147053463370275825654e-03
2.3555661218605047957275558460784900e-03	-9.6803714098535823945825226704187372e-01	7.4159696251121633686121613047988809e-06	2.3583816644072986957635541440491982e-03
2.3698586039696828271175877760021945e-03	-9.5861792753604739202026517653332915e-01	7.3712438579581389804676077486115777e-06	2.3512592541596132441344463290707312e-03
2.3840541450635693490810455108922282e-03	-9.4922697919771333471819898945752886e-01	7.3273522787944193901611835849887446e-06	2.3442486464485323358982259624616790e-03
2.3981519105251095649113436093094703e-03	-9.3986385241858826840580981131393524e-01	7.2842772861655295783294470189924311e-06	2.3373480234225566380359711306312193e-03
2.4121510763899103373311586955020715e-03	-9.3052811082507872872204267539394465e-01	7.2420017979604471043233981124961135e-06	2.3305556135179632414545618506658476e-03
2.4260508292355960999354144463338403e-03	-9.2121932503940366069094840547445432e-01	7.2005092334289696436139625800983933e-06	2.3238696900760868238216423235494759e-03
2.4398503660734953799451609622785406e-03	-9.1193707250266063884822258948286889e-01	7.1597834959399918442685751332482931e-06	2.3172885700114695007409154551157124e-03
2.4535488942426016001122330793934702e-03	-9.0268093730312111079398631028585169e-01	7.1198089564468310906937009237469714e-06	2.3108106125287268716334962901642243e-03
2.4671456313057536156186878678593138e-03	-8.9345051000956394101381920324139792e-01	7.0805704376265900268499610012555946e-06	2.3044342178860820003253623717545290e-03
2.4806398049479831639207520530510605e-03	-8.8424538750946452525648629629745435e-01	7.0420531986622833153131660236872044e-06	2.2981578262036176612134057114080268e-03
2.4940306528769780645380656359095920e-03	-8.7506517285186435559193368651977802e-01	7.0042429206380941056636694544512135e-06	2.2919799163143904681826239233004016e-03
2.5073174227256116044904699717201634e-03	-8.6590947509475316307393939619400140e-01	6.9671256925196685762066325862700339e-06	2.2858990046566388011844611541166103e-03
2.5204993719564900860104777523627846e-03	-8.5677790915680266805308720758635226e-01	6.9306879976928107624258731818645061e-06	2.2799136442054000499707728175134839e-03
2.5335757677684719987599513803151692e-03	-8.4767009567329754583952811425338920e-01	6.8949167010353103386073751960079540e-06	2.2740224234419318821766020378728773e-03
2.5465458870051137113872164863535649e-03	-8.3858566085611548474443382772034413e-01	6.8597990364979283312861589454305845e-06	2.2682239653594072722297076010465340e-03
2.5594090160649979590976878792243027e-03	-8.2952423635761419067698981844129596e-01	6.8253225951717848099008211498860512e-06	2.2625169265034241403565771630579859e-03
2.5721644508139027370938697937717091e-03	-8.2048545913828889264667726499804723e-01	6.7914753138205429830554691489475107e-06	2.2568999960459378737745751141344296e-03
2.5848114964987694962866085480302189e-03	-8.1146897133806934104793980791980464e-01	6.7582454638568700808511593523780506e-06	2.2513718948912889471936746382669609e-03
2.5973494676634307795117787296291559e-03	-8.0247442015113047899397596482911689e-01	6.7256216407436808912197905700807015e-06	2.2459313748130585258346368001406824e-03
2.6097776880660586354389253028792723e-03	-7.9350145770409591895610864608098750e-01	6.6935927538016385418674905953859945e-06	2.2405772176205425077015117706536306e-03
2.6220954905982963051798650394929458e-03	-7.8454974093751808457067291870108153e-01	6.6621480164053025337477158080943736e-06	2.2353082343536891176302861397475133e-03
2.6343022172060367949647091860432483e-03	-7.7561893149052339203507036008971487e-01	6.6312769365511793627304549208922856e-06	2.2301232645053970676682769147832824e-03
2.6463972188118130287429151278176714e-03	-7.6670869558851515773148803142390096e-01	6.6009693077817493268147823042768423e-06	2.2250211752701206005330894455060545e-03
2.6583798552387653187082908730743493e-03	-7.5781870393383103869714807171285150e-01	6.5712152004503171231521637301248549e-06	2.2200008608177745797585302224911101e-03
2.6702494951361529009912991104898091e-03	-7.4894863159925574985003521016370266e-01	6.5420049533122662253582140061908937e-06	2.2150612415919773173760999595893138e-03
2.6820055159063772594964018892519619e-03	-7.4009815792429356549881762700917957e-01	6.5133291654289902597733714997244649e-06	2.2102012636317111651186008209539756e-03
2.6936473036334859044116251578227181e-03	-7.3126696641410871114060552256106805e-01	6.4851786883714309737149878637261156e-06	2.2054198979155211580156963207957722e-03
2.7051742530131261845483831004494253e-03	-7.2245474464104519294089952029816875e-01	6.4575446187107740661349067051699835e-06	2.2007161397274103025642248477746467e-03
2.7165857672839195955924972401755918e-03	-7.1366118414864090422004179514463312e-01	6.4304182907844431510081360453310791e-06	2.1960890080436265513840475171554642e-03
2.7278812581602279007198860385701550e-03	-7.0488598035805399795194299746686035e-01	6.4037912697260903379801098136092135e-06	2.1915375449395712021326159437464844e-03
2.7390601457662832069598136218650040e-03	-6.9612883247682252853908196299100426e-01	6.3776553447488111159856954702705454e-06	2.1870608150160914943045219897573268e-03
2.7501218585716549412341861406677911e-03	-6.8738944340988125142373634123416760e-01	6.3520025226713130754600749021733302e-06	2.1826579048444516417540078222245195e-03
2.7610658333280274451769143061791435e-03	-6.7866751967276223154702751668241726e-01	6.3268250216772440616811071663567268e-06	2.1783279224293065145775100355924558e-03
2.7718915150072626586132066429606550e-03	-6.6996277130690855706942949000511446e-01	6.3021152652983370775237473561550097e-06	2.1740699966890307497944208978304571e-03
2.7825983567407230888839444368633869e-03	-6.6127491179703298860916700444207782e-01	6.2778658766124580202572650066719923e-06	2.1698832769527832999708611777586488e-03
2.7931858197598309679248641437730841e-03	-6.5260365799045580174164391620026558e-01	6.2540696726480494317385174323039244e-06	2.1657669324737133922181267382444974e-03
2.8036533733378401820065874247167661e-03	-6.4394873001835840656627213452166248e-01	6.2307196589868500737559594336733864e-06	2.1617201519577386325739768410495333e-03
2.8140004947327982211264287936718273e-03	-6.3530985121889155746409338059051804e-01	6.2078090245571374463814963761074892e-06	2.1577421431073496146307739848398336e-03
2.8242266691316760369992845945038649e-03	-6.2668674806207910317679827814476324e-01	6.1853311366100894145345423174154190e-06	2.1538321321799179349089660511138172e-03
2.8343313895956443211733462570384065e-03	-6.1807915007646027624419347547782783e-01	6.1632795358721929000883286008953030e-06	2.1499893635600060361104920541575139e-03
2.8443141570064753187166579408819665e-03	-6.0948678977741548563723659283952296e-01	6.1416479318669430774312421669027293e-06	2.1462130993451978451709525253507156e-03
2.8541744800140498788730567233515647e-03	-6.0090940259712246090911174661041400e-01	6.1204301983993765671252705930952087e-06	2.1425026189449887952187463489884239e-03
2.8639118749849500127331920493585351e-03	-5.9234672681609140395759239585881299e-01	6.0996203691972675904779284435798475e-06	2.1388572186922925656857128681215072e-03
2.8735258659521177799438131814886527e-03	-5.8379850349622953896727570947005122e-01	6.0792126337030877137207150454749742e-06	2.1352762114671397868871659835983383e-03
2.8830159845655618623965562233072658e-03	-5.7526447641538711552821885111790133e-01	6.0592013330110884144028114552500598e-06	2.1317589263321610759904141530063914e-03
2.8923817700440937032819668756984665e-03	-5.6674439200333851739431764447550626e-01	6.0395809559441119418865835190268092e-06	2.1283047081794631397544146930052168e-03
2.9016227691280755954281766308630324e-03	-5.5823799927915366278366120481389476e-01	6.0203461352649704754913780519690365e-06	2.1249129173885223329609175824621596e-03
2.9107385360331635940070835136283801e-03	-5.4974504978991635432249240478239686e-01	6.0014916440174570271175664748422486e-06	2.1215829294947350352835930271451895e-03
2.9197286324050286060035115469491765e-03	-5.4126529755074765034567680469473238e-01	5.9830123919922644739180874563405717e-06	2.1183141348682785367901854038178702e-03
2.9285926272750394728038903840294717e-03	-5.3279849898609368681135691294248555e-01	5.9649034223132920913745059313048329e-06	2.1151059384029498349071947349141052e-03
2.9373300970168923133504864349876432e-03	-5.2434441287223868296449414616848309e-01	5.9471599081400125074170587406100134e-06	2.1119577592146628733929133038691908e-03
2.9459406253041708339866946255402683e-03	-5.1590280028100511637562668638445171e-01	5.9297771494817566041924008532538633e-06	2.1088690303492973249877584643288546e-03
2.9544238030688227378323390692542236e-03	-5.0747342452460425625944650830931309e-01	5.9127505701199500184598072101663848e-06	2.1058391984996040607851311532293222e-03
2.9627792284605377817024946236732994e-03	-4.9905605110160140011022191025122835e-01	5.8960757146345029713329673526402677e-06	2.1028677237308839864402618632550393e-03
2.9710065068070134326301268200968314e-03	-4.9065044764396126964603236785785017e-01	5.8797482455307156059068037861566640e-06	2.0999540792151679822415196285488692e-03
2.9791052505750944693675952195121062e-03	-4.8225638386514008970559263389601487e-01	5.8637639404632142171865176026762739e-06	2.0970977509736362837001723683310217e-03
2.9870750793327732572058332951538242e-03	-4.7387363150919189987527971798539073e-01	5.8481186895535800912503881502272530e-06	2.0942982376270258033914505441545334e-03
2.9949156197120377974298266730568080e-03	-4.6550196430085763494035115201992377e-01	5.8328084927984724782018891768672495e-06	2.0915550501537836439179644943713243e-03
3.0026265053725550160784563493725080e-03	-4.5714115789660645837341545014598528e-01	5.8178294575651808357644027503723694e-06	2.0888677116557344056391940900215698e-03
3.0102073769661771107366097875486230e-03	-4.4879098983659974453884701705868697e-01	5.8031777961716692091204631916739578e-06	2.0862357571310378698064926439036166e-03
3.0176578821022591191861639368822244e-03	-4.4045123949754898157541758312795065e-01	5.7888498235482977528389976440249222e-06	2.0836587332542222556206803779369564e-03
3.0249776753137762101967336947052345e-03	-4.3212168804643970942347712696812088e-01	5.7748419549785232317603115941697477e-06	2.0811361981630865252695363935951207e-03
3.0321664180242295248524386832013707e-03	-4.2380211839509441752464903289231555e-01	5.7611507039159921239848497742461795e-06	2.0786677212522731601563766840493399e-03
3.0392237785153297168820948442267616e-03	-4.1549231515554810561608007632040648e-01	5.7477726798755469411425915284801823e-06	2.0762528829733204694654968619644441e-03
3.0461494318954476527716155615694202e-03	-4.0719206459621095998351097405310867e-01	5.7347045863957688162613481127566151e-06	2.0738912746410108333516513486708463e-03
3.0529430600688220372635882014846689e-03	-3.9890115459879331768722685784791379e-01	5.7219432190707775127738109556488629e-06	2.0715824982458383411145456856193182e-03
3.0596043517055140274551251823618658e-03	-3.9061937461596878373816685946599583e-01	5.7094854636491039928033959285785959e-06	2.0693261662724260727888222165120547e-03
3.0661330022120991893472975337568009e-03	-3.8234651562975203203299075227445667e-01	5.6973282941975407511466308214747995e-06	2.0671219015237298030821468726597875e-03
3.0725287137030874346252276327753323e-03	-3.7408237011056846106304275025703825e-01	5.6854687713279614652551846599509451e-06	2.0649693369508711913732238896710019e-03
3.0787911949730618528964606135113119e-03	-3.6582673197699349095299940421348027e-01	5.6739040404851843131677152237063707e-06	2.0628681154884495718218613678661981e-03
3.0849201614695276258178482958623845e-03	-3.5757939655613988017655898170820340e-01	5.6626313302940327436855862689756058e-06	2.0608178898951872842982529499632419e-03
3.0909153352664624747215842271516437e-03	-3.4934016054467200921284394075462217e-01	5.6516479509638237103670065870340251e-06	2.0588183225997691000602521888797243e-03
3.0967764450385603527256875315270693e-03	-3.4110882197042662528222047425359895e-01	5.6409512927485865591684843775391360e-06	2.0568690855517417056724499570417919e-03
3.1025032260361603460926658027241117e-03	-3.3288518015462006792976665131838432e-01	5.6305388244613860370887896752335830e-06	2.0549698600773444238965895122188737e-03
3.1080954200608529979851644843340736e-03	-3.2466903567462250036797290502664226e-01	5.6204080920411904069641733372587540e-06	2.0531203367401473800909324291369988e-03
3.1135527754417565109556400956156471e-03	-3.1646019032728015687197398560975637e-01	5.6105567171707905457276804421150483e-06	2.0513202152063781755353462100393845e-03
3.1188750470124555226888950552183778e-03	-3.0825844709276708283200583686705371e-01	5.6009823959443382975782242372449285e-06	2.0495692041148228131663354800540998e-03
3.1240619960885953828762720237532527e-03	-3.0006361009894829196843234589367058e-01	5.5916828975831323710644160358634704e-06	2.0478670209511911442179557289675271e-03
3.1291133904461250878174376316317770e-03	-2.9187548458623669533384225434537627e-01	5.5826560631983378257350266050084136e-06	2.0462133919268414736344399825077034e-03
3.1340290043001822535936650215277020e-03	-2.8369387687292656966462241560726129e-01	5.5738998045993807999308874829838867e-06	2.0446080518617631849384326641854670e-03
3.1388086182846137286039230646451126e-03	-2.7551859432098672897357761586893435e-01	5.5654121031468136915138198195293581e-06	2.0430507440717203282882405767147341e-03
3.1434520194321256620655865569250809e-03	-2.6734944530229694354155170908041818e-01	5.5571910086484976179905654514373486e-06	2.0415412202594630652313264481267987e-03
3.1479590011550570569142170843435825e-03	-2.5918623916531151519015747461732490e-01	5.5492346382979987471320193438034030e-06	2.0400792404099176863772405968361225e-03
3.1523293632267710435461869306738680e-03	-2.5102878620213426739584664133725585e-01	5.5415411756541430950007593050292356e-06	2.0386645726892696198288120668320211e-03
3.1565629117636583151842220974046815e-03	-2.4287689761598954391051911730055516e-01	5.5341088696607207223689062544496758e-06	2.0372969933478574344367389883393178e-03
3.1606594592077473664554447854747105e-03	-2.3473038548907413053618192746501678e-01	5.5269360337053750060454345856207782e-06	2.0359762866267993182574861749283293e-03
3.1646188243099163741965294892221143e-03	-2.2658906275077532198985991219988283e-01	5.5200210447167558981924558782312536e-06	2.0347022446682768842546156794883741e-03
3.1684408321137017536797653294576942e-03	-2.1845274314624064979846297612555713e-01	5.5133623422990578903987641395677835e-06	2.0334746674294044273374847238371171e-03
3.1721253139396986145222123184897356e-03	-2.1032124120528506827026712947175468e-01	5.5069584279031038429462184952081443e-06	2.0322933625996149341292432613401418e-03
3.1756721073705485286294441323400893e-03	-2.0219437221162166416968310173151777e-01	5.5008078640331749931307870553600375e-06	2.0311581455214972340620705836083623e-03
3.1790810562365102077640580847783130e-03	-1.9407195217240221212638353029929824e-01	5.4949092734888253865716151175861873e-06	2.0300688391150216819988983316637168e-03
3.1823520106016088708426114705761807e-03	-1.8595379778805414237234284460587950e-01	5.4892613386409557463172236648656719e-06	2.0290252738050946828980037086329789e-03
3.1854848267503602609754014935279859e-03	-1.7783972642240072043765503814565329e-01	5.4838628007414574678277053878540862e-06	2.0280272874523852122328955977327219e-03
3.1884793671750654496912585350053237e-03	-1.6972955607305146024852432087631514e-01	5.4787124592657720627467804812005957e-06	2.0270747252873692559693613277277637e-03
3.1913355005636727408513491922703035e-03	-1.6162310534205000294318880553294283e-01	5.4738091712877450276735939635153640e-06	2.0261674398475407947588095346642590e-03
3.1940531017882031595664654085823899e-03	-1.5352019340676689392312436666370054e-01	5.4691518508861858406578758609387924e-06	2.0253052909177405923745724390045022e-03
3.1966320518937361821036183119637640e-03	-1.4542063999102488044235316674749479e-01	5.4647394685825776406210779366004718e-06	2.0244881454735566219138340570160453e-03
3.1990722380879525314099261688790553e-03	-1.3732426533644453164748159151829891e-01	5.4605710508094111742126737449434246e-06	2.0237158776277524784137500594080079e-03
3.2013735537312310296026313424389315e-03	-1.2923089017399815264186478028973107e-01	5.4566456794086478498404704393081759e-06	2.0229883685796825866778666206973066e-03
3.2035358983272966636794474224641159e-03	-1.2114033569576012407233057023773479e-01	5.4529624911598462672084075503417713e-06	2.0223055065676554215670348661233715e-03
3.2055591775144171838972873653323804e-03	-1.1305242352684194912652530035112645e-01	5.4495206773375154385515070885924608e-06	2.0216671868242083179702832973293182e-03
3.2074433030571457158519492399695789e-03	-1.0496697569750043087091052394243043e-01	5.4463194832972861293305630222714596e-06	2.0210733115342597622382206197597082e-03
3.2091881928386070273670716055901105e-03	-9.6883814615407534729245999358247161e-02	5.4433582080905193645522431464897267e-06	2.0205237897961073290532852615904684e-03
3.2107937708533252499665982875322461e-03	-8.8802763038070613762626552526864150e-02	5.4406362041069982139810150373914487e-06	2.0200185375852416604683142365946738e-03
3.2122599672005910120586497957085593e-03	-8.0723644045391788416768785751007384e-02	5.4381528767453755260214934145227834e-06	2.0195574777209490800359082681611535e-03
3.2135867180783660970962815161746250e-03	-7.2646281012355377690900794318399834e-02	5.4359076841110763656224703160478304e-06	2.0191405398356775973774975812549089e-03
3.2147739657777238949970723746489175e-03	-6.4570497581832375384845833317761791e-02	5.4339001367413795648572078834297262e-06	2.0187676603471431899428920799002086e-03
3.2158216586778240690926462246783088e-03	-5.6496117637491053315415982143354668e-02	5.4321297973574280536429961589074740e-06	2.0184387824331553517720702141874696e-03
3.2167297512414200139338527335107447e-03	-4.8422965276802853268121423331882584e-02	5.4305962806429425393358269615195082e-06	2.0181538560091429764232883506930180e-03
3.2174982040108978314892487141678240e-03	-4.0350864784132801063098203054719199e-02	5.4292992530494376838958047679747452e-06	2.0179128377083636954610548712883896e-03
3.2181269836048457047346956417155062e-03	-3.2279640603903739552447930534971314e-02	5.4282384326277642215275066628937393e-06	2.0177156908647818275481704014988273e-03
3.2186160627151526984305359699112524e-03	-2.4209117313823732707152399355258799e-02	5.4274135888858245031326019592110939e-06	2.0175623854986021087648944684424690e-03
3.2189654201046361671094738951661406e-03	-1.6139119598166040262699138013024922e-02	5.4268245426723327810318631767924003e-06	2.0174528983044483747598863057566640e-03
3.2191750406051971000419330973504674e-03	-8.0694722210911017310148531588454353e-03	5.4264711660865151922402992087161884e-06	2.0173872126421783521684219545365900e-03
3.2192449151165028822947762158480286e-03	0.0000000000000000000000000000000000e+00	5.4263533824136678947604954195808823e-06	2.0173653185303276928364837432836982e-03
3.2191750406051971000419330973504674e-03	8.0694722210911017310148531588454353e-03	5.4264711660865151922402992087161884e-06	2.0173872126421783521684219545365900e-03
3.2189654201046361671094738951661406e-03	1.6139119598166040262699138013024922e-02	5.4268245426723327810318631767924003e-06	2.0174528983044483747598863057566640e-03
3.2186160627151526984305359699112524e-03	2.4209117313823732707152399355258799e-02	5.4274135888858245031326019592110939e-06	2.0175623854986021087648944684424690e-03
3.2181269836048457047346956417155062e-03	3.2279640603903739552447930534971314e-02	5.4282384326277642215275066628937393e-06	2.0177156908647818275481704014988273e-03
3.2174982040108978314892487141678240e-03	4.0350864784132801063098203054719199e-02	5.4292992530494376838958047679747452e-06	2.0179128377083636954610548712883896e-03
3.2167297512414200139338527335107447e-03	4.8422965276802853268121423331882584e-02	5.4305962806429425393358269615195082e-06	2.0181538560091429764232883506930180e-03
3.2158216586778240690926462246783088e-03	5.6496117637491053315415982143354668e-02	5.4321297973574280536429961589074740e-06	2.0184387824331553517720702141874696e-03
3.2147739657777238949970723746489175e-03	6.4570497581832375384845833317761791e-02	5.4339001367413795648572078834297262e-06	2.0187676603471431899428920799002086e-03
3.2135867180783660970962815161746250e-03	7.2646281012355377690900794318399834e-02	5.4359076841110763656224703160478304e-06	2.0191405398356775973774975812549089e-03
3.2122599672005910120586497957085593e-03	8.0723644045391788416768785751007384e-02	5.4381528767453755260214934145227834e-06	2.0195574777209490800359082681611535e-03
3.2107937708533252499665982875322461e-03	8.8802763038070613762626552526864150e-02	5.4406362041069982139810150373914487e-06	2.0200185375852416604683142365946738e-03
3.2091881928386070273670716055901105e-03	9.6883814615407534729245999358247161e-02	5.4433582080905193645522431464897267e-06	2.0205237897961073290532852615904684e-03
3.2074433030571457158519492399695789e-03	1.0496697569750043087091052394243043e-01	5.4463194832972861293305630222714596e-06	2.0210733115342597622382206197597082e-03
3.2055591775144171838972873653323804e-03	1.1305242352684194912652530035112645e-01	5.4495206773375154385515070885924608e-06	2.0216671868242083179702832973293182e-03
3.2035358983272966636794474224641159e-03	1.2114033569576012407233057023773479e-01	5.4529624911598462672084075503417713e-06	2.0223055065676554215670348661233715e-03
3.2013735537312310296026313424389315e-03	1.2923089017399815264186478028973107e-01	5.4566456794086478498404704393081759e-06	2.0229883685796825866778666206973066e-03
3.1990722380879525314099261688790553e-03	1.3732426533644453164748159151829891e-01	5.4605710508094111742126737449434246e-06	2.0237158776277524784137500594080079e-03
3.1966320518937361821036183119637640e-03	1.4542063999102488044235316674749479e-01	5.4647394685825776406210779366004718e-06	2.0244881454735566219138340570160453e-03
3.1940531017882031595664654085823899e-03	1.5352019340676689392312436666370054e-01	5.4691518508861858406578758609387924e-06	2.0253052909177405923745724390045022e-03
3.1913355005636727408513491922703035e-03	1.6162310534205000294318880553294283e-01	5.4738091712877450276735939635153640e-06	2.0261674398475407947588095346642590e-03
3.1884793671750654496912585350053237e-03	1.6972955607305146024852432087631514e-01	5.4787124592657720627467804812005957e-06	2.0270747252873692559693613277277637e-03
3.1854848267503602609754014935279859e-03	1.7783972642240072043765503814565329e-01	5.4838628007414574678277053878540862e-06	2.0280272874523852122328955977327219e-03
3.1823520106016088708426114705761807e-03	1.8595379778805414237234284460587950e-01	5.4892613386409557463172236648656719e-06	2.0290252738050946828980037086329789e-03
3.1790810562365102077640580847783130e-03	1.9407195217240221212638353029929824e-01	5.4949092734888253865716151175861873e-06	2.0300688391150216819988983316637168e-03
3.1756721073705485286294441323400893e-03	2.0219437221162166416968310173151777e-01	5.5008078640331749931307870553600375e-06	2.0311581455214972340620705836083623e-03
3.1721253139396986145222123184897356e-03	2.1032124120528506827026712947175468e-01	5.5069584279031038429462184952081443e-06	2.0322933625996149341292432613401418e-03
3.1684408321137017536797653294576942e-03	2.1845274314624064979846297612555713e-01	5.5133623422990578903987641395677835e-06	2.0334746674294044273374847238371171e-03
3.1646188243099163741965294892221143e-03	2.2658906275077532198985991219988283e-01	5.5200210447167558981924558782312536e-06	2.0347022446682768842546156794883741e-03
3.1606594592077473664554447854747105e-03	2.3473038548907413053618192746501678e-01	5.5269360337053750060454345856207782e-06	2.0359762866267993182574861749283293e-03
3.1565629117636583151842220974046815e-03	2.4287689761598954391051911730055516e-01	5.5341088696607207223689062544496758e-06	2.0372969933478574344367389883393178e-03
3.1523293632267710435461869306738680e-03	2.5102878620213426739584664133725585e-01	5.5415411756541430950007593050292356e-06	2.0386645726892696198288120668320211e-03
3.1479590011550570569142170843435825e-03	2.5918623916531151519015747461732490e-01	5.5492346382979987471320193438034030e-06	2.0400792404099176863772405968361225e-03
3.1434520194321256620655865569250809e-03	2.6734944530229694354155170908041818e-01	5.5571910086484976179905654514373486e-06	2.0415412202594630652313264481267987e-03
3.1388086182846137286039230646451126e-03	2.7551859432098672897357761586893435e-01	5.5654121031468136915138198195293581e-06	2.0430507440717203282882405767147341e-03
3.1340290043001822535936650215277020e-03	2.8369387687292656966462241560726129e-01	5.5738998045993807999308874829838867e-06	2.0446080518617631849384326641854670e-03
3.1291133904461250878174376316317770e-03	2.9187548458623669533384225434537627e-01	5.5826560631983378257350266050084136e-06	2.0462133919268414736344399825077034e-03
3.1240619960885953828762720237532527e-03	3.0006361009894829196843234589367058e-01	5.5916828975831323710644160358634704e-06	2.0478670209511911442179557289675271e-03
3.1188750470124555226888950552183778e-03	3.0825844709276708283200583686705371e-01	5.6009823959443382975782242372449285e-06	2.0495692041148228131663354800540998e-03
3.1135527754417565109556400956156471e-03	3.1646019032728015687197398560975637e-01	5.6105567171707905457276804421150483e-06	2.0513202152063781755353462100393845e-03
3.1080954200608529979851644843340736e-03	3.2466903567462250036797290502664226e-01	5.6204080920411904069641733372587540e-06	2.0531203367401473800909324291369988e-03
3.1025032260361603460926658027241117e-03	3.3288518015462006792976665131838432e-01	5.6305388244613860370887896752335830e-06	2.0549698600773444238965895122188737e-03
3.0967764450385603527256875315270693e-03	3.4110882197042662528222047425359895e-01	5.6409512927485865591684843775391360e-06	2.0568690855517417056724499570417919e-03
3.0909153352664624747215842271516437e-03	3.4934016054467200921284394075462217e-01	5.6516479509638237103670065870340251e-06	2.0588183225997691000602521888797243e-03
3.0849201614695276258178482958623845e-03	3.5757939655613988017655898170820340e-01	5.6626313302940327436855862689756058e-06	2.0608178898951872842982529499632419e-03
3.0787911949730618528964606135113119e-03	3.6582673197699349095299940421348027e-01	5.6739040404851843131677152237063707e-06	2.0628681154884495718218613678661981e-03
3.0725287137030874346252276327753323e-03	3.7408237011056846106304275025703825e-01	5.6854687713279614652551846599509451e-06	2.0649693369508711913732238896710019e-03
3.0661330022120991893472975337568009e-03	3.8234651562975203203299075227445667e-01	5.6973282941975407511466308214747995e-06	2.0671219015237298030821468726597875e-03
3.0596043517055140274551251823618658e-03	3.9061937461596878373816685946599583e-01	5.7094854636491039928033959285785959e-06	2.0693261662724260727888222165120547e-03
3.0529430600688220372635882014846689e-03	3.9890115459879331768722685784791379e-01	5.7219432190707775127738109556488629e-06	2.0715824982458383411145456856193182e-03
3.0461494318954476527716155615694202e-03	4.0719206459621095998351097405310867e-01	5.7347045863957688162613481127566151e-06	2.0738912746410108333516513486708463e-03
3.0392237785153297168820948442267616e-03	4.1549231515554810561608007632040648e-01	5.7477726798755469411425915284801823e-06	2.0762528829733204694654968619644441e-03
3.0321664180242295248524386832013707e-03	4.2380211839509441752464903289231555e-01	5.7611507039159921239848497742461795e-06	2.0786677212522731601563766840493399e-03
3.0249776753137762101967336947052345e-03	4.3212168804643970942347712696812088e-01	5.7748419549785232317603115941697477e-06	2.0811361981630865252695363935951207e-03
3.0176578821022591191861639368822244e-03	4.4045123949754898157541758312795065e-01	5.7888498235482977528389976440249222e-06	2.0836587332542222556206803779369564e-03
3.0102073769661771107366097875486230e-03	4.4879098983659974453884701705868697e-01	5.8031777961716692091204631916739578e-06	2.0862357571310378698064926439036166e-03
3.0026265053725550160784563493725080e-03	4.5714115789660645837341545014598528e-01	5.8178294575651808357644027503723694e-06	2.0888677116557344056391940900215698e-03
2.9949156197120377974298266730568080e-03	4.6550196430085763494035115201992377e-01	5.8328084927984724782018891768672495e-06	2.0915550501537836439179644943713243e-03
2.9870750793327732572058332951538242e-03	4.7387363150919189987527971798539073e-01	5.8481186895535800912503881502272530e-06	2.0942982376270258033914505441545334e-03
2.9791052505750944693675952195121062e-03	4.8225638386514008970559263389601487e-01	5.8637639404632142171865176026762739e-06	2.0970977509736362837001723683310217e-03
2.9710065068070134326301268200968314e-03	4.9065044764396126964603236785785017e-01	5.8797482455307156059068037861566640e-06	2.0999540792151679822415196285488692e-03
2.9627792284605377817024946236732994e-03	4.9905605110160140011022191025122835e-01	5.8960757146345029713329673526402677e-06	2.1028677237308839864402618632550393e-03
2.9544238030688227378323390692542236e-03	5.0747342452460425625944650830931309e-01	5.9127505701199500184598072101663848e-06	2.1058391984996040607851311532293222e-03
2.9459406253041708339866946255402683e-03	5.1590280028100511637562668638445171e-01	5.9297771494817566041924008532538633e-06	2.1088690303492973249877584643288546e-03
2.9373300970168923133504864349876432e-03	5.2434441287223868296449414616848309e-01	5.9471599081400125074170587406100134e-06	2.1119577592146628733929133038691908e-03
2.9285926272750394728038903840294717e-03	5.3279849898609368681135691294248555e-01	5.9649034223132920913745059313048329e-06	2.1151059384029498349071947349141052e-03
2.9197286324050286060035115469491765e-03	5.4126529755074765034567680469473238e-01	5.9830123919922644739180874563405717e-06	2.1183141348682785367901854038178702e-03
2.9107385360331635940070835136283801e-03	5.4974504978991635432249240478239686e-01	6.0014916440174570271175664748422486e-06	2.1215829294947350352835930271451895e-03
2.9016227691280755954281766308630324e-03	5.5823799927915366278366120481389476e-01	6.0203461352649704754913780519690365e-06	2.1249129173885223329609175824621596e-03
2.8923817700440937032819668756984665e-03	5.6674439200333851739431764447550626e-01	6.0395809559441119418865835190268092e-06	2.1283047081794631397544146930052168e-03
2.8830159845655618623965562233072658e-03	5.7526447641538711552821885111790133e-01	6.0592013330110884144028114552500598e-06	2.1317589263321610759904141530063914e-03
2.8735258659521177799438131814886527e-03	5.8379850349622953896727570947005122e-01	6.0792126337030877137207150454749742e-06	2.1352762114671397868871659835983383e-03
2.8639118749849500127331920493585351e-03	5.9234672681609140395759239585881299e-01	6.0996203691972675904779284435798475e-06	2.1388572186922925656857128681215072e-03
2.8541744800140498788730567233515647e-03	6.0090940259712246090911174661041400e-01	6.1204301983993765671252705930952087e-06	2.1425026189449887952187463489884239e-03
2.8443141570064753187166579408819665e-03	6.0948678977741548563723659283952296e-01	6.1416479318669430774312421669027293e-06	2.1462130993451978451709525253507156e-03
2.8343313895956443211733462570384065e-03	6.1807915007646027624419347547782783e-01	6.1632795358721929000883286008953030e-06	2.1499893635600060361104920541575139e-03
2.8242266691316760369992845945038649e-03	6.2668674806207910317679827814476324e-01	6.1853311366100894145345423174154190e-06	2.1538321321799179349089660511138172e-03
2.8140004947327982211264287936718273e-03	6.3530985121889155746409338059051804e-01	6.2078090245571374463814963761074892e-06	2.1577421431073496146307739848398336e-03
2.8036533733378401820065874247167661e-03	6.4394873001835840656627213452166248e-01	6.2307196589868500737559594336733864e-06	2.1617201519577386325739768410495333e-03
2.7931858197598309679248641437730841e-03	6.5260365799045580174164391620026558e-01	6.2540696726480494317385174323039244e-06	2.1657669324737133922181267382444974e-03
2.7825983567407230888839444368633869e-03	6.6127491179703298860916700444207782e-01	6.2778658766124580202572650066719923e-06	2.1698832769527832999708611777586488e-03
2.7718915150072626586132066429606550e-03	6.6996277130690855706942949000511446e-01	6.3021152652983370775237473561550097e-06	2.1740699966890307497944208978304571e-03
2.7610658333280274451769143061791435e-03	6.7866751967276223154702751668241726e-01	6.3268250216772440616811071663567268e-06	2.1783279224293065145775100355924558e-03
2.7501218585716549412341861406677911e-03	6.8738944340988125142373634123416760e-01	6.3520025226713130754600749021733302e-06	2.1826579048444516417540078222245195e-03
2.7390601457662832069598136218650040e-03	6.9612883247682252853908196299100426e-01	6.3776553447488111159856954702705454e-06	2.1870608150160914943045219897573268e-03
2.7278812581602279007198860385701550e-03	7.0488598035805399795194299746686035e-01	6.4037912697260903379801098136092135e-06	2.1915375449395712021326159437464844e-03
2.7165857672839195955924972401755918e-03	7.1366118414864090422004179514463312e-01	6.4304182907844431510081360453310791e-06	2.1960890080436265513840475171554642e-03
2.7051742530131261845483831004494253e-03	7.2245474464104519294089952029816875e-01	6.4575446187107740661349067051699835e-06	2.2007161397274103025642248477746467e-03
2.6936473036334859044116251578227181e-03	7.3126696641410871114060552256106805e-01	6.4851786883714309737149878637261156e-06	2.2054198979155211580156963207957722e-03
2.6820055159063772594964018892519619e-03	7.4009815792429356549881762700917957e-01	6.5133291654289902597733714997244649e-06	2.2102012636317111651186008209539756e-03
2.6702494951361529009912991104898091e-03	7.4894863159925574985003521016370266e-01	6.5420049533122662253582140061908937e-06	2.2150612415919773173760999595893138e-03
2.6583798552387653187082908730743493e-03	7.5781870393383103869714807171285150e-01	6.5712152004503171231521637301248549e-06	2.2200008608177745797585302224911101e-03
2.6463972188118130287429151278176714e-03	7.6670869558851515773148803142390096e-01	6.6009693077817493268147823042768423e-06	2.2250211752701206005330894455060545e-03
2.6343022172060367949647091860432483e-03	7.7561893149052339203507036008971487e-01	6.6312769365511793627304549208922856e-06	2.2301232645053970676682769147832824e-03
2.6220954905982963051798650394929458e-03	7.8454974093751808457067291870108153e-01	6.6621480164053025337477158080943736e-06	2.2353082343536891176302861397475133e-03
2.6097776880660586354389253028792723e-03	7.9350145770409591895610864608098750e-01	6.6935927538016385418674905953859945e-06	2.2405772176205425077015117706536306e-03
2.5973494676634307795117787296291559e-03	8.0247442015113047899397596482911689e-01	6.7256216407436808912197905700807015e-06	2.2459313748130585258346368001406824e-03
2.5848114964987694962866085480302189e-03	8.1146897133806934104793980791980464e-01	6.7582454638568700808511593523780506e-06	2.2513718948912889471936746382669609e-03
2.5721644508139027370938697937717091e-03	8.2048545913828889264667726499804723e-01	6.7914753138205429830554691489475107e-06	2.2568999960459378737745751141344296e-03
2.5594090160649979590976878792243027e-03	8.2952423635761419067698981844129596e-01	6.8253225951717848099008211498860512e-06	2.2625169265034241403565771630579859e-03
2.5465458870051137113872164863535649e-03	8.3858566085611548474443382772034413e-01	6.8597990364979283312861589454305845e-06	2.2682239653594072722297076010465340e-03
2.5335757677684719987599513803151692e-03	8.4767009567329754583952811425338920e-01	6.8949167010353103386073751960079540e-06	2.2740224234419318821766020378728773e-03
2.5204993719564900860104777523627846e-03	8.5677790915680266805308720758635226e-01	6.9306879976928107624258731818645061e-06	2.2799136442054000499707728175134839e-03
2.5073174227256116044904699717201634e-03	8.6590947509475316307393939619400140e-01	6.9671256925196685762066325862700339e-06	2.2858990046566388011844611541166103e-03
2.4940306528769780645380656359095920e-03	8.7506517285186435559193368651977802e-01	7.0042429206380941056636694544512135e-06	2.2919799163143904681826239233004016e-03
2.4806398049479831639207520530510605e-03	8.8424538750946452525648629629745435e-01	7.0420531986622833153131660236872044e-06	2.2981578262036176612134057114080268e-03
2.4671456313057536156186878678593138e-03	8.9345051000956394101381920324139792e-01	7.0805704376265900268499610012555946e-06	2.3044342178860820003253623717545290e-03
2.4535488942426016001122330793934702e-03	9.0268093730312111079398631028585169e-01	7.1198089564468310906937009237469714e-06	2.3108106125287268716334962901642243e-03
2.4398503660734953799451609622785406e-03	9.1193707250266063884822258948286889e-01	7.1597834959399918442685751332482931e-06	2.3172885700114695007409154551157124e-03
2.4260508292355960999354144463338403e-03	9.2121932503940366069094840547445432e-01	7.2005092334289696436139625800983933e-06	2.3238696900760868238216423235494759e-03
2.4121510763899103373311586955020715e-03	9.3052811082507872872204267539394465e-01	7.2420017979604471043233981124961135e-06	2.3305556135179632414545618506658476e-03
2.3981519105251095649113436093094703e-03	9.3986385241858826840580981131393524e-01	7.2842772861655295783294470189924311e-06	2.3373480234225566380359711306312193e-03
2.3840541450635693490810455108922282e-03	9.4922697919771333471819898945752886e-01	7.3273522787944193901611835849887446e-06	2.3442486464485323358982259624616790e-03
2.3698586039696828271175877760021945e-03	9.5861792753604739202026517653332915e-01	7.3712438579581389804676077486115777e-06	2.3512592541596132441344463290707312e-03
2.3555661218605047957275558460784900e-03	9.6803714098535823945825226704187372e-01	7.4159696251121633686121613047988809e-06	2.3583816644072986957635541440491982e-03
2.3411775441187845999677183248547352e-03	9.7748507046358603171346158716912065e-01	7.4615477198187867957516596632579572e-06	2.3656177427667147053463370275825654e-03
2.3266937270084479405102023127722041e-03	9.8696217444869462621165452318644219e-01	7.5079968393271371680217677810318520e-06	2.3729694040279750103082869538250413e-03
2.3121155377925897215041112701214811e-03	9.9646891917860324914145515774935179e-01	7.5553362590119737348064115345408292e-06	2.3804386137455556986240998019207585e-03
2.2974438548540421443863254335359611e-03	1.0060057788574357419346422639892237e+00	7.6035858537147677363343987688428952e-06	2.3880273898483169187006824052086370e-03
2.2826795678185844185922258099085438e-03	1.0155732358683354571846030881567116e+00	7.6527661200330827005021662177682346e-06	2.3957378043129435921043098478580406e-03
2.2678235776808627120768777756519572e-03	1.0251717809931052502588189720497485e+00	7.7028981996069516218538948936547829e-06	2.4035719849037237189495542259595418e-03
2.2528767969330913069505714909064071e-03	1.0348019136389439941583929722598653e+00	7.7540039034538042441702460743093623e-06	2.4115321169817383297328375182649101e-03
2.2378401496966083626513619080443677e-03	1.0444641420725636668354716360898282e+00	7.8061057374065418623831867734249341e-06	2.4196204453867019873226430894318906e-03
2.2227145718563622254467218870827431e-03	1.0541589836619843609924211743598179e+00	7.8592269287126032540300981571631015e-06	2.4278392763948676139386411323822499e-03
2.2075010111984068634498802127221436e-03	1.0638869651263185877838753974660088e+00	7.9133914538553284537415576711880921e-06	2.4361909797565949931570922966747275e-03
2.1922004275504877557904376240170790e-03	1.0736486227938710320863694841769573e+00	7.9686240676626232173662187097341481e-06	2.4446779908173793107638820841415803e-03
2.1768137929258024284097865889957797e-03	1.0834445028688955154001250025049170e+00	8.0249503337718736266641822280103837e-06	2.4533028127263453410212945791652194e-03
2.1613420916700228127734355194505011e-03	1.0932751617073673835941277035191666e+00	8.0823966565242762410785912756545904e-06	2.4620680187364352075667219366566826e-03
2.1457863206116697135345185315223091e-03	1.1031411661021469147222406906900928e+00	8.1409903143662549584066228813757490e-06	2.4709762546007539673362768638800446e-03
2.1301474892159329131119381145419390e-03	1.1130430935779276949544639243308609e+00	8.2007594948404534607128021722117973e-06	2.4800302410697885694616910818753831e-03
2.1144266197420338218871638753437939e-03	1.1229815326963833003166904678611269e+00	8.2617333312539458226567450353710947e-06	2.4892327764944830942159731677921950e-03
2.0986247474042311092813435848296229e-03	1.1329570833719461148732809406145536e+00	8.3239419411168236134731081774584258e-06	2.4985867395404377289652322210110102e-03
2.0827429205365734307608039758866616e-03	1.1429703571986737834543556334412851e+00	8.3874164664502239273803928857797025e-06	2.5080950920188019291814684687651257e-03
2.0667822007615072066787145531655104e-03	1.1530219777886817154155298117700431e+00	8.4521891160691899643624306535758440e-06	2.5177608818397549825975498163094951e-03
2.0507436631624514190995319507246567e-03	1.1631125811226443071844423052131490e+00	8.5182932099525374559709469331175628e-06	2.5275872460948111912441952021442181e-03
2.0346283964604555811688474752541391e-03	1.1732428159128932234800450554657747e+00	8.5857632258191727120982133501708953e-06	2.5375774142745536746690250752068060e-03
2.0184375031950614095076211535676101e-03	1.1834133439796682645839280967349377e+00	8.6546348480381108783413611595358856e-06	2.5477347116287920714397935275219316e-03
2.0021720999094933034104051888710777e-03	1.1936248406411051514420307101251237e+00	8.7249450190078191727808820068393920e-06	2.5580625626765570080184437546215003e-03
1.9858333173403075157948651839941111e-03	1.2038779951175750908546200044500667e+00	8.7967319931495062992963148591056242e-06	2.5685644948737900994645315233777444e-03
1.9694223006116349010075788627989483e-03	1.2141735109510233570140237599418194e+00	8.8700353936686470230050397403397466e-06	2.5792441424470645965738822335300880e-03
1.9529402094341573555459525764523846e-03	1.2245121064399884695765688289331520e+00	8.9448962722494257978308903689270977e-06	2.5901052504021809318613934895696893e-03
1.9363882183089635420474320490204082e-03	1.2348945150910199984314243309539079e+00	9.0213571718579662191479666650906773e-06	2.6011516787170258734784121777931956e-03
1.9197675167364352178477893336932976e-03	1.2453214860872517280288677209299969e+00	9.0994621928422504172516741685647939e-06	2.6123874067286665198399956921395656e-03
1.9030793094303214911819343053621609e-03	1.2557937847749280276862039051892149e+00	9.1792570625295969780953210259404142e-06	2.6238165377252739439102967359238545e-03
1.8863248165371646157541049430608039e-03	1.2663121931687249692851558704839454e+00	9.2607892085365370612776989475047369e-06	2.6354433037541391701661840168935312e-03
1.8695052738612475239636772378305271e-03	1.2768775104767541943341284374114373e+00	9.3441078360209930837978034878048450e-06	2.6472720706577598694784618899485830e-03
1.8526219330952402075958908174839692e-03	1.2874905536461869573498000573913078e+00	9.4292640091229179492881553056664838e-06	2.6593073433507435301236321424644497e-03
1.8356760620567293004402045327157803e-03	1.2981521579304883768148378246123899e+00	9.5163107368570997856600095032187073e-06	2.6715537713510960922601684048447870e-03
1.8186689449308228194402225080287447e-03	1.3088631774793079409713424953675645e+00	9.6053030637407920949093930909573238e-06	2.6840161545803486803189283521120199e-03
1.8016018825190300002448534347850715e-03	1.3196244859521319948502251661543159e+00	9.6962981654593179040407677759250344e-06	2.6966994494479241084519528651902496e-03
1.7844761924946245414323708753037559e-03	1.3304369771568675494463115749541327e+00	9.7893554498949571229243918390405925e-06	2.7096087752361646990991633440442454e-03
1.7672932096647083727081156198485369e-03	1.3413015657145945987625528368726054e+00	9.8845366638684107901014815140444025e-06	2.7227494208035395753996807995574443e-03
1.7500542862392023111151997208219784e-03	1.3522191877517965253061073878940026e+00	9.9819060059681113835348669200574380e-06	2.7361268516247294478946139353619111e-03
1.7327607921069996925422145417725373e-03	1.3631908016214554663904932186877590e+00	1.0081530245870798961996185447108307e-05	2.7497467171875571063437650965887079e-03
1.7154141151195292922059310446943792e-03	1.3742173886544820788282632848181342e+00	1.0183478850587311439457411957193320e-05	2.7636148587681001112803571541821195e-03
1.6980156613819846079648405573564685e-03	1.3852999539430373873364536801785202e+00	1.0287824118100667518081147908155343e-05	2.7777373176067970610666350071350577e-03
1.6805668555524879070638770104645448e-03	1.3964395271573987768899518589747582e+00	1.0394641318899499692588269372120055e-05	2.7921203435099496116923537150894002e-03
1.6630691411494693653236615394221730e-03	1.4076371633981231750785061030996998e+00	1.0504008845948995151018257977079592e-05	2.8067704039027393773937985948106911e-03
1.6455239808675541954762281058005452e-03	1.4188939440853685938624814077040212e+00	1.0616008373684026051592671340117066e-05	2.8216941933617331724031424148882100e-03
1.6279328569022639086286305174946174e-03	1.4302109778873510346940965564161718e+00	1.0730725026655431470660999337867252e-05	2.8368986436568541112065442278737340e-03
1.6102972712838518229506666730898959e-03	1.4415894016900379322727103481441162e+00	1.0848247558510821177913195636456876e-05	2.8523909343349634426226405925252958e-03
1.5926187462206076730486496511109834e-03	1.4530303816103125027123957933381219e+00	1.0968668542046216401192745976018843e-05	2.8681785038795435960759611803398548e-03
1.5748988244519817319539204538675417e-03	1.4645351140549863168444369292725074e+00	1.1092084571124779999482119427926716e-05	2.8842690614835132311193583959427496e-03
1.5571390696118952887960609065975153e-03	1.4761048268281909531461538816917511e+00	1.1218596475324323494908925633911902e-05	2.9006705994749582587272482205300092e-03
1.5393410666026216866587946354795312e-03	1.4877407802898445880691223642180032e+00	1.1348309548246773294066377637846869e-05	2.9173914064385488823765078547072856e-03
1.5215064219796404788280918519407418e-03	1.4994442685680668292695891080228433e+00	1.1481333790500958706745760009475304e-05	2.9344400810786538228590046306148429e-03
1.5036367643478866743970079898562157e-03	1.5112166208286060574641331391165309e+00	1.1617784168455646939221782933203180e-05	2.9518255468736835167090546836583987e-03
1.4857337447698375879290188889878515e-03	1.5230592026045491863822004524823136e+00	1.1757780889953472256697094615334684e-05	2.9695570675750212994220960522617108e-03
1.4677990371859015601746759316551679e-03	1.5349734171898053626433762121097080e+00	1.1901449698279155535687059236841538e-05	2.9876442636080654057567448658497821e-03
1.4498343388475958613949769985843656e-03	1.5469607071000941198246448167487786e+00	1.2048922185788155960095201856730325e-05	3.0060971294374383109252816254321000e-03
1.4318413707640255160658928199421317e-03	1.5590225556054264251974624177758601e+00	1.2200336128725723229318895360306319e-05	3.0249260519633604272108624877201343e-03
1.4138218781622006953129880530434071e-03	1.5711604883383456210220310315880883e+00	1.2355835844902440979610420866001272e-05	3.0441418300215734912886019494078306e-03
1.3957776309617578170065576431629706e-03	1.5833760749824963454089254965880565e+00	1.2515572576042131982199656797824395e-05	3.0637556950650807636832700621275996e-03
1.3777104242646786873894943066637356e-03	1.5956709310464151937532078087664013e+00	1.2679704896782961626471122562142796e-05	3.0837793331123972235496427017398023e-03
1.3596220788606330362792256510057286e-03	1.6080467197277894383644349428351570e+00	1.2848399152494445923502312846554895e-05	3.1042249080540299117520491236365153e-03
1.3415144417486027745615293593405946e-03	1.6205051538738120882242075588926426e+00	1.3021829928273776308632859048751182e-05	3.1251050864165996440065560993880482e-03
1.3233893866754813835656271001370983e-03	1.6330479980436757370481044208866302e+00	1.3200180551706592742866747529082331e-05	3.1464330636924410714018479287930227e-03
1.3052488146923791891736276259112234e-03	1.6456770706796971088840546485420796e+00	1.3383643632222524110089026050374670e-05	3.1682225923517574482350570786561394e-03
1.2870946547294050511000897691289966e-03	1.6583942463940523933748042009723609e+00	1.3572421640147243059317878780618273e-05	3.1904880116645478606977459590084382e-03
1.2689288641897373966907548361050492e-03	1.6712014583786341689344749592639986e+00	1.3766727528853585930116014341782254e-05	3.2132442794706671493642943182284388e-03
1.2507534295638427524341759480036436e-03	1.6841007009461181627187123626132170e+00	1.3966785403748016202255252251440749e-05	3.2365070060486335173805329359895113e-03
1.2325703670647481970193893257457200e-03	1.6970940322109569842343340384453911e+00	1.4172831242199385437271902734006276e-05	3.2602924902472908043802928722304956e-03
1.2143817232853257191956075402561751e-03	1.7101835769197035177903340262121511e+00	1.4385113668929136435214871440315169e-05	3.2846177580593022086642699469147297e-03
1.1961895758786015760864627712481558e-03	1.7233715294408146877505238014652471e+00	1.4603894791840991746766849998500841e-05	3.3095006038318582390642834535333552e-03
1.1779960342621627016904517409930731e-03	1.7366601569249033126995075317153528e+00	1.4829451103779688058379432547251823e-05	3.3349596343281025409903973995066703e-03
1.1598032403477953268770210604427933e-03	1.7500518026472989928585369435250204e+00	1.5062074456279192833050044095726817e-05	3.3610143158728167929038824989502436e-03
1.1416133692975585870833161420677350e-03	1.7635488895457565408150191618573065e+00	1.5302073111998769225418905228185413e-05	3.3876850248380884077284957805990562e-03
1.1234286303075683911957230940752746e-03	1.7771539239672214523702187247315256e+00	1.5549772883259038713949415515184339e-05	3.4149931017492709077255128090262263e-03
1.1052512674208446207130180729101677e-03	1.7908694996387365075239373761752727e+00	1.5805518364889907199273081873142170e-05	3.4429609093188299404040400426512650e-03
1.0870835603706582791538622158335107e-03	1.8046983018788632277581065536972391e+00	1.6069674270499432082179528154663016e-05	3.4716118947459812619141501563708164e-03
1.0689278254559050202739024112744141e-03	1.8186431120674094536409666431234921e+00	1.6342626882280701212940322597812924e-05	3.5009706566537498615635837501742004e-03
1.0507864164501281032174142310792741e-03	1.8327068123928142247566839373396193e+00	1.6624785625607861898577455049058364e-05	3.5310630170726438997853726586814345e-03
1.0326617255459178630372803747373719e-03	1.8468923908982597676512042016869062e+00	1.6916584780950211019698957332140260e-05	3.5619160989220365528310908677799838e-03
1.0145561843365269190277024319097720e-03	1.8612029468494761625453326622053175e+00	1.7218485347075100453426031976504998e-05	3.5935584094871471380127190121753135e-03
9.9647226483666131459215129980587096e-04	1.8756416964492980160883687773469444e+00	1.7530977071139889346360699352563203e-05	3.6260199304418558391372758297304633e-03
9.7841248054453841353596751311146448e-04	1.8902119789263478328075872879615881e+00	1.7854580663117602576028193705296057e-05	3.6593322150262147897622402200467134e-03
9.6037938754744357998409095031865024e-04	1.9049172630277845468377169315265700e+00	1.8189850214092059254560232628860862e-05	3.6935284930532835254135640836812667e-03
9.4237558567317045335421419449436241e-04	1.9197611539488982971851018144457232e+00	1.8537375840332936497116363311809611e-05	3.7286437844937989504532373316735264e-03
9.2440371968989511864851250244913577e-04	1.9347474007354886644734381263205536e+00	1.8897786577762582164500076074101345e-05	3.7647150224703193465353253687267235e-03
9.0646648055721391448499110900357438e-04	1.9498799041984727566460451468456663e+00	1.9271753554504687283005488416056804e-05	3.8017811865861647710971660375413710e-03
8.8856660673126940766928028353055558e-04	1.9651627253840768805439264796141215e+00	1.9659993472719072244057183406744918e-05	3.8398834476202247739992372963437002e-03
8.7070688552710074524634921211387132e-04	1.9806000946473227279439966628012272e+00	2.0063272434945943802120036044198821e-05	3.8790653247382731798843235943274209e-03
8.5289015454158490621403360377927766e-04	1.9961964213813852694939314222914237e+00	2.0482410154788323133789159482816441e-05	3.9193728565068583613074342812873603e-03
8.3511930314058625489151409528049345e-04	2.0119563044608429270923305809213507e+00	2.0918284597048738578015923597437877e-05	3.9608547871495020836313865623618911e-03
8.1739727401420541987875273485568960e-04	2.0278845434629393962731313460484938e+00	2.1371837098518922215489552021263751e-05	4.0035627696596148115878228211832005e-03
7.9972706480431732653826323378481547e-04	2.0439861507378210337080735479296035e+00	2.1844078027633223217963876306357809e-05	4.0475515875834665067530700814471925e-03
7.8211172980891494053240855082079891e-04	2.0602663644064083959400997396454197e+00	2.2336093049296948640121325919576299e-05	4.0928793975135466748220992309255321e-03
7.6455438176813302550525601697319715e-04	2.0767306623732262160991682141246875e+00	2.2849050070579371961368553420150738e-05	4.1396079945921816833645288476856661e-03
7.4705819373721846673346174223798793e-04	2.0933847774512931800953650736035481e+00	2.3384206953843900965879958994243281e-05	4.1878031036226261260288005267500968e-03
7.2962640105214440683897005732300513e-04	2.1102347137072245992678039021025217e+00	2.3942920096545578989883669369314241e-05	4.2375346987262405778357786404886278e-03
7.1226230339403904484156711395456658e-04	2.1272867641472179008992213075793820e+00	2.4526653991683612058732133399913266e-05	4.2888773548771930804016140567696481e-03
6.9496926695912153369196246609705999e-04	2.1445475298787953942319683516642011e+00	2.5136991900145052941237938683686549e-05	4.3419106350991448333931153950075298e-03
6.7775072674141273704775308752373479e-04	2.1620239408993319332702274958781368e+00	2.5775647786387287689367591718659241e-05	4.3967195176320458156012338884219459e-03
6.6061018893612424099031653610539765e-04	2.1797232786808034788391118837946743e+00	2.6444479692653362754480143307630848e-05	4.4533948679839483319069551414435291e-03
6.4355123347233246118109329818714361e-04	2.1976532007412173891352075778443515e+00	2.7145504754890157942292288436602604e-05	4.5120339614875907168277147875745287e-03
6.2657751668432452590874574986840070e-04	2.2158217674172533257004767125163152e+00	2.7880916096591753583340927086144443e-05	4.5727410628023684606383666966137101e-03
6.0969277413186870026784282321213520e-04	2.2342374710802606397620711463834586e+00	2.8653101875954807606625622198531897e-05	4.6356280697608447733904236465186402e-03
5.9290082358062577374383915118787028e-04	2.2529092680695249657788592802545202e+00	2.9464666808280701127845063581390178e-05	4.7008152300813398472130297128568974e-03
5.7620556815499212196581073434789067e-04	2.2718466136533498831899325807256320e+00	3.0318456541056914919603590030677625e-05	4.7684319407861515450387680491359517e-03
5.5961099967686516787585213133335116e-04	2.2910595003708556232072772503135714e+00	3.1217585325534556851401179072903481e-05	4.8386176417172942203729465667440591e-03
5.4312120220516520175358904806276815e-04	2.3105585001565038036768636191650803e+00	3.2165467508295081441672745021373418e-05	4.9115228163755911171769555244964266e-03
5.2674035579245430379161733525170282e-04	2.3303548107064526297575835907120544e+00	3.3165853462265137725308676331650713e-05	4.9873101154825439919388270204914922e-03
5.1047274047668714224071222742525053e-04	2.3504603066124261873698734734313253e+00	3.4222870692647712786132865343644254e-05	5.0661556212491011337250150135329751e-03
4.9432274052803739358901683760262052e-04	2.3708875958666577695115991233276169e+00	3.5341070994010493554401954739345806e-05	5.1482502734196425328143614147483067e-03
4.7829484897289992924353678056723087e-04	2.3916500824328482642836186360314985e+00	3.6525484706271746268028339720532789e-05	5.2338014818529813361125971542671657e-03
4.6239367241961094620174799736879782e-04	2.4127620356856649266825099217631198e+00	3.7781683327119444413737165017899076e-05	5.3230349548419000480014912586481460e-03
4.4662393621320099013421664854578439e-04	2.4342386676484054659041277391230331e+00	3.9115851996147384033571851350609170e-05	5.4161967777303421586733199759416316e-03
4.3099048994965275389354244954882611e-04	2.4560962191091504056242671324341156e+00	4.0534873684075920608878083366388242e-05	5.5135557828790178195678177346163236e-03
4.1549831338374014926247684184293444e-04	2.4783520558750795955953283065923193e+00	4.2046427314811264343650937574392324e-05	5.6154062599294264501162472146346656e-03
4.0015252276865324728695362475888263e-04	2.5010247766389282638637825607911623e+00	4.3659102539489621954544872367326601e-05	5.7220710649712075122863269470471464e-03
3.8495837767035609014743547497043910e-04	2.5241343341886716991058666358833760e+00	4.5382534497056790565450250141538140e-05	5.8339051990735596722529801105975763e-03
3.6992128830509038160682472989559824e-04	2.5477021720013449991376558899851653e+00	4.7227562670796124030080721705859047e-05	5.9512999412710900638885607592502112e-03
3.5504682345475973806613412485594719e-04	2.5717513786369240512246875740459095e+00	4.9206418931365741991615189705207152e-05	6.0746876392393708684788219905689283e-03
3.4034071902226687751436624879151029e-04	2.5963068628043029144638059694597248e+00	5.1332951106627089014095795190316067e-05	6.2045472835215224179880943025984997e-03
3.2580888729742545828730290232831557e-04	2.6213955525289159885766192979853131e+00	5.3622890020289571491061666282963860e-05	6.3414110195406918303973908534783741e-03
3.1145742701406911386445330696765883e-04	2.6470466225366122291998503550386450e+00	5.6094170007803751931665929810848810e-05	6.4858717874264006839124169642495052e-03
2.9729263429072824569768757936589910e-04	2.6732917548148563042019569877726038e+00	5.8767315602275347558958303097215138e-05	6.6385923251192876726081206669009324e-03
2.8332101456110688489354806382167820e-04	2.7001654383643816065063953129440399e+00	6.1665910595739062344314721600500996e-05	6.8003158282795831753722514341882159e-03
2.6954929561702453115342003443150461e-04	2.7277053154701033349443228820940688e+00	6.4817170313032863368979004331567072e-05	6.9718786352378007924836073307813323e-03
2.5598444190606497131155809247360121e-04	2.7559525834763027049976805166893941e+00	6.8252644093516755396084836205019535e-05	7.1542254020820812043563572252763118e-03
2.4263367024962036146775602702054167e-04	2.7849524631504953852991179877267091e+00	7.2009083234032860885590866100788568e-05	7.3484273595278793658850374655068958e-03
2.2950446717525631431951478199121723e-04	2.8147547474013344458640359211862440e+00	7.6129520823507004275132863242749008e-05	7.5557044099525233135557367261553043e-03
2.1660460809153419460102056887064889e-04	2.8454144475664936037707532456810362e+00	8.0664625176229139108718579855955926e-05	7.7774520446215012997361012337978493e-03
2.0394217857513733052837824407655693e-04	2.8769925589651171687613336992745235e+00	8.5674409670583969445774908613126196e-05	8.0152743585740763414692218320735929e-03
1.9152559809134836683443007973729582e-04	2.9095569732747920764691990799688641e+00	9.1230411270687596680511420018585722e-05	8.2710248438622759202171928283629907e-03
1.7936364653223248354227554622200047e-04	2.9431835730486963980952727563472014e+00	9.7418491668398007939414156852941632e-05	8.5468571944480771027259633419726487e-03
1.6746549403577097561611705549558336e-04	2.9779575540503497884168232698037093e+00	1.0434247463948020361544464172763399e-04	8.8452891223027949401804573865317247e-03
1.5584073464832554618844498498515073e-04	3.0139750350819012434229857871480233e+00	1.1212891983198015442076448731559860e-04	9.1692832601688762057169285797066174e-03
1.4449942451852558662632448332462224e-04	3.0513450341224236030221860834154310e+00	1.2093346089619700938195033386065709e-04	9.5223507578996648057608576351704875e-03
1.3345212547165572568349775896517849e-04	3.0901919161075813169771157394305454e+00	1.3094932719334850481484747212479455e-04	9.9086853915797442903401409813856336e-03
1.2270995502198765062707653390280952e-04	3.1306584549372603220775986939108587e+00	1.4241896014335664491033418027401325e-04	1.0333339252180852568629977104323169e-02
1.1228464415335199915488936732721449e-04	3.1729097054611524880535168045649680e+00	1.5565008911815206734192194023740396e-04	1.0802455932212741294175549137402522e-02
1.0218860456012496059963058047953533e-04	3.2171379583566925247359169780798938e+00	1.7103835284700130651595188339687733e-04	1.1323584518027136307302920249124048e-02
9.2435007527539693735897393237314579e-05	3.2635691649307955599770189084467953e+00	1.8909972521844146367211919289675436e-04	1.1906109190782494505733233848275934e-02
8.3037877295139212810743152646824651e-05	3.3124713911773771109746130593910770e+00	2.1051796282891307693476857704788834e-04	1.2561847548183970038379614722036092e-02
7.4012202671288398713122006392251383e-05	3.3641661266482745339712981548952151e+00	2.3621565855520623843212951281612627e-04	1.3305900695924677333827422913697290e-02
6.5374071976020362394944648838928681e-05	3.4190436958328139822246994327690553e+00	2.6746346663024786294851800532631287e-04	1.4157888569291621231015131663328813e-02
5.7140838285482093689172326818886805e-05	3.4775847089532138177152182774257049e+00	3.0605309195303711217905887798592299e-04	1.5143791708513130443306204680888411e-02
4.9331324765272345383652231706311809e-05	3.5403906524288937537054441165054306e+00	3.5458084792502679002651277428121705e-04	1.6298779414281819345841238799326566e-02
4.1966084176243432250285183720578163e-05	3.6082287595494168637074243443132712e+00	4.1693143797300294947961948851555804e-04	1.7671704028235059104611787462494209e-02
3.5067733413619508320899158904672973e-05	3.6821000431264058402694141766876814e+00	4.9914328777418321393509382930858934e-04	1.9332537140099346023547844720652643e-02
2.8661395048471398702994248654554953e-05	3.7633466020321561467250254436783142e+00	6.1104668177143314022286091428281408e-04	2.1385282235518531900247058413882615e-02
2.2775296893673508235481039613836369e-05	3.8538291944308309923394742653582723e+00	7.6958794884259079012766158432787487e-04	2.3991756688589196565764376254092842e-02
1.7441615137908514699137380092961243e-05	3.9562391530759753592617315295251121e+00	1.0061904127497454984990286051359058e-03	2.7418734548358118374055761192823725e-02
1.2697713492159138286803540516413691e-05	4.0746897566003707496572642155220257e+00	1.3850143191939834537130377530607574e-03	3.2140687651627018867390899951906401e-02
8.5880717969651876718463004814265428e-06	4.2159574607652796491998315684992188e+00	2.0558519226574538576235384700304378e-03	3.9094168534637194889158678206177302e-02
5.1675273498913159868704960870296417e-06	4.3924888298662845722985633154376313e+00	3.4466868303409659606132166530471999e-03	5.0434362268653092233234280205609930e-02
2.5073063023372334325954502285360000e-06	4.6314915984255571502592770214259751e+00	7.2970305458219218234221880300017113e-03	7.2555709887547902512605536014306590e-02
7.0380129454423870456224017726536635e-07	5.0163587018957126452870512993586403e+00	3.4684278217043928680622002542183215e-02	1.3914727831119603175851355253904825e-01
0.0000000000000000000000000000000000e+00	0.0000000000000000000000000000000000e+00	9.3985117030361308287043342128572378e-06	2.4707440083563415686379163570198187e-03