6.9651161522657956765798188644049763e-07	-5.0183618674066316777891242913487545e+00	3.4659865561265086353282170537068352e-02	1.3909695714353471608182782102888552e-01
2.4815094077382567567341465997056465e-06	-4.6336386609322450860179924241272047e+00	7.2912995463463779336617817814539538e-03	7.2527041027486143338447120671613047e-02
5.1146513700151462572866615789821878e-06	-4.3947333116655811442196698449879992e+00	3.4437777276669610095366551873911488e-03	5.0413010905601374591068781041967631e-02
8.5006082651930389256917717221542995e-06	-4.2182786483495128706401466720828797e+00	2.0540155110479998709859857259845335e-03	3.9076672829536048653641303929417518e-02
1.2568935973272609626004892234508430e-05	-4.0770755915179038816976466780379250e+00	1.3837171803945366632892737192196276e-03	3.2125615253303524145894162866727822e-02
1.7265398381491655149237596376463011e-05	-3.9586816332396778142543238586016786e+00	1.0052086851116970569047960747513883e-03	2.7405343525295222978493917102790920e-02
2.2546002686328029384647848869791196e-05	-3.8563225730868998904362385086961096e+00	7.6880933648014842257031300290024208e-04	2.3979608988380396598794762123708863e-02
2.8373793840115141607361573673738102e-05	-3.7658865271143089029362125665438207e+00	6.1040791981322730790007734414872280e-04	2.1374095806657494408612512690620046e-02
3.4716947211607536762095281390607294e-05	-3.6846830905017239042973046880438946e+00	4.9860568266464977126798285468696508e-04	1.9322118781308567705334295766309005e-02
4.1547543096818592076973369684769727e-05	-3.6108521564648257509894006719811168e+00	4.1646982565713870413291788114798596e-04	1.7661915098796135090121484270799897e-02
4.8840732873818290276732976403387823e-05	-3.5430521025321043996600494614185642e+00	3.5417806337157467143509057893504872e-04	1.6289516751081138861542144931745610e-02
5.6574146039924961301408357350866573e-05	-3.4802822758128319526026620090538740e+00	3.0569697075207863385611095711691621e-04	1.5134976280789534625779683162085311e-02
6.4727453531575605572170802196397244e-05	-3.4217757221938061726433994739637977e+00	2.6714511439136057564952138460730801e-04	1.4149458370608215035324893647844374e-02
7.3282036867486394286780471069531181e-05	-3.3669311765751831601517144024755518e+00	2.3592840001001585729680829212023011e-04	1.3297806096683243115001102481286485e-02
8.2220731498547487533048651986527858e-05	-3.3152682074383491080901772700366351e+00	2.1025667624855880250431248573408220e-04	1.2554048147278093518525288395259600e-02
9.1527623733545529344085185477708129e-05	-3.2663966368665225729739500755305890e+00	1.8886040564542548657385359465515153e-04	1.1898571618003310925271414807656907e-02
1.0118788731234666204986656146709111e-04	-3.2199950971650396062727138349224807e+00	1.7081781665388085123639264299390145e-04	1.1316280860293434215871749696819474e-02
1.1118764994708283340925420697183383e-04	-3.1757956248532793706836789917753791e+00	1.5544576885116812999578741399952107e-04	1.0795362581253167980799667019418745e-02
1.2151388293489268445657005824203758e-04	-3.1335723557661257894682107261808877e+00	1.4222875875692564781736361969077101e-04	1.0326436044269106836900772226559180e-02
1.3215430882086225148420614556666812e-04	-3.0931330739881839617629975919921335e+00	1.3077151236811359264201265847096073e-04	9.9019549542119913046066177722802496e-03
1.4309732338474037055077876933277606e-04	-3.0543127893418811489900527697206823e+00	1.2076658703039186047582021918890655e-04	9.5157780060245442497122965301100049e-03
1.5433192913892359985236191575706787e-04	-3.0169687842875522820304854488446644e+00	1.1197176952788131275847212693003688e-04	9.1628550024101838592046047142024943e-03
1.6584767818278767366150982657688585e-04	-2.9809767433364097227985439946737804e+00	1.0419401417442468090235939770784725e-04	8.8389937493632088000652498513482007e-03
1.7763462273981705121002825250346210e-04	-2.9462276921558853297369149810871133e+00	9.7277836662472329915388567978672976e-05	8.5406844297926999223149101947697361e-03
1.8968327206187775552604408205550178e-04	-2.9126255506850835240839869077932682e+00	9.1096799899938257038113755304486453e-05	8.2649655422117575929370994763967663e-03
2.0198455465482608294967308570167049e-04	-2.8800851577233692692180163907684809e+00	8.5547181539582353926732311975656938e-05	8.0093203415321073136273534384403330e-03
2.1452978498571840735836884186846202e-04	-2.8485306616975730629806043244327102e+00	8.0543204487889996606190960750908258e-05	7.7715959654561916779460709624346770e-03
2.2731063399110010371374069286168584e-04	-2.8178941988190610636652902785930616e+00	7.6013402848975851853177860495418491e-05	7.5499396414928532370604202051927235e-03
2.4031910283017978623624122197597334e-04	-2.7881147989758281475857874985397195e+00	7.1897823343378551543530535613894843e-05	7.3427479005543963572353311738550648e-03
2.5354749942473981150209067127743899e-04	-2.7591374736984133770415652663419777e+00	6.8145848792785476949081233911580424e-05	7.1486257986394614415373266201936681e-03
2.6698841740565558547962065565638062e-04	-2.7309124508965879907934424636763073e+00	6.4714489867349392983574981761969461e-05	6.9663539140810043501344288661287719e-03
2.8063471714850708181963054745111108e-04	-2.7033945288167427656153258697115926e+00	6.1567032916634449139767682782250816e-05	6.7948614402580032481482905530375489e-03
2.9447950863140314426435935354174080e-04	-2.6765425275332026632004124215087212e+00	5.8671961150539823747299330194640995e-05	6.6332040967556925897998170166323780e-03
3.0851613588939075874133884445564584e-04	-2.6503188207637514403448388021250362e+00	5.6002087518001576982285983899390452e-05	6.4805458792959753323360732678693615e-03
3.2273816287365559785105541345438139e-04	-2.6246889342490174092202650459267499e+00	5.3533852894592298762034286826318785e-05	6.3361438903262693560798070037229883e-03
3.3713936055164698915895375046101773e-04	-2.5996211996153514890110223323046388e+00	5.1246754357338775440596755413244388e-05	6.1993356588331853618227820310816303e-03
3.5171369510744885576519314477518403e-04	-2.5750864547394781152419220713052259e+00	4.9122876575945319365642200899091607e-05	6.0695284844539706615259260265347447e-03
3.6645531712107996179629558269657535e-04	-2.5510577832888063669169665766441851e+00	4.7146505502150111891218469393637370e-05	5.9461904377802512420954567838968349e-03
3.8135855162165868116012606996194841e-04	-2.5275102874264966477676042614507044e+00	4.5303808166710781512676092558943990e-05	5.8288427234351574652244242433483579e-03
3.9641788892307682886836162646153653e-04	-2.5044208887220467793981532550753029e+00	4.3582565902931053344089095441764841e-05	5.7170531705449886912091193182552478e-03
4.1162797616244593527902152992008412e-04	-2.4817681531543209247731958877886427e+00	4.1971950997559024294078094351219747e-05	5.6104306606468366661675896686274176e-03
4.2698360947147022250812653114018230e-04	-2.4595321367787534147569465554527886e+00	4.0462338834421878555667362388833641e-05	5.5086203388538172299133748607421799e-03
4.4247972671935588706303021416543359e-04	-2.4376942491877684161684434431825923e+00	3.9045149196444821725915353133967587e-05	5.4112994824628695559747814195843854e-03
4.5811140077312332451800401728108371e-04	-2.4162371323493976308102170345792543e+00	3.7712711640278663713013377953059920e-05	5.3181739238079314651491405945073470e-03
4.7387383322744111758720983091516325e-04	-2.3951445527839595513983771781225609e+00	3.6458150838005398561092820707405385e-05	5.2289749422996235948433785677894045e-03
4.8976234856150653347218128255115771e-04	-2.3744013053483664388705835117608562e+00	3.5275288554536829899027478795689590e-05	5.1434565552168655960914128550785019e-03
5.0577238868518756133862914007957663e-04	-2.3539931271546433836709674340558817e+00	3.4158559544153769172998197946288719e-05	5.0613931486673427845143010324586081e-03
5.2189950784072425042084515656096372e-04	-2.3339066203634634734200574084757816e+00	3.3102939140566956415300054728900100e-05	4.9825773997851100575096726465829237e-03
5.3813936782985211182788360355661628e-04	-2.3141291827727889732037302385594232e+00	3.2103880708897304802698398689509630e-05	4.9068184491299592346291840815994764e-03
5.5448773353933259141315431948388766e-04	-2.2946489452723499521563995533675659e+00	3.1157261445757332941864834704252324e-05	4.8339402887424196199043233632313285e-03
5.7094046874061792503276721795923331e-04	-2.2754547153617436061911591387579599e+00	3.0259335271119790926898129591159074e-05	4.7637803366638820675219563015056147e-03
5.8749353214179288934546411529890179e-04	-2.2565359260374812460022164821077129e+00	2.9406691765255562388179571092400625e-05	4.6961881731694092670488825053232196e-03
6.0414297367206866789740539786449900e-04	-2.2378825894456564456636219467246581e+00	2.8596220275358643084550969374162211e-05	4.6310244176529014534778047199996472e-03
6.2088493098099205386656665899123743e-04	-2.2194852547747546220936054304496683e+00	2.7825078457113852918736629442826229e-05	4.5681597281873339139023336500814962e-03
6.3771562613620863080181215748993991e-04	-2.2013349699296781812638767216329405e+00	2.7090664632360542963982520735266616e-05	4.5074739083665134976949061863501616e-03
6.5463136250510880548083370409905562e-04	-2.1834232465851350458585585424959332e+00	2.6390593439878739622453461994817054e-05	4.4488551082075744289961146097499301e-03
6.7162852180701404710987607163924319e-04	-2.1657420282656266056818654660931925e+00	2.5722674335923005359591718890984056e-05	4.3921991077266929302852029598675684e-03
6.8870356132374752134991015868595585e-04	-2.1482836611416110071530585938504028e+00	2.5084892567449109079173781652592315e-05	4.3374086733522489872967032274136028e-03
7.0585301125749579746417914405479766e-04	-2.1310408672680367493570561447430227e+00	2.4475392296422051116081184998285518e-05	4.2843929786571789661002730600990454e-03
7.2307347222582138085671510792046695e-04	-2.1140067200231961724327654171710290e+00	2.3892461600096254310021010342086104e-05	4.2330670820142248204440272802626391e-03
7.4036161288454239706739220836358213e-04	-2.0971746215334547310847202714156556e+00	2.3334519111284624376830815081319196e-05	4.1833514547359563414652951583025371e-03
7.5771416766996702980717510839531631e-04	-2.0805382818934706808578815696272514e+00	2.2800102095652850031956739925534303e-05	4.1351715540819954309418952524174685e-03
7.7512793465266603628112569583323563e-04	-2.0640917000125364676091261736168938e+00	2.2287855791023522210671922595298267e-05	4.0884574362204466360977069519827237e-03
7.9259977349559531878635911680968346e-04	-2.0478291459360743265622271758294616e+00	2.1796523857397397816806549279849125e-05	4.0431434048370883559057060498892903e-03
8.1012660350994954050618563732765120e-04	-2.0317451445074654586327392165692701e+00	2.1324939806590450070157063466520873e-05	3.9991676916093436032949856670468263e-03
8.2770540180264363093027652574872093e-04	-2.0158344602495911328964886357010954e+00	2.0872019297616488822760491522479939e-05	3.9564721652148982591777304663564261e-03
8.4533320150978743216451457557552987e-04	-2.0000920833579759822008060851687444e+00	2.0436753198687802306551944926442185e-05	3.9150020659375084545211676462336290e-03
8.6300709011094470362621030613226043e-04	-1.9845132167084711525281498405488118e+00	2.0018201329351173408545753938769719e-05	3.8747057632738025065030265030691091e-03
8.8072420781935564556869738393605797e-04	-1.9690932637921881917566667313262547e+00	1.9615486807148349229054868956403469e-05	3.8355345342421165612660509392000430e-03
8.9848174604365592058034481498809761e-04	-1.9538278174990568444535612568460858e+00	1.9227790932559039062777331130330296e-05	3.7974423603538367397124013265330943e-03
9.1627694591694829556790246617810076e-04	-1.9387126496790715472574550679865795e+00	1.8854348554076752507976653031488707e-05	3.7603857414346271214976309761417442e-03
9.3410709688937855115801127776384837e-04	-1.9237437014171332502702275745379346e+00	1.8494443862272588924303288397224305e-05	3.7243235246817765908361021415304007e-03
9.5196953538063792434662258302674424e-04	-1.9089170739634895686317396124315744e+00	1.8147406567778491633763723603869473e-05	3.6892167475185042278915816659166014e-03
9.6986164348906247671077047258287212e-04	-1.8942290202672174790963775926618607e+00	1.7812608423403429333457532823439580e-05	3.6550284929596675104374722361536640e-03
9.8778084775422756425648916794208099e-04	-1.8796759370650571005077352758102027e+00	1.7489460055196553600926496269683193e-05	3.6217237563386932147051576136401309e-03
1.0057246179701449441712557198649763e-03	-1.8652543574822605474468585838452326e+00	1.7177408071286320142652671539767180e-05	3.5892693223650727895669334336908228e-03
1.0236904660463627026846202708345073e-03	-1.8509609441060256311198137753825704e+00	1.6875932420835052741490598665154923e-05	3.5576336515874709662229410684338542e-03
1.0416759449144456614118598335007290e-03	-1.8367924824955919430812116516200421e+00	1.6584543978523517044706756980121201e-05	3.5267867754311422688342480513784117e-03
1.0596786474774775925827408638590523e-03	-1.8227458750962317232527109833619593e+00	1.6302782332678595527735105347028069e-05	3.4967001990614466500573488166338558e-03
1.0776962056003776814482073571397327e-03	-1.8088181355272093903632347271438034e+00	1.6030213757529366219169183806802651e-05	3.4673468113991083826522297158216770e-03
1.0957262891389633272664958238739221e-03	-1.7950063832163463472116968371547127e+00	1.5766429352165793139431843943448959e-05	3.4387008016786015263570639463624429e-03
1.1137666050058205722710577535336205e-03	-1.7813078383561421023646491063560061e+00	1.5511043330616718863921665027996000e-05	3.4107375819996504469320930071133059e-03
1.1318148962711630921640795492101303e-03	-1.7677198171584956582785747565191171e+00	1.5263691449091603425539002502143657e-05	3.3834337153741559873002319150910443e-03
1.1498689412969715855492898472882307e-03	-1.7542397273869661115412423134082696e+00	1.5024029557870767521052736576985671e-05	3.3567668488176375202267254953424802e-03
1.1679265529028082987169907303720569e-03	-1.7408650641472293358780593893303510e+00	1.4791732266605311690868448657056830e-05	3.3307156510761638041443196993977020e-03
1.1859855775617969818861755612275976e-03	-1.7275934059179469012036964320471450e+00	1.4566491712920740790301454449486308e-05	3.3052597546172950376180929444082318e-03
1.2040438946253473964897705795100510e-03	-1.7144224108056803414769907213985719e+00	1.4348016425225238326879763542926654e-05	3.2803797015472678430744573386102168e-03
1.2220994155752861275059328425476500e-03	-1.7013498130087729931426703433261747e+00	1.4136030271519784761870444881362553e-05	3.2560568931469561021231070437421328e-03
1.2401500833021323971575032659832703e-03	-1.6883734194762957382310731321375677e+00	1.3930271486806170193887629789639279e-05	3.2322735427464126940285995916340677e-03
1.2581938714083292784264312293969877e-03	-1.6754911067492235336722702022274306e+00	1.3730491772401965643953129253219763e-05	3.2090126316823734205503233560138866e-03
1.2762287835353075801438920640458862e-03	-1.6627008179719867724914112940147896e+00	1.3536455461108757147763192045440317e-05	3.1862578681052779892371762944772736e-03
1.2942528527133220948242897589841439e-03	-1.6500005600634343831966965071781492e+00	1.3347938742750203953524775507593412e-05	3.1639936484223923814391932193666106e-03
1.3122641407330582079352749803738782e-03	-1.6373884010370622390570781119800835e+00	1.3164728945107443632250310462117371e-05	3.1422050211817304592243785734797318e-03
1.3302607375380613752856477372543839e-03	-1.6248624674611081688884013406598205e+00	1.2986623865737765357830585499940309e-05	3.1208776532178720123793125861048389e-03
1.3482407606370929692083335224037842e-03	-1.6124209420498001258271130236819223e+00	1.2813431150574213150097495783779559e-05	3.0999977978956382103305177823915848e-03
1.3662023545355637355069666051605998e-03	-1.6000620613776726980597199043814021e+00	1.2644967715574050507055025718579172e-05	3.0795522653010719238266838697472216e-03
1.3841436901852408310545954226648713e-03	-1.5877841137094443565582883865431311e+00	1.2481059208017379308341367668976719e-05	3.0595283942414201473503425200738184e-03
1.4020629644514663459098930373395633e-03	-1.5755854369384783204980444814292673e+00	1.2321539504357678339817540441622754e-05	3.0399140259269536858111677235550372e-03
1.4199583995971645552162579931980916e-03	-1.5634644166273379007899919635426589e+00	1.2166250241797155514662359698402544e-05	3.0206974792175965178587551021015037e-03
1.4378282427829520799314414924165915e-03	-1.5514194841443964559088181256014353e+00	1.2015040381004724227217083328319503e-05	3.0018675273265728487480188124768772e-03
1.4556707655826998316399673252741403e-03	-1.5394491148908760875859077116969613e+00	1.1867765797615887722203398576647996e-05	2.9834133758817021669549254027110683e-03
1.4734842635139282317884915205640537e-03	-1.5275518266130710085959527556606310e+00	1.1724288900354298392392828644287154e-05	2.9653246422526605296226705304537745e-03
1.4912670555824478737443978292834978e-03	-1.5157261777948639239129046955369167e+00	1.1584478273796426083346567807407589e-05	2.9475913360595503821103101798356447e-03
1.5090174838406866699168391428801312e-03	-1.5039707661259693059923291275416373e+00	1.1448208343965551262809281655519573e-05	2.9302038407845446322039938473613149e-03
1.5267339129591717183049124452062702e-03	-1.4922842270416384016777908075610141e+00	1.1315359065090911173059263286030746e-05	2.9131528964142500597820087935095306e-03
1.5444147298106597463482470379183683e-03	-1.4806652323298392545454953015402745e+00	1.1185815626003796746709472987099040e-05	2.8964295830458212377803269273205736e-03
1.5620583430664341493452326556584095e-03	-1.4691124888021828421529794665413767e+00	1.1059468174766085482760311044815381e-05	2.8800253053947945873381568593080778e-03
1.5796631828043094325925156596572078e-03	-1.4576247370251053193659759156161203e+00	1.0936211560239313983085342619613148e-05	2.8639317781471440033590396499886640e-03
1.5972277001279053801913824540777013e-03	-1.4462007501080378777671142486800402e+00	1.0815945089405026848140392920705109e-05	2.8481410121022215804089342521623304e-03
1.6147503667967735919534864091396278e-03	-1.4348393325455012879990242109330095e+00	1.0698572299340754577456114613279010e-05	2.8326453010570726000949866397540837e-03
1.6322296748669782297425867118284093e-03	-1.4235393191102530713174643651806060e+00	1.0584000742841438638411057866791284e-05	2.8174372093861331022244215278992815e-03
1.6496641363417509670600487532334083e-03	-1.4122995737947926191864837826032053e+00	1.0472141786754213271658433594697698e-05	2.8025095602735581275611216845437768e-03
1.6670522828318573067473915547972935e-03	-1.4011189887986945130426291971372776e+00	1.0362910422165867030160700613551341e-05	2.7878554245584135535843125585717974e-03
1.6843926652253276826557622709235790e-03	-1.3899964835593937649244487568744423e+00	1.0256225085647667372119717560783244e-05	2.7734681101557164717719633111623815e-03
1.7016838533662221490001247753468030e-03	-1.3789310038241895938299990433090901e+00	1.0152007490822100304905223096775040e-05	2.7593411520188483047144826634862317e-03
1.7189244357421120388609033974166884e-03	-1.3679215207613674864837243452599313e+00	1.0050182469570959081393557905188856e-05	2.7454683026112094816293215487815808e-03
1.7361130191799757902212007340356122e-03	-1.3569670301084634095851944327945418e+00	9.9506778222545658891636120435741626e-06	2.7318435228571509394030884886851612e-03
1.7532482285502192399398279222553451e-03	-1.3460665513558098257722105263070467e+00	9.8534241763581379961752491018580104e-06	2.7184609735442209313302412434357241e-03
1.7703287064785431159294628971314006e-03	-1.3352191269636112426996400004089796e+00	9.7583548530237844029108393394369859e-06	2.7053150071506191777535781126890526e-03
1.7873531130653922554082813072629101e-03	-1.3244238216108979672894805208582956e+00	9.6654057409656742510507192888046674e-06	2.6924001600734666202553252441278785e-03
1.8043201256127322796169979713891822e-03	-1.3136797214748010717404274474826425e+00	9.5745151773018554372063367253008090e-06	2.6797111452350891713591375405289677e-03
1.8212284383579100975582763194404638e-03	-1.3029859335386797878288951516626132e+00	9.4856238348692936365962389617612492e-06	2.6672428450459881097229854263432170e-03
1.8380767622143647255450992770983554e-03	-1.2923415849277150758712278512693913e+00	9.3986746156191949597445611242375746e-06	2.6549903047045374757231663306327833e-03
1.8548638245189645259374780284997627e-03	-1.2817458222706603733276605881475022e+00	9.3136125497177932356398477672161950e-06	2.6429487258147184745812043102432673e-03
1.8715883687857561157319683380246626e-03	-1.2711978110865128918027403683044566e+00	9.2303847000037280670833372122523420e-06	2.6311134603043802533577144668953266e-03
1.8882491544659189001484509465685730e-03	-1.2606967351949366468563145245037537e+00	9.1489400714770962050851076939554241e-06	2.6194800046276125729233546195923693e-03
1.9048449567137274728408968498574579e-03	-1.2502417961493319921924617463428342e+00	9.0692295255173934150374294520552068e-06	2.6080439942358353270543965769767793e-03
1.9213745661583320160765324616391849e-03	-1.2398322126915060832528717483806554e+00	8.9912056985480286148302532340744067e-06	2.5968011983031584971808779306721480e-03
1.9378367886811743529513206642926797e-03	-1.2294672202269546871237301188308887e+00	8.9148229248840246865376563161407829e-06	2.5857475146924494014440400908092471e-03
1.9542304451988644698493427723350836e-03	-1.2191460703198183373033538287815585e+00	8.8400371635170466444246210567359637e-06	2.5748789651493669741296923817438682e-03
1.9705543714513491600546532060022093e-03	-1.2088680302066252355536004389307634e+00	8.7668059286081322395285458412129645e-06	2.5641916907123898561992852599110647e-03
1.9868074177952109566539420711101021e-03	-1.1986323823279797435812398918047191e+00	8.6950882234735469366493417582132503e-06	2.5536819473275804732041038002251489e-03
2.0029884490019417414974966720268206e-03	-1.1884384238773989834401218529604692e+00	8.6248444778631397033669886848250964e-06	2.5433461016574948643569810955557633e-03
2.0190963440610413528630041256601857e-03	-1.1782854663665411613579250993463998e+00	8.5560364883435251064508505789494368e-06	2.5331806270742713347361428347869886e-03
2.0351299959877971824871914121982699e-03	-1.1681728352061079156848447797468062e+00	8.4886273616104402136791641655795084e-06	2.5231820998275132755719515129591435e-03
2.0510883116356061668006343912385743e-03	-1.1580998693017394239015701955090882e+00	8.4225814605657943342009984262260700e-06	2.5133471953781257195642740000967709e-03
2.0669702115127057506979641764969470e-03	-1.1480659206642553327228662320987045e+00	8.3578643530053121039204049365544655e-06	2.5036726848897741161782226225476873e-03
2.0827746296031853474009226888384680e-03	-1.1380703540336269353575566873568579e+00	8.2944427627723266272104751546836842e-06	2.4941554318701099560381745848833318e-03
2.0985005131921545466029980281775101e-03	-1.1281125465160965372856850316413062e+00	8.2322845232422650147585682258257244e-06	2.4847923889543535757922864591956657e-03
2.1141468226949488461225936783523019e-03	-1.1181918872338887438811379871327495e+00	8.1713585330107347621511499435336119e-06	2.4755805948242418856425261658115709e-03
2.1297125314902580101047071620967079e-03	-1.1083077769869855789716143981990149e+00	8.1116347136659128248207794769537211e-06	2.4665171712557398655040967263624118e-03
2.1451966257570662991744099954550151e-03	-1.0984596279264630044886448706482394e+00	8.0530839695332029459992671597460311e-06	2.4575993202892813046470267777315856e-03
2.1605981043152977840799665753024321e-03	-1.0886468632389106521751196645327013e+00	7.9956781492869002637156068030466971e-06	2.4488243215166481063127141647279323e-03
2.1759159784700637529707148387417369e-03	-1.0788689168414794868333925767856794e+00	7.9393900093299217418982186752069961e-06	2.4401895294789201078025106822009378e-03
2.1911492718594128617496223566287528e-03	-1.0691252330871237787413075827500547e+00	7.8841931788485599026874465486395937e-06	2.4316923711702302249994713448588497e-03
2.2062970203054881646811641682730894e-03	-1.0594152664796242469956832476904787e+00	7.8300621264547263807958997252785820e-06	2.4233303436423441573586495164090966e-03
2.2213582716689985059522671589378711e-03	-1.0497384813979986168675299228272840e+00	7.7769721283332992396719010602225894e-06	2.4151010117053511250244195972559245e-03
2.2363320857069149591063216881989618e-03	-1.0400943518299241792012046208315423e+00	7.7248992378169998200455846479359290e-06	2.4070020057200033026042295538107481e-03
2.2512175339333060767494200707968593e-03	-1.0304823611138143104675749003720819e+00	7.6738202563157251333731395112930075e-06	2.3990310194774778289885901214900379e-03
2.2660136994832286638616693830174165e-03	-1.0209020016892073661941828223228390e+00	7.6237127055314725994517249216224033e-06	2.3911858081625574968976849648175760e-03
2.2807196769795936202995380885428663e-03	-1.0113527748551419522436561052036913e+00	7.5745548008939356837198845046051939e-06	2.3834641863964353757834067262234797e-03
2.2953345724029291171998602869420350e-03	-1.0018341905362073583641536107048959e+00	7.5263254261555405734884467504674078e-06	2.3758640263555455479080724046190139e-03
2.3098575029639659832503416132005500e-03	-9.9234576705597195388223861074621537e-01	7.4790041090881528645713551067030250e-06	2.3683832559630076299042576368645988e-03
2.3242875969789726851564828680973705e-03	-9.8288703091750564059249672823669602e-01	7.4325709982269254126736702601854432e-06	2.3610198571494475450762006009536794e-03
2.3386239937477696968316286467807325e-03	-9.7345751659072507423090274091420230e-01	7.3870068406097989285178256149865099e-06	2.3537718641801217877355144170904397e-03
2.3528658434343553683410199055328863e-03	-9.6405676630630234217834034588255266e-01	7.3422929604640193403283139154068885e-06	2.3466373620454278149290862174513145e-03
2.3670123069500776326869780320860394e-03	-9.5468432985588915755447982622051044e-01	7.2984112387937131671816039496787035e-06	2.3396144849120298039336056237992062e-03
2.3810625558392880301577338313469288e-03	-9.4533976439841943267725079093889958e-01	7.2553440938250759560320488793348998e-06	2.3327014146319673760541218010762495e-03
2.3950157721674165899988421404871658e-03	-9.3602263427226335990207631197267740e-01	7.2130744622680901819917669814816007e-06	2.3258963793072455210903766591648317e-03
2.4088711484114080912320304285059757e-03	-9.2673251081301588506137220241426274e-01	7.1715857813559080461334736401600315e-06	2.3191976519075273399636637846249062e-03
2.4226278873524621319876470315301053e-03	-9.1746897217671173619718493197956925e-01	7.1308619716251207432966817559302676e-06	2.3126035489386678007661353699455086e-03
2.4362852019710212730072927523964115e-03	-9.0823160316826799439636131731293473e-01	7.0908874204020977522735823418250563e-06	2.3061124291599368913105868039367533e-03
2.4498423153439532891238250529454880e-03	-8.9901999507496358907120270688067272e-01	7.0516469659624256356795683388790836e-06	2.2997226923478847367812650354595427e-03
2.4632984605438752654942384545092792e-03	-8.8983374550477309025371335653264959e-01	7.0131258823322132635405514134935769e-06	2.2934327781048997962391792685041861e-03
2.4766528805405689159593893261430904e-03	-8.8067245822937977726369982052178001e-01	6.9753098647016662975773214525980667e-06	2.2872411647106044945619147261656402e-03
2.4899048281044380818084769539683637e-03	-8.7153574303170020703838633286731158e-01	6.9381850154228747050131174102023555e-06	2.2811463680143209027710048437271897e-03
2.5030535657119608929813174779627034e-03	-8.6242321555775940582049870235036697e-01	6.9017378305652090696822602680714668e-06	2.2751469403669226449007688680652212e-03
2.5160983654530905427708621023510583e-03	-8.5333449717276238299730398883535540e-01	6.8659551870030901722591679803061595e-06	2.2692414695904683597381807224718920e-03
2.5290385089405600436992458240892465e-03	-8.4426921482121393280079102498600135e-01	6.8308243300121869697950715537942679e-06	2.2634285779840870392728098918857403e-03
2.5418732872210476986302783644351047e-03	-8.3522700089094466445512313083382434e-01	6.7963328613513156068808037172047393e-06	2.2577069213646566443543402815736309e-03
2.5546020006881613394431683801871707e-03	-8.2620749308090689939177998978469672e-01	6.7624687278084609929188604851753563e-06	2.2520751881408847882843437589868734e-03
2.5672239589972006577214694837476196e-03	-8.1721033427260950966893675457254062e-01	6.7292202101904270298104261792138783e-06	2.2465320984194641929612772769221120e-03
2.5797384809816581798096030322665885e-03	-8.0823517240506595823184112449372106e-01	6.6965759127366457334030723075380319e-06	2.2410764031420362585010700774619248e-03
2.5921448945714206240703704641887046e-03	-7.9928166035313475186773314386282920e-01	6.6645247529386429566081005628743703e-06	2.2357068832517536322856288955382405e-03
2.6044425367126335229704135447772529e-03	-7.9034945580913624365296405688620491e-01	6.6330559517475726424200156941240737e-06	2.2304223488882872918757844558189126e-03
2.6166307532891930983770226917146368e-03	-7.8143822116763423469519220942754141e-01	6.6021590241530957330191153642996856e-06	2.2252216386101755320863840761013077e-03
2.6287088990458304467441424951020513e-03	-7.7254762341327513573841877305599974e-01	6.5718237701176970465348351095971840e-06	2.2201036186434615236030963101984813e-03
2.6406763375127541232015510749889803e-03	-7.6367733401158156782544543924733955e-01	6.5420402658513064187514186827548260e-06	2.2150671821556129332609667065184794e-03
2.6525324409318182113748682980938341e-03	-7.5482702880260121724343333414652818e-01	6.5127988554118218228708052109145491e-06	2.2101112485537616001608358768357401e-03
2.6642765901841839304267860802031670e-03	-7.4599638789731552242997711110445041e-01	6.4840901426178244860656263586877273e-06	2.2052347628063435746275189150561171e-03
2.6759081747194437636321018141756956e-03	-7.3718509557671636791156587035490633e-01	6.4559049832604315183453837600041030e-06	2.2004366947872600684071642785773038e-03
2.6874265924861779950331079840125164e-03	-7.2839284019346240074092542803119059e-01	6.4282344776018524113470019080647085e-06	2.1957160386417181470929903898273683e-03
2.6988312498639144135648215425108821e-03	-7.1961931407602987591502407483008348e-01	6.4010699631488039690957512346517477e-06	2.1910718121729464254950422456899259e-03
2.7101215615964627886361755890463387e-03	-7.1086421343527608610093867233514329e-01	6.3744030076894956889644242783674267e-06	2.1865030562490157032037576283147458e-03
2.7212969507265965385985554977873557e-03	-7.0212723827333644449498051899985238e-01	6.3482254025834260894724283384080028e-06	2.1820088342290274947512753277757928e-03
2.7323568485320548048744625858184848e-03	-6.9340809229477917425001202742486329e-01	6.3225291562937316418728632554896527e-06	2.1775882314079648548748218217820916e-03
2.7433006944628389107590739278841042e-03	-6.8470648281994431974240294393458446e-01	6.2973064881523053610119909464214528e-06	2.1732403544795298576223146576012381e-03
2.7541279360797779260055927274243134e-03	-6.7602212070039643980624014227406373e-01	6.2725498223483532076814950865456484e-06	2.1689643310163206367885100774574317e-03
2.7648380289943387771802908413525192e-03	-6.6735472023642287642651763102743131e-01	6.2482517821314846196750007693941790e-06	2.1647593089667281082982673295654579e-03
2.7754304368096570403049229668730677e-03	-6.5870399909651191945649531961475859e-01	6.2244051842208400081371315003073406e-06	2.1606244561679584423024372498582417e-03
2.7859046310627652273356373824604054e-03	-6.5006967823874751363810426067137620e-01	6.2010030334121441373231705952159912e-06	2.1565589598746120995983541540146317e-03
2.7962600911679960323662866595073325e-03	-6.4145148183405938323390308478080106e-01	6.1780385173749410841398897748371986e-06	2.1525620263022738554895549484765446e-03
2.8064963043615386378642574825446551e-03	-6.3284913719126958635960591637004985e-01	6.1555050016326150149859702195728465e-06	2.1486328801855907628277817183610384e-03
2.8166127656471267964907167959100080e-03	-6.2426237468387855984531893642958914e-01	6.1333960247181323236919155490962808e-06	2.1447707643503365099291011959242868e-03
2.8266089777428380008361591133686670e-03	-6.1569092767853568014451029195872059e-01	6.1117052934987556882285055250405742e-06	2.1409749392989811604444280525523809e-03
2.8364844510289836323989299395240174e-03	-6.0713453246514125024294422433849240e-01	6.0904266786632802118407362109565646e-06	2.1372446828093048703236725454876519e-03
2.8462387034970705430038825480106151e-03	-5.9859292818852863029446171878841970e-01	6.0695542103656268505725770516067897e-06	2.1335792895456129082589132021451735e-03
2.8558712606998150672289685240241857e-03	-5.9006585678167696424481702895972532e-01	6.0490820740188995789950927989993220e-06	2.1299780706821272043912917611930646e-03
2.8653816557021909938826315823208868e-03	-5.8155306290040661924601020334608716e-01	6.0290046062342709486879448953863013e-06	2.1264403535381467591862962681191302e-03
2.8747694290334935387335868367951645e-03	-5.7305429385951105229721968043424839e-01	6.0093162908993065460403097611947467e-06	2.1229654812245855995347390889304458e-03
2.8840341286404018600931923928123662e-03	-5.6456929957028035220711807592168108e-01	5.9900117553905730133637107602078850e-06	2.1195528123015126095121072744705312e-03
2.8931753098410231440235198182053606e-03	-5.5609783247937317744391690290633161e-01	5.9710857669155973785454665753846472e-06	2.1162017204463325240202757345641656e-03
2.9021925352799017574048541573950455e-03	-5.4763964750899522437483680066854931e-01	5.9525332289794580265383869930698219e-06	2.1129115941322616880563610345140170e-03
2.9110853748839774253381817421267620e-03	-5.3919450199834371831707583361735713e-01	5.9343491779714902907194460802703687e-06	2.1096818363167658841473787464609547e-03
2.9198534058194768348556607697977697e-03	-5.3076215564627872412618974217533426e-01	5.9165287798677828622659935326776711e-06	2.1065118641396406454329459630675713e-03
2.9284962124497235001213009959053397e-03	-5.2234237045518332601722060777552863e-01	5.8990673270453255006851792448094662e-06	2.1034011086304270302775656649838265e-03
2.9370133862938511456638822986257547e-03	-5.1393491067597593012080474845738002e-01	5.8819602352038443405559405602729894e-06	2.1003490144248678629749511933844271e-03
2.9454045259864062741166594077545694e-03	-5.0553954275423909998827025094666136e-01	5.8652030403915288647126232756972780e-06	2.0973550394901209695000606807426233e-03
2.9536692372378259838498743875484930e-03	-4.9715603527743044684475527195378333e-01	5.8487913961310147646312387792634401e-06	2.0944186548584569814850746105888783e-03
2.9618071327957774901635735152922582e-03	-4.8878415892314216472204926121677620e-01	5.8327210706421398240573983369408526e-06	2.0915393443691798685176932327767767e-03
2.9698178324073461817362139563830625e-03	-4.8042368640837682746846396073653140e-01	5.8169879441581360099574491931292692e-06	2.0887166044185185101874640304681007e-03
2.9777009627820594121616661837308915e-03	-4.7207439243980805173228580140317815e-01	5.8015880063320604836129236769438417e-06	2.0859499437172473556373223911598220e-03
2.9854561575557335850028000186704144e-03	-4.6373605366499557896866852261229713e-01	5.7865173537304015831551854931367157e-06	2.0832388830558035592694117346373041e-03
2.9930830572551324401805047456510323e-03	-4.5540844862452524187138546363622488e-01	5.7717721874109232883255652621347429e-06	2.0805829550766769452783966602733833e-03
3.0005813092634247900271973060325331e-03	-4.4709135770504515785246123304404767e-01	5.7573488105819335533011060318361654e-06	2.0779817040538577584841159158249058e-03
3.0079505677864302852764445426049198e-03	-4.3878456309317033568733789551886013e-01	5.7432436263402784628672417881237649e-06	2.0754346856791354212726609415493907e-03
3.0151904938196421149369623643448630e-03	-4.3048784873022869254852043798784047e-01	5.7294531354854756950535901946689419e-06	2.0729414668550494522653136734055039e-03
3.0223007551160158597010012985883988e-03	-4.2220100026782225864205856398870174e-01	5.7159739344075075096368165847786114e-06	2.0705016254943013267687560222549564e-03
3.0292810261545140265448347384275277e-03	-4.1392380502417809675512361454336363e-01	5.7028027130458956635774567510130434e-06	2.0681147503254433865270795171047929e-03
3.0361309881093960927638265868372582e-03	-4.0565605194126418537947781450427580e-01	5.6899362529177785060418101054368620e-06	2.0657804407046679505053346622756063e-03
3.0428503288202441811081225294228954e-03	-3.9739753154264620780146062834444890e-01	5.6773714252128042400497598622420205e-06	2.0634983064335265524321988614761753e-03
3.0494387427627147742001967045421463e-03	-3.8914803589206185669996856192075793e-01	5.6651051889527441568775039043093876e-06	2.0612679675824157470358479701914610e-03
3.0558959310200071562665466958715226e-03	-3.8090735855268990537703465979021150e-01	5.6531345892138157446619647495622920e-06	2.0590890543196721971497063488296817e-03
3.0622216012550395436388236938232922e-03	-3.7267529454709191372210200458982436e-01	5.6414567554097881259624778950332721e-06	2.0569612067461257894101622245838582e-03
3.0684154676833241327028249996371179e-03	-3.6445164031780503029801857367637539e-01	5.6300688996340214628828425205389437e-06	2.0548840747349653378527644520152389e-03
3.0744772510465325552177648489976855e-03	-3.5623619368856492240931733659827003e-01	5.6189683150586679465996213555602664e-06	2.0528573177767770325709533267187751e-03
3.0804066785867434864065869666137003e-03	-3.4802875382613841450666966504639409e-01	5.6081523743893349164381475475347752e-06	2.0508806048296211844908525006738144e-03
3.0862034840213644011374126701537911e-03	-3.3982912120274594259257154493877242e-01	5.5976185283735806799069069673714736e-06	2.0489536141740180165459841657119163e-03
3.0918674075187197180765634643923597e-03	-3.3163709755905443918302682373389556e-01	5.5873643043616808699635258754805824e-06	2.0470760332727182649899299530240100e-03
3.0973981956742978110886770297727376e-03	-3.2345248586772175057420042379782703e-01	5.5773873049181678129700097238072128e-06	2.0452475586351391907425838418949642e-03
3.1027956014876496015769281747179202e-03	-3.1527509029747415635455225234223909e-01	5.5676852064827075175245627252321384e-06	2.0434678956863512676244390391177533e-03
3.1080593843399316750781655903395118e-03	-3.0710471617769901095299586297098339e-01	5.5582557580789386517144004745550222e-06	2.0417367586405053198293309589155163e-03
3.1131893099720870904302388731287873e-03	-2.9894116996353495915307050110392999e-01	5.5490967800699553696022149881601491e-06	2.0400538703785942324126838421488971e-03
3.1181851504636572703829777058472772e-03	-2.9078425920144259253396956143005621e-01	5.5402061629591711867471194775000694e-06	2.0384189623304475629986067439247115e-03
3.1230466842122185787961857948126088e-03	-2.8263379249523881229587711447542810e-01	5.5315818662353543939077706284452548e-06	2.0368317743608614470969056450125846e-03
3.1277736959134374017187650388481480e-03	-2.7448957947257854643731350635057987e-01	5.5232219172606768375376178053519069e-06	2.0352920546597701198409456081664445e-03
3.1323659765417377578291895367741782e-03	-2.6635143075186783629864259971194083e-01	5.5151244102006673804062299572707654e-06	2.0337995596363691798044069814329896e-03
3.1368233233315756680910663838339328e-03	-2.5821915790959265956685648078115294e-01	5.5072875049950090764591876828918914e-06	2.0323540538171044017634037375655297e-03
3.1411455397593147151862705441339785e-03	-2.5009257344804819442730194238456682e-01	5.4997094263681651375439126265560641e-06	2.0309553097474434705270650183243606e-03
3.1453324355256974204758896406150365e-03	-2.4197149076345355310094647797235651e-01	5.4923884628788632186802595314662127e-06	2.0296031078973514627173847454452884e-03
3.1493838265389072600458526004997054e-03	-2.3385572411443732295253666335764548e-01	5.4853229660075104822783285851345361e-06	2.0282972365703942528692271302094875e-03
3.1532995348982163319558352020295785e-03	-2.2574508859087955010651474019128784e-01	5.4785113492806533957781320228922081e-06	2.0270374918163972694654483371156274e-03
3.1570793888782138742594950730007050e-03	-2.1763940008309608445508133187066429e-01	5.4719520874316363440180638426500713e-06	2.0258236773475901803433376883197814e-03
3.1607232229136110178305777111894747e-03	-2.0953847525135147645866225212108753e-01	5.4656437155966519665626715463146473e-06	2.0246556044581711499424658677549454e-03
3.1642308775846173396390286509263858e-03	-2.0144213149568687557741161395344060e-01	5.4595848285454137276603251897051681e-06	2.0235330919472272875685120386170271e-03
3.1676021996028849609969567241317382e-03	-1.9335018692604962786992619612580309e-01	5.4537740799457176561433037325096852e-06	2.0224559660449508005128891110434508e-03
3.1708370417980161115562136478927552e-03	-1.8526246033271150657188201686083371e-01	5.4482101816611955155291925952869323e-06	2.0214240603420931826256191609030728e-03
3.1739352631046302536048034901473277e-03	-1.7717877115696273462643481857340582e-01	5.4428919030815959395027822467094430e-06	2.0204372157226025117708400492338482e-03
3.1768967285499870325929892634424363e-03	-1.6909893946206917246791180109114514e-01	5.4378180704849633512303607841273440e-06	2.0194952802993916023411744516201497e-03
3.1797213092421614889339921605728337e-03	-1.6102278590448024813343005894308514e-01	5.4329875664311168308061822860246096e-06	2.0185981093531873653763507682916648e-03
3.1824088823587681330783708120839237e-03	-1.5295013170527540025190028306562551e-01	5.4283993291858625557498857051824219e-06	2.0177455652744142724047751478824974e-03
3.1849593311362306507630564657857729e-03	-1.4488079862183698788061708590864613e-01	5.4240523521754040651556280532934973e-06	2.0169375175080673033678775758014550e-03
3.1873725448595941682910027680636807e-03	-1.3681460891973779475687519998648930e-01	5.4199456834704444373437624193996167e-06	2.0161738425015321872485263872298391e-03
3.1896484188528771688088651482490969e-03	-1.2875138534483141952316074030854115e-01	5.4160784252995035705142830529315018e-06	2.0154544236553131195547915651788834e-03
3.1917868544699603099195295381695981e-03	-1.2069095109553399807403159620539896e-01	5.4124497335910021612104774980395332e-06	2.0147791512766304667591284626566084e-03
3.1937877590860095506933446395565224e-03	-1.1263312979528584955298856337318812e-01	5.4090588175436917301685634357643585e-06	2.0141479225358532472193021123002098e-03
3.1956510460894311523245720495303561e-03	-1.0457774546518177387855607909150244e-01	5.4059049392250371917849392538812600e-06	2.0135606414257334139840929367259381e-03
3.1973766348743562714142700646614785e-03	-9.6524622496758856168815610475229329e-02	5.4029874131971850431349149041806251e-06	2.0130172187234111601071774676950095e-03
3.1989644508336530182425085551417979e-03	-8.8473585624930752219721462130083101e-02	5.4003056061701763012015028296953960e-06	2.0125175719551626244754463133540881e-03
3.2004144253524640045150360481080659e-03	-8.0424459901057539420498222672124404e-02	5.3978589366820888816017164241017468e-06	2.0120616253638634984534033014420617e-03
3.2017264958022675560245701377774600e-03	-7.2377070666140319294221118996034695e-02	5.3956468748058192265023816449840486e-06	2.0116493098791441235395107896390031e-03
3.2029006055354609155458610299552759e-03	-6.4331243524129851357639210802325503e-02	5.3936689418822376905405233026914010e-06	2.0112805630902137303511170577114514e-03
3.2039367038804639101766009923264859e-03	-5.6286804315338583315339396968895585e-02	5.3919247102794765174978193967205927e-06	2.0109553292213335021759249729899574e-03
3.2048347461373417053321413434005130e-03	-4.8243579089945519843193352894501525e-02	5.3904138031781332225437893411882708e-06	2.0106735591099201545749046283808408e-03
3.2055946935739454147889525040133958e-03	-4.0201394081583441468396863257136717e-02	5.3891358943821958696783987765622631e-06	2.0104352101872637085749008896944257e-03
3.2062165134225694826371282564370628e-03	-3.2160075680998046402177008518444916e-02	5.3880907081555201355647709501677781e-06	2.0102402464618451012899818958905351e-03
3.2067001788771248988325757906569924e-03	-2.4119450409768641700591161758250885e-02	5.3872780190837112126834407146154622e-06	2.0100886385052412267645586670290462e-03
3.2070456690908274553207955376109146e-03	-1.6079344894080055883397469674915786e-02	5.3866976519612865596104395547432791e-06	2.0099803634406069338132761458538932e-03
3.2072529691744003945217371910732388e-03	-8.0395858385354831859201932273413646e-03	5.3863494817040182867521134428352912e-06	2.0099154049337254289907626448773028e-03
3.2073220701947909464040554193396708e-03	0.0000000000000000000000000000000000e+00	5.3862334332863766042364004545571677e-06	2.0098937531866204438842042134902606e-03
3.2072529691744003945217371910732388e-03	8.0395858385354831859201932273413646e-03	5.3863494817040182867521134428352912e-06	2.0099154049337254289907626448773028e-03
3.2070456690908274553207955376109146e-03	1.6079344894080055883397469674915786e-02	5.3866976519612865596104395547432791e-06	2.0099803634406069338132761458538932e-03
3.2067001788771248988325757906569924e-03	2.4119450409768641700591161758250885e-02	5.3872780190837112126834407146154622e-06	2.0100886385052412267645586670290462e-03
3.2062165134225694826371282564370628e-03	3.2160075680998046402177008518444916e-02	5.3880907081555201355647709501677781e-06	2.0102402464618451012899818958905351e-03
3.2055946935739454147889525040133958e-03	4.0201394081583441468396863257136717e-02	5.3891358943821958696783987765622631e-06	2.0104352101872637085749008896944257e-03
3.2048347461373417053321413434005130e-03	4.8243579089945519843193352894501525e-02	5.3904138031781332225437893411882708e-06	2.0106735591099201545749046283808408e-03
3.2039367038804639101766009923264859e-03	5.6286804315338583315339396968895585e-02	5.3919247102794765174978193967205927e-06	2.0109553292213335021759249729899574e-03
3.2029006055354609155458610299552759e-03	6.4331243524129851357639210802325503e-02	5.3936689418822376905405233026914010e-06	2.0112805630902137303511170577114514e-03
3.2017264958022675560245701377774600e-03	7.2377070666140319294221118996034695e-02	5.3956468748058192265023816449840486e-06	2.0116493098791441235395107896390031e-03
3.2004144253524640045150360481080659e-03	8.0424459901057539420498222672124404e-02	5.3978589366820888816017164241017468e-06	2.0120616253638634984534033014420617e-03
3.1989644508336530182425085551417979e-03	8.8473585624930752219721462130083101e-02	5.4003056061701763012015028296953960e-06	2.0125175719551626244754463133540881e-03
3.1973766348743562714142700646614785e-03	9.6524622496758856168815610475229329e-02	5.4029874131971850431349149041806251e-06	2.0130172187234111601071774676950095e-03
3.1956510460894311523245720495303561e-03	1.0457774546518177387855607909150244e-01	5.4059049392250371917849392538812600e-06	2.0135606414257334139840929367259381e-03
3.1937877590860095506933446395565224e-03	1.1263312979528584955298856337318812e-01	5.4090588175436917301685634357643585e-06	2.0141479225358532472193021123002098e-03
3.1917868544699603099195295381695981e-03	1.2069095109553399807403159620539896e-01	5.4124497335910021612104774980395332e-06	2.0147791512766304667591284626566084e-03
3.1896484188528771688088651482490969e-03	1.2875138534483141952316074030854115e-01	5.4160784252995035705142830529315018e-06	2.0154544236553131195547915651788834e-03
3.1873725448595941682910027680636807e-03	1.3681460891973779475687519998648930e-01	5.4199456834704444373437624193996167e-06	2.0161738425015321872485263872298391e-03
3.1849593311362306507630564657857729e-03	1.4488079862183698788061708590864613e-01	5.4240523521754040651556280532934973e-06	2.0169375175080673033678775758014550e-03
3.1824088823587681330783708120839237e-03	1.5295013170527540025190028306562551e-01	5.4283993291858625557498857051824219e-06	2.0177455652744142724047751478824974e-03
3.1797213092421614889339921605728337e-03	1.6102278590448024813343005894308514e-01	5.4329875664311168308061822860246096e-06	2.0185981093531873653763507682916648e-03
3.1768967285499870325929892634424363e-03	1.6909893946206917246791180109114514e-01	5.4378180704849633512303607841273440e-06	2.0194952802993916023411744516201497e-03
3.1739352631046302536048034901473277e-03	1.7717877115696273462643481857340582e-01	5.4428919030815959395027822467094430e-06	2.0204372157226025117708400492338482e-03
3.1708370417980161115562136478927552e-03	1.8526246033271150657188201686083371e-01	5.4482101816611955155291925952869323e-06	2.0214240603420931826256191609030728e-03
3.1676021996028849609969567241317382e-03	1.9335018692604962786992619612580309e-01	5.4537740799457176561433037325096852e-06	2.0224559660449508005128891110434508e-03
3.1642308775846173396390286509263858e-03	2.0144213149568687557741161395344060e-01	5.4595848285454137276603251897051681e-06	2.0235330919472272875685120386170271e-03
3.1607232229136110178305777111894747e-03	2.0953847525135147645866225212108753e-01	5.4656437155966519665626715463146473e-06	2.0246556044581711499424658677549454e-03
3.1570793888782138742594950730007050e-03	2.1763940008309608445508133187066429e-01	5.4719520874316363440180638426500713e-06	2.0258236773475901803433376883197814e-03
3.1532995348982163319558352020295785e-03	2.2574508859087955010651474019128784e-01	5.4785113492806533957781320228922081e-06	2.0270374918163972694654483371156274e-03
3.1493838265389072600458526004997054e-03	2.3385572411443732295253666335764548e-01	5.4853229660075104822783285851345361e-06	2.0282972365703942528692271302094875e-03
3.1453324355256974204758896406150365e-03	2.4197149076345355310094647797235651e-01	5.4923884628788632186802595314662127e-06	2.0296031078973514627173847454452884e-03
3.1411455397593147151862705441339785e-03	2.5009257344804819442730194238456682e-01	5.4997094263681651375439126265560641e-06	2.0309553097474434705270650183243606e-03
3.1368233233315756680910663838339328e-03	2.5821915790959265956685648078115294e-01	5.5072875049950090764591876828918914e-06	2.0323540538171044017634037375655297e-03
3.1323659765417377578291895367741782e-03	2.6635143075186783629864259971194083e-01	5.5151244102006673804062299572707654e-06	2.0337995596363691798044069814329896e-03
3.1277736959134374017187650388481480e-03	2.7448957947257854643731350635057987e-01	5.5232219172606768375376178053519069e-06	2.0352920546597701198409456081664445e-03
3.1230466842122185787961857948126088e-03	2.8263379249523881229587711447542810e-01	5.5315818662353543939077706284452548e-06	2.0368317743608614470969056450125846e-03
3.1181851504636572703829777058472772e-03	2.9078425920144259253396956143005621e-01	5.5402061629591711867471194775000694e-06	2.0384189623304475629986067439247115e-03
3.1131893099720870904302388731287873e-03	2.9894116996353495915307050110392999e-01	5.5490967800699553696022149881601491e-06	2.0400538703785942324126838421488971e-03
3.1080593843399316750781655903395118e-03	3.0710471617769901095299586297098339e-01	5.5582557580789386517144004745550222e-06	2.0417367586405053198293309589155163e-03
3.1027956014876496015769281747179202e-03	3.1527509029747415635455225234223909e-01	5.5676852064827075175245627252321384e-06	2.0434678956863512676244390391177533e-03
3.0973981956742978110886770297727376e-03	3.2345248586772175057420042379782703e-01	5.5773873049181678129700097238072128e-06	2.0452475586351391907425838418949642e-03
3.0918674075187197180765634643923597e-03	3.3163709755905443918302682373389556e-01	5.5873643043616808699635258754805824e-06	2.0470760332727182649899299530240100e-03
3.0862034840213644011374126701537911e-03	3.3982912120274594259257154493877242e-01	5.5976185283735806799069069673714736e-06	2.0489536141740180165459841657119163e-03
3.0804066785867434864065869666137003e-03	3.4802875382613841450666966504639409e-01	5.6081523743893349164381475475347752e-06	2.0508806048296211844908525006738144e-03
3.0744772510465325552177648489976855e-03	3.5623619368856492240931733659827003e-01	5.6189683150586679465996213555602664e-06	2.0528573177767770325709533267187751e-03
3.0684154676833241327028249996371179e-03	3.6445164031780503029801857367637539e-01	5.6300688996340214628828425205389437e-06	2.0548840747349653378527644520152389e-03
3.0622216012550395436388236938232922e-03	3.7267529454709191372210200458982436e-01	5.6414567554097881259624778950332721e-06	2.0569612067461257894101622245838582e-03
3.0558959310200071562665466958715226e-03	3.8090735855268990537703465979021150e-01	5.6531345892138157446619647495622920e-06	2.0590890543196721971497063488296817e-03
3.0494387427627147742001967045421463e-03	3.8914803589206185669996856192075793e-01	5.6651051889527441568775039043093876e-06	2.0612679675824157470358479701914610e-03
3.0428503288202441811081225294228954e-03	3.9739753154264620780146062834444890e-01	5.6773714252128042400497598622420205e-06	2.0634983064335265524321988614761753e-03
3.0361309881093960927638265868372582e-03	4.0565605194126418537947781450427580e-01	5.6899362529177785060418101054368620e-06	2.0657804407046679505053346622756063e-03
3.0292810261545140265448347384275277e-03	4.1392380502417809675512361454336363e-01	5.7028027130458956635774567510130434e-06	2.0681147503254433865270795171047929e-03
3.0223007551160158597010012985883988e-03	4.2220100026782225864205856398870174e-01	5.7159739344075075096368165847786114e-06	2.0705016254943013267687560222549564e-03
3.0151904938196421149369623643448630e-03	4.3048784873022869254852043798784047e-01	5.7294531354854756950535901946689419e-06	2.0729414668550494522653136734055039e-03
3.0079505677864302852764445426049198e-03	4.3878456309317033568733789551886013e-01	5.7432436263402784628672417881237649e-06	2.0754346856791354212726609415493907e-03
3.0005813092634247900271973060325331e-03	4.4709135770504515785246123304404767e-01	5.7573488105819335533011060318361654e-06	2.0779817040538577584841159158249058e-03
2.9930830572551324401805047456510323e-03	4.5540844862452524187138546363622488e-01	5.7717721874109232883255652621347429e-06	2.0805829550766769452783966602733833e-03
2.9854561575557335850028000186704144e-03	4.6373605366499557896866852261229713e-01	5.7865173537304015831551854931367157e-06	2.0832388830558035592694117346373041e-03
2.9777009627820594121616661837308915e-03	4.7207439243980805173228580140317815e-01	5.8015880063320604836129236769438417e-06	2.0859499437172473556373223911598220e-03
2.9698178324073461817362139563830625e-03	4.8042368640837682746846396073653140e-01	5.8169879441581360099574491931292692e-06	2.0887166044185185101874640304681007e-03
2.9618071327957774901635735152922582e-03	4.8878415892314216472204926121677620e-01	5.8327210706421398240573983369408526e-06	2.0915393443691798685176932327767767e-03
2.9536692372378259838498743875484930e-03	4.9715603527743044684475527195378333e-01	5.8487913961310147646312387792634401e-06	2.0944186548584569814850746105888783e-03
2.9454045259864062741166594077545694e-03	5.0553954275423909998827025094666136e-01	5.8652030403915288647126232756972780e-06	2.0973550394901209695000606807426233e-03
2.9370133862938511456638822986257547e-03	5.1393491067597593012080474845738002e-01	5.8819602352038443405559405602729894e-06	2.1003490144248678629749511933844271e-03
2.9284962124497235001213009959053397e-03	5.2234237045518332601722060777552863e-01	5.8990673270453255006851792448094662e-06	2.1034011086304270302775656649838265e-03
2.9198534058194768348556607697977697e-03	5.3076215564627872412618974217533426e-01	5.9165287798677828622659935326776711e-06	2.1065118641396406454329459630675713e-03
2.9110853748839774253381817421267620e-03	5.3919450199834371831707583361735713e-01	5.9343491779714902907194460802703687e-06	2.1096818363167658841473787464609547e-03
2.9021925352799017574048541573950455e-03	5.4763964750899522437483680066854931e-01	5.9525332289794580265383869930698219e-06	2.1129115941322616880563610345140170e-03
2.8931753098410231440235198182053606e-03	5.5609783247937317744391690290633161e-01	5.9710857669155973785454665753846472e-06	2.1162017204463325240202757345641656e-03
2.8840341286404018600931923928123662e-03	5.6456929957028035220711807592168108e-01	5.9900117553905730133637107602078850e-06	2.1195528123015126095121072744705312e-03
2.8747694290334935387335868367951645e-03	5.7305429385951105229721968043424839e-01	6.0093162908993065460403097611947467e-06	2.1229654812245855995347390889304458e-03
2.8653816557021909938826315823208868e-03	5.8155306290040661924601020334608716e-01	6.0290046062342709486879448953863013e-06	2.1264403535381467591862962681191302e-03
2.8558712606998150672289685240241857e-03	5.9006585678167696424481702895972532e-01	6.0490820740188995789950927989993220e-06	2.1299780706821272043912917611930646e-03
2.8462387034970705430038825480106151e-03	5.9859292818852863029446171878841970e-01	6.0695542103656268505725770516067897e-06	2.1335792895456129082589132021451735e-03
2.8364844510289836323989299395240174e-03	6.0713453246514125024294422433849240e-01	6.0904266786632802118407362109565646e-06	2.1372446828093048703236725454876519e-03
2.8266089777428380008361591133686670e-03	6.1569092767853568014451029195872059e-01	6.1117052934987556882285055250405742e-06	2.1409749392989811604444280525523809e-03
2.8166127656471267964907167959100080e-03	6.2426237468387855984531893642958914e-01	6.1333960247181323236919155490962808e-06	2.1447707643503365099291011959242868e-03
2.8064963043615386378642574825446551e-03	6.3284913719126958635960591637004985e-01	6.1555050016326150149859702195728465e-06	2.1486328801855907628277817183610384e-03
2.7962600911679960323662866595073325e-03	6.4145148183405938323390308478080106e-01	6.1780385173749410841398897748371986e-06	2.1525620263022738554895549484765446e-03
2.7859046310627652273356373824604054e-03	6.5006967823874751363810426067137620e-01	6.2010030334121441373231705952159912e-06	2.1565589598746120995983541540146317e-03
2.7754304368096570403049229668730677e-03	6.5870399909651191945649531961475859e-01	6.2244051842208400081371315003073406e-06	2.1606244561679584423024372498582417e-03
2.7648380289943387771802908413525192e-03	6.6735472023642287642651763102743131e-01	6.2482517821314846196750007693941790e-06	2.1647593089667281082982673295654579e-03
2.7541279360797779260055927274243134e-03	6.7602212070039643980624014227406373e-01	6.2725498223483532076814950865456484e-06	2.1689643310163206367885100774574317e-03
2.7433006944628389107590739278841042e-03	6.8470648281994431974240294393458446e-01	6.2973064881523053610119909464214528e-06	2.1732403544795298576223146576012381e-03
2.7323568485320548048744625858184848e-03	6.9340809229477917425001202742486329e-01	6.3225291562937316418728632554896527e-06	2.1775882314079648548748218217820916e-03
2.7212969507265965385985554977873557e-03	7.0212723827333644449498051899985238e-01	6.3482254025834260894724283384080028e-06	2.1820088342290274947512753277757928e-03
2.7101215615964627886361755890463387e-03	7.1086421343527608610093867233514329e-01	6.3744030076894956889644242783674267e-06	2.1865030562490157032037576283147458e-03
2.6988312498639144135648215425108821e-03	7.1961931407602987591502407483008348e-01	6.4010699631488039690957512346517477e-06	2.1910718121729464254950422456899259e-03
2.6874265924861779950331079840125164e-03	7.2839284019346240074092542803119059e-01	6.4282344776018524113470019080647085e-06	2.1957160386417181470929903898273683e-03
2.6759081747194437636321018141756956e-03	7.3718509557671636791156587035490633e-01	6.4559049832604315183453837600041030e-06	2.2004366947872600684071642785773038e-03
2.6642765901841839304267860802031670e-03	7.4599638789731552242997711110445041e-01	6.4840901426178244860656263586877273e-06	2.2052347628063435746275189150561171e-03
2.6525324409318182113748682980938341e-03	7.5482702880260121724343333414652818e-01	6.5127988554118218228708052109145491e-06	2.2101112485537616001608358768357401e-03
2.6406763375127541232015510749889803e-03	7.6367733401158156782544543924733955e-01	6.5420402658513064187514186827548260e-06	2.2150671821556129332609667065184794e-03
2.6287088990458304467441424951020513e-03	7.7254762341327513573841877305599974e-01	6.5718237701176970465348351095971840e-06	2.2201036186434615236030963101984813e-03
2.6166307532891930983770226917146368e-03	7.8143822116763423469519220942754141e-01	6.6021590241530957330191153642996856e-06	2.2252216386101755320863840761013077e-03
2.6044425367126335229704135447772529e-03	7.9034945580913624365296405688620491e-01	6.6330559517475726424200156941240737e-06	2.2304223488882872918757844558189126e-03
2.5921448945714206240703704641887046e-03	7.9928166035313475186773314386282920e-01	6.6645247529386429566081005628743703e-06	2.2357068832517536322856288955382405e-03
2.5797384809816581798096030322665885e-03	8.0823517240506595823184112449372106e-01	6.6965759127366457334030723075380319e-06	2.2410764031420362585010700774619248e-03
2.5672239589972006577214694837476196e-03	8.1721033427260950966893675457254062e-01	6.7292202101904270298104261792138783e-06	2.2465320984194641929612772769221120e-03
2.5546020006881613394431683801871707e-03	8.2620749308090689939177998978469672e-01	6.7624687278084609929188604851753563e-06	2.2520751881408847882843437589868734e-03
2.5418732872210476986302783644351047e-03	8.3522700089094466445512313083382434e-01	6.7963328613513156068808037172047393e-06	2.2577069213646566443543402815736309e-03
2.5290385089405600436992458240892465e-03	8.4426921482121393280079102498600135e-01	6.8308243300121869697950715537942679e-06	2.2634285779840870392728098918857403e-03
2.5160983654530905427708621023510583e-03	8.5333449717276238299730398883535540e-01	6.8659551870030901722591679803061595e-06	2.2692414695904683597381807224718920e-03
2.5030535657119608929813174779627034e-03	8.6242321555775940582049870235036697e-01	6.9017378305652090696822602680714668e-06	2.2751469403669226449007688680652212e-03
2.4899048281044380818084769539683637e-03	8.7153574303170020703838633286731158e-01	6.9381850154228747050131174102023555e-06	2.2811463680143209027710048437271897e-03
2.4766528805405689159593893261430904e-03	8.8067245822937977726369982052178001e-01	6.9753098647016662975773214525980667e-06	2.2872411647106044945619147261656402e-03
2.4632984605438752654942384545092792e-03	8.8983374550477309025371335653264959e-01	7.0131258823322132635405514134935769e-06	2.2934327781048997962391792685041861e-03
2.4498423153439532891238250529454880e-03	8.9901999507496358907120270688067272e-01	7.0516469659624256356795683388790836e-06	2.2997226923478847367812650354595427e-03
2.4362852019710212730072927523964115e-03	9.0823160316826799439636131731293473e-01	7.0908874204020977522735823418250563e-06	2.3061124291599368913105868039367533e-03
2.4226278873524621319876470315301053e-03	9.1746897217671173619718493197956925e-01	7.1308619716251207432966817559302676e-06	2.3126035489386678007661353699455086e-03
2.4088711484114080912320304285059757e-03	9.2673251081301588506137220241426274e-01	7.1715857813559080461334736401600315e-06	2.3191976519075273399636637846249062e-03
2.3950157721674165899988421404871658e-03	9.3602263427226335990207631197267740e-01	7.2130744622680901819917669814816007e-06	2.3258963793072455210903766591648317e-03
2.3810625558392880301577338313469288e-03	9.4533976439841943267725079093889958e-01	7.2553440938250759560320488793348998e-06	2.3327014146319673760541218010762495e-03
2.3670123069500776326869780320860394e-03	9.5468432985588915755447982622051044e-01	7.2984112387937131671816039496787035e-06	2.3396144849120298039336056237992062e-03
2.3528658434343553683410199055328863e-03	9.6405676630630234217834034588255266e-01	7.3422929604640193403283139154068885e-06	2.3466373620454278149290862174513145e-03
2.3386239937477696968316286467807325e-03	9.7345751659072507423090274091420230e-01	7.3870068406097989285178256149865099e-06	2.3537718641801217877355144170904397e-03
2.3242875969789726851564828680973705e-03	9.8288703091750564059249672823669602e-01	7.4325709982269254126736702601854432e-06	2.3610198571494475450762006009536794e-03
2.3098575029639659832503416132005500e-03	9.9234576705597195388223861074621537e-01	7.4790041090881528645713551067030250e-06	2.3683832559630076299042576368645988e-03
2.2953345724029291171998602869420350e-03	1.0018341905362073583641536107048959e+00	7.5263254261555405734884467504674078e-06	2.3758640263555455479080724046190139e-03
2.2807196769795936202995380885428663e-03	1.0113527748551419522436561052036913e+00	7.5745548008939356837198845046051939e-06	2.3834641863964353757834067262234797e-03
2.2660136994832286638616693830174165e-03	1.0209020016892073661941828223228390e+00	7.6237127055314725994517249216224033e-06	2.3911858081625574968976849648175760e-03
2.2512175339333060767494200707968593e-03	1.0304823611138143104675749003720819e+00	7.6738202563157251333731395112930075e-06	2.3990310194774778289885901214900379e-03
2.2363320857069149591063216881989618e-03	1.0400943518299241792012046208315423e+00	7.7248992378169998200455846479359290e-06	2.4070020057200033026042295538107481e-03
2.2213582716689985059522671589378711e-03	1.0497384813979986168675299228272840e+00	7.7769721283332992396719010602225894e-06	2.4151010117053511250244195972559245e-03
2.2062970203054881646811641682730894e-03	1.0594152664796242469956832476904787e+00	7.8300621264547263807958997252785820e-06	2.4233303436423441573586495164090966e-03
2.1911492718594128617496223566287528e-03	1.0691252330871237787413075827500547e+00	7.8841931788485599026874465486395937e-06	2.4316923711702302249994713448588497e-03
2.1759159784700637529707148387417369e-03	1.0788689168414794868333925767856794e+00	7.9393900093299217418982186752069961e-06	2.4401895294789201078025106822009378e-03
2.1605981043152977840799665753024321e-03	1.0886468632389106521751196645327013e+00	7.9956781492869002637156068030466971e-06	2.4488243215166481063127141647279323e-03
2.1451966257570662991744099954550151e-03	1.0984596279264630044886448706482394e+00	8.0530839695332029459992671597460311e-06	2.4575993202892813046470267777315856e-03
2.1297125314902580101047071620967079e-03	1.1083077769869855789716143981990149e+00	8.1116347136659128248207794769537211e-06	2.4665171712557398655040967263624118e-03
2.1141468226949488461225936783523019e-03	1.1181918872338887438811379871327495e+00	8.1713585330107347621511499435336119e-06	2.4755805948242418856425261658115709e-03
2.0985005131921545466029980281775101e-03	1.1281125465160965372856850316413062e+00	8.2322845232422650147585682258257244e-06	2.4847923889543535757922864591956657e-03
2.0827746296031853474009226888384680e-03	1.1380703540336269353575566873568579e+00	8.2944427627723266272104751546836842e-06	2.4941554318701099560381745848833318e-03
2.0669702115127057506979641764969470e-03	1.1480659206642553327228662320987045e+00	8.3578643530053121039204049365544655e-06	2.5036726848897741161782226225476873e-03
2.0510883116356061668006343912385743e-03	1.1580998693017394239015701955090882e+00	8.4225814605657943342009984262260700e-06	2.5133471953781257195642740000967709e-03
2.0351299959877971824871914121982699e-03	1.1681728352061079156848447797468062e+00	8.4886273616104402136791641655795084e-06	2.5231820998275132755719515129591435e-03
2.0190963440610413528630041256601857e-03	1.1782854663665411613579250993463998e+00	8.5560364883435251064508505789494368e-06	2.5331806270742713347361428347869886e-03
2.0029884490019417414974966720268206e-03	1.1884384238773989834401218529604692e+00	8.6248444778631397033669886848250964e-06	2.5433461016574948643569810955557633e-03
1.9868074177952109566539420711101021e-03	1.1986323823279797435812398918047191e+00	8.6950882234735469366493417582132503e-06	2.5536819473275804732041038002251489e-03
1.9705543714513491600546532060022093e-03	1.2088680302066252355536004389307634e+00	8.7668059286081322395285458412129645e-06	2.5641916907123898561992852599110647e-03
1.9542304451988644698493427723350836e-03	1.2191460703198183373033538287815585e+00	8.8400371635170466444246210567359637e-06	2.5748789651493669741296923817438682e-03
1.9378367886811743529513206642926797e-03	1.2294672202269546871237301188308887e+00	8.9148229248840246865376563161407829e-06	2.5857475146924494014440400908092471e-03
1.9213745661583320160765324616391849e-03	1.2398322126915060832528717483806554e+00	8.9912056985480286148302532340744067e-06	2.5968011983031584971808779306721480e-03
1.9048449567137274728408968498574579e-03	1.2502417961493319921924617463428342e+00	9.0692295255173934150374294520552068e-06	2.6080439942358353270543965769767793e-03
1.8882491544659189001484509465685730e-03	1.2606967351949366468563145245037537e+00	9.1489400714770962050851076939554241e-06	2.6194800046276125729233546195923693e-03
1.8715883687857561157319683380246626e-03	1.2711978110865128918027403683044566e+00	9.2303847000037280670833372122523420e-06	2.6311134603043802533577144668953266e-03
1.8548638245189645259374780284997627e-03	1.2817458222706603733276605881475022e+00	9.3136125497177932356398477672161950e-06	2.6429487258147184745812043102432673e-03
1.8380767622143647255450992770983554e-03	1.2923415849277150758712278512693913e+00	9.3986746156191949597445611242375746e-06	2.6549903047045374757231663306327833e-03
1.8212284383579100975582763194404638e-03	1.3029859335386797878288951516626132e+00	9.4856238348692936365962389617612492e-06	2.6672428450459881097229854263432170e-03
1.8043201256127322796169979713891822e-03	1.3136797214748010717404274474826425e+00	9.5745151773018554372063367253008090e-06	2.6797111452350891713591375405289677e-03
1.7873531130653922554082813072629101e-03	1.3244238216108979672894805208582956e+00	9.6654057409656742510507192888046674e-06	2.6924001600734666202553252441278785e-03
1.7703287064785431159294628971314006e-03	1.3352191269636112426996400004089796e+00	9.7583548530237844029108393394369859e-06	2.7053150071506191777535781126890526e-03
1.7532482285502192399398279222553451e-03	1.3460665513558098257722105263070467e+00	9.8534241763581379961752491018580104e-06	2.7184609735442209313302412434357241e-03
1.7361130191799757902212007340356122e-03	1.3569670301084634095851944327945418e+00	9.9506778222545658891636120435741626e-06	2.7318435228571509394030884886851612e-03
1.7189244357421120388609033974166884e-03	1.3679215207613674864837243452599313e+00	1.0050182469570959081393557905188856e-05	2.7454683026112094816293215487815808e-03
1.7016838533662221490001247753468030e-03	1.3789310038241895938299990433090901e+00	1.0152007490822100304905223096775040e-05	2.7593411520188483047144826634862317e-03
1.6843926652253276826557622709235790e-03	1.3899964835593937649244487568744423e+00	1.0256225085647667372119717560783244e-05	2.7734681101557164717719633111623815e-03
1.6670522828318573067473915547972935e-03	1.4011189887986945130426291971372776e+00	1.0362910422165867030160700613551341e-05	2.7878554245584135535843125585717974e-03
1.6496641363417509670600487532334083e-03	1.4122995737947926191864837826032053e+00	1.0472141786754213271658433594697698e-05	2.8025095602735581275611216845437768e-03
1.6322296748669782297425867118284093e-03	1.4235393191102530713174643651806060e+00	1.0584000742841438638411057866791284e-05	2.8174372093861331022244215278992815e-03
1.6147503667967735919534864091396278e-03	1.4348393325455012879990242109330095e+00	1.0698572299340754577456114613279010e-05	2.8326453010570726000949866397540837e-03
1.5972277001279053801913824540777013e-03	1.4462007501080378777671142486800402e+00	1.0815945089405026848140392920705109e-05	2.8481410121022215804089342521623304e-03
1.5796631828043094325925156596572078e-03	1.4576247370251053193659759156161203e+00	1.0936211560239313983085342619613148e-05	2.8639317781471440033590396499886640e-03
1.5620583430664341493452326556584095e-03	1.4691124888021828421529794665413767e+00	1.1059468174766085482760311044815381e-05	2.8800253053947945873381568593080778e-03
1.5444147298106597463482470379183683e-03	1.4806652323298392545454953015402745e+00	1.1185815626003796746709472987099040e-05	2.8964295830458212377803269273205736e-03
1.5267339129591717183049124452062702e-03	1.4922842270416384016777908075610141e+00	1.1315359065090911173059263286030746e-05	2.9131528964142500597820087935095306e-03
1.5090174838406866699168391428801312e-03	1.5039707661259693059923291275416373e+00	1.1448208343965551262809281655519573e-05	2.9302038407845446322039938473613149e-03
1.4912670555824478737443978292834978e-03	1.5157261777948639239129046955369167e+00	1.1584478273796426083346567807407589e-05	2.9475913360595503821103101798356447e-03
1.4734842635139282317884915205640537e-03	1.5275518266130710085959527556606310e+00	1.1724288900354298392392828644287154e-05	2.9653246422526605296226705304537745e-03
1.4556707655826998316399673252741403e-03	1.5394491148908760875859077116969613e+00	1.1867765797615887722203398576647996e-05	2.9834133758817021669549254027110683e-03
1.4378282427829520799314414924165915e-03	1.5514194841443964559088181256014353e+00	1.2015040381004724227217083328319503e-05	3.0018675273265728487480188124768772e-03
1.4199583995971645552162579931980916e-03	1.5634644166273379007899919635426589e+00	1.2166250241797155514662359698402544e-05	3.0206974792175965178587551021015037e-03
1.4020629644514663459098930373395633e-03	1.5755854369384783204980444814292673e+00	1.2321539504357678339817540441622754e-05	3.0399140259269536858111677235550372e-03
1.3841436901852408310545954226648713e-03	1.5877841137094443565582883865431311e+00	1.2481059208017379308341367668976719e-05	3.0595283942414201473503425200738184e-03
1.3662023545355637355069666051605998e-03	1.6000620613776726980597199043814021e+00	1.2644967715574050507055025718579172e-05	3.0795522653010719238266838697472216e-03
1.3482407606370929692083335224037842e-03	1.6124209420498001258271130236819223e+00	1.2813431150574213150097495783779559e-05	3.0999977978956382103305177823915848e-03
1.3302607375380613752856477372543839e-03	1.6248624674611081688884013406598205e+00	1.2986623865737765357830585499940309e-05	3.1208776532178720123793125861048389e-03
1.3122641407330582079352749803738782e-03	1.6373884010370622390570781119800835e+00	1.3164728945107443632250310462117371e-05	3.1422050211817304592243785734797318e-03
1.2942528527133220948242897589841439e-03	1.6500005600634343831966965071781492e+00	1.3347938742750203953524775507593412e-05	3.1639936484223923814391932193666106e-03
1.2762287835353075801438920640458862e-03	1.6627008179719867724914112940147896e+00	1.3536455461108757147763192045440317e-05	3.1862578681052779892371762944772736e-03
1.2581938714083292784264312293969877e-03	1.6754911067492235336722702022274306e+00	1.3730491772401965643953129253219763e-05	3.2090126316823734205503233560138866e-03
1.2401500833021323971575032659832703e-03	1.6883734194762957382310731321375677e+00	1.3930271486806170193887629789639279e-05	3.2322735427464126940285995916340677e-03
1.2220994155752861275059328425476500e-03	1.7013498130087729931426703433261747e+00	1.4136030271519784761870444881362553e-05	3.2560568931469561021231070437421328e-03
1.2040438946253473964897705795100510e-03	1.7144224108056803414769907213985719e+00	1.4348016425225238326879763542926654e-05	3.2803797015472678430744573386102168e-03
1.1859855775617969818861755612275976e-03	1.7275934059179469012036964320471450e+00	1.4566491712920740790301454449486308e-05	3.3052597546172950376180929444082318e-03
1.1679265529028082987169907303720569e-03	1.7408650641472293358780593893303510e+00	1.4791732266605311690868448657056830e-05	3.3307156510761638041443196993977020e-03
1.1498689412969715855492898472882307e-03	1.7542397273869661115412423134082696e+00	1.5024029557870767521052736576985671e-05	3.3567668488176375202267254953424802e-03
1.1318148962711630921640795492101303e-03	1.7677198171584956582785747565191171e+00	1.5263691449091603425539002502143657e-05	3.3834337153741559873002319150910443e-03
1.1137666050058205722710577535336205e-03	1.7813078383561421023646491063560061e+00	1.5511043330616718863921665027996000e-05	3.4107375819996504469320930071133059e-03
1.0957262891389633272664958238739221e-03	1.7950063832163463472116968371547127e+00	1.5766429352165793139431843943448959e-05	3.4387008016786015263570639463624429e-03
1.0776962056003776814482073571397327e-03	1.8088181355272093903632347271438034e+00	1.6030213757529366219169183806802651e-05	3.4673468113991083826522297158216770e-03
1.0596786474774775925827408638590523e-03	1.8227458750962317232527109833619593e+00	1.6302782332678595527735105347028069e-05	3.4967001990614466500573488166338558e-03
1.0416759449144456614118598335007290e-03	1.8367924824955919430812116516200421e+00	1.6584543978523517044706756980121201e-05	3.5267867754311422688342480513784117e-03
1.0236904660463627026846202708345073e-03	1.8509609441060256311198137753825704e+00	1.6875932420835052741490598665154923e-05	3.5576336515874709662229410684338542e-03
1.0057246179701449441712557198649763e-03	1.8652543574822605474468585838452326e+00	1.7177408071286320142652671539767180e-05	3.5892693223650727895669334336908228e-03
9.8778084775422756425648916794208099e-04	1.8796759370650571005077352758102027e+00	1.7489460055196553600926496269683193e-05	3.6217237563386932147051576136401309e-03
9.6986164348906247671077047258287212e-04	1.8942290202672174790963775926618607e+00	1.7812608423403429333457532823439580e-05	3.6550284929596675104374722361536640e-03
9.5196953538063792434662258302674424e-04	1.9089170739634895686317396124315744e+00	1.8147406567778491633763723603869473e-05	3.6892167475185042278915816659166014e-03
9.3410709688937855115801127776384837e-04	1.9237437014171332502702275745379346e+00	1.8494443862272588924303288397224305e-05	3.7243235246817765908361021415304007e-03
9.1627694591694829556790246617810076e-04	1.9387126496790715472574550679865795e+00	1.8854348554076752507976653031488707e-05	3.7603857414346271214976309761417442e-03
8.9848174604365592058034481498809761e-04	1.9538278174990568444535612568460858e+00	1.9227790932559039062777331130330296e-05	3.7974423603538367397124013265330943e-03
8.8072420781935564556869738393605797e-04	1.9690932637921881917566667313262547e+00	1.9615486807148349229054868956403469e-05	3.8355345342421165612660509392000430e-03
8.6300709011094470362621030613226043e-04	1.9845132167084711525281498405488118e+00	2.0018201329351173408545753938769719e-05	3.8747057632738025065030265030691091e-03
8.4533320150978743216451457557552987e-04	2.0000920833579759822008060851687444e+00	2.0436753198687802306551944926442185e-05	3.9150020659375084545211676462336290e-03
8.2770540180264363093027652574872093e-04	2.0158344602495911328964886357010954e+00	2.0872019297616488822760491522479939e-05	3.9564721652148982591777304663564261e-03
8.1012660350994954050618563732765120e-04	2.0317451445074654586327392165692701e+00	2.1324939806590450070157063466520873e-05	3.9991676916093436032949856670468263e-03
7.9259977349559531878635911680968346e-04	2.0478291459360743265622271758294616e+00	2.1796523857397397816806549279849125e-05	4.0431434048370883559057060498892903e-03
7.7512793465266603628112569583323563e-04	2.0640917000125364676091261736168938e+00	2.2287855791023522210671922595298267e-05	4.0884574362204466360977069519827237e-03
7.5771416766996702980717510839531631e-04	2.0805382818934706808578815696272514e+00	2.2800102095652850031956739925534303e-05	4.1351715540819954309418952524174685e-03
7.4036161288454239706739220836358213e-04	2.0971746215334547310847202714156556e+00	2.3334519111284624376830815081319196e-05	4.1833514547359563414652951583025371e-03
7.2307347222582138085671510792046695e-04	2.1140067200231961724327654171710290e+00	2.3892461600096254310021010342086104e-05	4.2330670820142248204440272802626391e-03
7.0585301125749579746417914405479766e-04	2.1310408672680367493570561447430227e+00	2.4475392296422051116081184998285518e-05	4.2843929786571789661002730600990454e-03
6.8870356132374752134991015868595585e-04	2.1482836611416110071530585938504028e+00	2.5084892567449109079173781652592315e-05	4.3374086733522489872967032274136028e-03
6.7162852180701404710987607163924319e-04	2.1657420282656266056818654660931925e+00	2.5722674335923005359591718890984056e-05	4.3921991077266929302852029598675684e-03
6.5463136250510880548083370409905562e-04	2.1834232465851350458585585424959332e+00	2.6390593439878739622453461994817054e-05	4.4488551082075744289961146097499301e-03
6.3771562613620863080181215748993991e-04	2.2013349699296781812638767216329405e+00	2.7090664632360542963982520735266616e-05	4.5074739083665134976949061863501616e-03
6.2088493098099205386656665899123743e-04	2.2194852547747546220936054304496683e+00	2.7825078457113852918736629442826229e-05	4.5681597281873339139023336500814962e-03
6.0414297367206866789740539786449900e-04	2.2378825894456564456636219467246581e+00	2.8596220275358643084550969374162211e-05	4.6310244176529014534778047199996472e-03
5.8749353214179288934546411529890179e-04	2.2565359260374812460022164821077129e+00	2.9406691765255562388179571092400625e-05	4.6961881731694092670488825053232196e-03
5.7094046874061792503276721795923331e-04	2.2754547153617436061911591387579599e+00	3.0259335271119790926898129591159074e-05	4.7637803366638820675219563015056147e-03
5.5448773353933259141315431948388766e-04	2.2946489452723499521563995533675659e+00	3.1157261445757332941864834704252324e-05	4.8339402887424196199043233632313285e-03
5.3813936782985211182788360355661628e-04	2.3141291827727889732037302385594232e+00	3.2103880708897304802698398689509630e-05	4.9068184491299592346291840815994764e-03
5.2189950784072425042084515656096372e-04	2.3339066203634634734200574084757816e+00	3.3102939140566956415300054728900100e-05	4.9825773997851100575096726465829237e-03
5.0577238868518756133862914007957663e-04	2.3539931271546433836709674340558817e+00	3.4158559544153769172998197946288719e-05	5.0613931486673427845143010324586081e-03
4.8976234856150653347218128255115771e-04	2.3744013053483664388705835117608562e+00	3.5275288554536829899027478795689590e-05	5.1434565552168655960914128550785019e-03
4.7387383322744111758720983091516325e-04	2.3951445527839595513983771781225609e+00	3.6458150838005398561092820707405385e-05	5.2289749422996235948433785677894045e-03
4.5811140077312332451800401728108371e-04	2.4162371323493976308102170345792543e+00	3.7712711640278663713013377953059920e-05	5.3181739238079314651491405945073470e-03
4.4247972671935588706303021416543359e-04	2.4376942491877684161684434431825923e+00	3.9045149196444821725915353133967587e-05	5.4112994824628695559747814195843854e-03
4.2698360947147022250812653114018230e-04	2.4595321367787534147569465554527886e+00	4.0462338834421878555667362388833641e-05	5.5086203388538172299133748607421799e-03
4.1162797616244593527902152992008412e-04	2.4817681531543209247731958877886427e+00	4.1971950997559024294078094351219747e-05	5.6104306606468366661675896686274176e-03
3.9641788892307682886836162646153653e-04	2.5044208887220467793981532550753029e+00	4.3582565902931053344089095441764841e-05	5.7170531705449886912091193182552478e-03
3.8135855162165868116012606996194841e-04	2.5275102874264966477676042614507044e+00	4.5303808166710781512676092558943990e-05	5.8288427234351574652244242433483579e-03
3.6645531712107996179629558269657535e-04	2.5510577832888063669169665766441851e+00	4.7146505502150111891218469393637370e-05	5.9461904377802512420954567838968349e-03
3.5171369510744885576519314477518403e-04	2.5750864547394781152419220713052259e+00	4.9122876575945319365642200899091607e-05	6.0695284844539706615259260265347447e-03
3.3713936055164698915895375046101773e-04	2.5996211996153514890110223323046388e+00	5.1246754357338775440596755413244388e-05	6.1993356588331853618227820310816303e-03
3.2273816287365559785105541345438139e-04	2.6246889342490174092202650459267499e+00	5.3533852894592298762034286826318785e-05	6.3361438903262693560798070037229883e-03
3.0851613588939075874133884445564584e-04	2.6503188207637514403448388021250362e+00	5.6002087518001576982285983899390452e-05	6.4805458792959753323360732678693615e-03
2.9447950863140314426435935354174080e-04	2.6765425275332026632004124215087212e+00	5.8671961150539823747299330194640995e-05	6.6332040967556925897998170166323780e-03
2.8063471714850708181963054745111108e-04	2.7033945288167427656153258697115926e+00	6.1567032916634449139767682782250816e-05	6.7948614402580032481482905530375489e-03
2.6698841740565558547962065565638062e-04	2.7309124508965879907934424636763073e+00	6.4714489867349392983574981761969461e-05	6.9663539140810043501344288661287719e-03
2.5354749942473981150209067127743899e-04	2.7591374736984133770415652663419777e+00	6.8145848792785476949081233911580424e-05	7.1486257986394614415373266201936681e-03
2.4031910283017978623624122197597334e-04	2.7881147989758281475857874985397195e+00	7.1897823343378551543530535613894843e-05	7.3427479005543963572353311738550648e-03
2.2731063399110010371374069286168584e-04	2.8178941988190610636652902785930616e+00	7.6013402848975851853177860495418491e-05	7.5499396414928532370604202051927235e-03
2.1452978498571840735836884186846202e-04	2.8485306616975730629806043244327102e+00	8.0543204487889996606190960750908258e-05	7.7715959654561916779460709624346770e-03
2.0198455465482608294967308570167049e-04	2.8800851577233692692180163907684809e+00	8.5547181539582353926732311975656938e-05	8.0093203415321073136273534384403330e-03
1.8968327206187775552604408205550178e-04	2.9126255506850835240839869077932682e+00	9.1096799899938257038113755304486453e-05	8.2649655422117575929370994763967663e-03
1.7763462273981705121002825250346210e-04	2.9462276921558853297369149810871133e+00	9.7277836662472329915388567978672976e-05	8.5406844297926999223149101947697361e-03
1.6584767818278767366150982657688585e-04	2.9809767433364097227985439946737804e+00	1.0419401417442468090235939770784725e-04	8.8389937493632088000652498513482007e-03
1.5433192913892359985236191575706787e-04	3.0169687842875522820304854488446644e+00	1.1197176952788131275847212693003688e-04	9.1628550024101838592046047142024943e-03
1.4309732338474037055077876933277606e-04	3.0543127893418811489900527697206823e+00	1.2076658703039186047582021918890655e-04	9.5157780060245442497122965301100049e-03
1.3215430882086225148420614556666812e-04	3.0931330739881839617629975919921335e+00	1.3077151236811359264201265847096073e-04	9.9019549542119913046066177722802496e-03
1.2151388293489268445657005824203758e-04	3.1335723557661257894682107261808877e+00	1.4222875875692564781736361969077101e-04	1.0326436044269106836900772226559180e-02
1.1118764994708283340925420697183383e-04	3.1757956248532793706836789917753791e+00	1.5544576885116812999578741399952107e-04	1.0795362581253167980799667019418745e-02
1.0118788731234666204986656146709111e-04	3.2199950971650396062727138349224807e+00	1.7081781665388085123639264299390145e-04	1.1316280860293434215871749696819474e-02
9.1527623733545529344085185477708129e-05	3.2663966368665225729739500755305890e+00	1.8886040564542548657385359465515153e-04	1.1898571618003310925271414807656907e-02
8.2220731498547487533048651986527858e-05	3.3152682074383491080901772700366351e+00	2.1025667624855880250431248573408220e-04	1.2554048147278093518525288395259600e-02
7.3282036867486394286780471069531181e-05	3.3669311765751831601517144024755518e+00	2.3592840001001585729680829212023011e-04	1.3297806096683243115001102481286485e-02
6.4727453531575605572170802196397244e-05	3.4217757221938061726433994739637977e+00	2.6714511439136057564952138460730801e-04	1.4149458370608215035324893647844374e-02
5.6574146039924961301408357350866573e-05	3.4802822758128319526026620090538740e+00	3.0569697075207863385611095711691621e-04	1.5134976280789534625779683162085311e-02
4.8840732873818290276732976403387823e-05	3.5430521025321043996600494614185642e+00	3.5417806337157467143509057893504872e-04	1.6289516751081138861542144931745610e-02
4.1547543096818592076973369684769727e-05	3.6108521564648257509894006719811168e+00	4.1646982565713870413291788114798596e-04	1.7661915098796135090121484270799897e-02
3.4716947211607536762095281390607294e-05	3.6846830905017239042973046880438946e+00	4.9860568266464977126798285468696508e-04	1.9322118781308567705334295766309005e-02
2.8373793840115141607361573673738102e-05	3.7658865271143089029362125665438207e+00	6.1040791981322730790007734414872280e-04	2.1374095806657494408612512690620046e-02
2.2546002686328029384647848869791196e-05	3.8563225730868998904362385086961096e+00	7.6880933648014842257031300290024208e-04	2.3979608988380396598794762123708863e-02
1.7265398381491655149237596376463011e-05	3.9586816332396778142543238586016786e+00	1.0052086851116970569047960747513883e-03	2.7405343525295222978493917102790920e-02
1.2568935973272609626004892234508430e-05	4.0770755915179038816976466780379250e+00	1.3837171803945366632892737192196276e-03	3.2125615253303524145894162866727822e-02
8.5006082651930389256917717221542995e-06	4.2182786483495128706401466720828797e+00	2.0540155110479998709859857259845335e-03	3.9076672829536048653641303929417518e-02
5.1146513700151462572866615789821878e-06	4.3947333116655811442196698449879992e+00	3.4437777276669610095366551873911488e-03	5.0413010905601374591068781041967631e-02
2.4815094077382567567341465997056465e-06	4.6336386609322450860179924241272047e+00	7.2912995463463779336617817814539538e-03	7.2527041027486143338447120671613047e-02
6.9651161522657956765798188644049763e-07	5.0183618674066316777891242913487545e+00	3.4659865561265086353282170537068352e-02	1.3909695714353471608182782102888552e-01
0.0000000000000000000000000000000000e+00	0.0000000000000000000000000000000000e+00	9.3290245182033595360510845386809018e-06	2.4615933908332911286592402222177585e-03