6.8223560814505751511688413756086741e-07	-5.0223440817798564979730681854687885e+00	3.4611408166642073009391933558311702e-02	1.3899702433225953024418199493987097e-01
2.4309831577198031887523337748387092e-06	-4.6379066254392562041658065776573960e+00	7.2799265445887476297981376951630388e-03	7.2470115648267008175067495340212531e-02
5.0110774387739152747697401622379167e-06	-4.3991947033313921929449843670630134e+00	3.4380056652297373253030204383052087e-03	5.0370620332512077543842128982545039e-02
8.3292695467033797647141357584525604e-06	-4.2228923229980756918455968785810433e+00	2.0503723261289453471191567540487241e-03	3.9041940726738622164985972221654202e-02
1.2316645374732666760895915381539244e-05	-4.0818175972629019791657962097444687e+00	1.3811441529682562676768667866331181e-03	3.2095696520278676648942142990393797e-02
1.6920145038887769199625216247807935e-05	-3.9635360755481344890253565691101857e+00	1.0032615277840950735918694548058231e-03	2.7378764468092346373386129944566418e-02
2.2096728655826694097814844136498091e-05	-3.8612780372263413965407792162499960e+00	7.6726519423608895258482908508804813e-04	2.3955499516645616733817355611980759e-02
2.7810240772886349833964811885659455e-05	-3.7709343685966639378124364009980535e+00	6.0914124807483312547414142018026797e-04	2.1351895696670677643767371627354468e-02
3.4029544634678972778384091702049197e-05	-3.6898165079512057345484803526171892e+00	4.9753970061679888026470992785034347e-04	1.9301444292242212687086390557420255e-02
4.0727323411892589270975339645730175e-05	-3.6160656422951906924234489478193718e+00	4.1555460174684098850799632901423902e-04	1.7642490862339238305244906624378769e-02
4.7879264527999544296079475853853984e-05	-3.5483410953866379411657645181086813e+00	3.5337953947124893944681105796965459e-04	1.6271137866768041968431818144547728e-02
5.5463479614431139275630098579823609e-05	-3.4856429292032297952083065967800041e+00	3.0499101170710693740134813129467910e-04	1.5117485780960428324225826723176983e-02
6.3460077340929230441761981316578115e-05	-3.4272047441207820642813236992377955e+00	2.6651407368124328368368381607947711e-04	1.4132733101851233870722114582900703e-02
7.1850839762559992051728354458253114e-05	-3.3724257146110069389267046049199082e+00	2.3535903433089393455787499131008428e-04	1.3281747488673351143498396244773873e-02
8.0618971256397190237665709017362621e-05	-3.3208257640819692699005781958285200e+00	2.0973882475911691296107146008258475e-04	1.2538575959351125411825173449487075e-02
8.9748899866812664230875887250904062e-05	-3.2720150057245443892009206418784997e+00	1.8838612328644934164586528558940504e-04	1.1883619574196699854902196619996188e-02
9.9226117434635544431884823827690591e-05	-3.2256723138621516209184606465038626e+00	1.7038078791860690167474679922150202e-04	1.1301793523473677404135961395813877e-02
1.0903704904168427509626353955935644e-04	-3.1815299286117619687218738180243634e+00	1.5504090071388581607576594413584261e-04	1.0781293064358513647582742779153632e-02
1.1916894502450045389264066792446298e-04	-3.1393621588754219051263134341122587e+00	1.4185189145198664402284007219306880e-04	1.0312744301643555210229439891674850e-02
1.2960979064532884393575952393340903e-04	-3.0989769372167069250013464284846684e+00	1.3041920970572978177363326021778045e-04	9.8886064839769211088928660415538981e-03
1.4034822977509198982226368435014161e-04	-3.0602094018969120487783615047406461e+00	1.2043598162270476843263852495760151e-04	9.5027428494967070812519713632747281e-03
1.5137349983711031681974515319247081e-04	-3.0229169473066353653601466169123736e+00	1.1166044669700766618955105468411737e-04	9.1501069619897710799296507909136103e-03
1.6267537590357196263814730827523956e-04	-2.9869753561565335551592805668872643e+00	1.0389992360799228728905509769145698e-04	8.8265097696511052275093018760036870e-03
1.7424412230764339310590153325916234e-04	-2.9522757407932196650571435746454282e+00	9.6999224300500136279385416154932545e-05	8.5284441024082548617383970582050979e-03
1.8607045048420906763505724218775055e-04	-2.9187220980925731050632371977264063e+00	9.0832154792598839235965152764140343e-05	8.2529507055697930065883899649481152e-03
1.9814548201619814787062701273587587e-04	-2.8862293354920288619165483297149339e+00	8.5295193933344657817490244227064296e-05	7.9975147543757846994913749807601337e-03
2.1046071606504087293036699360593773e-04	-2.8547216629405180738607033959779308e+00	8.0302732437429645108425063544152184e-05	7.7599850382947529661428226233936626e-03
2.2300800051954296159980620077611978e-04	-2.8241312720323614508655717557107578e+00	7.5783445376321903730633841928166982e-05	7.5385102139498797809504352871552636e-03
2.3577950631908746497719965130095799e-04	-2.7943972427121689888684505794807706e+00	7.1677498677534472153924104016061258e-05	7.3314880554486916634217567092152171e-03
2.4876770450298365857476021588374006e-04	-2.7654646319217716096556050335413884e+00	6.7934376589778094273368203696518132e-05	7.1375247057031064091110430969985139e-03
2.6196534561410567125152366010823692e-04	-2.7372837089111699365370046403036434e+00	6.4511176576792686659833853844782305e-05	6.9554016977765555833573916824784487e-03
2.7536544114621155189353941415996986e-04	-2.7098093096830551076133621572453622e+00	6.1371259656317700498235182131896481e-05	6.7840490673339744187522692805189384e-03
2.8896124677386851457787641864663901e-04	-2.6830002888996502446631006068810877e+00	5.8483173595625759912936795561964250e-05	6.6225232800780166690550539009858004e-03
3.0274624714426395057348647372667773e-04	-2.6568190520545261125274026752219303e+00	5.5819787420222109118527408090139548e-05	6.4699889951853520500314594595805301e-03
3.1671414204327964139412259561362561e-04	-2.6312311541589759523857637606715659e+00	5.3357590929206291563478764495804222e-05	6.3257039071691324731580875700183709e-03
3.3085883377552578652458054413497830e-04	-2.6062049538706131630666131888482546e+00	5.1076124058543250218740419079102085e-05	6.1890060751552716478579275248389166e-03
3.4517441562071533524021484062466637e-04	-2.5817113140890101008006599534138043e+00	4.8957509169903641543163920824302486e-05	6.0593032749778993690678454620320771e-03
3.5965516124769966690468783768489524e-04	-2.5577233416976191803621800315602132e+00	4.6986065484432406264321782448179140e-05	5.9360640062527189823374506373778422e-03
3.7429551498338500693023018380570958e-04	-2.5342161604454813643266707483848362e+00	4.5147989500374007827245436084019105e-05	5.8188098612207262494787413705971636e-03
3.8909008284716007777965775666489168e-04	-2.5111667120131379230787116692377286e+00	4.3431088736646365054054673960640774e-05	5.7071090201536219860943538563971547e-03
4.0403362427283160860112938729883944e-04	-2.4885535811527090214913846557727789e+00	4.1824558821570854888283691864686464e-05	5.6005706835001645851641502671951469e-03
4.1912104444974008939352351529439877e-04	-2.4663568414764143611208743812082968e+00	4.0318796006783050948205268429507307e-05	5.4988402867073665860977781203047731e-03
4.3434738722299961862147200282457587e-04	-2.4445579190247141040217350222147234e+00	3.8905238783735929874489771088047257e-05	5.4015953719934103483761794212026312e-03
4.4970782849990491463285183996708233e-04	-2.4231394712008563705546495689617645e+00	3.7576233526513145537577308247659173e-05	5.3085420139507351735883353807842292e-03
4.6519767011566479716338427263795347e-04	-2.4020852790332240706391886724535833e+00	3.6324920063123350881528900036434744e-05	5.2194117139829811137556264501413452e-03
4.8081233411690982955863837296179420e-04	-2.3813801510363486397808710467216887e+00	3.5145133850170561782433861892506610e-05	5.1339586931931766484299099948246273e-03
4.9654735742601012402902243805571798e-04	-2.3610098371982867689024023604261799e+00	3.4031322039493580073640984965073282e-05	5.0519575251834451969716996178633285e-03
5.1239838685323328354429061545937121e-04	-2.3409609518361172816816627737529029e+00	3.2978471215391065709408223769080801e-05	4.9732010598708429018711552434077068e-03
5.2836117442725995856997112175455702e-04	-2.3212209042404680526552073773053651e+00	3.1982044974331577200395687791355745e-05	4.8974985973145098599822249098295860e-03
5.4443157301762887238702776116754761e-04	-2.3017778361805121741355265461689079e+00	3.1037929836237747379195315620843945e-05	4.8246742770338052030662806325325956e-03
5.6060553222536586649628730330215661e-04	-2.2826205654678294725007694721932990e+00	3.0142388233454124279730086023159628e-05	4.7545656536487808969838143482963832e-03
5.7687909452041422628251888040026061e-04	-2.2637385348849926091298650072804367e+00	2.9292017532708807571724087147761523e-05	4.6870224341091506252030802401519053e-03
5.9324839160656990323088814759112739e-04	-2.2451217658760148823768191728532977e+00	2.8483714216390071220581477427505906e-05	4.6219053554672878682148999495830755e-03
6.0970964099647222179498098660020291e-04	-2.2267608164735849558824650808830195e+00	2.7714642489829415652689444011874846e-05	4.5590851852315495996281006915380506e-03
6.2625914278083967107485401916756002e-04	-2.2086467430045173088605087058700736e+00	2.6982206696958662205305358135436762e-05	4.4984418289180328720633684449041597e-03
6.4289327657759823244203523638552610e-04	-2.1907710651718776337204181120897234e+00	2.6284027022397965523807039997163307e-05	4.4398635315900257699226568372580900e-03
6.5960849864784930895169969079579113e-04	-2.1731257341612933349322558371785145e+00	2.5617918037477150682842780593955955e-05	4.3832461620063039209964346646414842e-03
6.7640133916678537038422822580640862e-04	-2.1557031034612669023480360995097376e+00	2.4981869713884363353919093077709314e-05	4.3284925695500103972868284231897830e-03
6.9326839963870083419739170411506152e-04	-2.1384959021239010132013268132458170e+00	2.4374030583971856860385551819036793e-05	4.2755120054263829610814481576795592e-03
7.1020635044617807153174604181885676e-04	-2.1214972102241745185320698300514198e+00	2.3792692773160401405401137751112742e-05	4.2242196007387101128156781564150857e-03
7.2721192852436639350885257926460351e-04	-2.1047004363034935833079547858991371e+00	2.3236278668933173631775715288061148e-05	4.1745358950093451005197590097024589e-03
7.4428193515202639570705636864631435e-04	-2.0880992966072824684836733801472379e+00	2.2703329023864836251469596370576691e-05	4.1263864095325389120317732978992484e-03
7.6141323385169264751586337877195625e-04	-2.0716877959473788917873184405215786e+00	2.2192492318024665687975903536478964e-05	4.0797012606498943133983759608005554e-03
7.7860274839192271438432980648612492e-04	-2.0554602100383858893211056069899463e+00	2.1702515229768427628503005182866811e-05	4.0344148086453321954112668856491436e-03
7.9584746088515715163891847439733520e-04	-2.0394110691732664444745995565232787e+00	2.1232234084084953591834411348793685e-05	3.9904653384795272128675450708119750e-03
8.1314440997521976272821317815529611e-04	-2.0235351431176550991746003117313293e+00	2.0780567164860203428025239215017390e-05	3.9477947690362730034335261779384770e-03
8.3049068910894564830454906302600951e-04	-2.0078274271148629363992718127745801e+00	2.0346507792134810808858430811456909e-05	3.9063483879456104915141476246300929e-03
8.4788344488684128860101136928950016e-04	-1.9922831289045910932836033444374258e+00	1.9929118078050659718298462514484524e-05	3.8660746093895548493868054051586409e-03
8.6531987548806042043087446258491054e-04	-1.9768976566681335434456790438493873e+00	1.9527523286031896503944942672701286e-05	3.8269247525932619586404702557580842e-03
8.8279722916532560611567543886010989e-04	-1.9616666078215053765569056189072158e+00	1.9140906727095869563293159696814201e-05	3.7888528389637090246718302177081593e-03
9.0031280280574151868967312912434668e-04	-1.9465857585856183873949788671420702e+00	1.8768505135265339673226716354874247e-05	3.7518154060646953825846015118991809e-03
9.1786394055373507580231347226966876e-04	-1.9316510542694622299524640066814037e+00	1.8409604471043873813370005627506396e-05	3.7157713368156693987991164525246751e-03
9.3544803249262229829083667934894567e-04	-1.9168586002083409602166793451067715e+00	1.8063536107980354294366900250255104e-05	3.6806817024763586852311371518134455e-03
9.5306251338154450909884795333619938e-04	-1.9022046533046516991888493468667059e+00	1.7729673362619685856779629360317215e-05	3.6465096181326661112608529355627645e-03
9.7070486144473932704582403271779998e-04	-1.8876856141235526173329070722070817e+00	1.7407428332727935161980388880680355e-05	3.6132201095345643562301519510964298e-03
9.8837259721031672438705563987703957e-04	-1.8732980195002194337648008768190035e+00	1.7096249012686816797682049257910499e-05	3.5807799902561504165614844084896855e-03
1.0060632823958988841994238725818531e-03	-1.8590385356192923008260401960516597e+00	1.6795616658455687801553077796315347e-05	3.5491577482536458665160127219156312e-03
1.0237745188386562145398096927738083e-03	-1.8449039515306199098873346382853898e+00	1.6505043377567936711047533909392116e-05	3.5183234409907012535099147592143506e-03
1.0415039474674319967821633970476484e-03	-1.8308911730685600001552641346758749e+00	1.6224069922321575824787632359284581e-05	3.4882485983833943799891623875119005e-03
1.0592492473147959737220097374083824e-03	-1.8169972171449346549136468809393092e+00	1.5952263666691117910602234676093300e-05	3.4589061328911070843738332505910449e-03
1.0770081345670038051753567449585500e-03	-1.8032192063882994490525051524669110e+00	1.5689216749572362378279213474241197e-05	3.4302702561451525545060493214721501e-03
1.0947783616499657128496980510294238e-03	-1.7895543641044980816905805614127812e+00	1.5434544368810340223466180774182231e-05	3.4023164015655841292629500542581919e-03
1.1125577163494446838982196118422071e-03	-1.7760000095355653516378971069210791e+00	1.5187883212085002586567344824594486e-05	3.3750211524688973122360825248490277e-03
1.1303440209638130996991989435138477e-03	-1.7625535533959348011916736762658629e+00	1.4948890012166518323424276731324309e-05	3.3483621752160793093523531736446352e-03
1.1481351314877973224576036099439790e-03	-1.7492124936666238910084146765169976e+00	1.4717240215325764133151547661964216e-05	3.3223181569923098706283398615210034e-03
1.1659289368257332583117552899735152e-03	-1.7359744116296275896130897996455484e+00	1.4492626752816049419486303038673711e-05	3.2968687478471368504913821767494368e-03
1.1837233580329428117418855934631366e-03	-1.7228369681261670719056085940264976e+00	1.4274758906346895159649822977025971e-05	3.2719945066576324009542657277264521e-03
1.2015163475839219874823143421656839e-03	-1.7097979000237282831842739514944428e+00	1.4063361259365027250371623349987194e-05	3.2476768507073127393751579684514225e-03
1.2193058886661066690080190645205970e-03	-1.6968550168779982823639229169592656e+00	1.3858172726754895595027040670856426e-05	3.2238980086008547755013197056878795e-03
1.2370899944980522490885178564326479e-03	-1.6840061977768769531817057503675353e+00	1.3658945656282517691841138142814313e-05	3.2006409762591994479322200075491491e-03
1.2548667076709287103269074457810521e-03	-1.6712493883547180386750330084196022e+00	1.3465444995742317773948513382292612e-05	3.1778894757617874353760327220047705e-03
1.2726340995122938187924849824129588e-03	-1.6585825979658455848391075215745480e+00	1.3277447520335662518968728207081241e-05	3.1556279168226862803924023995342669e-03
1.2903902694711641364073782663415446e-03	-1.6460038970072078759335257747977458e+00	1.3094741115319653483184419419522974e-05	3.1338413607054669235801591706483369e-03
1.3081333445234568832278004241656322e-03	-1.6335114143807780504724636945898176e+00	1.2917124109422143363916018293378376e-05	3.1125154863980737824572178108978921e-03
1.3258614785969255685085341273743358e-03	-1.6211033350869952887647986557784229e+00	1.2744404654929790887665009513760971e-05	3.0916365588837842797743388726585540e-03
1.3435728520147590150720467238957047e-03	-1.6087778979411685730451397446402989e+00	1.2576400150725433821980658746767055e-05	3.0711913993578293265939536806775338e-03
1.3612656709570571591573651492853459e-03	-1.5965333934053417565713630069899920e+00	1.2412936704883694561893425749793266e-05	3.0511673572514861158797816920968378e-03
1.3789381669394380322625918593601964e-03	-1.5843681615286487257773983821514524e+00	1.2253848633733548765619134639982988e-05	3.0315522839365834849485619460261915e-03
1.3965885963080688195131117620347426e-03	-1.5722805899896750158868091770315157e+00	1.2098977994567122453658135837235059e-05	3.0123345079934891223656597246764977e-03
1.4142152397504500217287285397790383e-03	-1.5602691122347911421399938826744982e+00	1.1948174149418361665544954697443028e-05	2.9935028119348759844130844621635572e-03
1.4318164018213156919758117825507046e-03	-1.5483322057068365588792357455228886e+00	1.1801293357556204830679783259821033e-05	2.9750464102859807273676621515266283e-03
1.4493904104830446250393151295382962e-03	-1.5364683901589146463233817158426737e+00	1.1658198394536928796487466730643097e-05	2.9569549289297486011783921081456834e-03
1.4669356166600073908953468842235976e-03	-1.5246762260484112408278597906423261e+00	1.1518758195841604937458536190076310e-05	2.9392183856322775916539883088638452e-03
1.4844503938063023508314351384361956e-03	-1.5129543130066744927833436481636355e+00	1.1382847523289018343623916741157389e-05	2.9218271716703927577576499836897576e-03
1.5019331374863603971972689738504110e-03	-1.5013012883800945420440463448779731e+00	1.1250346652563682992933602137442310e-05	2.9047720344890562530329193200653754e-03
1.5193822649679232255171270260863690e-03	-1.4897158258385997145424034161547557e+00	1.1121141080334252729173015862731010e-05	2.8880440613217001951182798070339862e-03
1.5367962148269235830825589679474600e-03	-1.4781966340478435437838515759106703e+00	1.0995121249561039255651735379839672e-05	2.8716346637115039356405202977534672e-03
1.5541734465638182356921540706484985e-03	-1.4667424554015956125670203300845412e+00	1.0872182291703714962350432061252633e-05	2.8555355628761653662048298624195478e-03
1.5715124402309454413790727280916096e-03	-1.4553520648110705433509957018351637e+00	1.0752223784642681324924487881541651e-05	2.8397387758628745593034104465660797e-03
1.5888116960704985977608128761250535e-03	-1.4440242685481348499479302690631560e+00	1.0635149525220989228129090153307517e-05	2.8242366024440205164022095016734268e-03
1.6060697341627265131168467053342533e-03	-1.4327579031395220821692096715960093e+00	1.0520867315398970638060411026376729e-05	2.8090216127076780476589920069069481e-03
1.6232850940839885100536662691404488e-03	-1.4215518343093639183052106451800427e+00	1.0409288761091656224210638715527600e-05	2.7940866353001588914317316352866857e-03
1.6404563345743093692480797323563899e-03	-1.4104049559675096546095207400779822e+00	1.0300329082830305450979752614349904e-05	2.7794247462808935410511281328397600e-03
1.6575820332140950192542534963958646e-03	-1.3993161892412598800303890447825179e+00	1.0193906937454587841197734629941994e-05	2.7650292585526599889584211263086124e-03
1.6746607861096849324617355676005286e-03	-1.3882844815482828978821706912558547e+00	1.0089944250101686805637900097215639e-05	2.7508937118327127372849129685284876e-03
1.6916912075874314488364521321068473e-03	-1.3773088057086154773679630048529497e+00	9.9883660558133545118942673628684740e-06	2.7370118631327080924845917207478081e-03
1.7086719298960097662979480819509326e-03	-1.3663881590937735311627635246808647e+00	9.8891003501321813531656545853181270e-06	2.7233776777174864042720428747316816e-03
1.7256016029166751543941285012475977e-03	-1.3555215628111140022823248352112265e+00	9.7920779481044654302653031345490995e-06	2.7099853205147734520059684076450099e-03
1.7424788938811961081716073478913241e-03	-1.3447080609216972289238913393197140e+00	9.6972323511494447518007147213382199e-06	2.6968291479497151843367113895308912e-03
1.7593024870972037008133003257398369e-03	-1.3339467196899999128770039268244426e+00	9.6044996212936204096019418663991533e-06	2.6839037001798748088359228924506882e-03
1.7760710836807083531126806071880176e-03	-1.3232366268639230714263550807952759e+00	9.5138182623047535238204097586409404e-06	2.6712036937079100258135682950670350e-03
1.7927834012955456491397449987920692e-03	-1.3125768909836274875387278941162321e+00	9.4251291072931342362266880179059125e-06	2.6587240143506212211487929915503932e-03
1.8094381738995227222469185283688906e-03	-1.3019666407178116326594282957284834e+00	9.3383752123781436226956639349835926e-06	2.6464597105444279883409837041180954e-03
1.8260341514970461435050122911134587e-03	-1.2914050242261242291820387781847986e+00	9.2535017560461820947475295918266609e-06	2.6344059869685999336443208360036412e-03
1.8425700998980211934644693996264676e-03	-1.2808912085464759216782774380966085e+00	9.1704559438519228478982474681129841e-06	2.6225581984687460833552780205969477e-03
1.8590448004828209137330725601848151e-03	-1.2704243790060822837175296874108098e+00	9.0891869181387496518088590786645466e-06	2.6109118442641624419924064817779191e-03
1.8754570499731314415172167691247431e-03	-1.2600037386551339199123294915751855e+00	9.0096456724763213697938982385663970e-06	2.5994625624236558195896956845131732e-03
1.8918056602084878507188734703011081e-03	-1.2496285077220490252644096062463463e+00	8.9317849705336224631352732023501202e-06	2.5882061245954098798654192022603166e-03
1.9080894579283220787125550512282805e-03	-1.2392979230893197078477391186013658e+00	8.8555592691247471043531544789509606e-06	2.5771384309773418825916214711591502e-03
1.9243072845593515285134919206907076e-03	-1.2290112377890159174737143913314082e+00	8.7809246451821497587990652966877471e-06	2.5662555055152207725340384805755617e-03
1.9404579960081436204196602429383912e-03	-1.2187677205170601843281992537352519e+00	8.7078387264282913968999836507763366e-06	2.5555534913165836600824459729614016e-03
1.9565404624586979429439096283291209e-03	-1.2085666551654327722814370638348326e+00	8.6362606255316219784456050088443389e-06	2.5450286462692025253751145676816370e-03
1.9725535681748937364528537141812261e-03	-1.1984073403715104902584565967116684e+00	8.5661508775467614823380204282731258e-06	2.5346773388535199961973232664565144e-03
1.9884962113076562499010817335547795e-03	-1.1882890890837834656127924923507746e+00	8.4974713804516602489098423281676042e-06	2.5244960441390958260840552175365253e-03
2.0043673037067010559649845735273207e-03	-1.1782112281432328362400838344330235e+00	8.4301853386065139736817357304095876e-06	2.5144813399556874742724209482397832e-03
2.0201657707367207064426797997416659e-03	-1.1681730978796887211341104172237655e+00	8.3642572089703517633108527785634253e-06	2.5046299032301319452126945437953163e-03
2.0358905510978831708859853390345144e-03	-1.1581740517225221287159606141354312e+00	8.2996526499215734923898116750222359e-06	2.4949385064807045269712668029714408e-03
2.0515405966505163391998433749871731e-03	-1.1482134558250567945099208088633624e+00	8.2363384725383459394973408688084972e-06	2.4854040144611058031208808078043320e-03
2.0671148722438574948084160572131537e-03	-1.1382906887021174308414015450091224e+00	8.1742825942037313985285031223563638e-06	2.4760233809466736315904389280022746e-03
2.0826123555487510897074855520222628e-03	-1.1284051408801596384863289963538393e+00	8.1134539944087685936625853270632920e-06	2.4667936456558338351460884118264680e-03
2.0980320368941823864427101154794459e-03	-1.1185562145594538826448572463704992e+00	8.0538226726345004968171399569830499e-06	2.4577119313001941144258097069006043e-03
2.1133729191075385843361226011151185e-03	-1.1087433232878215746608383200131280e+00	7.9953596082011899410216376029599584e-06	2.4487754407570520064029181200573082e-03
2.1286340173584929271498810043000223e-03	-1.0989658916454455209394833805980284e+00	7.9380367219797211301477914218464964e-06	2.4399814543584312600326532523371976e-03
2.1438143590064110053394045775735026e-03	-1.0892233549402998894019636208548315e+00	7.8818268398664894632157606236821897e-06	2.4313273272910833499503447961671923e-03
2.1589129834511820261441775383773732e-03	-1.0795151589137664834161328069099920e+00	7.8267036579289668070967611503290291e-06	2.4228104871021934443281805463887226e-03
2.1739289419873812365837644147401477e-03	-1.0698407594560245797519797131151210e+00	7.7726417091346250931322800446099021e-06	2.4144284313058143223927508296608383e-03
2.1888612976616729551403140636569979e-03	-1.0601996223308209518734193665456334e+00	7.7196163315810360795801931471538178e-06	2.4061787250853187395593973088792286e-03
2.2037091251333668042954664562297677e-03	-1.0505912229092450291691761405939811e+00	7.6676036381497652897023899774023901e-06	2.3980589990874117113894987889023058e-03
2.2184715105380427445586791576875645e-03	-1.0410150459121514984991806366481898e+00	7.6165804875111674486286071735688286e-06	2.3900669473034801954725790456243606e-03
2.2331475513541633972386782183905490e-03	-1.0314705851608890945452856081313882e+00	7.5665244564113912834853636330088702e-06	2.3822003250342796794886851135664762e-03
2.2477363562725949137076121970578788e-03	-1.0219573433360099039607533133275452e+00	7.5174138131768336981055509361861695e-06	2.3744569469341661495757786728268379e-03
2.2622370450689603087201621623450350e-03	-1.0124748317436482757380593327758179e+00	7.4692274923749659002590345291790051e-06	2.3668346851312786655825677136986892e-03
2.2766487484787517296211992698298291e-03	-1.0030225700892724338088719231514528e+00	7.4219450705739044263574152886852964e-06	2.3593314674202630982105198125988706e-03
2.2909706080751305868787388340826149e-03	-9.9360008625852517185941273510854868e-01	7.3755467431463342407362906393589471e-06	2.3519452755243022210025880771445989e-03
2.3052017761493468289322849417932079e-03	-9.8420691610488261606518080097413121e-01	7.3300133020664240403153810431797881e-06	2.3446741434233819796473745824018920e-03
2.3193414155937109102286693941194687e-03	-9.7484260324387200766635081052210319e-01	7.2853261146512193168332879213724284e-06	2.3375161557458790165555980698773984e-03
2.3333886997870541796806795498287895e-03	-9.6550669885360082031597532130060594e-01	7.2414671032006693433905716986139249e-06	2.3304694462207010005488977758102126e-03
2.3473428124826155115677369361156393e-03	-9.5619876148136032095543997427837700e-01	7.1984187254929518462426440480192817e-06	2.3235321961873495495074678064422738e-03
2.3612029476982940158415161431344499e-03	-9.4691835685607693950108996174083827e-01	7.1561639560941146190524102834962980e-06	2.3167026331614060500343854895129046e-03
2.3749683096092096034522907065911311e-03	-9.3766505770639456178074180817012049e-01	7.1146862684432668617751090924051878e-06	2.3099790294530639498436379595633649e-03
2.3886381124425150480450119554980344e-03	-9.2843844358418013001377708137600763e-01	7.0739696176766339734616684618822896e-06	2.3033597008364475706237555421244433e-03
2.4022115803744049813902125231882825e-03	-9.1923810069325375203950458652450869e-01	7.0339984241557466151148627364534386e-06	2.2968430052675675766217806770028764e-03
2.4156879474292689892572391904130680e-03	-9.1006362172315290921743912199031718e-01	6.9947575576668761795207765013212392e-06	2.2904273416488673244610092947712606e-03
2.4290664573809376399992803046909730e-03	-9.0091460568774833670499166975832764e-01	6.9562323222605618786601327424143795e-06	2.2841111486384127743644875259951503e-03
2.4423463636559718826524419419530177e-03	-8.9179065776853675051974636884896076e-01	6.9184084417017064737197237490847287e-06	2.2778929035018717997576559223345066e-03
2.4555269292389477974718802798663238e-03	-8.8269138916244283396596301078182018e-01	6.8812720455022547251052437482780239e-06	2.2717711210055169067690910098527241e-03
2.4686074265796901720270293559781178e-03	-8.7361641693396979097853827618171573e-01	6.8448096555099169740186896040226045e-06	2.2657443523485688624647867866449932e-03
2.4815871375024098126256472446481680e-03	-8.6456536387154434390146729576673506e-01	6.8090081730277655076723063680421318e-06	2.2598111841332778066473477602786555e-03
2.4944653531167008861896430473675934e-03	-8.5553785834790831529342384265875575e-01	6.7738548664408187437884804541007913e-06	2.2539702373712133448621778885501941e-03
2.5072413737303559239139597834527511e-03	-8.4653353418441490366301295733165934e-01	6.7393373593269426744391511815875038e-06	2.2482201665243061314835707369123523e-03
2.5199145087639574071510316185265872e-03	-8.3755203051909345676795297794222713e-01	6.7054436190305449798772714710841686e-06	2.2425596585792507776292520099785855e-03
2.5324840766672060999290930848597860e-03	-8.2859299167835197757750249108375430e-01	6.6721619456786189972473384203019029e-06	2.2369874321539437710797758368196542e-03
2.5449494048369474931932795389085796e-03	-8.1965606705219178068689661574406143e-01	6.6394809616197162589764432841505371e-06	2.2315022366346906729333164336692569e-03
2.5573098295368588850279884635366251e-03	-8.1074091097281366360835929151935671e-01	6.6073896012673912886517541664563589e-06	2.2261028513429743445587609744309702e-03
2.5695646958187607404694191399156509e-03	-8.0184718259649967994627765311235929e-01	6.5758771013305742002019128904311375e-06	2.2207880847306305330944082394798482e-03
2.5817133574455170556629487237608342e-03	-7.9297454578865911131884817950715785e-01	6.5449329914141886032981400743431199e-06	2.2155567736023289680539102967511769e-03
2.5937551768154904956017386350223166e-03	-7.8412266901193154270475193993742975e-01	6.5145470849741473766111071247119156e-06	2.2104077823643073492525973488929257e-03
2.6056895248885190839715011688248203e-03	-7.7529122521724406176525595431705218e-01	6.4847094706116298369352775266190655e-06	2.2053400022983523815653017953637299e-03
2.6175157811133821991261602444622430e-03	-7.6647989173772353615420873746679248e-01	6.4554105036922733296498241159980667e-06	2.2003523508600664705069034481595998e-03
2.6292333333567245732717044409217792e-03	-7.5768835018536868288982791315149837e-01	6.4266407982766027481840652699018402e-06	2.1954437710005009616306488087397365e-03
2.6408415778334079038225450071168930e-03	-7.4891628635039023903826436701053118e-01	6.3983912193486752528599471010703394e-06	2.1906132305102770059526983911476883e-03
2.6523399190382605678410417049860966e-03	-7.4016339010313098130074612510051473e-01	6.3706528753305366515438348310130523e-06	2.1858597213853533755646120492730502e-03
2.6637277696791967836474575931079086e-03	-7.3142935529848063121818639743125967e-01	6.3434171108706725380501738939925131e-06	2.1811822592136369441282795796764625e-03
2.6750045506116773892140661841528365e-03	-7.2271387968270382981335349903493872e-01	6.3166754998951932439485534633395112e-06	2.1765798825816661856416243582271940e-03
2.6861696907744852059043106544222185e-03	-7.1401666480260237739846995877902227e-01	6.2904198389110187114464277552311183e-06	2.1720516525006310254437998601798707e-03
2.6972226271267887295102815540918841e-03	-7.0533741591693581743907649519153303e-01	6.2646421405508291949028226215356601e-06	2.1675966518510237881395761683051830e-03
2.7081628045864686393597038388475110e-03	-6.9667584191002720389424245964926715e-01	6.2393346273500217987449200712491636e-06	2.1632139848452459110752511958252725e-03
2.7189896759696823414455057067345013e-03	-6.8803165520748353513711531959604718e-01	6.2144897257463627164406196584146804e-06	2.1589027765075236074955573379972427e-03
2.7297027019316424639753407152461697e-03	-6.7940457169396286988269258137143736e-01	6.1901000602934520153552430795280563e-06	2.1546621721705128443498316107842210e-03
2.7403013509085859043055913826755918e-03	-6.7079431063292256670926238923705305e-01	6.1661584480795231986921339049019567e-06	2.1504913369879999154697060316190497e-03
2.7507850990609106857386363167822117e-03	-6.6220059458828541368362394601362035e-01	6.1426578933434847730092846945112614e-06	2.1463894554631286071226664062024972e-03
2.7611534302174585219132752301098906e-03	-6.5362314934796264296047821885636755e-01	6.1195915822804767897168152642498891e-06	2.1423557309916085316536780454497386e-03
2.7714058358209216062630933415143146e-03	-6.4506170384917496145526393773332519e-01	6.0969528780295628749569170011560863e-06	2.1383893854193817044720705926942239e-03
2.7815418148743527449818280551750526e-03	-6.3651599010551477699218413209699387e-01	6.0747353158365086140288269420051020e-06	2.1344896586142459151618995289601969e-03
2.7915608738887585348142670227473658e-03	-6.2798574313569476369587926833337548e-01	6.0529325983849112540831334849053571e-06	2.1306558080509539470571037843345381e-03
2.8014625268317558524532120150277837e-03	-6.1947070089392979461439656800665465e-01	6.0315385912892444164173744519877859e-06	2.1268871084093272804076878632661749e-03
2.8112462950772724710078267933482853e-03	-6.1097060420190107722980214115727198e-01	6.0105473187436656993971093500644191e-06	2.1231828511849416187376220236217328e-03
2.8209117073562731515306278846933423e-03	-6.0248519668225306204729989985986652e-01	5.9899529593207054879734425759866370e-06	2.1195423443119594500779340041896202e-03
2.8304582997084930745391831593509036e-03	-5.9401422469357535909955811986137878e-01	5.9697498419142127033796424918393473e-06	2.1159649117977019359717707659662909e-03
2.8398856154351609784104232660485293e-03	-5.8555743726682349504407966474589231e-01	5.9499324418211783214133903517821613e-06	2.1124498933685687507603258411706631e-03
2.8491932050526948590040488425822627e-03	-5.7711458604313387749908820662770117e-01	5.9304953769572909141317766759934338e-06	2.1089966441269301088173088566776998e-03
2.8583806262473535584090908297685966e-03	-5.6868542521298980614419566475347145e-01	5.9114334042013008445427127507698475e-06	2.1056045342186301532574732181325509e-03
2.8674474438308280308060363845704250e-03	-5.6026971145669678455591779188334913e-01	5.8927414158634816484114530150889617e-06	2.1022729485107551694756049886708991e-03
2.8763932296967565205783006846301995e-03	-5.5186720388612674527525566421333071e-01	5.8744144362736791199515557387979987e-06	2.0990012862793337621815593881420346e-03
2.8852175627781483224547619655808208e-03	-5.4347766398769210561275561900086554e-01	5.8564476184846311962131264658867220e-06	2.0957889609066492252236983707689651e-03
2.8939200290057012160652991628346485e-03	-5.3510085556651182546721675527287399e-01	5.8388362410864253965451203499680878e-06	2.0926353995878568677071170280130814e-03
2.9025002212669980782724472807996029e-03	-5.2673654469173284313896941847890201e-01	5.8215757051281357793548377709634984e-06	2.0895400430466110645047956869412913e-03
2.9109577393665685764167924695992855e-03	-5.1838449964297142282449924464768926e-01	5.8046615311428485635802810691270526e-06	2.0865023452594182996252679591020570e-03
2.9192921899868022345783721870729987e-03	-5.1004449085784006015431813422188158e-01	5.7880893562724451377537147852864150e-06	2.0835217731884434911206438920818195e-03
2.9275031866496995434930443478471351e-03	-5.0171629088052666165475258863237169e-01	5.7718549314886635335090756890157240e-06	2.0805978065225074491347524194482749e-03
2.9355903496794481532392273625771185e-03	-4.9339967431139374216210428858897050e-01	5.7559541189071049397939853536175108e-06	2.0777299374260234459735747799707765e-03
2.9435533061658115465806624049070375e-03	-4.8509441775756637269536395742487695e-01	5.7403828891909908257674200778308406e-06	2.0749176702956305892956459929664005e-03
2.9513916899283179402559623526986104e-03	-4.7680029978447856172209825807063547e-01	5.7251373190416090524251457289513302e-06	2.0721605215242910061930381812562524e-03
2.9591051414812375018742862068956411e-03	-4.6851710086834866667594720117707627e-01	5.7102135887725142956934905071725709e-06	2.0694580192726267856041508046396509e-03
2.9666933079993363017251951519754987e-03	-4.6024460334955531147575389571579642e-01	5.6956079799646694706798092893197962e-06	2.0668097032472812067786880384526986e-03
2.9741558432843957420448867391778784e-03	-4.5198259138688613105942136300675445e-01	5.6813168731998309158733672034469122e-06	2.0642151244860970191358621478659107e-03
2.9814924077324865213949355582838750e-03	-4.4373085091263247691862229044164925e-01	5.6673367458695911304775915614877918e-06	2.0616738451499124497224943594235316e-03
2.9887026683019864990873176041715840e-03	-4.3548916958850399957992017636027079e-01	5.6536641700575991069261510673222861e-06	2.0591854383207832137078449914395329e-03
2.9957862984823321243047904320991288e-03	-4.2725733676233777614115962021234577e-01	5.6402958104925800000804161094228166e-06	2.0567494878064461053252333026788822e-03
3.0027429782634933869830017382515345e-03	-4.1903514342557737450051918391930537e-01	5.6272284225698732483593896176901429e-06	2.0543655879508467650647383277957372e-03
3.0095723941061625328952030492887328e-03	-4.1082238217149794191739157351643499e-01	5.6144588504393015222076477611247434e-06	2.0520333434505609667518959510519417e-03
3.0162742389126470639585784560226426e-03	-4.0261884715415407507646928599930060e-01	5.6019840251572722229807876629283967e-06	2.0497523691769452578030436639320271e-03
3.0228482119984578168009867375752749e-03	-3.9442433404802787289792108233534764e-01	5.5898009629010988812938790216266835e-06	2.0475222900038590292246737913305215e-03
3.0292940190645831783183410778745549e-03	-3.8623864000835519291014960006688389e-01	5.5779067632436118891527384717226721e-06	2.0453427406408061000567267478806130e-03
3.0356113721704407565381930503469658e-03	-3.7806156363210872799626216136517395e-01	5.5662986074862067165847980170168796e-06	2.0432133654713496846521805045751646e-03
3.0417999897074980787992485306500485e-03	-3.6989290491961709361820565807834963e-01	5.5549737570485532741393281829485738e-06	2.0411338183966601806390473582091159e-03
3.0478595963735541372673591314230499e-03	-3.6173246523679966705080964857207445e-01	5.5439295519132625424783213068002613e-06	2.0391037626840605803517225165876247e-03
3.0537899231476738443370731603744834e-03	-3.5358004727799745052105556797239173e-01	5.5331634091238761465420386600469400e-06	2.0371228708204394782218542061374130e-03
3.0595907072657676977086834890433621e-03	-3.4543545502938074020881242344334244e-01	5.5226728213346113443635453747357441e-06	2.0351908243704066299332906341536531e-03
3.0652616921968091870722574653816064e-03	-3.3729849373291487355254128425267215e-01	5.5124553554103580625531982362995698e-06	2.0333073138390708245160022405737849e-03
3.0708026276196827015548128487012851e-03	-3.2916896985086579891255831064008083e-01	5.5025086510754862683024982786192318e-06	2.0314720385393244660423394520754730e-03
3.0762132694006549195713574275639802e-03	-3.2104669103082766503932998813426181e-01	5.4928304196100812418515138532219578e-06	2.0296847064635237348952655204137845e-03
3.0814933795714628806362305653960440e-03	-3.1293146607125506360882182177034029e-01	5.4834184425922813183102185520124625e-06	2.0279450341594575170586192612588518e-03
3.0866427263080121522041443329663145e-03	-3.0482310488748297692623333288511218e-01	5.4742705706854475126288819351906913e-06	2.0262527466105024605650068114473955e-03
3.0916610839096787138815941430812506e-03	-2.9672141847821788534112798994423072e-01	5.4653847224689472303092652972407778e-06	2.0246075771198655478503542541854789e-03
3.0965482327792083865351833656673261e-03	-2.8862621889248387551230693815680657e-01	5.4567588833113850981822195533689350e-06	2.0230092671988194677361844330289033e-03
3.1013039594032078350755931437399461e-03	-2.8053731919700796193591752541130355e-01	5.4483911042851629186763227280071432e-06	2.0214575664588398372453053937715564e-03
3.1059280563332213711617547913763875e-03	-2.7245453344402919060728378076113907e-01	5.4402795011212979475321938552689863e-06	2.0199522325075569673456236496230050e-03
3.1104203221673879758923816949364927e-03	-2.6437767663951643580478384573729115e-01	5.4324222532034742048227596172862624e-06	2.0184930308484383936536251119258333e-03
3.1147805615326731528705133749914800e-03	-2.5630656471178012921966926522706994e-01	5.4248176026003454344725080975458167e-06	2.0170797347841218085217654030463107e-03
3.1190085850676704089764032393920132e-03	-2.4824101448046347544473236373782164e-01	5.4174638531351507066023822307915994e-06	2.0157121253233213399677115000045929e-03
3.1231042094059673438965633794400716e-03	-2.4018084362589900959257689830457724e-01	5.4103593694917445848612768359467142e-06	2.0143899910912333305520544789430541e-03
3.1270672571600715100601797661666105e-03	-2.3212587065881664193683890353767264e-01	5.4035025763561833290589479476640782e-06	2.0131131282433708803487771385312169e-03
3.1308975569058913822531967187644703e-03	-2.2407591489038961133423148333955669e-01	5.3968919575930468404090545664288643e-06	2.0118813403827594371640858052162060e-03
3.1345949431677679509367110425415890e-03	-2.1603079640260503415096574031283695e-01	5.3905260554557130481203495231296084e-06	2.0106944384804286485496582999423368e-03
3.1381592564040526253084332232124106e-03	-2.0799033601894598882586809851595970e-01	5.3844034698298372447729222759479876e-06	2.0095522407991385381617797669384269e-03
3.1415903429932273015294746742280436e-03	-1.9995435527537231837969140524951035e-01	5.3785228575093235641136328726044618e-06	2.0084545728202808377136627021468387e-03
3.1448880552205626184064411000134001e-03	-1.9192267639158756443502831732211109e-01	5.3728829315041094163715501867239574e-06	2.0074012671738989990782041322684475e-03
3.1480522512653105872809445294649151e-03	-1.8389512224257966693780097777462184e-01	5.3674824603791163083840994462467187e-06	2.0063921635717730328028725891845031e-03
3.1510827951884279450428667607403587e-03	-1.7587151633042327404859418206653639e-01	5.3623202676237521320076400016217176e-06	2.0054271087435178730422586501338819e-03
3.1539795569208267391552985202895728e-03	-1.6785168275633170686487275850549722e-01	5.3573952310513807556753033964023777e-06	2.0045059563756464582141358697741864e-03
3.1567424122521488114610519356854206e-03	-1.5983544619294681399430646513765650e-01	5.3527062822282046498370152511328099e-06	2.0036285670535511449381352366539629e-03
3.1593712428200610034338516305385915e-03	-1.5182263185685513176259052700575597e-01	5.3482524059310353648276868687372938e-06	2.0027948082063594433051413381552334e-03
3.1618659361000680595405590750183660e-03	-1.4381306548131893723095593106849819e-01	5.3440326396334550052045257028275694e-06	2.0020045540546223774260497118171271e-03
3.1642263853958403575909464714342212e-03	-1.3580657328921094343117069486685995e-01	5.3400460730198994519120423947374416e-06	2.0012576855607960395956929788543535e-03
3.1664524898300537454636505475311316e-03	-1.2780298196614153949929282178268396e-01	5.3362918475272210154064701972075542e-06	2.0005540903824791222620941213313928e-03
3.1685441543357389125043157711603223e-03	-1.1980211863376762289205663710483203e-01	5.3327691559133145003228057254811574e-06	1.9998936628283713822045799118571885e-03
3.1705012896481378712862661166242159e-03	-1.1180381082327220677846699906806392e-01	5.3294772418524163653022670716749324e-06	1.9992763038169201187054569683909699e-03
3.1723238122970652713954806820862559e-03	-1.0380788644900411317977342262195722e-01	5.3264153995567118088904230191374788e-06	1.9987019208376238347800415795607465e-03
3.1740116445997724115389133561160784e-03	-9.5814173782267181638554003920641130e-02	5.3235829734239092414960530063261762e-06	1.9981704279149643003675480396681101e-03
3.1755647146543119596656718738843154e-03	-8.7822501425248534276714896609446492e-02	5.3209793577104657507335669039821782e-06	1.9976817455749402513720117212733957e-03
3.1769829563334015330203890141410780e-03	-7.9832698285075541187124480722290521e-02	5.3186039962301708685377520402466588e-06	1.9972358008141779411068901296809089e-03
3.1782663092787844312022501576977087e-03	-7.1844593547991225318674074592887913e-02	5.3164563820778192378092175013762782e-06	1.9968325270715957135103116811685024e-03
3.1794147188960859554654859952542865e-03	-6.3858016653637933474335019590558537e-02	5.3145360573777256877561257481645459e-06	1.9964718642026016928779964228704256e-03
3.1804281363501638867506089685470307e-03	-5.5872797269439179851239156289434475e-02	5.3128426130568587935108988361043295e-06	1.9961537584558055851767750170254991e-03
3.1813065185609518333622766220405135e-03	-4.7888765265069640806534329845455761e-02	5.3113756886423912492908603684480176e-06	1.9958781624522274635780792346194808e-03
3.1820498281997942968905944115312034e-03	-3.9905750687003344319130323763994745e-02	5.3101349720834873569803768238313650e-06	1.9956450351669882679722608322471384e-03
3.1826580336862724419883767835119058e-03	-3.1923583733130155012761270314347579e-02	5.3091201995971696546150804205363472e-06	1.9954543419134685871395211905928644e-03
3.1831311091855196920471633891577060e-03	-2.3942094727430705678428150907057867e-02	5.3083311555381282124207475873564213e-06	1.9953060543299241151779502440348366e-03
3.1834690346060264087388544020067112e-03	-1.5961114094699969043822080917967241e-02	5.3077676722923574379355642068468678e-06	1.9952001503685479829119244993997757e-03
3.1836717955979330488864034869632495e-03	-7.9804723353096991346354643096851892e-03	5.3074296301945263860816237253565323e-06	1.9951366142869719624889241588548291e-03
3.1837393835518113272743865906376463e-03	0.0000000000000000000000000000000000e+00	5.3073169574690095942879071295850742e-06	1.9951154366422003313633265030207850e-03
3.1836717955979330488864034869632495e-03	7.9804723353096991346354643096851892e-03	5.3074296301945263860816237253565323e-06	1.9951366142869719624889241588548291e-03
3.1834690346060264087388544020067112e-03	1.5961114094699969043822080917967241e-02	5.3077676722923574379355642068468678e-06	1.9952001503685479829119244993997757e-03
3.1831311091855196920471633891577060e-03	2.3942094727430705678428150907057867e-02	5.3083311555381282124207475873564213e-06	1.9953060543299241151779502440348366e-03
3.1826580336862724419883767835119058e-03	3.1923583733130155012761270314347579e-02	5.3091201995971696546150804205363472e-06	1.9954543419134685871395211905928644e-03
3.1820498281997942968905944115312034e-03	3.9905750687003344319130323763994745e-02	5.3101349720834873569803768238313650e-06	1.9956450351669882679722608322471384e-03
3.1813065185609518333622766220405135e-03	4.7888765265069640806534329845455761e-02	5.3113756886423912492908603684480176e-06	1.9958781624522274635780792346194808e-03
3.1804281363501638867506089685470307e-03	5.5872797269439179851239156289434475e-02	5.3128426130568587935108988361043295e-06	1.9961537584558055851767750170254991e-03
3.1794147188960859554654859952542865e-03	6.3858016653637933474335019590558537e-02	5.3145360573777256877561257481645459e-06	1.9964718642026016928779964228704256e-03
3.1782663092787844312022501576977087e-03	7.1844593547991225318674074592887913e-02	5.3164563820778192378092175013762782e-06	1.9968325270715957135103116811685024e-03
3.1769829563334015330203890141410780e-03	7.9832698285075541187124480722290521e-02	5.3186039962301708685377520402466588e-06	1.9972358008141779411068901296809089e-03
3.1755647146543119596656718738843154e-03	8.7822501425248534276714896609446492e-02	5.3209793577104657507335669039821782e-06	1.9976817455749402513720117212733957e-03
3.1740116445997724115389133561160784e-03	9.5814173782267181638554003920641130e-02	5.3235829734239092414960530063261762e-06	1.9981704279149643003675480396681101e-03
3.1723238122970652713954806820862559e-03	1.0380788644900411317977342262195722e-01	5.3264153995567118088904230191374788e-06	1.9987019208376238347800415795607465e-03
3.1705012896481378712862661166242159e-03	1.1180381082327220677846699906806392e-01	5.3294772418524163653022670716749324e-06	1.9992763038169201187054569683909699e-03
3.1685441543357389125043157711603223e-03	1.1980211863376762289205663710483203e-01	5.3327691559133145003228057254811574e-06	1.9998936628283713822045799118571885e-03
3.1664524898300537454636505475311316e-03	1.2780298196614153949929282178268396e-01	5.3362918475272210154064701972075542e-06	2.0005540903824791222620941213313928e-03
3.1642263853958403575909464714342212e-03	1.3580657328921094343117069486685995e-01	5.3400460730198994519120423947374416e-06	2.0012576855607960395956929788543535e-03
3.1618659361000680595405590750183660e-03	1.4381306548131893723095593106849819e-01	5.3440326396334550052045257028275694e-06	2.0020045540546223774260497118171271e-03
3.1593712428200610034338516305385915e-03	1.5182263185685513176259052700575597e-01	5.3482524059310353648276868687372938e-06	2.0027948082063594433051413381552334e-03
3.1567424122521488114610519356854206e-03	1.5983544619294681399430646513765650e-01	5.3527062822282046498370152511328099e-06	2.0036285670535511449381352366539629e-03
3.1539795569208267391552985202895728e-03	1.6785168275633170686487275850549722e-01	5.3573952310513807556753033964023777e-06	2.0045059563756464582141358697741864e-03
3.1510827951884279450428667607403587e-03	1.7587151633042327404859418206653639e-01	5.3623202676237521320076400016217176e-06	2.0054271087435178730422586501338819e-03
3.1480522512653105872809445294649151e-03	1.8389512224257966693780097777462184e-01	5.3674824603791163083840994462467187e-06	2.0063921635717730328028725891845031e-03
3.1448880552205626184064411000134001e-03	1.9192267639158756443502831732211109e-01	5.3728829315041094163715501867239574e-06	2.0074012671738989990782041322684475e-03
3.1415903429932273015294746742280436e-03	1.9995435527537231837969140524951035e-01	5.3785228575093235641136328726044618e-06	2.0084545728202808377136627021468387e-03
3.1381592564040526253084332232124106e-03	2.0799033601894598882586809851595970e-01	5.3844034698298372447729222759479876e-06	2.0095522407991385381617797669384269e-03
3.1345949431677679509367110425415890e-03	2.1603079640260503415096574031283695e-01	5.3905260554557130481203495231296084e-06	2.0106944384804286485496582999423368e-03
3.1308975569058913822531967187644703e-03	2.2407591489038961133423148333955669e-01	5.3968919575930468404090545664288643e-06	2.0118813403827594371640858052162060e-03
3.1270672571600715100601797661666105e-03	2.3212587065881664193683890353767264e-01	5.4035025763561833290589479476640782e-06	2.0131131282433708803487771385312169e-03
3.1231042094059673438965633794400716e-03	2.4018084362589900959257689830457724e-01	5.4103593694917445848612768359467142e-06	2.0143899910912333305520544789430541e-03
3.1190085850676704089764032393920132e-03	2.4824101448046347544473236373782164e-01	5.4174638531351507066023822307915994e-06	2.0157121253233213399677115000045929e-03
3.1147805615326731528705133749914800e-03	2.5630656471178012921966926522706994e-01	5.4248176026003454344725080975458167e-06	2.0170797347841218085217654030463107e-03
3.1104203221673879758923816949364927e-03	2.6437767663951643580478384573729115e-01	5.4324222532034742048227596172862624e-06	2.0184930308484383936536251119258333e-03
3.1059280563332213711617547913763875e-03	2.7245453344402919060728378076113907e-01	5.4402795011212979475321938552689863e-06	2.0199522325075569673456236496230050e-03
3.1013039594032078350755931437399461e-03	2.8053731919700796193591752541130355e-01	5.4483911042851629186763227280071432e-06	2.0214575664588398372453053937715564e-03
3.0965482327792083865351833656673261e-03	2.8862621889248387551230693815680657e-01	5.4567588833113850981822195533689350e-06	2.0230092671988194677361844330289033e-03
3.0916610839096787138815941430812506e-03	2.9672141847821788534112798994423072e-01	5.4653847224689472303092652972407778e-06	2.0246075771198655478503542541854789e-03
3.0866427263080121522041443329663145e-03	3.0482310488748297692623333288511218e-01	5.4742705706854475126288819351906913e-06	2.0262527466105024605650068114473955e-03
3.0814933795714628806362305653960440e-03	3.1293146607125506360882182177034029e-01	5.4834184425922813183102185520124625e-06	2.0279450341594575170586192612588518e-03
3.0762132694006549195713574275639802e-03	3.2104669103082766503932998813426181e-01	5.4928304196100812418515138532219578e-06	2.0296847064635237348952655204137845e-03
3.0708026276196827015548128487012851e-03	3.2916896985086579891255831064008083e-01	5.5025086510754862683024982786192318e-06	2.0314720385393244660423394520754730e-03
3.0652616921968091870722574653816064e-03	3.3729849373291487355254128425267215e-01	5.5124553554103580625531982362995698e-06	2.0333073138390708245160022405737849e-03
3.0595907072657676977086834890433621e-03	3.4543545502938074020881242344334244e-01	5.5226728213346113443635453747357441e-06	2.0351908243704066299332906341536531e-03
3.0537899231476738443370731603744834e-03	3.5358004727799745052105556797239173e-01	5.5331634091238761465420386600469400e-06	2.0371228708204394782218542061374130e-03
3.0478595963735541372673591314230499e-03	3.6173246523679966705080964857207445e-01	5.5439295519132625424783213068002613e-06	2.0391037626840605803517225165876247e-03
3.0417999897074980787992485306500485e-03	3.6989290491961709361820565807834963e-01	5.5549737570485532741393281829485738e-06	2.0411338183966601806390473582091159e-03
3.0356113721704407565381930503469658e-03	3.7806156363210872799626216136517395e-01	5.5662986074862067165847980170168796e-06	2.0432133654713496846521805045751646e-03
3.0292940190645831783183410778745549e-03	3.8623864000835519291014960006688389e-01	5.5779067632436118891527384717226721e-06	2.0453427406408061000567267478806130e-03
3.0228482119984578168009867375752749e-03	3.9442433404802787289792108233534764e-01	5.5898009629010988812938790216266835e-06	2.0475222900038590292246737913305215e-03
3.0162742389126470639585784560226426e-03	4.0261884715415407507646928599930060e-01	5.6019840251572722229807876629283967e-06	2.0497523691769452578030436639320271e-03
3.0095723941061625328952030492887328e-03	4.1082238217149794191739157351643499e-01	5.6144588504393015222076477611247434e-06	2.0520333434505609667518959510519417e-03
3.0027429782634933869830017382515345e-03	4.1903514342557737450051918391930537e-01	5.6272284225698732483593896176901429e-06	2.0543655879508467650647383277957372e-03
2.9957862984823321243047904320991288e-03	4.2725733676233777614115962021234577e-01	5.6402958104925800000804161094228166e-06	2.0567494878064461053252333026788822e-03
2.9887026683019864990873176041715840e-03	4.3548916958850399957992017636027079e-01	5.6536641700575991069261510673222861e-06	2.0591854383207832137078449914395329e-03
2.9814924077324865213949355582838750e-03	4.4373085091263247691862229044164925e-01	5.6673367458695911304775915614877918e-06	2.0616738451499124497224943594235316e-03
2.9741558432843957420448867391778784e-03	4.5198259138688613105942136300675445e-01	5.6813168731998309158733672034469122e-06	2.0642151244860970191358621478659107e-03
2.9666933079993363017251951519754987e-03	4.6024460334955531147575389571579642e-01	5.6956079799646694706798092893197962e-06	2.0668097032472812067786880384526986e-03
2.9591051414812375018742862068956411e-03	4.6851710086834866667594720117707627e-01	5.7102135887725142956934905071725709e-06	2.0694580192726267856041508046396509e-03
2.9513916899283179402559623526986104e-03	4.7680029978447856172209825807063547e-01	5.7251373190416090524251457289513302e-06	2.0721605215242910061930381812562524e-03
2.9435533061658115465806624049070375e-03	4.8509441775756637269536395742487695e-01	5.7403828891909908257674200778308406e-06	2.0749176702956305892956459929664005e-03
2.9355903496794481532392273625771185e-03	4.9339967431139374216210428858897050e-01	5.7559541189071049397939853536175108e-06	2.0777299374260234459735747799707765e-03
2.9275031866496995434930443478471351e-03	5.0171629088052666165475258863237169e-01	5.7718549314886635335090756890157240e-06	2.0805978065225074491347524194482749e-03
2.9192921899868022345783721870729987e-03	5.1004449085784006015431813422188158e-01	5.7880893562724451377537147852864150e-06	2.0835217731884434911206438920818195e-03
2.9109577393665685764167924695992855e-03	5.1838449964297142282449924464768926e-01	5.8046615311428485635802810691270526e-06	2.0865023452594182996252679591020570e-03
2.9025002212669980782724472807996029e-03	5.2673654469173284313896941847890201e-01	5.8215757051281357793548377709634984e-06	2.0895400430466110645047956869412913e-03
2.8939200290057012160652991628346485e-03	5.3510085556651182546721675527287399e-01	5.8388362410864253965451203499680878e-06	2.0926353995878568677071170280130814e-03
2.8852175627781483224547619655808208e-03	5.4347766398769210561275561900086554e-01	5.8564476184846311962131264658867220e-06	2.0957889609066492252236983707689651e-03
2.8763932296967565205783006846301995e-03	5.5186720388612674527525566421333071e-01	5.8744144362736791199515557387979987e-06	2.0990012862793337621815593881420346e-03
2.8674474438308280308060363845704250e-03	5.6026971145669678455591779188334913e-01	5.8927414158634816484114530150889617e-06	2.1022729485107551694756049886708991e-03
2.8583806262473535584090908297685966e-03	5.6868542521298980614419566475347145e-01	5.9114334042013008445427127507698475e-06	2.1056045342186301532574732181325509e-03
2.8491932050526948590040488425822627e-03	5.7711458604313387749908820662770117e-01	5.9304953769572909141317766759934338e-06	2.1089966441269301088173088566776998e-03
2.8398856154351609784104232660485293e-03	5.8555743726682349504407966474589231e-01	5.9499324418211783214133903517821613e-06	2.1124498933685687507603258411706631e-03
2.8304582997084930745391831593509036e-03	5.9401422469357535909955811986137878e-01	5.9697498419142127033796424918393473e-06	2.1159649117977019359717707659662909e-03
2.8209117073562731515306278846933423e-03	6.0248519668225306204729989985986652e-01	5.9899529593207054879734425759866370e-06	2.1195423443119594500779340041896202e-03
2.8112462950772724710078267933482853e-03	6.1097060420190107722980214115727198e-01	6.0105473187436656993971093500644191e-06	2.1231828511849416187376220236217328e-03
2.8014625268317558524532120150277837e-03	6.1947070089392979461439656800665465e-01	6.0315385912892444164173744519877859e-06	2.1268871084093272804076878632661749e-03
2.7915608738887585348142670227473658e-03	6.2798574313569476369587926833337548e-01	6.0529325983849112540831334849053571e-06	2.1306558080509539470571037843345381e-03
2.7815418148743527449818280551750526e-03	6.3651599010551477699218413209699387e-01	6.0747353158365086140288269420051020e-06	2.1344896586142459151618995289601969e-03
2.7714058358209216062630933415143146e-03	6.4506170384917496145526393773332519e-01	6.0969528780295628749569170011560863e-06	2.1383893854193817044720705926942239e-03
2.7611534302174585219132752301098906e-03	6.5362314934796264296047821885636755e-01	6.1195915822804767897168152642498891e-06	2.1423557309916085316536780454497386e-03
2.7507850990609106857386363167822117e-03	6.6220059458828541368362394601362035e-01	6.1426578933434847730092846945112614e-06	2.1463894554631286071226664062024972e-03
2.7403013509085859043055913826755918e-03	6.7079431063292256670926238923705305e-01	6.1661584480795231986921339049019567e-06	2.1504913369879999154697060316190497e-03
2.7297027019316424639753407152461697e-03	6.7940457169396286988269258137143736e-01	6.1901000602934520153552430795280563e-06	2.1546621721705128443498316107842210e-03
2.7189896759696823414455057067345013e-03	6.8803165520748353513711531959604718e-01	6.2144897257463627164406196584146804e-06	2.1589027765075236074955573379972427e-03
2.7081628045864686393597038388475110e-03	6.9667584191002720389424245964926715e-01	6.2393346273500217987449200712491636e-06	2.1632139848452459110752511958252725e-03
2.6972226271267887295102815540918841e-03	7.0533741591693581743907649519153303e-01	6.2646421405508291949028226215356601e-06	2.1675966518510237881395761683051830e-03
2.6861696907744852059043106544222185e-03	7.1401666480260237739846995877902227e-01	6.2904198389110187114464277552311183e-06	2.1720516525006310254437998601798707e-03
2.6750045506116773892140661841528365e-03	7.2271387968270382981335349903493872e-01	6.3166754998951932439485534633395112e-06	2.1765798825816661856416243582271940e-03
2.6637277696791967836474575931079086e-03	7.3142935529848063121818639743125967e-01	6.3434171108706725380501738939925131e-06	2.1811822592136369441282795796764625e-03
2.6523399190382605678410417049860966e-03	7.4016339010313098130074612510051473e-01	6.3706528753305366515438348310130523e-06	2.1858597213853533755646120492730502e-03
2.6408415778334079038225450071168930e-03	7.4891628635039023903826436701053118e-01	6.3983912193486752528599471010703394e-06	2.1906132305102770059526983911476883e-03
2.6292333333567245732717044409217792e-03	7.5768835018536868288982791315149837e-01	6.4266407982766027481840652699018402e-06	2.1954437710005009616306488087397365e-03
2.6175157811133821991261602444622430e-03	7.6647989173772353615420873746679248e-01	6.4554105036922733296498241159980667e-06	2.2003523508600664705069034481595998e-03
2.6056895248885190839715011688248203e-03	7.7529122521724406176525595431705218e-01	6.4847094706116298369352775266190655e-06	2.2053400022983523815653017953637299e-03
2.5937551768154904956017386350223166e-03	7.8412266901193154270475193993742975e-01	6.5145470849741473766111071247119156e-06	2.2104077823643073492525973488929257e-03
2.5817133574455170556629487237608342e-03	7.9297454578865911131884817950715785e-01	6.5449329914141886032981400743431199e-06	2.2155567736023289680539102967511769e-03
2.5695646958187607404694191399156509e-03	8.0184718259649967994627765311235929e-01	6.5758771013305742002019128904311375e-06	2.2207880847306305330944082394798482e-03
2.5573098295368588850279884635366251e-03	8.1074091097281366360835929151935671e-01	6.6073896012673912886517541664563589e-06	2.2261028513429743445587609744309702e-03
2.5449494048369474931932795389085796e-03	8.1965606705219178068689661574406143e-01	6.6394809616197162589764432841505371e-06	2.2315022366346906729333164336692569e-03
2.5324840766672060999290930848597860e-03	8.2859299167835197757750249108375430e-01	6.6721619456786189972473384203019029e-06	2.2369874321539437710797758368196542e-03
2.5199145087639574071510316185265872e-03	8.3755203051909345676795297794222713e-01	6.7054436190305449798772714710841686e-06	2.2425596585792507776292520099785855e-03
2.5072413737303559239139597834527511e-03	8.4653353418441490366301295733165934e-01	6.7393373593269426744391511815875038e-06	2.2482201665243061314835707369123523e-03
2.4944653531167008861896430473675934e-03	8.5553785834790831529342384265875575e-01	6.7738548664408187437884804541007913e-06	2.2539702373712133448621778885501941e-03
2.4815871375024098126256472446481680e-03	8.6456536387154434390146729576673506e-01	6.8090081730277655076723063680421318e-06	2.2598111841332778066473477602786555e-03
2.4686074265796901720270293559781178e-03	8.7361641693396979097853827618171573e-01	6.8448096555099169740186896040226045e-06	2.2657443523485688624647867866449932e-03
2.4555269292389477974718802798663238e-03	8.8269138916244283396596301078182018e-01	6.8812720455022547251052437482780239e-06	2.2717711210055169067690910098527241e-03
2.4423463636559718826524419419530177e-03	8.9179065776853675051974636884896076e-01	6.9184084417017064737197237490847287e-06	2.2778929035018717997576559223345066e-03
2.4290664573809376399992803046909730e-03	9.0091460568774833670499166975832764e-01	6.9562323222605618786601327424143795e-06	2.2841111486384127743644875259951503e-03
2.4156879474292689892572391904130680e-03	9.1006362172315290921743912199031718e-01	6.9947575576668761795207765013212392e-06	2.2904273416488673244610092947712606e-03
2.4022115803744049813902125231882825e-03	9.1923810069325375203950458652450869e-01	7.0339984241557466151148627364534386e-06	2.2968430052675675766217806770028764e-03
2.3886381124425150480450119554980344e-03	9.2843844358418013001377708137600763e-01	7.0739696176766339734616684618822896e-06	2.3033597008364475706237555421244433e-03
2.3749683096092096034522907065911311e-03	9.3766505770639456178074180817012049e-01	7.1146862684432668617751090924051878e-06	2.3099790294530639498436379595633649e-03
2.3612029476982940158415161431344499e-03	9.4691835685607693950108996174083827e-01	7.1561639560941146190524102834962980e-06	2.3167026331614060500343854895129046e-03
2.3473428124826155115677369361156393e-03	9.5619876148136032095543997427837700e-01	7.1984187254929518462426440480192817e-06	2.3235321961873495495074678064422738e-03
2.3333886997870541796806795498287895e-03	9.6550669885360082031597532130060594e-01	7.2414671032006693433905716986139249e-06	2.3304694462207010005488977758102126e-03
2.3193414155937109102286693941194687e-03	9.7484260324387200766635081052210319e-01	7.2853261146512193168332879213724284e-06	2.3375161557458790165555980698773984e-03
2.3052017761493468289322849417932079e-03	9.8420691610488261606518080097413121e-01	7.3300133020664240403153810431797881e-06	2.3446741434233819796473745824018920e-03
2.2909706080751305868787388340826149e-03	9.9360008625852517185941273510854868e-01	7.3755467431463342407362906393589471e-06	2.3519452755243022210025880771445989e-03
2.2766487484787517296211992698298291e-03	1.0030225700892724338088719231514528e+00	7.4219450705739044263574152886852964e-06	2.3593314674202630982105198125988706e-03
2.2622370450689603087201621623450350e-03	1.0124748317436482757380593327758179e+00	7.4692274923749659002590345291790051e-06	2.3668346851312786655825677136986892e-03
2.2477363562725949137076121970578788e-03	1.0219573433360099039607533133275452e+00	7.5174138131768336981055509361861695e-06	2.3744569469341661495757786728268379e-03
2.2331475513541633972386782183905490e-03	1.0314705851608890945452856081313882e+00	7.5665244564113912834853636330088702e-06	2.3822003250342796794886851135664762e-03
2.2184715105380427445586791576875645e-03	1.0410150459121514984991806366481898e+00	7.6165804875111674486286071735688286e-06	2.3900669473034801954725790456243606e-03
2.2037091251333668042954664562297677e-03	1.0505912229092450291691761405939811e+00	7.6676036381497652897023899774023901e-06	2.3980589990874117113894987889023058e-03
2.1888612976616729551403140636569979e-03	1.0601996223308209518734193665456334e+00	7.7196163315810360795801931471538178e-06	2.4061787250853187395593973088792286e-03
2.1739289419873812365837644147401477e-03	1.0698407594560245797519797131151210e+00	7.7726417091346250931322800446099021e-06	2.4144284313058143223927508296608383e-03
2.1589129834511820261441775383773732e-03	1.0795151589137664834161328069099920e+00	7.8267036579289668070967611503290291e-06	2.4228104871021934443281805463887226e-03
2.1438143590064110053394045775735026e-03	1.0892233549402998894019636208548315e+00	7.8818268398664894632157606236821897e-06	2.4313273272910833499503447961671923e-03
2.1286340173584929271498810043000223e-03	1.0989658916454455209394833805980284e+00	7.9380367219797211301477914218464964e-06	2.4399814543584312600326532523371976e-03
2.1133729191075385843361226011151185e-03	1.1087433232878215746608383200131280e+00	7.9953596082011899410216376029599584e-06	2.4487754407570520064029181200573082e-03
2.0980320368941823864427101154794459e-03	1.1185562145594538826448572463704992e+00	8.0538226726345004968171399569830499e-06	2.4577119313001941144258097069006043e-03
2.0826123555487510897074855520222628e-03	1.1284051408801596384863289963538393e+00	8.1134539944087685936625853270632920e-06	2.4667936456558338351460884118264680e-03
2.0671148722438574948084160572131537e-03	1.1382906887021174308414015450091224e+00	8.1742825942037313985285031223563638e-06	2.4760233809466736315904389280022746e-03
2.0515405966505163391998433749871731e-03	1.1482134558250567945099208088633624e+00	8.2363384725383459394973408688084972e-06	2.4854040144611058031208808078043320e-03
2.0358905510978831708859853390345144e-03	1.1581740517225221287159606141354312e+00	8.2996526499215734923898116750222359e-06	2.4949385064807045269712668029714408e-03
2.0201657707367207064426797997416659e-03	1.1681730978796887211341104172237655e+00	8.3642572089703517633108527785634253e-06	2.5046299032301319452126945437953163e-03
2.0043673037067010559649845735273207e-03	1.1782112281432328362400838344330235e+00	8.4301853386065139736817357304095876e-06	2.5144813399556874742724209482397832e-03
1.9884962113076562499010817335547795e-03	1.1882890890837834656127924923507746e+00	8.4974713804516602489098423281676042e-06	2.5244960441390958260840552175365253e-03
1.9725535681748937364528537141812261e-03	1.1984073403715104902584565967116684e+00	8.5661508775467614823380204282731258e-06	2.5346773388535199961973232664565144e-03
1.9565404624586979429439096283291209e-03	1.2085666551654327722814370638348326e+00	8.6362606255316219784456050088443389e-06	2.5450286462692025253751145676816370e-03
1.9404579960081436204196602429383912e-03	1.2187677205170601843281992537352519e+00	8.7078387264282913968999836507763366e-06	2.5555534913165836600824459729614016e-03
1.9243072845593515285134919206907076e-03	1.2290112377890159174737143913314082e+00	8.7809246451821497587990652966877471e-06	2.5662555055152207725340384805755617e-03
1.9080894579283220787125550512282805e-03	1.2392979230893197078477391186013658e+00	8.8555592691247471043531544789509606e-06	2.5771384309773418825916214711591502e-03
1.8918056602084878507188734703011081e-03	1.2496285077220490252644096062463463e+00	8.9317849705336224631352732023501202e-06	2.5882061245954098798654192022603166e-03
1.8754570499731314415172167691247431e-03	1.2600037386551339199123294915751855e+00	9.0096456724763213697938982385663970e-06	2.5994625624236558195896956845131732e-03
1.8590448004828209137330725601848151e-03	1.2704243790060822837175296874108098e+00	9.0891869181387496518088590786645466e-06	2.6109118442641624419924064817779191e-03
1.8425700998980211934644693996264676e-03	1.2808912085464759216782774380966085e+00	9.1704559438519228478982474681129841e-06	2.6225581984687460833552780205969477e-03
1.8260341514970461435050122911134587e-03	1.2914050242261242291820387781847986e+00	9.2535017560461820947475295918266609e-06	2.6344059869685999336443208360036412e-03
1.8094381738995227222469185283688906e-03	1.3019666407178116326594282957284834e+00	9.3383752123781436226956639349835926e-06	2.6464597105444279883409837041180954e-03
1.7927834012955456491397449987920692e-03	1.3125768909836274875387278941162321e+00	9.4251291072931342362266880179059125e-06	2.6587240143506212211487929915503932e-03
1.7760710836807083531126806071880176e-03	1.3232366268639230714263550807952759e+00	9.5138182623047535238204097586409404e-06	2.6712036937079100258135682950670350e-03
1.7593024870972037008133003257398369e-03	1.3339467196899999128770039268244426e+00	9.6044996212936204096019418663991533e-06	2.6839037001798748088359228924506882e-03
1.7424788938811961081716073478913241e-03	1.3447080609216972289238913393197140e+00	9.6972323511494447518007147213382199e-06	2.6968291479497151843367113895308912e-03
1.7256016029166751543941285012475977e-03	1.3555215628111140022823248352112265e+00	9.7920779481044654302653031345490995e-06	2.7099853205147734520059684076450099e-03
1.7086719298960097662979480819509326e-03	1.3663881590937735311627635246808647e+00	9.8891003501321813531656545853181270e-06	2.7233776777174864042720428747316816e-03
1.6916912075874314488364521321068473e-03	1.3773088057086154773679630048529497e+00	9.9883660558133545118942673628684740e-06	2.7370118631327080924845917207478081e-03
1.6746607861096849324617355676005286e-03	1.3882844815482828978821706912558547e+00	1.0089944250101686805637900097215639e-05	2.7508937118327127372849129685284876e-03
1.6575820332140950192542534963958646e-03	1.3993161892412598800303890447825179e+00	1.0193906937454587841197734629941994e-05	2.7650292585526599889584211263086124e-03
1.6404563345743093692480797323563899e-03	1.4104049559675096546095207400779822e+00	1.0300329082830305450979752614349904e-05	2.7794247462808935410511281328397600e-03
1.6232850940839885100536662691404488e-03	1.4215518343093639183052106451800427e+00	1.0409288761091656224210638715527600e-05	2.7940866353001588914317316352866857e-03
1.6060697341627265131168467053342533e-03	1.4327579031395220821692096715960093e+00	1.0520867315398970638060411026376729e-05	2.8090216127076780476589920069069481e-03
1.5888116960704985977608128761250535e-03	1.4440242685481348499479302690631560e+00	1.0635149525220989228129090153307517e-05	2.8242366024440205164022095016734268e-03
1.5715124402309454413790727280916096e-03	1.4553520648110705433509957018351637e+00	1.0752223784642681324924487881541651e-05	2.8397387758628745593034104465660797e-03
1.5541734465638182356921540706484985e-03	1.4667424554015956125670203300845412e+00	1.0872182291703714962350432061252633e-05	2.8555355628761653662048298624195478e-03
1.5367962148269235830825589679474600e-03	1.4781966340478435437838515759106703e+00	1.0995121249561039255651735379839672e-05	2.8716346637115039356405202977534672e-03
1.5193822649679232255171270260863690e-03	1.4897158258385997145424034161547557e+00	1.1121141080334252729173015862731010e-05	2.8880440613217001951182798070339862e-03
1.5019331374863603971972689738504110e-03	1.5013012883800945420440463448779731e+00	1.1250346652563682992933602137442310e-05	2.9047720344890562530329193200653754e-03
1.4844503938063023508314351384361956e-03	1.5129543130066744927833436481636355e+00	1.1382847523289018343623916741157389e-05	2.9218271716703927577576499836897576e-03
1.4669356166600073908953468842235976e-03	1.5246762260484112408278597906423261e+00	1.1518758195841604937458536190076310e-05	2.9392183856322775916539883088638452e-03
1.4493904104830446250393151295382962e-03	1.5364683901589146463233817158426737e+00	1.1658198394536928796487466730643097e-05	2.9569549289297486011783921081456834e-03
1.4318164018213156919758117825507046e-03	1.5483322057068365588792357455228886e+00	1.1801293357556204830679783259821033e-05	2.9750464102859807273676621515266283e-03
1.4142152397504500217287285397790383e-03	1.5602691122347911421399938826744982e+00	1.1948174149418361665544954697443028e-05	2.9935028119348759844130844621635572e-03
1.3965885963080688195131117620347426e-03	1.5722805899896750158868091770315157e+00	1.2098977994567122453658135837235059e-05	3.0123345079934891223656597246764977e-03
1.3789381669394380322625918593601964e-03	1.5843681615286487257773983821514524e+00	1.2253848633733548765619134639982988e-05	3.0315522839365834849485619460261915e-03
1.3612656709570571591573651492853459e-03	1.5965333934053417565713630069899920e+00	1.2412936704883694561893425749793266e-05	3.0511673572514861158797816920968378e-03
1.3435728520147590150720467238957047e-03	1.6087778979411685730451397446402989e+00	1.2576400150725433821980658746767055e-05	3.0711913993578293265939536806775338e-03
1.3258614785969255685085341273743358e-03	1.6211033350869952887647986557784229e+00	1.2744404654929790887665009513760971e-05	3.0916365588837842797743388726585540e-03
1.3081333445234568832278004241656322e-03	1.6335114143807780504724636945898176e+00	1.2917124109422143363916018293378376e-05	3.1125154863980737824572178108978921e-03
1.2903902694711641364073782663415446e-03	1.6460038970072078759335257747977458e+00	1.3094741115319653483184419419522974e-05	3.1338413607054669235801591706483369e-03
1.2726340995122938187924849824129588e-03	1.6585825979658455848391075215745480e+00	1.3277447520335662518968728207081241e-05	3.1556279168226862803924023995342669e-03
1.2548667076709287103269074457810521e-03	1.6712493883547180386750330084196022e+00	1.3465444995742317773948513382292612e-05	3.1778894757617874353760327220047705e-03
1.2370899944980522490885178564326479e-03	1.6840061977768769531817057503675353e+00	1.3658945656282517691841138142814313e-05	3.2006409762591994479322200075491491e-03
1.2193058886661066690080190645205970e-03	1.6968550168779982823639229169592656e+00	1.3858172726754895595027040670856426e-05	3.2238980086008547755013197056878795e-03
1.2015163475839219874823143421656839e-03	1.7097979000237282831842739514944428e+00	1.4063361259365027250371623349987194e-05	3.2476768507073127393751579684514225e-03
1.1837233580329428117418855934631366e-03	1.7228369681261670719056085940264976e+00	1.4274758906346895159649822977025971e-05	3.2719945066576324009542657277264521e-03
1.1659289368257332583117552899735152e-03	1.7359744116296275896130897996455484e+00	1.4492626752816049419486303038673711e-05	3.2968687478471368504913821767494368e-03
1.1481351314877973224576036099439790e-03	1.7492124936666238910084146765169976e+00	1.4717240215325764133151547661964216e-05	3.3223181569923098706283398615210034e-03
1.1303440209638130996991989435138477e-03	1.7625535533959348011916736762658629e+00	1.4948890012166518323424276731324309e-05	3.3483621752160793093523531736446352e-03
1.1125577163494446838982196118422071e-03	1.7760000095355653516378971069210791e+00	1.5187883212085002586567344824594486e-05	3.3750211524688973122360825248490277e-03
1.0947783616499657128496980510294238e-03	1.7895543641044980816905805614127812e+00	1.5434544368810340223466180774182231e-05	3.4023164015655841292629500542581919e-03
1.0770081345670038051753567449585500e-03	1.8032192063882994490525051524669110e+00	1.5689216749572362378279213474241197e-05	3.4302702561451525545060493214721501e-03
1.0592492473147959737220097374083824e-03	1.8169972171449346549136468809393092e+00	1.5952263666691117910602234676093300e-05	3.4589061328911070843738332505910449e-03
1.0415039474674319967821633970476484e-03	1.8308911730685600001552641346758749e+00	1.6224069922321575824787632359284581e-05	3.4882485983833943799891623875119005e-03
1.0237745188386562145398096927738083e-03	1.8449039515306199098873346382853898e+00	1.6505043377567936711047533909392116e-05	3.5183234409907012535099147592143506e-03
1.0060632823958988841994238725818531e-03	1.8590385356192923008260401960516597e+00	1.6795616658455687801553077796315347e-05	3.5491577482536458665160127219156312e-03
9.8837259721031672438705563987703957e-04	1.8732980195002194337648008768190035e+00	1.7096249012686816797682049257910499e-05	3.5807799902561504165614844084896855e-03
9.7070486144473932704582403271779998e-04	1.8876856141235526173329070722070817e+00	1.7407428332727935161980388880680355e-05	3.6132201095345643562301519510964298e-03
9.5306251338154450909884795333619938e-04	1.9022046533046516991888493468667059e+00	1.7729673362619685856779629360317215e-05	3.6465096181326661112608529355627645e-03
9.3544803249262229829083667934894567e-04	1.9168586002083409602166793451067715e+00	1.8063536107980354294366900250255104e-05	3.6806817024763586852311371518134455e-03
9.1786394055373507580231347226966876e-04	1.9316510542694622299524640066814037e+00	1.8409604471043873813370005627506396e-05	3.7157713368156693987991164525246751e-03
9.0031280280574151868967312912434668e-04	1.9465857585856183873949788671420702e+00	1.8768505135265339673226716354874247e-05	3.7518154060646953825846015118991809e-03
8.8279722916532560611567543886010989e-04	1.9616666078215053765569056189072158e+00	1.9140906727095869563293159696814201e-05	3.7888528389637090246718302177081593e-03
8.6531987548806042043087446258491054e-04	1.9768976566681335434456790438493873e+00	1.9527523286031896503944942672701286e-05	3.8269247525932619586404702557580842e-03
8.4788344488684128860101136928950016e-04	1.9922831289045910932836033444374258e+00	1.9929118078050659718298462514484524e-05	3.8660746093895548493868054051586409e-03
8.3049068910894564830454906302600951e-04	2.0078274271148629363992718127745801e+00	2.0346507792134810808858430811456909e-05	3.9063483879456104915141476246300929e-03
8.1314440997521976272821317815529611e-04	2.0235351431176550991746003117313293e+00	2.0780567164860203428025239215017390e-05	3.9477947690362730034335261779384770e-03
7.9584746088515715163891847439733520e-04	2.0394110691732664444745995565232787e+00	2.1232234084084953591834411348793685e-05	3.9904653384795272128675450708119750e-03
7.7860274839192271438432980648612492e-04	2.0554602100383858893211056069899463e+00	2.1702515229768427628503005182866811e-05	4.0344148086453321954112668856491436e-03
7.6141323385169264751586337877195625e-04	2.0716877959473788917873184405215786e+00	2.2192492318024665687975903536478964e-05	4.0797012606498943133983759608005554e-03
7.4428193515202639570705636864631435e-04	2.0880992966072824684836733801472379e+00	2.2703329023864836251469596370576691e-05	4.1263864095325389120317732978992484e-03
7.2721192852436639350885257926460351e-04	2.1047004363034935833079547858991371e+00	2.3236278668933173631775715288061148e-05	4.1745358950093451005197590097024589e-03
7.1020635044617807153174604181885676e-04	2.1214972102241745185320698300514198e+00	2.3792692773160401405401137751112742e-05	4.2242196007387101128156781564150857e-03
6.9326839963870083419739170411506152e-04	2.1384959021239010132013268132458170e+00	2.4374030583971856860385551819036793e-05	4.2755120054263829610814481576795592e-03
6.7640133916678537038422822580640862e-04	2.1557031034612669023480360995097376e+00	2.4981869713884363353919093077709314e-05	4.3284925695500103972868284231897830e-03
6.5960849864784930895169969079579113e-04	2.1731257341612933349322558371785145e+00	2.5617918037477150682842780593955955e-05	4.3832461620063039209964346646414842e-03
6.4289327657759823244203523638552610e-04	2.1907710651718776337204181120897234e+00	2.6284027022397965523807039997163307e-05	4.4398635315900257699226568372580900e-03
6.2625914278083967107485401916756002e-04	2.2086467430045173088605087058700736e+00	2.6982206696958662205305358135436762e-05	4.4984418289180328720633684449041597e-03
6.0970964099647222179498098660020291e-04	2.2267608164735849558824650808830195e+00	2.7714642489829415652689444011874846e-05	4.5590851852315495996281006915380506e-03
5.9324839160656990323088814759112739e-04	2.2451217658760148823768191728532977e+00	2.8483714216390071220581477427505906e-05	4.6219053554672878682148999495830755e-03
5.7687909452041422628251888040026061e-04	2.2637385348849926091298650072804367e+00	2.9292017532708807571724087147761523e-05	4.6870224341091506252030802401519053e-03
5.6060553222536586649628730330215661e-04	2.2826205654678294725007694721932990e+00	3.0142388233454124279730086023159628e-05	4.7545656536487808969838143482963832e-03
5.4443157301762887238702776116754761e-04	2.3017778361805121741355265461689079e+00	3.1037929836237747379195315620843945e-05	4.8246742770338052030662806325325956e-03
5.2836117442725995856997112175455702e-04	2.3212209042404680526552073773053651e+00	3.1982044974331577200395687791355745e-05	4.8974985973145098599822249098295860e-03
5.1239838685323328354429061545937121e-04	2.3409609518361172816816627737529029e+00	3.2978471215391065709408223769080801e-05	4.9732010598708429018711552434077068e-03
4.9654735742601012402902243805571798e-04	2.3610098371982867689024023604261799e+00	3.4031322039493580073640984965073282e-05	5.0519575251834451969716996178633285e-03
4.8081233411690982955863837296179420e-04	2.3813801510363486397808710467216887e+00	3.5145133850170561782433861892506610e-05	5.1339586931931766484299099948246273e-03
4.6519767011566479716338427263795347e-04	2.4020852790332240706391886724535833e+00	3.6324920063123350881528900036434744e-05	5.2194117139829811137556264501413452e-03
4.4970782849990491463285183996708233e-04	2.4231394712008563705546495689617645e+00	3.7576233526513145537577308247659173e-05	5.3085420139507351735883353807842292e-03
4.3434738722299961862147200282457587e-04	2.4445579190247141040217350222147234e+00	3.8905238783735929874489771088047257e-05	5.4015953719934103483761794212026312e-03
4.1912104444974008939352351529439877e-04	2.4663568414764143611208743812082968e+00	4.0318796006783050948205268429507307e-05	5.4988402867073665860977781203047731e-03
4.0403362427283160860112938729883944e-04	2.4885535811527090214913846557727789e+00	4.1824558821570854888283691864686464e-05	5.6005706835001645851641502671951469e-03
3.8909008284716007777965775666489168e-04	2.5111667120131379230787116692377286e+00	4.3431088736646365054054673960640774e-05	5.7071090201536219860943538563971547e-03
3.7429551498338500693023018380570958e-04	2.5342161604454813643266707483848362e+00	4.5147989500374007827245436084019105e-05	5.8188098612207262494787413705971636e-03
3.5965516124769966690468783768489524e-04	2.5577233416976191803621800315602132e+00	4.6986065484432406264321782448179140e-05	5.9360640062527189823374506373778422e-03
3.4517441562071533524021484062466637e-04	2.5817113140890101008006599534138043e+00	4.8957509169903641543163920824302486e-05	6.0593032749778993690678454620320771e-03
3.3085883377552578652458054413497830e-04	2.6062049538706131630666131888482546e+00	5.1076124058543250218740419079102085e-05	6.1890060751552716478579275248389166e-03
3.1671414204327964139412259561362561e-04	2.6312311541589759523857637606715659e+00	5.3357590929206291563478764495804222e-05	6.3257039071691324731580875700183709e-03
3.0274624714426395057348647372667773e-04	2.6568190520545261125274026752219303e+00	5.5819787420222109118527408090139548e-05	6.4699889951853520500314594595805301e-03
2.8896124677386851457787641864663901e-04	2.6830002888996502446631006068810877e+00	5.8483173595625759912936795561964250e-05	6.6225232800780166690550539009858004e-03
2.7536544114621155189353941415996986e-04	2.7098093096830551076133621572453622e+00	6.1371259656317700498235182131896481e-05	6.7840490673339744187522692805189384e-03
2.6196534561410567125152366010823692e-04	2.7372837089111699365370046403036434e+00	6.4511176576792686659833853844782305e-05	6.9554016977765555833573916824784487e-03
2.4876770450298365857476021588374006e-04	2.7654646319217716096556050335413884e+00	6.7934376589778094273368203696518132e-05	7.1375247057031064091110430969985139e-03
2.3577950631908746497719965130095799e-04	2.7943972427121689888684505794807706e+00	7.1677498677534472153924104016061258e-05	7.3314880554486916634217567092152171e-03
2.2300800051954296159980620077611978e-04	2.8241312720323614508655717557107578e+00	7.5783445376321903730633841928166982e-05	7.5385102139498797809504352871552636e-03
2.1046071606504087293036699360593773e-04	2.8547216629405180738607033959779308e+00	8.0302732437429645108425063544152184e-05	7.7599850382947529661428226233936626e-03
1.9814548201619814787062701273587587e-04	2.8862293354920288619165483297149339e+00	8.5295193933344657817490244227064296e-05	7.9975147543757846994913749807601337e-03
1.8607045048420906763505724218775055e-04	2.9187220980925731050632371977264063e+00	9.0832154792598839235965152764140343e-05	8.2529507055697930065883899649481152e-03
1.7424412230764339310590153325916234e-04	2.9522757407932196650571435746454282e+00	9.6999224300500136279385416154932545e-05	8.5284441024082548617383970582050979e-03
1.6267537590357196263814730827523956e-04	2.9869753561565335551592805668872643e+00	1.0389992360799228728905509769145698e-04	8.8265097696511052275093018760036870e-03
1.5137349983711031681974515319247081e-04	3.0229169473066353653601466169123736e+00	1.1166044669700766618955105468411737e-04	9.1501069619897710799296507909136103e-03
1.4034822977509198982226368435014161e-04	3.0602094018969120487783615047406461e+00	1.2043598162270476843263852495760151e-04	9.5027428494967070812519713632747281e-03
1.2960979064532884393575952393340903e-04	3.0989769372167069250013464284846684e+00	1.3041920970572978177363326021778045e-04	9.8886064839769211088928660415538981e-03
1.1916894502450045389264066792446298e-04	3.1393621588754219051263134341122587e+00	1.4185189145198664402284007219306880e-04	1.0312744301643555210229439891674850e-02
1.0903704904168427509626353955935644e-04	3.1815299286117619687218738180243634e+00	1.5504090071388581607576594413584261e-04	1.0781293064358513647582742779153632e-02
9.9226117434635544431884823827690591e-05	3.2256723138621516209184606465038626e+00	1.7038078791860690167474679922150202e-04	1.1301793523473677404135961395813877e-02
8.9748899866812664230875887250904062e-05	3.2720150057245443892009206418784997e+00	1.8838612328644934164586528558940504e-04	1.1883619574196699854902196619996188e-02
8.0618971256397190237665709017362621e-05	3.3208257640819692699005781958285200e+00	2.0973882475911691296107146008258475e-04	1.2538575959351125411825173449487075e-02
7.1850839762559992051728354458253114e-05	3.3724257146110069389267046049199082e+00	2.3535903433089393455787499131008428e-04	1.3281747488673351143498396244773873e-02
6.3460077340929230441761981316578115e-05	3.4272047441207820642813236992377955e+00	2.6651407368124328368368381607947711e-04	1.4132733101851233870722114582900703e-02
5.5463479614431139275630098579823609e-05	3.4856429292032297952083065967800041e+00	3.0499101170710693740134813129467910e-04	1.5117485780960428324225826723176983e-02
4.7879264527999544296079475853853984e-05	3.5483410953866379411657645181086813e+00	3.5337953947124893944681105796965459e-04	1.6271137866768041968431818144547728e-02
4.0727323411892589270975339645730175e-05	3.6160656422951906924234489478193718e+00	4.1555460174684098850799632901423902e-04	1.7642490862339238305244906624378769e-02
3.4029544634678972778384091702049197e-05	3.6898165079512057345484803526171892e+00	4.9753970061679888026470992785034347e-04	1.9301444292242212687086390557420255e-02
2.7810240772886349833964811885659455e-05	3.7709343685966639378124364009980535e+00	6.0914124807483312547414142018026797e-04	2.1351895696670677643767371627354468e-02
2.2096728655826694097814844136498091e-05	3.8612780372263413965407792162499960e+00	7.6726519423608895258482908508804813e-04	2.3955499516645616733817355611980759e-02
1.6920145038887769199625216247807935e-05	3.9635360755481344890253565691101857e+00	1.0032615277840950735918694548058231e-03	2.7378764468092346373386129944566418e-02
1.2316645374732666760895915381539244e-05	4.0818175972629019791657962097444687e+00	1.3811441529682562676768667866331181e-03	3.2095696520278676648942142990393797e-02
8.3292695467033797647141357584525604e-06	4.2228923229980756918455968785810433e+00	2.0503723261289453471191567540487241e-03	3.9041940726738622164985972221654202e-02
5.0110774387739152747697401622379167e-06	4.3991947033313921929449843670630134e+00	3.4380056652297373253030204383052087e-03	5.0370620332512077543842128982545039e-02
2.4309831577198031887523337748387092e-06	4.6379066254392562041658065776573960e+00	7.2799265445887476297981376951630388e-03	7.2470115648267008175067495340212531e-02
6.8223560814505751511688413756086741e-07	5.0223440817798564979730681854687885e+00	3.4611408166642073009391933558311702e-02	1.3899702433225953024418199493987097e-01
0.0000000000000000000000000000000000e+00	0.0000000000000000000000000000000000e+00	9.1923422573303042940985324581843165e-06	2.4434940050487513057321499823042979e-03