6.6155379065132435469980533374986674e-07	-5.0282580367752715464752074276712247e+00	3.4539625717088523493772265063839286e-02	1.3884886901507308324944935933031832e-01
2.3577709246657101823205710422277487e-06	-4.6442441825848920576835198187757736e+00	7.2630855467658494503033377996678746e-03	7.2385740809681829113949321110419294e-02
4.8609752695977740196930535023782108e-06	-4.4058189332761001122242415497276476e+00	3.4294608300298717966794433328413279e-03	5.0307801361874296863700501150425751e-02
8.0809264090853381842278366126007271e-06	-4.2297422049544316452710127987212764e+00	2.0449802796476861416341018987185548e-03	3.8990479523020186346704300240695491e-02
1.1950923182307345295212888904654377e-05	-4.0888576091647765960364073960363814e+00	1.3773367481275291485594421225067242e-03	3.2051373628748425879478346351666659e-02
1.6419607035216688098821714995639640e-05	-3.9707426451994091789966731745618857e+00	1.0003807707245645483078038840952520e-03	2.7339394350855779544291233253290350e-02
2.1445316470752608497366911291362068e-05	-3.8686342362383065588634322877385454e+00	7.6498106683739249227026578046224322e-04	2.3919791825914315611754338691664303e-02
2.6993052682942244268983226385210186e-05	-3.7784273769099472458311776204127435e+00	6.0726785222705051670350031209777693e-04	2.1319019634742015762014576284180096e-02
3.3032673992077414076262002265159141e-05	-3.6974362388155806806813245105603958e+00	4.9596335355037667190659001571133728e-04	1.9270830792074196950979801887189885e-02
3.9537735712340145986430538314963178e-05	-3.6238039275902875270588286186749213e+00	4.1420137960947616114715387770120437e-04	1.7613731575061646431605757843024106e-02
4.6484700758588384397005826480028641e-05	-3.5561911701783000550979683079566733e+00	3.5219902258027636458736533928500208e-04	1.6243928946995873297196368005134712e-02
5.3852378283613984595735855568280605e-05	-3.4935990886325288276603300879050839e+00	3.0394747268459876632805631939533658e-04	1.5091594466483612042187803005643241e-02
6.1621510262749132082488409167718067e-05	-3.4352621055633050824123573127983310e+00	2.6558139190646375601216704861721494e-04	1.4107976775519757771031846909976028e-02
6.9774458259327055684349968040663195e-05	-3.3805800472580477639185127632726851e+00	2.3451760802334185014742239720796574e-04	1.3257979988545897887935575720744465e-02
7.8294960441220878884787892761693873e-05	-3.3290733634166124903797176257614241e+00	2.0897361540688885157136280220999613e-04	1.2515678304938253373161291534139358e-02
8.7167939317949036191502781577659283e-05	-3.2803525988825565481787272663660955e+00	1.8768537245636768586426728527155054e-04	1.1861493493345775346107588972826753e-02
9.6379347012710186073461195393587724e-05	-3.2340969868364322427833886275140353e+00	1.6973514933408023615695434350603664e-04	1.1280356816832450149844641094787615e-02
1.0591603890594142605212881998952809e-04	-3.1900390692787131663546534215010504e+00	1.5444283760452073964151891940513453e-04	1.0760476211278150917327546997493707e-02
1.1576566912155997280773423995763442e-04	-3.1479534117219120353460040628483034e+00	1.4129524839243898590905909240691532e-04	1.0292487926347854984668680999486712e-02
1.2591660310214617108408675315753772e-04	-3.1076481668790058851288912917776302e+00	1.2989890221234168404551855666277583e-04	9.8688594312885676835803981074390757e-03
1.3635784374521040268217211689389750e-04	-3.0689586634440984214990603708305112e+00	1.1994776704438076878505970742875847e-04	9.4834607010711440103904361873594030e-03
1.4707896843788443909590611759502148e-04	-3.0317424617608993745482726069276750e+00	1.1120075237250215098115992929327538e-04	9.1312508765286584625707303461336812e-03
1.5807007494990883555128298052469517e-04	-2.9958754901326518782193687578217511e+00	1.0346571610038025499033542000720499e-04	8.8080455651741644408516212350423076e-03
1.6932173460050734451636745774439831e-04	-2.9612489894160305672595717582130530e+00	9.6587908581023710965394819306471659e-05	8.5103415219636483695289809703873850e-03
1.8082495145356128601894235686793724e-04	-2.9277670705507881300943103543794855e+00	9.0441495585901363658123910791289311e-05	8.2351828237608666984087794183990115e-03
1.9257112655096617899772259855571380e-04	-2.8953447427328540346013541269286283e+00	8.4923253683567782049131177659434803e-05	7.9800574932606229354185587099476334e-03
2.0455202638914690912129509780723613e-04	-2.8639063071180956166532544225730176e+00	7.9947821894248501203100660149350202e-05	7.7428167691524850475785595816095858e-03
2.1675975499443928757065314151701635e-04	-2.8333840374046844690025659839364743e+00	7.5444083871997939270503559366250441e-05	7.5216114271269411510875802323354643e-03
2.2918672907075181541249066096708971e-04	-2.8037170877432503546834170009553976e+00	7.1352381923720991300933685980517867e-05	7.3148410846749455807493870926338932e-03
2.4182565578574451399489727539266310e-04	-2.7748505823936374372320384836444878e+00	6.7622350365709814371619599698704204e-05	7.1211134963558952430080322216382710e-03
2.5466951283562837931111314647380574e-04	-2.7467348518873731195696218007213578e+00	6.4211215074471523249866050108053057e-05	6.9392116108803193844965060400259214e-03
2.6771153048796598576971960549542988e-04	-2.7193247881945110698427514256569143e+00	6.1082447537601968210886337581053958e-05	6.7680667128287402303614069740365384e-03
2.8094517534979485633748256559432792e-04	-2.6925792972466127506174525334704425e+00	5.8204691030889115628305887348620743e-05	6.6067363742225576175830361326944110e-03
2.9436413564745066802157665760945199e-04	-2.6664608316368656591367846226653007e+00	5.5550897539306668518855484869578210e-05	6.4543862379873013849011223652794367e-03
3.0796230783650036988177316814118645e-04	-2.6409349897616539477454119596759163e+00	5.3097629237332959311739867090768132e-05	6.3102748765318921151961953226807222e-03
3.2173378438663562171109754735474798e-04	-2.6159701703431563613090526083478567e+00	5.0824489462988131343291696482784639e-05	6.1737411350562238756922382550517191e-03
3.3567284260833116593802745215051720e-04	-2.5915372733674843244499201593856997e+00	4.8713656334997364543741020564530060e-05	6.0441934954853847880136081424458580e-03
3.4977393440640408971026043626340628e-04	-2.5676094401255403409508621260895799e+00	4.6749498288140052509632170520032550e-05	5.9211010935810173547276781477053341e-03
3.6403167686099695767046152388604113e-04	-2.5441618263566408093392217694247430e+00	4.4918255409276745021449409770708227e-05	5.8039860963357176963377516081548439e-03
3.7844084354948761604736919172082823e-04	-2.5211714035447345312025270824392565e+00	4.3207773950454834690117292668500396e-05	5.6924172046941573630307879481359180e-03
3.9299635653382909382352261017265979e-04	-2.4986167842616885051065823520544398e+00	4.1607284065499319954939202140925203e-05	5.5860040919845520012173540420716566e-03
4.0769327894718766970570158075442377e-04	-2.4764780681356873105608023887818813e+00	4.0107212871810472785309535651799239e-05	5.4843926241608390458549903724209403e-03
4.2252680812175269105510065800444174e-04	-2.4547367055790935341724555447648057e+00	3.8699026532190929241027277162839898e-05	5.3872607362687373640651221759330090e-03
4.3749226920646271303543291471590361e-04	-2.4333753768652306895223537679977641e+00	3.7375096294469539009190243753203141e-05	5.2943148621263095021315185539244320e-03
4.5258510922931213934400038078043250e-04	-2.4123778845177489578761607539260374e+00	3.6128584402491031781570461486437910e-05	5.2052868323154672121222710105015932e-03
4.6780089156402093245738936903695990e-04	-2.3917290572853710562119228120715915e+00	3.4953346562660370920593019856948133e-05	5.1199311701788615709346731459656268e-03
4.8313529076529078923095785422408429e-04	-2.3714146642313627905339319296628011e+00	3.3843848262249637175533702607247649e-05	5.0380227273467230630428651788684261e-03
4.9858408774073677768521863783302310e-04	-2.3514213376808987464517787526683561e+00	3.2795092724351962408742788141710578e-05	4.9593546099521286012072100891585076e-03
5.1414316523095884977547704434025992e-04	-2.3317365039484488781580141732527820e+00	3.1802558676563853953401792029650831e-05	4.8837363545751867174303371321789168e-03
5.2980850357217386145014616120532641e-04	-2.3123483209176746800177935146423391e+00	3.0862146426787379331037394742534207e-05	4.8109923194340688153416627461862316e-03
5.4557617671842522004237982404841333e-04	-2.2932456216731397628558866774430333e+00	2.9970130995848074208752147318292387e-05	4.7409602616866623492356698959075754e-03
5.6144234850267406621967044164087621e-04	-2.2744178634904832998515189237182662e+00	2.9123121265239762325121932044536209e-05	4.6734900761365730188778820164789360e-03
5.7740326911809521645184832940355279e-04	-2.2558550815828809005775666354576621e+00	2.8318024268838073734803092095906213e-05	4.6084426743225345448729483679434544e-03
5.9345527180268872160633932563441840e-04	-2.2375478470793185904375135697663274e+00	2.7552013897398678885687986019341298e-05	4.5456889860476588485534876624990328e-03
6.0959476971190425185638733284285828e-04	-2.2194872287766345653649560033233421e+00	2.6822503400004733007915892596241590e-05	4.4851090679839233185759954409816239e-03
6.2581825296538653451738253606261473e-04	-2.2016647582642496919147910320095402e+00	2.6127121162045120419491404000111986e-05	4.4265913061560455343914911399967269e-03
6.4212228585520793737977890820081768e-04	-2.1840723980695033463104527440804476e+00	2.5463689318523754987118537094946149e-05	4.3700317009387548265331631280355710e-03
6.5850350420407804272734902337538203e-04	-2.1667025125137709770626183344360415e+00	2.4830204827502017879724641890407874e-05	4.3153332247503333974088689860616582e-03
6.7495861286302607749361118722466955e-04	-2.1495478410060893832807844334888815e+00	2.4224822683653001844836610876615588e-05	4.2624052439403589812182296651251075e-03
6.9148438333895448739252500689002414e-04	-2.1326014735327099460199758622101881e+00	2.3645840998183820065826439156824704e-05	4.2111629974894462586206983338865335e-03
7.0807765154327299599367184898809784e-04	-2.1158568281285537384811072121140782e+00	2.3091687710318383494673570683781417e-05	4.1615271260951598686440701250233800e-03
7.2473531565355278060900555367937987e-04	-2.0993076301405552051421590178724598e+00	2.2560908728391994016008467152266326e-05	4.1134232460372834017761930305860068e-03
7.4145433408079914881456080740011590e-04	-2.0829478931138575065923739892461229e+00	2.2052157326420776512245195795639714e-05	4.0667815629188776745818060248521365e-03
7.5823172353553635178200901767655205e-04	-2.0667719011501885115360675280600530e+00	2.1564184645615412444510109769897121e-05	4.0215365209849672618352770065361321e-03
7.7506455718643694694277256884204867e-04	-2.0507741926038622023901033198699308e+00	2.1095831170400611119763265656804546e-05	3.9776264842431687245975474799835099e-03
7.9194996290571657280415227025349821e-04	-2.0349495449950218507571719477145643e+00	2.0646019065647821440681986399769525e-05	3.9349934460625646072360218957381047e-03
8.0888512159595851963160390724477509e-04	-2.0192929610322290447618822580178812e+00	2.0213745276498315891688681214929899e-05	3.8935827643190549497364417712705836e-03
8.2586726559343581675668606148756071e-04	-2.0037996556475286346433755385912448e+00	1.9798075304735820945428218737589916e-05	3.8533429194960320547781910554611602e-03
8.4289367714336589195435690112299046e-04	-1.9884650439568739056832841036186339e+00	1.9398137586485367817128368938946939e-05	3.8142252934458907745235235678706313e-03
8.5996168694286788237727577840848515e-04	-1.9732847300674417068062063379392828e+00	1.9013118405337148424801286021823159e-05	3.7761839667768240860718759500416650e-03
8.7706867274769865547598207375991032e-04	-1.9582544966610438862173534310662698e+00	1.8642257283045769328913382130768716e-05	3.7391755330558254011483839963476288e-03
8.9421205803912342607024747009137414e-04	-1.9433702952896698405359306738104262e+00	1.8284842796924813315033854775297217e-05	3.7031589282172908412292036793580425e-03
9.1138931074753310142552727092071167e-04	-1.9286282373252794189679247449327335e+00	1.7940208779102316375294327828826287e-05	3.6680952737408853356576410016743642e-03
9.2859794202965543466046006702110985e-04	-1.9140245855113959523187734505375945e+00	1.7607730858057943013815452833509822e-05	3.6339477323156447588270372082313329e-03
9.4583550509642275347626882792256966e-04	-1.8995557460689039311972593544154675e+00	1.7286823307439836397502253602449214e-05	3.6006813748424003486403941460684365e-03
9.6309959408875727225290386517168321e-04	-1.8852182613128027222683316969270360e+00	1.6976936171153580793634181798536225e-05	3.5682630577459021082554114889076552e-03
9.8038784299871741418102466284478431e-04	-1.8710088027405657812781574769340249e+00	1.6677552637208245545571825546467892e-05	3.5366613096735197997522947325026838e-03
9.9769792463361661922551581170275650e-04	-1.8569241645562556406313175408083244e+00	1.6388186635863788653458494620254500e-05	3.5058462267508640045349449468942604e-03
1.0150275496208810958498422217644606e-03	-1.8429612575976935588992407772782032e+00	1.6108380640308733900748074456405202e-05	3.4757893756476044412782773264479428e-03
1.0323744654515560589393567753870074e-03	-1.8291171036368185506119502142408985e+00	1.5837703650457001858526394810480516e-05	3.4464637037804715255965355460609518e-03
1.0497364555605022345883958327211407e-03	-1.8153888300259281473691709029755184e+00	1.5575749342530866566313287455332373e-05	3.4178434560460378204683879907097238e-03
1.0671113384414467509074719558502364e-03	-1.8017736646648030545346675809251051e+00	1.5322134368929926451409299459659514e-05	3.3899040975343663946032448397555212e-03
1.0844969667951658261166798815454865e-03	-1.7882689312658065942046083672085014e+00	1.5076496794505256882521777642717561e-05	3.3626222417268325569157748632788497e-03
1.1018912267091816812729219980906231e-03	-1.7748720448959410273876581210416249e+00	1.4838494656790705293875582232636464e-05	3.3359755837281131014126288772055650e-03
1.1192920368674535413543599885080681e-03	-1.7615805077765573280432930926340074e+00	1.4607804639013020467831582665097439e-05	3.3099428381241374039120371748132534e-03
1.1366973477886330752930994061535494e-03	-1.7483919053229711315541377005674019e+00	1.4384120845829417402924845004576721e-05	3.2845036810952701029304863454095801e-03
1.1541051410915387339576941587260716e-03	-1.7353039024076516878687394684829987e+00	1.4167153672742793414493676972845254e-05	3.2596386964476378082688618327296570e-03
1.1715134287865816931156546435768016e-03	-1.7223142398319371595295066143629786e+00	1.3956628761036329441638829006329307e-05	3.2353293252557534800145897202780251e-03
1.1889202525919489666150214011231414e-03	-1.7094207309924013457949501677012109e+00	1.3752286030863838479646101764775139e-05	3.2115578188368101613025626587412514e-03
1.2063236832734171513073296035208716e-03	-1.6966212587290652957243704797132466e+00	1.3553878785841452833862615702380965e-05	3.1883071948015431547011069129194724e-03
1.2237218200067335891199371423146010e-03	-1.6839137723436224569614704442879582e+00	1.3361172883120091100736378006345877e-05	3.1655611959486891946049100234856529e-03
1.2411127897615608381611967418574057e-03	-1.6712962847767370551785740874402376e+00	1.3173945963485360615880075291482788e-05	3.1433042517900606960344819483819465e-03
1.2584947467060355576607841422348874e-03	-1.6587668699342904040450256357874831e+00	1.2991986736539779664510059093064491e-05	3.1215214425113305213295936681595795e-03
1.2758658716310445266664776717220052e-03	-1.6463236601531960427282405165408689e+00	1.2815094316478144124421550421353967e-05	3.1001984651899892553151371349166599e-03
1.2932243713933688041097720693455550e-03	-1.6339648437980884649678403751560809e+00	1.2643077604376390277783759340143619e-05	3.0793216021067709680713389813251390e-03
1.3105684783768922455271056426281332e-03	-1.6216886629808175469172966563672312e+00	1.2475754713282579641864227568775836e-05	3.0588776910003028848020390223522854e-03
1.3278964499711129460013338532464374e-03	-1.6094934113952568108916439138035075e+00	1.2312952432730192052232007985786393e-05	3.0388540971269595310193559145777931e-03
1.3452065680662358875428104866507477e-03	-1.5973774322604630605790339039915612e+00	1.2154505729592758320344667250948933e-05	3.0192386869990174354633778776134548e-03
1.3624971385641623228321550982299459e-03	-1.5853391163657119014079704511730553e+00	1.2000257282468520476386306626943312e-05	3.0000198036843232858240099712672329e-03
1.3797664909047264011332182768292705e-03	-1.5733769002113820099414647287525791e+00	1.1850057047027391029436706596167698e-05	2.9811862435599053855926137553258781e-03
1.3970129776065623972642981050671481e-03	-1.5614892642400741572479071399074986e+00	1.1703761849972747878712546015214028e-05	2.9627272344203635302724007055424493e-03
1.4142349738220167889398912040254194e-03	-1.5496747311527320086587356118445503e+00	1.1561235009469988207024971278532472e-05	2.9446324148495447620713695396575772e-03
1.4314308769055484780011857204974226e-03	-1.5379318643048834037250421038282660e+00	1.1422345980074436071204191183213492e-05	2.9268918147710222953378741682176840e-03
1.4485991059950877927949914134873991e-03	-1.5262592661784456865392462861044329e+00	1.1286970020355074843970460804529056e-05	2.9094958370993052720444910224794422e-03
1.4657381016058506582401291959232294e-03	-1.5146555769248389901538978864952398e+00	1.1154987881559364020941064642070675e-05	2.8924352404195744060283568171288540e-03
1.4828463252361285840303339860456826e-03	-1.5031194729754292477813370879468831e+00	1.1026285515799619073560428174461411e-05	2.8757011226291136962461449832789796e-03
1.4999222589845979989090772398696253e-03	-1.4916496657155799837908285429773067e+00	1.0900753802364436185265152214952942e-05	2.8592849054785367601262254076405024e-03
1.5169644051787140415031818103187630e-03	-1.4802449002188303325337865242553639e+00	1.0778288290870637776924173313229417e-05	2.8431783199554288914878046304209545e-03
1.5339712860137742904766929224308458e-03	-1.4689039540379377906730431055614115e+00	1.0658788960073277380393278935818667e-05	2.8273733924571795243969716724428867e-03
1.5509414432022571571596163257845437e-03	-1.4576256360497293370301695125264195e+00	1.0542159991244336970066577577808743e-05	2.8118624317035975760376102561984907e-03
1.5678734376330578449668737071676572e-03	-1.4464087853508950349641057784377213e+00	1.0428309555115738326275952748997957e-05	2.7966380163434140810648626244499330e-03
1.5847658490402619692231523031063816e-03	-1.4352522702020352341539043095469527e+00	1.0317149611459944560132285623841209e-05	2.7816929832120096376029638959300523e-03
1.6016172756811131909713547165497288e-03	-1.4241549870174370768281349477940063e+00	1.0208595720452440996172859281724631e-05	2.7670204162006828760701339271673907e-03
1.6184263340228466070274134657022231e-03	-1.4131158593982091605288826366009204e+00	1.0102566865025377714074472263902408e-05	2.7526136357005225177331149327205271e-03
1.6351916584380742099075912536767839e-03	-1.4021338372065458039399586364232984e+00	9.9989852834811876415691616712630665e-06	2.7384661885864795994799163710796466e-03
1.6519119009084225354689229423333057e-03	-1.3912078956790252165518279449368059e+00	9.8977763116895664280003296345696361e-06	2.7245718387095762163080987515250529e-03
1.6685857307361356998552392323467096e-03	-1.3803370345769697303881341897810913e+00	9.7988682342412655709788935488268218e-06	2.7109245578673490983391652197566730e-03
1.6852118342633694340996485327075070e-03	-1.3695202773720117934906019098856783e+00	9.7021921439781158564126248983719487e-06	2.6975185172246254030567612950921388e-03
1.7017889145989134949992735404287652e-03	-1.3587566704651172743181316089537021e+00	9.6076818093609315861871146197178842e-06	2.6843480791585778092131513152105757e-03
1.7183156913520910024058919881632680e-03	-1.3480452824374183559700860637135923e+00	9.5152735491757790515260428741252469e-06	2.6714077895037186600866124153321076e-03
1.7347909003735938610871994150598146e-03	-1.3373852033313024345125747852062199e+00	9.4249061141148250121758319238621596e-06	2.6586923701740797253830324733085183e-03
1.7512132935030235026817868594157050e-03	-1.3267755439602914592145958831250017e+00	9.3365205748008836391281506874184367e-06	2.6461967121412953373090380594319596e-03
1.7675816383229157606988079669296410e-03	-1.3162154352463285077623894032937733e+00	9.2500602158550988310661217052259714e-06	2.6339158687486715076045744283203142e-03
1.7838947179190377976910422930027478e-03	-1.3057040275831654845570184118158507e+00	9.1654704356351552920851557791613306e-06	2.6218450493425906318806161787276980e-03
1.8001513306467536654831772124507490e-03	-1.2952404902246180406306992805109716e+00	9.0826986512972077816857445047819411e-06	2.6099796132037782793681162323322828e-03
1.8163502899032633217615544868749279e-03	-1.2848240106965214855520439371774972e+00	9.0016942088585363766011105094791868e-06	2.5983150637620524244946187869449234e-03
1.8324904239055277729180786372164721e-03	-1.2744537942312849138810290380774397e+00	8.9224082979599424765814002834187367e-06	2.5868470430791927690714707654389389e-03
1.8485705754737004857895205594491820e-03	-1.2641290632240002954866657474956472e+00	8.8447938710472465646009299061267260e-06	2.5755713265855144473604449892511698e-03
1.8645896018198923304590039630440459e-03	-1.2538490567091191519111216152904123e+00	8.7688055667100716676031312550767726e-06	2.5644838180566118182730013084606399e-03
1.8805463743421041019161443798856788e-03	-1.2436130298567619107674433092416479e+00	8.6943996369335210085187540412294290e-06	2.5535805448175591928567947974178240e-03
1.8964397784231671382351779160363908e-03	-1.2334202534877743286965274058897452e+00	8.6215338780344983172757170372086883e-06	2.5428576531626207717218519856465556e-03
1.9122687132345387240403467851656065e-03	-1.2232700136066917150484995342199614e+00	8.5501675650693784411172342110354972e-06	2.5323114039792359512877575930829556e-03
1.9280320915448048563600525924924304e-03	-1.2131616109518152715570898554224918e+00	8.4802613895136089242157200979577272e-06	2.5219381685657123328706501312603225e-03
1.9437288395327485705332342026593419e-03	-1.2030943605616458715086407030818789e+00	8.4117774000266965335336269353334298e-06	2.5117344246326807562499111605592720e-03
1.9593578966048473907280464791535462e-03	-1.1930675913569592054288932515483484e+00	8.3446789461279852445289073352286908e-06	2.5016967524789477168870431972023959e-03
1.9749182152170685961273335478812823e-03	-1.1830806457378425768584916322994600e+00	8.2789306246197361468509175723854869e-06	2.4918218313329235915457140563260531e-03
1.9904087607008358924049696948323283e-03	-1.1731328791950478876702210272769125e+00	8.2144982286043411209069835009339690e-06	2.4821064358513129320314030775831057e-03
2.0058285110930457605054541020333962e-03	-1.1632236599350476433810228645383802e+00	8.1513486989521014236491617071768328e-06	2.4725474327672282161059025234870666e-03
2.0211764569700162320041494143549077e-03	-1.1533523685182112611168272822720372e+00	8.0894500780849348856549286330048802e-06	2.4631417776803331954508748021229952e-03
2.0364516012852551228842816366470534e-03	-1.1435183975095476934457225437543207e+00	8.0287714659496920270788454482983124e-06	2.4538865119820384989205239842293670e-03
2.0516529592109388552368574931724496e-03	-1.1337211511414874991059789264527796e+00	7.9692829780625086133907407560117286e-06	2.4447787599091624155232500197854319e-03
2.0667795579829969184276653682434532e-03	-1.1239600449882030980092994431230744e+00	7.9109557055128427341985543415301751e-06	2.4358157257198356240005475710775850e-03
2.0818304367497007764130294447644079e-03	-1.1142345056509901370558192014206885e+00	7.8537616768225776550515580137733901e-06	2.4269946909857717436638016904245473e-03
2.0968046464236596243626387017550158e-03	-1.1045439704542557530189303981725268e+00	7.7976738215618535387110673720135235e-06	2.4183130119953475156841077216706309e-03
2.1117012495371288433423072190910959e-03	-1.0948878871516811308014118842904176e+00	7.7426659356291548330853372967340270e-06	2.4097681172622386294065823713659957e-03
2.1265193201005403038685521166855750e-03	-1.0852657136421461959289923756099834e+00	7.6887126481086562020570294095498895e-06	2.4013575051346410208538073696273450e-03
2.1412579434641668346117053535048901e-03	-1.0756769176950236202888644899951434e+00	7.6357893896229464353949468281711079e-06	2.3930787415003741277586920142517825e-03
2.1559162161828362079558822586078779e-03	-1.0661209766844676261301873460140401e+00	7.5838723621040327030900796324927703e-06	2.3849294575834132335375905154028229e-03
2.1704932458836129057264428032769792e-03	-1.0565973773323404070979651625586925e+00	7.5329385099100006799139197685506465e-06	2.3769073478276337341068091038081150e-03
2.1849881511363687220371932786695384e-03	-1.0471056154594354043544693597673210e+00	7.4829654922188914648354960421708063e-06	2.3690101678637719017438148609905533e-03
2.1994000613271659414439938096804113e-03	-1.0376451957446722346402763289406418e+00	7.4339316566352741647601860828779727e-06	2.3612357325558154136155528103152978e-03
2.2137281165343794046759881223911643e-03	-1.0282156314919528159027473843972039e+00	7.3858160139486622526114596482950818e-06	2.3535819141232334079504786998991341e-03
2.2279714674074862461291556515036182e-03	-1.0188164444043822220637902672431996e+00	7.3385982139863596668955950697680349e-06	2.3460466403356409165132165552011302e-03
2.2421292750484544617660664197112103e-03	-1.0094471643655710657612615800455020e+00	7.2922585225065451029901435797803875e-06	2.3386278927766669306963079279318559e-03
2.2562007108956637475407395692448592e-03	-1.0001073292277487978037714237338653e+00	7.2467777990804248606370385629931452e-06	2.3313237051739597713449208073733871e-03
2.2701849566102942411963043403700129e-03	-9.9079648460642926332333436647012211e-01	7.2021374759151196561527466070502867e-06	2.3241321617924184830014019375599599e-03
2.2840812039651209082849540240385401e-03	-9.8151418368138120344555854200943051e-01	7.1583195375716116630854175604125850e-06	2.3170513958878852512736658305241450e-03
2.2978886547356533403475853908734506e-03	-9.7225998700366717169809936954667044e-01	7.1153065015345764571186091557668978e-06	2.3100795882186718965314340587718011e-03
2.3116065205935626829833624214200815e-03	-9.6303346230852457820045665015724721e-01	7.0730813995932713944013419152808319e-06	2.3032149656124238395538451328586501e-03
2.3252340230023392874728556481796678e-03	-9.5383418433387231180241407098065603e-01	7.0316277599948573385822010773869875e-06	2.2964557995859480417217855620303032e-03
2.3387703931151264849551707286306858e-03	-9.4466173464423564880406851623490894e-01	6.9909295903336039313680169964198482e-06	2.2898004050157477382642665989958525e-03
2.3522148716746776199992635593023382e-03	-9.3551570145989096302016659769551790e-01	6.9509713611413784615721333038376391e-06	2.2832471388571167224572249704868579e-03
2.3655667089153851536981259952184359e-03	-9.2639567949104013046622521669534197e-01	6.9117379901466528942720419789486798e-06	2.2767943989097498883722966031704347e-03
2.3788251644673322579519672301463349e-03	-9.1730126977683249606937750898810452e-01	6.8732148271709902674841735758230272e-06	2.2704406226279250609372286113767826e-03
2.3919895072623188750557662664614944e-03	-9.0823207952905986137258165955077078e-01	6.8353876396335974120126072896619333e-06	2.2641842859734041720220981840965845e-03
2.4050590154418157126006345533054665e-03	-8.9918772198035718173194721071008308e-01	6.7982425986360622752403084226500712e-06	2.2580239023092898952055333406887789e-03
2.4180329762668010854475451460036909e-03	-8.9016781623674854830961634397729367e-01	6.7617662656008370541486302565224447e-06	2.2519580213331572244528099846797310e-03
2.4309106860294369064302933467678506e-03	-8.8117198713438459240522361980578243e-01	6.7259455794383884715078532893639825e-06	2.2459852280478584487085738309799440e-03
2.4436914499665414676763510042198257e-03	-8.7219986510032370444762262004394657e-01	6.6907678442192190802039361570811399e-06	2.2401041417684747931754294878902949e-03
2.4563745821748179470799089301815008e-03	-8.6325108601721542338780530662345763e-01	6.6562207173281733145538333102518496e-06	2.2343134151639589101106543170724648e-03
2.4689594055277988215028061109979272e-03	-8.5432529109175003946226425429510743e-01	6.6222921980795836534704091407092277e-06	2.2286117333320796332602041288191290e-03
2.4814452515944675716049632636605322e-03	-8.4542212672674387862728159873006087e-01	6.5889706167728899408618344197111743e-06	2.2229978129063441721957771570693224e-03
2.4938314605595202246168309195132482e-03	-8.3654124439673491387310168752958429e-01	6.5562446241693825616743866663737922e-06	2.2174704011936334141440338569276566e-03
2.5061173811452304025790292718863637e-03	-8.2768230052696828981891180467277459e-01	6.5241031813716814717793798800309539e-06	2.2120282753413434073074306663691899e-03
2.5183023705348826262262986446846870e-03	-8.1884495637565606445110967087722046e-01	6.4925355500884714560906719186345160e-06	2.2066702415328805955200480020571260e-03
2.5303857942977396703464028382379100e-03	-8.1002887791939997690907538361521676e-01	6.4615312832678726444588134796575970e-06	2.2013951342104101229232802338894406e-03
2.5423670263155107765907200306640782e-03	-8.0123373574167035352134956089720483e-01	6.4310802160836372407924382730023077e-06	2.1962018153238056826911267269301787e-03
2.5542454487102885057752376495424743e-03	-7.9245920492423837593253925590389878e-01	6.4011724572591314134601143430048561e-06	2.1910891736047960898026003151000503e-03
2.5660204517739229550476387515375629e-03	-7.8370496494146286466052744288300612e-01	6.3717983807147879683089128807078887e-06	2.1860561238653481498061842052605209e-03
2.5776914338988029772062610042953473e-03	-7.7497069955733648778293235306822880e-01	6.3429486175254032244070793774146952e-06	2.1811016063193676006211181402548154e-03
2.5892578015100149211801629327028809e-03	-7.6625609672519989617635791440018596e-01	6.3146140481743027243408986970000216e-06	2.1762245859268400421990791529256463e-03
2.6007189689988502654015887903473428e-03	-7.5756084849003572186330096630761438e-01	6.2867857950920171766319873991057253e-06	2.1714240517595719517073024878045797e-03
2.6120743586576343406557727469028883e-03	-7.4888465089325766216517999992555881e-01	6.2594552154676943523768549635687557e-06	2.1666990163877282154877620393344645e-03
2.6233234006158491370615912687686950e-03	-7.4022720387991301671126163938019085e-01	6.2326138943220264194299940196890091e-06	2.1620485152863971928435782771204313e-03
2.6344655327775239621561714652769937e-03	-7.3158821120822005372180118570518183e-01	6.2062536378309971550196927133239930e-06	2.1574716062614472543014711198760718e-03
2.6455002007598684646184061689056502e-03	-7.2296738036136446281571266195683253e-01	6.1803664668902512810917959415958010e-06	2.1529673688939700965211188858840754e-03
2.6564268578331232619189193881149139e-03	-7.1436442246148190999267870379033791e-01	6.1549446109103603626922261305462806e-06	2.1485349040026360104653350177431281e-03
2.6672449648616041110352398325809999e-03	-7.0577905218575635218869272193643327e-01	6.1299805018337077492927902267676975e-06	2.1441733331233147470032498953975231e-03
2.6779539902459162401899747374445833e-03	-6.9721098768456629938083702847694487e-01	6.1054667683641402837179415581617239e-06	2.1398817980053427584861833670082101e-03
2.6885534098663161171890165861911117e-03	-6.8865995050161363681366266565969744e-01	6.0813962304009382313911933163236659e-06	2.1356594601238434654880707685697064e-03
2.6990427070271985671535929915730083e-03	-6.8012566549597194345799157660214225e-01	6.0577618936690382942331474729170671e-06	2.1315055002075318703587503044775905e-03
2.7094213724026877700182298916154945e-03	-6.7160786076599346996089807189930387e-01	6.0345569445378087961843646653268580e-06	2.1274191177814583753079000574517228e-03
2.7196889039833112668385790927450851e-03	-6.6310626757501607453045840301325472e-01	6.0117747450210222204748816857228721e-06	2.1233995307241691207465589648474928e-03
2.7298448070237366844203936774690525e-03	-6.5462062027881346262131955271618871e-01	5.9894088279509992383372601805422343e-06	2.1194459748387815946199673353710350e-03
2.7398885939915514507166620368004422e-03	-6.4615065625473403993395665002068211e-01	5.9674528923202111313463055377344049e-06	2.1155577034374947274586569294016799e-03
2.7498197845170663194894364833564606e-03	-6.3769611583247557189627787597652176e-01	5.9459007987839249558544796592326601e-06	2.1117339869390722299600775714791188e-03
2.7596379053441240525153573710761171e-03	-6.2925674222644465005467969241641855e-01	5.9247465653177587569420246127959688e-06	2.1079741124788565964874675150452650e-03
2.7693424902818951217233723342289755e-03	-6.2083228146965170007601040585119267e-01	5.9039843630242833910813781851753241e-06	2.1042773835308890327869633728930599e-03
2.7789330801576427926598807789040967e-03	-6.1242248234909393059487203707597148e-01	5.8836085120830637958928388132626205e-06	2.1006431195417276109350475971020947e-03
2.7884092227704404351278924375106137e-03	-6.0402709634258022001372008747987886e-01	5.8636134778387765437950121821534105e-06	2.0970706555755722482418639063530124e-03
2.7977704728458243772684093825851105e-03	-5.9564587755695347250521955456915789e-01	5.8439938670222728858582308036250655e-06	2.0935593419703206866390860687301503e-03
2.8070163919913660762489820054849917e-03	-5.8727858266766744766188484419306350e-01	5.8247444240996778470658408202739215e-06	2.0901085440041945500679761764307947e-03
2.8161465486531478225812730651057437e-03	-5.7892497085967648313519853636981696e-01	5.8058600277448268536159525095885944e-06	2.0867176415725888127716565668240684e-03
2.8251605180731266263725675337267046e-03	-5.7058480376959788872390646070816618e-01	5.7873356874305424030022952235965962e-06	2.0833860288748116526361644586890961e-03
2.8340578822473713529734711628986714e-03	-5.6225784542910809610533062779500495e-01	5.7691665401344449435909912528117848e-06	2.0801131141103947206039894611958811e-03
2.8428382298851585829462400937464574e-03	-5.5394386220953490303466489963863626e-01	5.7513478471551748984036665654143378e-06	2.0768983191846663579198680161544910e-03
2.8515011563689130674594490522328348e-03	-5.4564262276760935653577907681917366e-01	5.7338749910350771066968036372315262e-06	2.0737410794232922643021439341805544e-03
2.8600462637149790355134181188970712e-03	-5.3735389799234197843937379988117296e-01	5.7167434725855652999512774603231885e-06	2.0706408432954995874113314997429585e-03
2.8684731605352089842002647157459831e-03	-5.2907746095298915055799170675994805e-01	5.6999489080115429852541286040674059e-06	2.0675970721457113912442195467193979e-03
2.8767814619993569478714833557460725e-03	-5.2081308684807654769636578650382010e-01	5.6834870261314086653590278598474452e-06	2.0646092399333289911113368554169783e-03
2.8849707897982635969796350262932195e-03	-5.1256055295544753636503042267825715e-01	5.6673536656893180462954633961548252e-06	2.0616768329804097372831148246003065e-03
2.8930407721078208628209053733824093e-03	-5.0431963858330544719592455900790955e-01	5.6515447727565141156236588766761901e-06	2.0587993497269975087375114463640834e-03
2.9009910435537041207611940349472243e-03	-4.9609012502221958127179201787652165e-01	5.6360563982186680438775137712299942e-06	2.0559763004938724621895112434925906e-03
2.9088212451768602920971740539976748e-03	-4.8787179549806572642151399359010129e-01	5.6208846953463000773006241478043251e-06	2.0532072072524954882276236322907798e-03
2.9165310243997405437909982424529724e-03	-4.7966443512587284047396951558623716e-01	5.6060259174454702439271672851796752e-06	2.0504916034019313734922469460717783e-03
2.9241200349932665762175538476632652e-03	-4.7146783086454840590799257734532087e-01	5.5914764155860440640011224333609546e-06	2.0478290335525428720960437959147602e-03
2.9315879370445197920603142605846533e-03	-4.6328177147245577562477794034798089e-01	5.5772326364049488015353949725410609e-06	2.0452190533162557667686302842289925e-03
2.9389343969251429348597066507149193e-03	-4.5510604746381761397912100903867753e-01	5.5632911199819413644774894843663118e-06	2.0426612291032025655845942377710452e-03
2.9461590872604440737206024225035911e-03	-4.4694045106592029195578956903146853e-01	5.5496484977855099913854808406585702e-06	2.0401551379245597479419553323419455e-03
2.9532616868991930915778458833633191e-03	-4.3878477617709482162981649029389479e-01	5.5363014906866285753221886331032124e-06	2.0377003672014004573339661571570256e-03
2.9602418808841011084465693969248026e-03	-4.3063881832545061391406873623884022e-01	5.5232469070381750818307036760232297e-06	2.0352965145793912513743884279305198e-03
2.9670993604229735384847819426317018e-03	-4.2250237462833901613295897915763422e-01	5.5104816408179142173993875145735196e-06	2.0329431877491679738420706663974946e-03
2.9738338228605277406985807752229226e-03	-4.1437524375252423317830403560553547e-01	5.4980026698330294874774540175024836e-06	2.0306400042722320209587929596496164e-03
2.9804449716508664779467217900329629e-03	-4.0625722587503985886690151661206508e-01	5.4858070539842712288483175101952564e-06	2.0283865914122142458977106962888420e-03
2.9869325163305986477651015409842417e-03	-3.9814812264470984355049900796065153e-01	5.4738919335878652808106250631816025e-06	2.0261825859713594922998910792867970e-03
2.9932961724925989916396845130167255e-03	-3.9004773714431330090694690118204892e-01	5.4622545277534018352969483690392728e-06	2.0240276341320902795120541316522342e-03
2.9995356617603987269084094403177934e-03	-3.8195587385337311200626404163582736e-01	5.4508921328159958317428820371382440e-06	2.0219213913035134890321669753208111e-03
3.0056507117631992776618965717920329e-03	-3.7387233861154881899909493130494245e-01	5.4398021208210791844535452563628879e-06	2.0198635219727390324924788678705016e-03
3.0116410561115015080263099264172263e-03	-3.6579693858261481488352723453991853e-01	5.4289819380602512873639001549361188e-06	2.0178536995608844252262402062492086e-03
3.0175064343733430832304124864950498e-03	-3.5772948221900533050099944354090051e-01	5.4184291036566777655386680552781029e-06	2.0158916062836439544543655667644648e-03
3.0232465920511368010578001118905249e-03	-3.4966977922690819589176881219283565e-01	5.4081412081985884600952514958916726e-06	2.0139769330163057254079097820143335e-03
3.0288612805591029488340705902293227e-03	-3.4161764053188981107250746124315367e-01	5.3981159124194842629109693837930523e-06	2.0121093791631042999243399718046932e-03
3.0343502572012889491615154811693075e-03	-3.3357287824503420182051344984411278e-01	5.3883509459237187731491606677595139e-06	2.0102886525308009175288025485972976e-03
3.0397132851501697613499537440394116e-03	-3.2553530562957945976965318395457070e-01	5.3788441059561749374852877205842106e-06	2.0085144692063874157181591250930215e-03
3.0449501334258227050558123474314234e-03	-3.1750473706803527362407833914708128e-01	5.3695932562148089629365148815829430e-06	2.0067865534388139507784244717907887e-03
3.0500605768756705681820752813378739e-03	-3.0948098802976565013247275861764221e-01	5.3605963257048839535076749754014335e-06	2.0051046375246444693650791370707986e-03
3.0550443961547870527543609395022248e-03	-3.0146387503902130016861454638267950e-01	5.3518513076337640129516359303497924e-06	2.0034684616975476003622630958426865e-03
3.0599013777067588004139472383379490e-03	-2.9345321564340652734004426115590548e-01	5.3433562583451860649219552959398918e-06	2.0018777740215342320492616183037626e-03
3.0646313137450984234937304510574202e-03	-2.8544882838276580447942307734190173e-01	5.3351092962919714536592033858596053e-06	2.0003323302878565169292991849838156e-03
3.0692340022352031485006263279875601e-03	-2.7745053275847555762468239536299619e-01	5.3271086010461825841839515712456515e-06	1.9988318939154864110679209590195817e-03
3.0737092468768538563467796798670694e-03	-2.6945814920312699810529463631389270e-01	5.3193524123457715181628487113625032e-06	1.9973762358550951115730637230856653e-03
3.0780568570872494779775120056667846e-03	-2.6147149905058615154384303851538339e-01	5.3118390291768076340741817876471248e-06	1.9959651344964579098403201601753333e-03
3.0822766479845718752581239087717122e-03	-2.5349040450641752835619767390200954e-01	5.3045668088904102586325559254441272e-06	1.9945983755792120340971127490025580e-03
3.0863684403720765052230947531492056e-03	-2.4551468861865816407321526195559770e-01	5.2975341663535496481282171186174368e-06	1.9932757521068980171294888826734916e-03
3.0903320607227043311753420577929903e-03	-2.3754417524892902987745426742678195e-01	5.2907395731329159079381827778971554e-06	1.9919970642642179982047487971616390e-03
3.0941673411642106067624532801651265e-03	-2.2957868904387107449840552629473853e-01	5.2841815567110904477325972828089007e-06	1.9907621193374471562801075808371749e-03
3.0978741194648063191607326574644399e-03	-2.2161805540689340837131091256596721e-01	5.2778586997342884379587603120635346e-06	1.9895707316379371786173704319175755e-03
3.1014522390193082349733087301609083e-03	-2.1366210047022138005419768878962729e-01	5.2717696392909735166801776278211167e-06	1.9884227224286532987573917585185503e-03
3.1049015488357936474995853042962978e-03	-2.0571065106723252361660393137354752e-01	5.2659130662206777490749319614298437e-06	1.9873179198536889941512483986859053e-03
3.1082219035227560767616399416252549e-03	-1.9776353470506857434837863188792731e-01	5.2602877244523906169370869031520250e-06	1.9862561588707049201648855105455483e-03
3.1114131632767583241780350064873410e-03	-1.8982057953751195896067183586135104e-01	5.2548924103719106623659929963459010e-06	1.9852372811862410771071893849285329e-03
3.1144751938705794321538804193489523e-03	-1.8188161433811536572305186079979141e-01	5.2497259722175823764878457631631204e-06	1.9842611351938535636912132560919174e-03
3.1174078666418522452026754809239480e-03	-1.7394646847357318994684812872709375e-01	5.2447873095038690566882356794614261e-06	1.9833275759150295671211390601313705e-03
3.1202110584821884136231934339425720e-03	-1.6601497187732383111900656477524983e-01	5.2400753724722396988476101131328863e-06	1.9824364649428364798897980745592801e-03
3.1228846518267878233142264090362839e-03	-1.5808695502337199003451248806541202e-01	5.2355891615688745872169449057319672e-06	1.9815876703882632193554894795963777e-03
3.1254285346445295761102846757813959e-03	-1.5016224890032027767860564266000971e-01	5.2313277269487201350489329758688136e-06	1.9807810668292139611266562945286199e-03
3.1278426004285417841494788853327052e-03	-1.4224068498559960257105599598106452e-01	5.2272901680054487536511682875502845e-06	1.9800165352621165840105573711550425e-03
3.1301267481872475793262688304362645e-03	-1.3432209521988794999116848312540032e-01	5.2234756329269041245216871239068916e-06	1.9792939630561101654823508196494995e-03
3.1322808824358848749204153657646503e-03	-1.2640631198170730513076720461941979e-01	5.2198833182756362557474576533449324e-06	1.9786132439097778649272405750253324e-03
3.1343049131884975511117071570753419e-03	-1.1849316806218860293966434054269321e-01	5.2165124685941541557721478268279296e-06	1.9779742778103934898471546429980274e-03
3.1361987559503958693688264434419845e-03	-1.1058249663999471039049511021321059e-01	5.2133623760345468897235338683821559e-06	1.9773769709956519602796448733328111e-03
3.1379623317110840527197199187777915e-03	-1.0267413125639156224398338310489875e-01	5.2104323800121462294345955296898354e-06	1.9768212359178557712580176041282727e-03
3.1395955669376530997484627947645224e-03	-9.4767905790457679278875395735975178e-02	5.2077218668829261008176621993136682e-06	1.9763069912105314045931866993190105e-03
3.1410983935686370298970959397108014e-03	-8.6863654434422398490862033043341373e-02	5.2052302696443556031698835312054865e-06	1.9758341616574514618661679280116491e-03
3.1424707490083308863564455106213689e-03	-7.8961211669123238080686750640471051e-02	5.2029570676594435552695885689509002e-06	1.9754026781640400825182116798676988e-03
3.1437125761215689505826646270573838e-03	-7.1060412239572906253360889758854949e-02	5.2009017864037333429569422584918307e-06	1.9750124777311409764960008491603674e-03
3.1448238232289617493504010278174002e-03	-6.3161091130626542039398359055326065e-02	5.1990639972350273317527013463035857e-06	1.9746635034311291421887709360518860e-03
3.1458044441025905613224719360537811e-03	-5.5263083542739848618194445079556834e-02	5.1974433171856402947741195944142370e-06	1.9743557043863490594770761989837073e-03
3.1466543979621582554523141164097052e-03	-4.7366224867808845057766742819714626e-02	5.1960394087770012189784963899218733e-06	1.9740890357498638466551912426832795e-03
3.1473736494715954182111596817995993e-03	-3.9470350665082021060555169914738710e-02	5.1948519798564425192839929909045354e-06	1.9738634586885015508119358276087908e-03
3.1479621687361208507181134610173591e-03	-3.1575296637135731290327619762027109e-02	5.1938807834560351375814587530073487e-06	1.9736789403681864059479102819656204e-03
3.1484199312997556404187528698772786e-03	-2.3680898605903711211040529722622676e-02	5.1931256176733472588275963579662281e-06	1.9735354539415445436328198669036635e-03
3.1487469181432901350767127452576593e-03	-1.5786992488751635147543876280966569e-02	5.1925863255740234656897275502001057e-06	1.9734329785377752793024820872851399e-03
3.1489431156827032695826995554486518e-03	-7.8934142745876695253747972683726429e-03	5.1922627951161001026621865236627888e-06	1.9733714992547807252779909355252915e-03
3.1490085157680338185158809890706067e-03	0.0000000000000000000000000000000000e+00	5.1921549590959914559874143419311929e-06	1.9733510071535481011584158159263520e-03
3.1489431156827032695826995554486518e-03	7.8934142745876695253747972683726429e-03	5.1922627951161001026621865236627888e-06	1.9733714992547807252779909355252915e-03
3.1487469181432901350767127452576593e-03	1.5786992488751635147543876280966569e-02	5.1925863255740234656897275502001057e-06	1.9734329785377752793024820872851399e-03
3.1484199312997556404187528698772786e-03	2.3680898605903711211040529722622676e-02	5.1931256176733472588275963579662281e-06	1.9735354539415445436328198669036635e-03
3.1479621687361208507181134610173591e-03	3.1575296637135731290327619762027109e-02	5.1938807834560351375814587530073487e-06	1.9736789403681864059479102819656204e-03
3.1473736494715954182111596817995993e-03	3.9470350665082021060555169914738710e-02	5.1948519798564425192839929909045354e-06	1.9738634586885015508119358276087908e-03
3.1466543979621582554523141164097052e-03	4.7366224867808845057766742819714626e-02	5.1960394087770012189784963899218733e-06	1.9740890357498638466551912426832795e-03
3.1458044441025905613224719360537811e-03	5.5263083542739848618194445079556834e-02	5.1974433171856402947741195944142370e-06	1.9743557043863490594770761989837073e-03
3.1448238232289617493504010278174002e-03	6.3161091130626542039398359055326065e-02	5.1990639972350273317527013463035857e-06	1.9746635034311291421887709360518860e-03
3.1437125761215689505826646270573838e-03	7.1060412239572906253360889758854949e-02	5.2009017864037333429569422584918307e-06	1.9750124777311409764960008491603674e-03
3.1424707490083308863564455106213689e-03	7.8961211669123238080686750640471051e-02	5.2029570676594435552695885689509002e-06	1.9754026781640400825182116798676988e-03
3.1410983935686370298970959397108014e-03	8.6863654434422398490862033043341373e-02	5.2052302696443556031698835312054865e-06	1.9758341616574514618661679280116491e-03
3.1395955669376530997484627947645224e-03	9.4767905790457679278875395735975178e-02	5.2077218668829261008176621993136682e-06	1.9763069912105314045931866993190105e-03
3.1379623317110840527197199187777915e-03	1.0267413125639156224398338310489875e-01	5.2104323800121462294345955296898354e-06	1.9768212359178557712580176041282727e-03
3.1361987559503958693688264434419845e-03	1.1058249663999471039049511021321059e-01	5.2133623760345468897235338683821559e-06	1.9773769709956519602796448733328111e-03
3.1343049131884975511117071570753419e-03	1.1849316806218860293966434054269321e-01	5.2165124685941541557721478268279296e-06	1.9779742778103934898471546429980274e-03
3.1322808824358848749204153657646503e-03	1.2640631198170730513076720461941979e-01	5.2198833182756362557474576533449324e-06	1.9786132439097778649272405750253324e-03
3.1301267481872475793262688304362645e-03	1.3432209521988794999116848312540032e-01	5.2234756329269041245216871239068916e-06	1.9792939630561101654823508196494995e-03
3.1278426004285417841494788853327052e-03	1.4224068498559960257105599598106452e-01	5.2272901680054487536511682875502845e-06	1.9800165352621165840105573711550425e-03
3.1254285346445295761102846757813959e-03	1.5016224890032027767860564266000971e-01	5.2313277269487201350489329758688136e-06	1.9807810668292139611266562945286199e-03
3.1228846518267878233142264090362839e-03	1.5808695502337199003451248806541202e-01	5.2355891615688745872169449057319672e-06	1.9815876703882632193554894795963777e-03
3.1202110584821884136231934339425720e-03	1.6601497187732383111900656477524983e-01	5.2400753724722396988476101131328863e-06	1.9824364649428364798897980745592801e-03
3.1174078666418522452026754809239480e-03	1.7394646847357318994684812872709375e-01	5.2447873095038690566882356794614261e-06	1.9833275759150295671211390601313705e-03
3.1144751938705794321538804193489523e-03	1.8188161433811536572305186079979141e-01	5.2497259722175823764878457631631204e-06	1.9842611351938535636912132560919174e-03
3.1114131632767583241780350064873410e-03	1.8982057953751195896067183586135104e-01	5.2548924103719106623659929963459010e-06	1.9852372811862410771071893849285329e-03
3.1082219035227560767616399416252549e-03	1.9776353470506857434837863188792731e-01	5.2602877244523906169370869031520250e-06	1.9862561588707049201648855105455483e-03
3.1049015488357936474995853042962978e-03	2.0571065106723252361660393137354752e-01	5.2659130662206777490749319614298437e-06	1.9873179198536889941512483986859053e-03
3.1014522390193082349733087301609083e-03	2.1366210047022138005419768878962729e-01	5.2717696392909735166801776278211167e-06	1.9884227224286532987573917585185503e-03
3.0978741194648063191607326574644399e-03	2.2161805540689340837131091256596721e-01	5.2778586997342884379587603120635346e-06	1.9895707316379371786173704319175755e-03
3.0941673411642106067624532801651265e-03	2.2957868904387107449840552629473853e-01	5.2841815567110904477325972828089007e-06	1.9907621193374471562801075808371749e-03
3.0903320607227043311753420577929903e-03	2.3754417524892902987745426742678195e-01	5.2907395731329159079381827778971554e-06	1.9919970642642179982047487971616390e-03
3.0863684403720765052230947531492056e-03	2.4551468861865816407321526195559770e-01	5.2975341663535496481282171186174368e-06	1.9932757521068980171294888826734916e-03
3.0822766479845718752581239087717122e-03	2.5349040450641752835619767390200954e-01	5.3045668088904102586325559254441272e-06	1.9945983755792120340971127490025580e-03
3.0780568570872494779775120056667846e-03	2.6147149905058615154384303851538339e-01	5.3118390291768076340741817876471248e-06	1.9959651344964579098403201601753333e-03
3.0737092468768538563467796798670694e-03	2.6945814920312699810529463631389270e-01	5.3193524123457715181628487113625032e-06	1.9973762358550951115730637230856653e-03
3.0692340022352031485006263279875601e-03	2.7745053275847555762468239536299619e-01	5.3271086010461825841839515712456515e-06	1.9988318939154864110679209590195817e-03
3.0646313137450984234937304510574202e-03	2.8544882838276580447942307734190173e-01	5.3351092962919714536592033858596053e-06	2.0003323302878565169292991849838156e-03
3.0599013777067588004139472383379490e-03	2.9345321564340652734004426115590548e-01	5.3433562583451860649219552959398918e-06	2.0018777740215342320492616183037626e-03
3.0550443961547870527543609395022248e-03	3.0146387503902130016861454638267950e-01	5.3518513076337640129516359303497924e-06	2.0034684616975476003622630958426865e-03
3.0500605768756705681820752813378739e-03	3.0948098802976565013247275861764221e-01	5.3605963257048839535076749754014335e-06	2.0051046375246444693650791370707986e-03
3.0449501334258227050558123474314234e-03	3.1750473706803527362407833914708128e-01	5.3695932562148089629365148815829430e-06	2.0067865534388139507784244717907887e-03
3.0397132851501697613499537440394116e-03	3.2553530562957945976965318395457070e-01	5.3788441059561749374852877205842106e-06	2.0085144692063874157181591250930215e-03
3.0343502572012889491615154811693075e-03	3.3357287824503420182051344984411278e-01	5.3883509459237187731491606677595139e-06	2.0102886525308009175288025485972976e-03
3.0288612805591029488340705902293227e-03	3.4161764053188981107250746124315367e-01	5.3981159124194842629109693837930523e-06	2.0121093791631042999243399718046932e-03
3.0232465920511368010578001118905249e-03	3.4966977922690819589176881219283565e-01	5.4081412081985884600952514958916726e-06	2.0139769330163057254079097820143335e-03
3.0175064343733430832304124864950498e-03	3.5772948221900533050099944354090051e-01	5.4184291036566777655386680552781029e-06	2.0158916062836439544543655667644648e-03
3.0116410561115015080263099264172263e-03	3.6579693858261481488352723453991853e-01	5.4289819380602512873639001549361188e-06	2.0178536995608844252262402062492086e-03
3.0056507117631992776618965717920329e-03	3.7387233861154881899909493130494245e-01	5.4398021208210791844535452563628879e-06	2.0198635219727390324924788678705016e-03
2.9995356617603987269084094403177934e-03	3.8195587385337311200626404163582736e-01	5.4508921328159958317428820371382440e-06	2.0219213913035134890321669753208111e-03
2.9932961724925989916396845130167255e-03	3.9004773714431330090694690118204892e-01	5.4622545277534018352969483690392728e-06	2.0240276341320902795120541316522342e-03
2.9869325163305986477651015409842417e-03	3.9814812264470984355049900796065153e-01	5.4738919335878652808106250631816025e-06	2.0261825859713594922998910792867970e-03
2.9804449716508664779467217900329629e-03	4.0625722587503985886690151661206508e-01	5.4858070539842712288483175101952564e-06	2.0283865914122142458977106962888420e-03
2.9738338228605277406985807752229226e-03	4.1437524375252423317830403560553547e-01	5.4980026698330294874774540175024836e-06	2.0306400042722320209587929596496164e-03
2.9670993604229735384847819426317018e-03	4.2250237462833901613295897915763422e-01	5.5104816408179142173993875145735196e-06	2.0329431877491679738420706663974946e-03
2.9602418808841011084465693969248026e-03	4.3063881832545061391406873623884022e-01	5.5232469070381750818307036760232297e-06	2.0352965145793912513743884279305198e-03
2.9532616868991930915778458833633191e-03	4.3878477617709482162981649029389479e-01	5.5363014906866285753221886331032124e-06	2.0377003672014004573339661571570256e-03
2.9461590872604440737206024225035911e-03	4.4694045106592029195578956903146853e-01	5.5496484977855099913854808406585702e-06	2.0401551379245597479419553323419455e-03
2.9389343969251429348597066507149193e-03	4.5510604746381761397912100903867753e-01	5.5632911199819413644774894843663118e-06	2.0426612291032025655845942377710452e-03
2.9315879370445197920603142605846533e-03	4.6328177147245577562477794034798089e-01	5.5772326364049488015353949725410609e-06	2.0452190533162557667686302842289925e-03
2.9241200349932665762175538476632652e-03	4.7146783086454840590799257734532087e-01	5.5914764155860440640011224333609546e-06	2.0478290335525428720960437959147602e-03
2.9165310243997405437909982424529724e-03	4.7966443512587284047396951558623716e-01	5.6060259174454702439271672851796752e-06	2.0504916034019313734922469460717783e-03
2.9088212451768602920971740539976748e-03	4.8787179549806572642151399359010129e-01	5.6208846953463000773006241478043251e-06	2.0532072072524954882276236322907798e-03
2.9009910435537041207611940349472243e-03	4.9609012502221958127179201787652165e-01	5.6360563982186680438775137712299942e-06	2.0559763004938724621895112434925906e-03
2.8930407721078208628209053733824093e-03	5.0431963858330544719592455900790955e-01	5.6515447727565141156236588766761901e-06	2.0587993497269975087375114463640834e-03
2.8849707897982635969796350262932195e-03	5.1256055295544753636503042267825715e-01	5.6673536656893180462954633961548252e-06	2.0616768329804097372831148246003065e-03
2.8767814619993569478714833557460725e-03	5.2081308684807654769636578650382010e-01	5.6834870261314086653590278598474452e-06	2.0646092399333289911113368554169783e-03
2.8684731605352089842002647157459831e-03	5.2907746095298915055799170675994805e-01	5.6999489080115429852541286040674059e-06	2.0675970721457113912442195467193979e-03
2.8600462637149790355134181188970712e-03	5.3735389799234197843937379988117296e-01	5.7167434725855652999512774603231885e-06	2.0706408432954995874113314997429585e-03
2.8515011563689130674594490522328348e-03	5.4564262276760935653577907681917366e-01	5.7338749910350771066968036372315262e-06	2.0737410794232922643021439341805544e-03
2.8428382298851585829462400937464574e-03	5.5394386220953490303466489963863626e-01	5.7513478471551748984036665654143378e-06	2.0768983191846663579198680161544910e-03
2.8340578822473713529734711628986714e-03	5.6225784542910809610533062779500495e-01	5.7691665401344449435909912528117848e-06	2.0801131141103947206039894611958811e-03
2.8251605180731266263725675337267046e-03	5.7058480376959788872390646070816618e-01	5.7873356874305424030022952235965962e-06	2.0833860288748116526361644586890961e-03
2.8161465486531478225812730651057437e-03	5.7892497085967648313519853636981696e-01	5.8058600277448268536159525095885944e-06	2.0867176415725888127716565668240684e-03
2.8070163919913660762489820054849917e-03	5.8727858266766744766188484419306350e-01	5.8247444240996778470658408202739215e-06	2.0901085440041945500679761764307947e-03
2.7977704728458243772684093825851105e-03	5.9564587755695347250521955456915789e-01	5.8439938670222728858582308036250655e-06	2.0935593419703206866390860687301503e-03
2.7884092227704404351278924375106137e-03	6.0402709634258022001372008747987886e-01	5.8636134778387765437950121821534105e-06	2.0970706555755722482418639063530124e-03
2.7789330801576427926598807789040967e-03	6.1242248234909393059487203707597148e-01	5.8836085120830637958928388132626205e-06	2.1006431195417276109350475971020947e-03
2.7693424902818951217233723342289755e-03	6.2083228146965170007601040585119267e-01	5.9039843630242833910813781851753241e-06	2.1042773835308890327869633728930599e-03
2.7596379053441240525153573710761171e-03	6.2925674222644465005467969241641855e-01	5.9247465653177587569420246127959688e-06	2.1079741124788565964874675150452650e-03
2.7498197845170663194894364833564606e-03	6.3769611583247557189627787597652176e-01	5.9459007987839249558544796592326601e-06	2.1117339869390722299600775714791188e-03
2.7398885939915514507166620368004422e-03	6.4615065625473403993395665002068211e-01	5.9674528923202111313463055377344049e-06	2.1155577034374947274586569294016799e-03
2.7298448070237366844203936774690525e-03	6.5462062027881346262131955271618871e-01	5.9894088279509992383372601805422343e-06	2.1194459748387815946199673353710350e-03
2.7196889039833112668385790927450851e-03	6.6310626757501607453045840301325472e-01	6.0117747450210222204748816857228721e-06	2.1233995307241691207465589648474928e-03
2.7094213724026877700182298916154945e-03	6.7160786076599346996089807189930387e-01	6.0345569445378087961843646653268580e-06	2.1274191177814583753079000574517228e-03
2.6990427070271985671535929915730083e-03	6.8012566549597194345799157660214225e-01	6.0577618936690382942331474729170671e-06	2.1315055002075318703587503044775905e-03
2.6885534098663161171890165861911117e-03	6.8865995050161363681366266565969744e-01	6.0813962304009382313911933163236659e-06	2.1356594601238434654880707685697064e-03
2.6779539902459162401899747374445833e-03	6.9721098768456629938083702847694487e-01	6.1054667683641402837179415581617239e-06	2.1398817980053427584861833670082101e-03
2.6672449648616041110352398325809999e-03	7.0577905218575635218869272193643327e-01	6.1299805018337077492927902267676975e-06	2.1441733331233147470032498953975231e-03
2.6564268578331232619189193881149139e-03	7.1436442246148190999267870379033791e-01	6.1549446109103603626922261305462806e-06	2.1485349040026360104653350177431281e-03
2.6455002007598684646184061689056502e-03	7.2296738036136446281571266195683253e-01	6.1803664668902512810917959415958010e-06	2.1529673688939700965211188858840754e-03
2.6344655327775239621561714652769937e-03	7.3158821120822005372180118570518183e-01	6.2062536378309971550196927133239930e-06	2.1574716062614472543014711198760718e-03
2.6233234006158491370615912687686950e-03	7.4022720387991301671126163938019085e-01	6.2326138943220264194299940196890091e-06	2.1620485152863971928435782771204313e-03
2.6120743586576343406557727469028883e-03	7.4888465089325766216517999992555881e-01	6.2594552154676943523768549635687557e-06	2.1666990163877282154877620393344645e-03
2.6007189689988502654015887903473428e-03	7.5756084849003572186330096630761438e-01	6.2867857950920171766319873991057253e-06	2.1714240517595719517073024878045797e-03
2.5892578015100149211801629327028809e-03	7.6625609672519989617635791440018596e-01	6.3146140481743027243408986970000216e-06	2.1762245859268400421990791529256463e-03
2.5776914338988029772062610042953473e-03	7.7497069955733648778293235306822880e-01	6.3429486175254032244070793774146952e-06	2.1811016063193676006211181402548154e-03
2.5660204517739229550476387515375629e-03	7.8370496494146286466052744288300612e-01	6.3717983807147879683089128807078887e-06	2.1860561238653481498061842052605209e-03
2.5542454487102885057752376495424743e-03	7.9245920492423837593253925590389878e-01	6.4011724572591314134601143430048561e-06	2.1910891736047960898026003151000503e-03
2.5423670263155107765907200306640782e-03	8.0123373574167035352134956089720483e-01	6.4310802160836372407924382730023077e-06	2.1962018153238056826911267269301787e-03
2.5303857942977396703464028382379100e-03	8.1002887791939997690907538361521676e-01	6.4615312832678726444588134796575970e-06	2.2013951342104101229232802338894406e-03
2.5183023705348826262262986446846870e-03	8.1884495637565606445110967087722046e-01	6.4925355500884714560906719186345160e-06	2.2066702415328805955200480020571260e-03
2.5061173811452304025790292718863637e-03	8.2768230052696828981891180467277459e-01	6.5241031813716814717793798800309539e-06	2.2120282753413434073074306663691899e-03
2.4938314605595202246168309195132482e-03	8.3654124439673491387310168752958429e-01	6.5562446241693825616743866663737922e-06	2.2174704011936334141440338569276566e-03
2.4814452515944675716049632636605322e-03	8.4542212672674387862728159873006087e-01	6.5889706167728899408618344197111743e-06	2.2229978129063441721957771570693224e-03
2.4689594055277988215028061109979272e-03	8.5432529109175003946226425429510743e-01	6.6222921980795836534704091407092277e-06	2.2286117333320796332602041288191290e-03
2.4563745821748179470799089301815008e-03	8.6325108601721542338780530662345763e-01	6.6562207173281733145538333102518496e-06	2.2343134151639589101106543170724648e-03
2.4436914499665414676763510042198257e-03	8.7219986510032370444762262004394657e-01	6.6907678442192190802039361570811399e-06	2.2401041417684747931754294878902949e-03
2.4309106860294369064302933467678506e-03	8.8117198713438459240522361980578243e-01	6.7259455794383884715078532893639825e-06	2.2459852280478584487085738309799440e-03
2.4180329762668010854475451460036909e-03	8.9016781623674854830961634397729367e-01	6.7617662656008370541486302565224447e-06	2.2519580213331572244528099846797310e-03
2.4050590154418157126006345533054665e-03	8.9918772198035718173194721071008308e-01	6.7982425986360622752403084226500712e-06	2.2580239023092898952055333406887789e-03
2.3919895072623188750557662664614944e-03	9.0823207952905986137258165955077078e-01	6.8353876396335974120126072896619333e-06	2.2641842859734041720220981840965845e-03
2.3788251644673322579519672301463349e-03	9.1730126977683249606937750898810452e-01	6.8732148271709902674841735758230272e-06	2.2704406226279250609372286113767826e-03
2.3655667089153851536981259952184359e-03	9.2639567949104013046622521669534197e-01	6.9117379901466528942720419789486798e-06	2.2767943989097498883722966031704347e-03
2.3522148716746776199992635593023382e-03	9.3551570145989096302016659769551790e-01	6.9509713611413784615721333038376391e-06	2.2832471388571167224572249704868579e-03
2.3387703931151264849551707286306858e-03	9.4466173464423564880406851623490894e-01	6.9909295903336039313680169964198482e-06	2.2898004050157477382642665989958525e-03
2.3252340230023392874728556481796678e-03	9.5383418433387231180241407098065603e-01	7.0316277599948573385822010773869875e-06	2.2964557995859480417217855620303032e-03
2.3116065205935626829833624214200815e-03	9.6303346230852457820045665015724721e-01	7.0730813995932713944013419152808319e-06	2.3032149656124238395538451328586501e-03
2.2978886547356533403475853908734506e-03	9.7225998700366717169809936954667044e-01	7.1153065015345764571186091557668978e-06	2.3100795882186718965314340587718011e-03
2.2840812039651209082849540240385401e-03	9.8151418368138120344555854200943051e-01	7.1583195375716116630854175604125850e-06	2.3170513958878852512736658305241450e-03
2.2701849566102942411963043403700129e-03	9.9079648460642926332333436647012211e-01	7.2021374759151196561527466070502867e-06	2.3241321617924184830014019375599599e-03
2.2562007108956637475407395692448592e-03	1.0001073292277487978037714237338653e+00	7.2467777990804248606370385629931452e-06	2.3313237051739597713449208073733871e-03
2.2421292750484544617660664197112103e-03	1.0094471643655710657612615800455020e+00	7.2922585225065451029901435797803875e-06	2.3386278927766669306963079279318559e-03
2.2279714674074862461291556515036182e-03	1.0188164444043822220637902672431996e+00	7.3385982139863596668955950697680349e-06	2.3460466403356409165132165552011302e-03
2.2137281165343794046759881223911643e-03	1.0282156314919528159027473843972039e+00	7.3858160139486622526114596482950818e-06	2.3535819141232334079504786998991341e-03
2.1994000613271659414439938096804113e-03	1.0376451957446722346402763289406418e+00	7.4339316566352741647601860828779727e-06	2.3612357325558154136155528103152978e-03
2.1849881511363687220371932786695384e-03	1.0471056154594354043544693597673210e+00	7.4829654922188914648354960421708063e-06	2.3690101678637719017438148609905533e-03
2.1704932458836129057264428032769792e-03	1.0565973773323404070979651625586925e+00	7.5329385099100006799139197685506465e-06	2.3769073478276337341068091038081150e-03
2.1559162161828362079558822586078779e-03	1.0661209766844676261301873460140401e+00	7.5838723621040327030900796324927703e-06	2.3849294575834132335375905154028229e-03
2.1412579434641668346117053535048901e-03	1.0756769176950236202888644899951434e+00	7.6357893896229464353949468281711079e-06	2.3930787415003741277586920142517825e-03
2.1265193201005403038685521166855750e-03	1.0852657136421461959289923756099834e+00	7.6887126481086562020570294095498895e-06	2.4013575051346410208538073696273450e-03
2.1117012495371288433423072190910959e-03	1.0948878871516811308014118842904176e+00	7.7426659356291548330853372967340270e-06	2.4097681172622386294065823713659957e-03
2.0968046464236596243626387017550158e-03	1.1045439704542557530189303981725268e+00	7.7976738215618535387110673720135235e-06	2.4183130119953475156841077216706309e-03
2.0818304367497007764130294447644079e-03	1.1142345056509901370558192014206885e+00	7.8537616768225776550515580137733901e-06	2.4269946909857717436638016904245473e-03
2.0667795579829969184276653682434532e-03	1.1239600449882030980092994431230744e+00	7.9109557055128427341985543415301751e-06	2.4358157257198356240005475710775850e-03
2.0516529592109388552368574931724496e-03	1.1337211511414874991059789264527796e+00	7.9692829780625086133907407560117286e-06	2.4447787599091624155232500197854319e-03
2.0364516012852551228842816366470534e-03	1.1435183975095476934457225437543207e+00	8.0287714659496920270788454482983124e-06	2.4538865119820384989205239842293670e-03
2.0211764569700162320041494143549077e-03	1.1533523685182112611168272822720372e+00	8.0894500780849348856549286330048802e-06	2.4631417776803331954508748021229952e-03
2.0058285110930457605054541020333962e-03	1.1632236599350476433810228645383802e+00	8.1513486989521014236491617071768328e-06	2.4725474327672282161059025234870666e-03
1.9904087607008358924049696948323283e-03	1.1731328791950478876702210272769125e+00	8.2144982286043411209069835009339690e-06	2.4821064358513129320314030775831057e-03
1.9749182152170685961273335478812823e-03	1.1830806457378425768584916322994600e+00	8.2789306246197361468509175723854869e-06	2.4918218313329235915457140563260531e-03
1.9593578966048473907280464791535462e-03	1.1930675913569592054288932515483484e+00	8.3446789461279852445289073352286908e-06	2.5016967524789477168870431972023959e-03
1.9437288395327485705332342026593419e-03	1.2030943605616458715086407030818789e+00	8.4117774000266965335336269353334298e-06	2.5117344246326807562499111605592720e-03
1.9280320915448048563600525924924304e-03	1.2131616109518152715570898554224918e+00	8.4802613895136089242157200979577272e-06	2.5219381685657123328706501312603225e-03
1.9122687132345387240403467851656065e-03	1.2232700136066917150484995342199614e+00	8.5501675650693784411172342110354972e-06	2.5323114039792359512877575930829556e-03
1.8964397784231671382351779160363908e-03	1.2334202534877743286965274058897452e+00	8.6215338780344983172757170372086883e-06	2.5428576531626207717218519856465556e-03
1.8805463743421041019161443798856788e-03	1.2436130298567619107674433092416479e+00	8.6943996369335210085187540412294290e-06	2.5535805448175591928567947974178240e-03
1.8645896018198923304590039630440459e-03	1.2538490567091191519111216152904123e+00	8.7688055667100716676031312550767726e-06	2.5644838180566118182730013084606399e-03
1.8485705754737004857895205594491820e-03	1.2641290632240002954866657474956472e+00	8.8447938710472465646009299061267260e-06	2.5755713265855144473604449892511698e-03
1.8324904239055277729180786372164721e-03	1.2744537942312849138810290380774397e+00	8.9224082979599424765814002834187367e-06	2.5868470430791927690714707654389389e-03
1.8163502899032633217615544868749279e-03	1.2848240106965214855520439371774972e+00	9.0016942088585363766011105094791868e-06	2.5983150637620524244946187869449234e-03
1.8001513306467536654831772124507490e-03	1.2952404902246180406306992805109716e+00	9.0826986512972077816857445047819411e-06	2.6099796132037782793681162323322828e-03
1.7838947179190377976910422930027478e-03	1.3057040275831654845570184118158507e+00	9.1654704356351552920851557791613306e-06	2.6218450493425906318806161787276980e-03
1.7675816383229157606988079669296410e-03	1.3162154352463285077623894032937733e+00	9.2500602158550988310661217052259714e-06	2.6339158687486715076045744283203142e-03
1.7512132935030235026817868594157050e-03	1.3267755439602914592145958831250017e+00	9.3365205748008836391281506874184367e-06	2.6461967121412953373090380594319596e-03
1.7347909003735938610871994150598146e-03	1.3373852033313024345125747852062199e+00	9.4249061141148250121758319238621596e-06	2.6586923701740797253830324733085183e-03
1.7183156913520910024058919881632680e-03	1.3480452824374183559700860637135923e+00	9.5152735491757790515260428741252469e-06	2.6714077895037186600866124153321076e-03
1.7017889145989134949992735404287652e-03	1.3587566704651172743181316089537021e+00	9.6076818093609315861871146197178842e-06	2.6843480791585778092131513152105757e-03
1.6852118342633694340996485327075070e-03	1.3695202773720117934906019098856783e+00	9.7021921439781158564126248983719487e-06	2.6975185172246254030567612950921388e-03
1.6685857307361356998552392323467096e-03	1.3803370345769697303881341897810913e+00	9.7988682342412655709788935488268218e-06	2.7109245578673490983391652197566730e-03
1.6519119009084225354689229423333057e-03	1.3912078956790252165518279449368059e+00	9.8977763116895664280003296345696361e-06	2.7245718387095762163080987515250529e-03
1.6351916584380742099075912536767839e-03	1.4021338372065458039399586364232984e+00	9.9989852834811876415691616712630665e-06	2.7384661885864795994799163710796466e-03
1.6184263340228466070274134657022231e-03	1.4131158593982091605288826366009204e+00	1.0102566865025377714074472263902408e-05	2.7526136357005225177331149327205271e-03
1.6016172756811131909713547165497288e-03	1.4241549870174370768281349477940063e+00	1.0208595720452440996172859281724631e-05	2.7670204162006828760701339271673907e-03
1.5847658490402619692231523031063816e-03	1.4352522702020352341539043095469527e+00	1.0317149611459944560132285623841209e-05	2.7816929832120096376029638959300523e-03
1.5678734376330578449668737071676572e-03	1.4464087853508950349641057784377213e+00	1.0428309555115738326275952748997957e-05	2.7966380163434140810648626244499330e-03
1.5509414432022571571596163257845437e-03	1.4576256360497293370301695125264195e+00	1.0542159991244336970066577577808743e-05	2.8118624317035975760376102561984907e-03
1.5339712860137742904766929224308458e-03	1.4689039540379377906730431055614115e+00	1.0658788960073277380393278935818667e-05	2.8273733924571795243969716724428867e-03
1.5169644051787140415031818103187630e-03	1.4802449002188303325337865242553639e+00	1.0778288290870637776924173313229417e-05	2.8431783199554288914878046304209545e-03
1.4999222589845979989090772398696253e-03	1.4916496657155799837908285429773067e+00	1.0900753802364436185265152214952942e-05	2.8592849054785367601262254076405024e-03
1.4828463252361285840303339860456826e-03	1.5031194729754292477813370879468831e+00	1.1026285515799619073560428174461411e-05	2.8757011226291136962461449832789796e-03
1.4657381016058506582401291959232294e-03	1.5146555769248389901538978864952398e+00	1.1154987881559364020941064642070675e-05	2.8924352404195744060283568171288540e-03
1.4485991059950877927949914134873991e-03	1.5262592661784456865392462861044329e+00	1.1286970020355074843970460804529056e-05	2.9094958370993052720444910224794422e-03
1.4314308769055484780011857204974226e-03	1.5379318643048834037250421038282660e+00	1.1422345980074436071204191183213492e-05	2.9268918147710222953378741682176840e-03
1.4142349738220167889398912040254194e-03	1.5496747311527320086587356118445503e+00	1.1561235009469988207024971278532472e-05	2.9446324148495447620713695396575772e-03
1.3970129776065623972642981050671481e-03	1.5614892642400741572479071399074986e+00	1.1703761849972747878712546015214028e-05	2.9627272344203635302724007055424493e-03
1.3797664909047264011332182768292705e-03	1.5733769002113820099414647287525791e+00	1.1850057047027391029436706596167698e-05	2.9811862435599053855926137553258781e-03
1.3624971385641623228321550982299459e-03	1.5853391163657119014079704511730553e+00	1.2000257282468520476386306626943312e-05	3.0000198036843232858240099712672329e-03
1.3452065680662358875428104866507477e-03	1.5973774322604630605790339039915612e+00	1.2154505729592758320344667250948933e-05	3.0192386869990174354633778776134548e-03
1.3278964499711129460013338532464374e-03	1.6094934113952568108916439138035075e+00	1.2312952432730192052232007985786393e-05	3.0388540971269595310193559145777931e-03
1.3105684783768922455271056426281332e-03	1.6216886629808175469172966563672312e+00	1.2475754713282579641864227568775836e-05	3.0588776910003028848020390223522854e-03
1.2932243713933688041097720693455550e-03	1.6339648437980884649678403751560809e+00	1.2643077604376390277783759340143619e-05	3.0793216021067709680713389813251390e-03
1.2758658716310445266664776717220052e-03	1.6463236601531960427282405165408689e+00	1.2815094316478144124421550421353967e-05	3.1001984651899892553151371349166599e-03
1.2584947467060355576607841422348874e-03	1.6587668699342904040450256357874831e+00	1.2991986736539779664510059093064491e-05	3.1215214425113305213295936681595795e-03
1.2411127897615608381611967418574057e-03	1.6712962847767370551785740874402376e+00	1.3173945963485360615880075291482788e-05	3.1433042517900606960344819483819465e-03
1.2237218200067335891199371423146010e-03	1.6839137723436224569614704442879582e+00	1.3361172883120091100736378006345877e-05	3.1655611959486891946049100234856529e-03
1.2063236832734171513073296035208716e-03	1.6966212587290652957243704797132466e+00	1.3553878785841452833862615702380965e-05	3.1883071948015431547011069129194724e-03
1.1889202525919489666150214011231414e-03	1.7094207309924013457949501677012109e+00	1.3752286030863838479646101764775139e-05	3.2115578188368101613025626587412514e-03
1.1715134287865816931156546435768016e-03	1.7223142398319371595295066143629786e+00	1.3956628761036329441638829006329307e-05	3.2353293252557534800145897202780251e-03
1.1541051410915387339576941587260716e-03	1.7353039024076516878687394684829987e+00	1.4167153672742793414493676972845254e-05	3.2596386964476378082688618327296570e-03
1.1366973477886330752930994061535494e-03	1.7483919053229711315541377005674019e+00	1.4384120845829417402924845004576721e-05	3.2845036810952701029304863454095801e-03
1.1192920368674535413543599885080681e-03	1.7615805077765573280432930926340074e+00	1.4607804639013020467831582665097439e-05	3.3099428381241374039120371748132534e-03
1.1018912267091816812729219980906231e-03	1.7748720448959410273876581210416249e+00	1.4838494656790705293875582232636464e-05	3.3359755837281131014126288772055650e-03
1.0844969667951658261166798815454865e-03	1.7882689312658065942046083672085014e+00	1.5076496794505256882521777642717561e-05	3.3626222417268325569157748632788497e-03
1.0671113384414467509074719558502364e-03	1.8017736646648030545346675809251051e+00	1.5322134368929926451409299459659514e-05	3.3899040975343663946032448397555212e-03
1.0497364555605022345883958327211407e-03	1.8153888300259281473691709029755184e+00	1.5575749342530866566313287455332373e-05	3.4178434560460378204683879907097238e-03
1.0323744654515560589393567753870074e-03	1.8291171036368185506119502142408985e+00	1.5837703650457001858526394810480516e-05	3.4464637037804715255965355460609518e-03
1.0150275496208810958498422217644606e-03	1.8429612575976935588992407772782032e+00	1.6108380640308733900748074456405202e-05	3.4757893756476044412782773264479428e-03
9.9769792463361661922551581170275650e-04	1.8569241645562556406313175408083244e+00	1.6388186635863788653458494620254500e-05	3.5058462267508640045349449468942604e-03
9.8038784299871741418102466284478431e-04	1.8710088027405657812781574769340249e+00	1.6677552637208245545571825546467892e-05	3.5366613096735197997522947325026838e-03
9.6309959408875727225290386517168321e-04	1.8852182613128027222683316969270360e+00	1.6976936171153580793634181798536225e-05	3.5682630577459021082554114889076552e-03
9.4583550509642275347626882792256966e-04	1.8995557460689039311972593544154675e+00	1.7286823307439836397502253602449214e-05	3.6006813748424003486403941460684365e-03
9.2859794202965543466046006702110985e-04	1.9140245855113959523187734505375945e+00	1.7607730858057943013815452833509822e-05	3.6339477323156447588270372082313329e-03
9.1138931074753310142552727092071167e-04	1.9286282373252794189679247449327335e+00	1.7940208779102316375294327828826287e-05	3.6680952737408853356576410016743642e-03
8.9421205803912342607024747009137414e-04	1.9433702952896698405359306738104262e+00	1.8284842796924813315033854775297217e-05	3.7031589282172908412292036793580425e-03
8.7706867274769865547598207375991032e-04	1.9582544966610438862173534310662698e+00	1.8642257283045769328913382130768716e-05	3.7391755330558254011483839963476288e-03
8.5996168694286788237727577840848515e-04	1.9732847300674417068062063379392828e+00	1.9013118405337148424801286021823159e-05	3.7761839667768240860718759500416650e-03
8.4289367714336589195435690112299046e-04	1.9884650439568739056832841036186339e+00	1.9398137586485367817128368938946939e-05	3.8142252934458907745235235678706313e-03
8.2586726559343581675668606148756071e-04	2.0037996556475286346433755385912448e+00	1.9798075304735820945428218737589916e-05	3.8533429194960320547781910554611602e-03
8.0888512159595851963160390724477509e-04	2.0192929610322290447618822580178812e+00	2.0213745276498315891688681214929899e-05	3.8935827643190549497364417712705836e-03
7.9194996290571657280415227025349821e-04	2.0349495449950218507571719477145643e+00	2.0646019065647821440681986399769525e-05	3.9349934460625646072360218957381047e-03
7.7506455718643694694277256884204867e-04	2.0507741926038622023901033198699308e+00	2.1095831170400611119763265656804546e-05	3.9776264842431687245975474799835099e-03
7.5823172353553635178200901767655205e-04	2.0667719011501885115360675280600530e+00	2.1564184645615412444510109769897121e-05	4.0215365209849672618352770065361321e-03
7.4145433408079914881456080740011590e-04	2.0829478931138575065923739892461229e+00	2.2052157326420776512245195795639714e-05	4.0667815629188776745818060248521365e-03
7.2473531565355278060900555367937987e-04	2.0993076301405552051421590178724598e+00	2.2560908728391994016008467152266326e-05	4.1134232460372834017761930305860068e-03
7.0807765154327299599367184898809784e-04	2.1158568281285537384811072121140782e+00	2.3091687710318383494673570683781417e-05	4.1615271260951598686440701250233800e-03
6.9148438333895448739252500689002414e-04	2.1326014735327099460199758622101881e+00	2.3645840998183820065826439156824704e-05	4.2111629974894462586206983338865335e-03
6.7495861286302607749361118722466955e-04	2.1495478410060893832807844334888815e+00	2.4224822683653001844836610876615588e-05	4.2624052439403589812182296651251075e-03
6.5850350420407804272734902337538203e-04	2.1667025125137709770626183344360415e+00	2.4830204827502017879724641890407874e-05	4.3153332247503333974088689860616582e-03
6.4212228585520793737977890820081768e-04	2.1840723980695033463104527440804476e+00	2.5463689318523754987118537094946149e-05	4.3700317009387548265331631280355710e-03
6.2581825296538653451738253606261473e-04	2.2016647582642496919147910320095402e+00	2.6127121162045120419491404000111986e-05	4.4265913061560455343914911399967269e-03
6.0959476971190425185638733284285828e-04	2.2194872287766345653649560033233421e+00	2.6822503400004733007915892596241590e-05	4.4851090679839233185759954409816239e-03
5.9345527180268872160633932563441840e-04	2.2375478470793185904375135697663274e+00	2.7552013897398678885687986019341298e-05	4.5456889860476588485534876624990328e-03
5.7740326911809521645184832940355279e-04	2.2558550815828809005775666354576621e+00	2.8318024268838073734803092095906213e-05	4.6084426743225345448729483679434544e-03
5.6144234850267406621967044164087621e-04	2.2744178634904832998515189237182662e+00	2.9123121265239762325121932044536209e-05	4.6734900761365730188778820164789360e-03
5.4557617671842522004237982404841333e-04	2.2932456216731397628558866774430333e+00	2.9970130995848074208752147318292387e-05	4.7409602616866623492356698959075754e-03
5.2980850357217386145014616120532641e-04	2.3123483209176746800177935146423391e+00	3.0862146426787379331037394742534207e-05	4.8109923194340688153416627461862316e-03
5.1414316523095884977547704434025992e-04	2.3317365039484488781580141732527820e+00	3.1802558676563853953401792029650831e-05	4.8837363545751867174303371321789168e-03
4.9858408774073677768521863783302310e-04	2.3514213376808987464517787526683561e+00	3.2795092724351962408742788141710578e-05	4.9593546099521286012072100891585076e-03
4.8313529076529078923095785422408429e-04	2.3714146642313627905339319296628011e+00	3.3843848262249637175533702607247649e-05	5.0380227273467230630428651788684261e-03
4.6780089156402093245738936903695990e-04	2.3917290572853710562119228120715915e+00	3.4953346562660370920593019856948133e-05	5.1199311701788615709346731459656268e-03
4.5258510922931213934400038078043250e-04	2.4123778845177489578761607539260374e+00	3.6128584402491031781570461486437910e-05	5.2052868323154672121222710105015932e-03
4.3749226920646271303543291471590361e-04	2.4333753768652306895223537679977641e+00	3.7375096294469539009190243753203141e-05	5.2943148621263095021315185539244320e-03
4.2252680812175269105510065800444174e-04	2.4547367055790935341724555447648057e+00	3.8699026532190929241027277162839898e-05	5.3872607362687373640651221759330090e-03
4.0769327894718766970570158075442377e-04	2.4764780681356873105608023887818813e+00	4.0107212871810472785309535651799239e-05	5.4843926241608390458549903724209403e-03
3.9299635653382909382352261017265979e-04	2.4986167842616885051065823520544398e+00	4.1607284065499319954939202140925203e-05	5.5860040919845520012173540420716566e-03
3.7844084354948761604736919172082823e-04	2.5211714035447345312025270824392565e+00	4.3207773950454834690117292668500396e-05	5.6924172046941573630307879481359180e-03
3.6403167686099695767046152388604113e-04	2.5441618263566408093392217694247430e+00	4.4918255409276745021449409770708227e-05	5.8039860963357176963377516081548439e-03
3.4977393440640408971026043626340628e-04	2.5676094401255403409508621260895799e+00	4.6749498288140052509632170520032550e-05	5.9211010935810173547276781477053341e-03
3.3567284260833116593802745215051720e-04	2.5915372733674843244499201593856997e+00	4.8713656334997364543741020564530060e-05	6.0441934954853847880136081424458580e-03
3.2173378438663562171109754735474798e-04	2.6159701703431563613090526083478567e+00	5.0824489462988131343291696482784639e-05	6.1737411350562238756922382550517191e-03
3.0796230783650036988177316814118645e-04	2.6409349897616539477454119596759163e+00	5.3097629237332959311739867090768132e-05	6.3102748765318921151961953226807222e-03
2.9436413564745066802157665760945199e-04	2.6664608316368656591367846226653007e+00	5.5550897539306668518855484869578210e-05	6.4543862379873013849011223652794367e-03
2.8094517534979485633748256559432792e-04	2.6925792972466127506174525334704425e+00	5.8204691030889115628305887348620743e-05	6.6067363742225576175830361326944110e-03
2.6771153048796598576971960549542988e-04	2.7193247881945110698427514256569143e+00	6.1082447537601968210886337581053958e-05	6.7680667128287402303614069740365384e-03
2.5466951283562837931111314647380574e-04	2.7467348518873731195696218007213578e+00	6.4211215074471523249866050108053057e-05	6.9392116108803193844965060400259214e-03
2.4182565578574451399489727539266310e-04	2.7748505823936374372320384836444878e+00	6.7622350365709814371619599698704204e-05	7.1211134963558952430080322216382710e-03
2.2918672907075181541249066096708971e-04	2.8037170877432503546834170009553976e+00	7.1352381923720991300933685980517867e-05	7.3148410846749455807493870926338932e-03
2.1675975499443928757065314151701635e-04	2.8333840374046844690025659839364743e+00	7.5444083871997939270503559366250441e-05	7.5216114271269411510875802323354643e-03
2.0455202638914690912129509780723613e-04	2.8639063071180956166532544225730176e+00	7.9947821894248501203100660149350202e-05	7.7428167691524850475785595816095858e-03
1.9257112655096617899772259855571380e-04	2.8953447427328540346013541269286283e+00	8.4923253683567782049131177659434803e-05	7.9800574932606229354185587099476334e-03
1.8082495145356128601894235686793724e-04	2.9277670705507881300943103543794855e+00	9.0441495585901363658123910791289311e-05	8.2351828237608666984087794183990115e-03
1.6932173460050734451636745774439831e-04	2.9612489894160305672595717582130530e+00	9.6587908581023710965394819306471659e-05	8.5103415219636483695289809703873850e-03
1.5807007494990883555128298052469517e-04	2.9958754901326518782193687578217511e+00	1.0346571610038025499033542000720499e-04	8.8080455651741644408516212350423076e-03
1.4707896843788443909590611759502148e-04	3.0317424617608993745482726069276750e+00	1.1120075237250215098115992929327538e-04	9.1312508765286584625707303461336812e-03
1.3635784374521040268217211689389750e-04	3.0689586634440984214990603708305112e+00	1.1994776704438076878505970742875847e-04	9.4834607010711440103904361873594030e-03
1.2591660310214617108408675315753772e-04	3.1076481668790058851288912917776302e+00	1.2989890221234168404551855666277583e-04	9.8688594312885676835803981074390757e-03
1.1576566912155997280773423995763442e-04	3.1479534117219120353460040628483034e+00	1.4129524839243898590905909240691532e-04	1.0292487926347854984668680999486712e-02
1.0591603890594142605212881998952809e-04	3.1900390692787131663546534215010504e+00	1.5444283760452073964151891940513453e-04	1.0760476211278150917327546997493707e-02
9.6379347012710186073461195393587724e-05	3.2340969868364322427833886275140353e+00	1.6973514933408023615695434350603664e-04	1.1280356816832450149844641094787615e-02
8.7167939317949036191502781577659283e-05	3.2803525988825565481787272663660955e+00	1.8768537245636768586426728527155054e-04	1.1861493493345775346107588972826753e-02
7.8294960441220878884787892761693873e-05	3.3290733634166124903797176257614241e+00	2.0897361540688885157136280220999613e-04	1.2515678304938253373161291534139358e-02
6.9774458259327055684349968040663195e-05	3.3805800472580477639185127632726851e+00	2.3451760802334185014742239720796574e-04	1.3257979988545897887935575720744465e-02
6.1621510262749132082488409167718067e-05	3.4352621055633050824123573127983310e+00	2.6558139190646375601216704861721494e-04	1.4107976775519757771031846909976028e-02
5.3852378283613984595735855568280605e-05	3.4935990886325288276603300879050839e+00	3.0394747268459876632805631939533658e-04	1.5091594466483612042187803005643241e-02
4.6484700758588384397005826480028641e-05	3.5561911701783000550979683079566733e+00	3.5219902258027636458736533928500208e-04	1.6243928946995873297196368005134712e-02
3.9537735712340145986430538314963178e-05	3.6238039275902875270588286186749213e+00	4.1420137960947616114715387770120437e-04	1.7613731575061646431605757843024106e-02
3.3032673992077414076262002265159141e-05	3.6974362388155806806813245105603958e+00	4.9596335355037667190659001571133728e-04	1.9270830792074196950979801887189885e-02
2.6993052682942244268983226385210186e-05	3.7784273769099472458311776204127435e+00	6.0726785222705051670350031209777693e-04	2.1319019634742015762014576284180096e-02
2.1445316470752608497366911291362068e-05	3.8686342362383065588634322877385454e+00	7.6498106683739249227026578046224322e-04	2.3919791825914315611754338691664303e-02
1.6419607035216688098821714995639640e-05	3.9707426451994091789966731745618857e+00	1.0003807707245645483078038840952520e-03	2.7339394350855779544291233253290350e-02
1.1950923182307345295212888904654377e-05	4.0888576091647765960364073960363814e+00	1.3773367481275291485594421225067242e-03	3.2051373628748425879478346351666659e-02
8.0809264090853381842278366126007271e-06	4.2297422049544316452710127987212764e+00	2.0449802796476861416341018987185548e-03	3.8990479523020186346704300240695491e-02
4.8609752695977740196930535023782108e-06	4.4058189332761001122242415497276476e+00	3.4294608300298717966794433328413279e-03	5.0307801361874296863700501150425751e-02
2.3577709246657101823205710422277487e-06	4.6442441825848920576835198187757736e+00	7.2630855467658494503033377996678746e-03	7.2385740809681829113949321110419294e-02
6.6155379065132435469980533374986674e-07	5.0282580367752715464752074276712247e+00	3.4539625717088523493772265063839286e-02	1.3884886901507308324944935933031832e-01
0.0000000000000000000000000000000000e+00	0.0000000000000000000000000000000000e+00	8.9928831493184623595663965809264348e-06	2.4168385395551355332631766831741664e-03