6.0737074692851910713133601982776447e-07	-5.0446403906128295887124172719327761e+00	3.4341904507277770874814634699276833e-02	1.3844004028152287678651740294876560e-01
2.1658833997322083583610490946046391e-06	-4.6617952239723536335497240997273873e+00	7.2167374578478264661477984621290531e-03	7.2153034471462262184158696470713545e-02
4.4674201095277842239012875128272669e-06	-4.4241604650999234151481890951438077e+00	3.4059591551547578008476918187473691e-03	5.0134622645988849561858778352447735e-02
7.4295912038679894640924153534765418e-06	-4.2487057039198673129522158206754515e+00	2.0301576835124323082585554703683853e-03	3.8848664939547921367779260898991007e-02
1.0991472054302271297484036209167382e-05	-4.1083449784086618324887627901159861e+00	1.3668750238572698960320130580284955e-03	3.1929270778262280651763763947031436e-02
1.5106145628198566252209784084631813e-05	-3.9906887905270561942726670040376512e+00	9.9246844818090112429117201496834663e-04	2.7230967918287489517611569585441864e-02
1.9735549191976038970999679771627936e-05	-3.8889924108704156100636949122220973e+00	7.5870979897358231399213925870196999e-04	2.3821478704006335476249994645295256e-02
2.4847704023379619753651020207948116e-05	-3.7991621788934124903106328224768554e+00	6.0212607157595130664365038516150218e-04	2.1228525799858023142658481847827549e-02
3.0415066857065470340688158134116708e-05	-3.7185198136141371228720254162193118e+00	4.9163827659177412891963728887136604e-04	1.9186584987501849780676577309896930e-02
3.6413470584230012786962504042014187e-05	-3.6452137182729539253955023945337829e+00	4.1048964842377617884397808832801051e-04	1.7534606351639702243642843508066994e-02
4.2821403441893691026318347237352895e-05	-3.5779084940316402057989672921811959e+00	3.4896195874169204354249841983494671e-04	1.6169085422644791490905044960147285e-02
4.9619496405490844045697636274597121e-05	-3.5156081897014438694025143538800965e+00	3.0108682304152009597864044365336233e-04	1.5020390036232740302703980529022442e-02
5.6790145669199801888245495257519560e-05	-3.4575494979054797007000820944833628e+00	2.6302533254757362385077012761114016e-04	1.4039907292518928359704224088357252e-02
6.4317226601862712186805415550881325e-05	-3.4031340443844082201185992371374051e+00	2.3221224692641465172192381757436719e-04	1.3192641961550323052476290389143657e-02
7.2185871850989117268431776402415065e-05	-3.3518837317056331197562251343279473e+00	2.0687761166271284291086759991107835e-04	1.2452743290818913445207019932998758e-02
8.0382295761996609440754783652990243e-05	-3.3034102962782300498904183486137868e+00	1.8576640592007966693166001989646303e-04	1.1800690223395774313577216238672060e-02
8.8893653072940503588405492176494850e-05	-3.2573939618622809034512004657416292e+00	1.6796753300662905369448341903934008e-04	1.1221458397325272641666467278788763e-02
9.7707923517506865110849305773293701e-05	-3.2135681037393416389235547913785980e+00	1.5280585992126834823299845732488650e-04	1.0703290752041311684421898159954773e-02
1.0681381637459691593412852228787197e-04	-3.1717079957115110115090712074172190e+00	1.3977199558550083705977609040565754e-04	1.0236851544762100664112780187832087e-02
1.1620069062365455028836005709823130e-04	-3.1316223981203681976662839953289054e+00	1.2847540463417498383041561710191761e-04	9.8146309394049436814239325272179601e-03
1.2585848748424948304925837067545860e-04	-3.0931471652492218769219889977310337e+00	1.1861236912064234525019236933586291e-04	9.4305175090413604568401101271101375e-03
1.3577767290845633488477771587718104e-04	-3.0561403154504370726302348328652072e+00	1.0994364007482965438169167986182981e-04	9.0794857905796251257219639544905386e-03
1.4594918816302203306257483643238906e-04	-3.0204781788279964646054271059627516e+00	1.0227855739978888994354763021995466e-04	8.7573642539212855622437662166604325e-03
1.5636440705445051660782772910193517e-04	-2.9860523508814680226541316037281555e+00	9.5463576269552918562539950674252518e-05	8.4606604892010896512488920508453641e-03
1.6701509865953012875108734036073129e-04	-2.9527672573140511417361506785605491e+00	8.9373851043355312622085472032136347e-05	8.1864277700418480401156767921218102e-03
1.7789339465711446121678894081277279e-04	-2.9205381881159206440793700401066818e+00	8.3906976349495889961750679599523541e-05	7.9321619794481801464346762065397450e-03
1.8899176053512211937003140662205525e-04	-2.8892896961097712320110251546346096e+00	7.8978273440854891147156002696695324e-05	7.6957211170385146743161890646550867e-03
2.0030297008436644529952477404705901e-04	-2.8589542815319279015497528189403483e+00	7.4517199022650017565242285554574456e-05	7.4752618080094253388702722363886758e-03
2.1182008269831443430313156027058017e-04	-2.8294713032697474047305055604145073e+00	7.0464579945844001728018058993586453e-05	7.2691887583158418580311165171208012e-03
2.2353642308264020283258275059692663e-04	-2.8007860713060735113719583311994784e+00	6.6770462760138871059450473560314592e-05	7.0761141712690073503390401869367120e-03
2.3544556304589415140421894401322041e-04	-2.7728490852323588280136771853421963e+00	6.3392426066952641528018518802801956e-05	6.8948249032754082834392874972849794e-03
2.4754130509674175142694002389964461e-04	-2.7456153914094772341244498791307865e+00	6.0294244773778729707294339463787592e-05	6.7242556863580254941411249856159429e-03
2.5981766761700692361461233684026773e-04	-2.7190440371915358882128098617799562e+00	5.7444824466730548395458807899021587e-05	6.5634671463548158641550371259039076e-03
2.7226887141542171754335816330281290e-04	-2.6930976050843326166617025474050377e+00	5.4817344961842469841644757271354851e-05	6.4116276416688898594359905029274503e-03
2.8488932749623785077832249046545879e-04	-2.6677418131434436158537718199870763e+00	5.2388567185877109738998828044227349e-05	6.2679981679960416829275327466663178e-03
2.9767362590100224391889213125633134e-04	-2.6429451705844012396764198433116028e+00	5.0138268577157975399777942556753935e-05	6.1319197403666122278785626552762337e-03
3.1061652550184847333380858678366844e-04	-2.6186786796662393069413968108054444e+00	4.8048780353113384346928626077580384e-05	6.0028027897609972969381376816039748e-03
3.2371294464139737866003934608593806e-04	-2.5949155765575036462261875879607009e+00	4.6104606072739398143200847592185441e-05	5.8801182079309371124431655970808025e-03
3.3695795252841254384584121763529191e-04	-2.5716311052028243810933251820231757e+00	4.4292105496244305475973994475989856e-05	5.7633897483978454293652220714637113e-03
3.5034676131021051340549970894206616e-04	-2.5488023192548314539967188457449575e+00	4.2599231212598419107633815695365136e-05	5.6521875493685552091400987395318559e-03
3.6387471875287226894109201666705855e-04	-2.5264079079783301372252486687666239e+00	4.1015308156168048993494811119022902e-05	5.5461225895163480464586657590022953e-03
3.7753730146885510048876784647855493e-04	-2.5044280427151933812602571951529852e+00	3.9530848173800446663682304430434644e-05	5.4448419231871786428191284359068575e-03
3.9133010863891539295612069379555228e-04	-2.4828442410530674243308397833547107e+00	3.8137393385042007615250694115639295e-05	5.3480245698205480211196152500468084e-03
4.0524885618152811064438065988294691e-04	-2.4616392462947370903006930693672537e+00	3.6827383311876159622442150396068210e-05	5.2553779548853088793133973288810610e-03
4.1928937132839517523272338495460299e-04	-2.4407969201980708298354320411912578e+00	3.5594041722879065072545739189603160e-05	5.1666348176829110430736680280130735e-03
4.3344758756930960977262129113254387e-04	-2.4203021472646698858060749801569918e+00	3.4431279901526368643954770166933813e-05	5.0815505159252475105905557546642150e-03
4.4771953993369820152623337433371484e-04	-2.4001407491111167318210685042769656e+00	3.3333613655787458146934169655047074e-05	4.9999006687891479216755103383840212e-03
4.6210136057969597284903350598676343e-04	-2.3802994076698946038992770345166973e+00	3.2296091871117888494732121015586768e-05	4.9214790897546947143799714413833097e-03
4.7658927466468861077940090057190635e-04	-2.3607655961454602239813472888287964e+00	3.1314234798172487189162905539191029e-05	4.8460959683929321775869377765471636e-03
4.9117959647395901405993844434908495e-04	-2.3415275168008553966979004899423041e+00	3.0383980580453701962051415386010618e-05	4.7735762667265080178292853728207363e-03
5.0586872578644558679450537463922788e-04	-2.3225740447766707352799001725420105e+00	2.9501638781446227812419290003793587e-05	4.7037583011165223648652647607505541e-03
5.2065314445870852799503443563119460e-04	-2.3038946772511885520553932963296546e+00	2.8663849877795646116647181704131219e-05	4.6364924850454204437281603550497356e-03
5.3552941321004470609278194785985120e-04	-2.2854794873414270555008864753934756e+00	2.7867549854298899455800063440863331e-05	4.5716402118399263566664022147439664e-03
5.5049416859332444342965284993150582e-04	-2.2673190822222689777198724171833546e+00	2.7109939175360267130148656239223939e-05	4.5090728594460365942276271908671916e-03
5.6554412013757244427165581400394162e-04	-2.2494045650070808782877766247557466e+00	2.6388455522014413653159894384431783e-05	4.4486709019391963741959329786608667e-03
5.8067604764960386874999389961589278e-04	-2.2317274999900186437378563946370897e+00	2.5700749778287227548524700002959246e-05	4.3903231146149088086188384149429671e-03
5.9588679866317544805778866116268939e-04	-2.2142798808990576589034050709203701e+00	2.5044664829260404210356412856869132e-05	4.3339258613292800518147799865418651e-03
6.1117328602513793967975254693968890e-04	-2.1970541018509138912548379042054345e+00	2.4418216798686112010516457856956281e-05	4.2793824543031097243937015239025036e-03
6.2653248560899509609213000510728488e-04	-2.1800429307354572533712594964227022e+00	2.3819578408737081244351675817212402e-05	4.2266025779141458557187604886636452e-03
6.4196143414709857526378664598984986e-04	-2.1632394847888133247332046140232467e+00	2.3247064190386645115352306743053645e-05	4.1755017691185319657003588441982957e-03
6.5745722717344902488281593023653428e-04	-2.1466372081418164579533722970891567e+00	2.2699117311538297148276863403251245e-05	4.1260009480958900997758244313027419e-03
6.7301701706974061200385871389895064e-04	-2.1302298511544142743504784183042504e+00	2.2174297822619757244725131252590395e-05	4.0780259935289546746228420252344687e-03
6.8863801120788796951529030719390676e-04	-2.1140114513675335970934552701272688e+00	2.1671272146944368754106200878441197e-05	4.0315073576297342986991394038507997e-03
7.0431747018281823292393719802151791e-04	-2.0979763159222255106438125301649415e+00	2.1188803666558411333964356391408905e-05	3.9863797166276976008775892564791277e-03
7.2005270612980296024972595840165346e-04	-2.0821190053119717906647985403032156e+00	2.0725744274222027145087203233635666e-05	3.9425816529563214500359203249848674e-03
7.3584108112105088121799862845872777e-04	-2.0664343183481613839917265363675229e+00	2.0281026779178060026045674434504732e-05	3.9000553658249154254852577069105316e-03
7.5168000563668753834753509049687386e-04	-2.0509172782311934631869592531747572e+00	1.9853658068913006011983700181500613e-05	3.8587464072533342052082846235902447e-03
7.6756693710561629622524049447715804e-04	-2.0355631196306542721553460524445370e+00	1.9442712941593276905224925000917698e-05	3.8186034409867323142240211059945742e-03
7.8349937851209072533876921081915121e-04	-2.0203672766877379303307477277587432e+00	1.9047328534588594034144592101432506e-05	3.7795780220032471521937535840137847e-03
7.9947487706413438510262940788782195e-04	-2.0053253718616989864823858986038778e+00	1.8666699283739590668980595437272785e-05	3.7416243945856158267455636372998529e-03
8.1549102292022351971956443080549585e-04	-1.9904332055497764015580595551937889e+00	1.8300072356011717598917105444444142e-05	3.7046993071534861215535940323924541e-03
8.3154544797090378340124387234802194e-04	-1.9756867464168350460584798571417390e+00	1.7946743505089235641194752865170789e-05	3.6687618422510241478280747132409343e-03
8.4763582467224617477246462923350341e-04	-1.9610821223770355443404861511755281e+00	1.7606053305458455132701721801044583e-05	3.6337732602581379068107191627670539e-03
8.6375986492826197086198664328131129e-04	-1.9466156121752562175390489825298205e+00	1.7277383725740678520953397747982417e-05	3.5996968555464560337517210134202323e-03
8.7991531901959346799835954779161382e-04	-1.9322836375208298569240119973913450e+00	1.6960155006574159084632151929819002e-05	3.5664978239358837844106694299191045e-03
8.9609997457597841902429313658796878e-04	-1.9180827557304907711198265207872349e+00	1.6653822812305291235172538347517374e-05	3.5341431404264672903714919738946644e-03
9.1231165559015268607504305476006711e-04	-1.9040096528413129033167593949820718e+00	1.6357875629212349096876045621808378e-05	3.5026014462854609506069111195108611e-03
9.2854822147100913279705435102915315e-04	-1.8900611371579091898440682063518094e+00	1.6071832386018541735585277433311517e-05	3.4718429446626566165156177468539199e-03
9.4480756613397234898361937940709659e-04	-1.8762341332013006284419964408322219e+00	1.5795240275113031645748320327522278e-05	3.4418393039897011583576015693155563e-03
9.6108761712667950224625174767183538e-04	-1.8625256760296900493925169631046126e+00	1.5527672755238465480009637839277709e-05	3.4125635684926002348618103981522080e-03
9.7738633478817840579749171361021905e-04	-1.8489329059039248061189013438380333e+00	1.5268727718463938715739447136326280e-05	3.3839900752120048943241978673089220e-03
9.9370171143996564325138161915997410e-04	-1.8354530632727348063392570796645746e+00	1.5018025806079559637121135937577381e-05	3.3560943769841787849988360480061838e-03
1.0100317706072910799920748596848083e-03	-1.8220834840549141379965839308226325e+00	1.4775208859654171297007120911180268e-05	3.3288531708875939603572133461363790e-03
1.0263745662692510197504733953459904e-03	-1.8088215951974994935350129140323469e+00	1.4539938494918262778277805527969105e-05	3.3022442317066393406114172384852894e-03
1.0427281821362812705783594286900016e-03	-1.7956649104907073968938417335107047e+00	1.4311894787392882733345169078011465e-05	3.2762463500055901333393792247935292e-03
1.0590907309537440420379869168437697e-03	-1.7826110266219432237933749592845177e+00	1.4090775059802533875474639981695171e-05	3.2508392744433397916929005944144660e-03
1.0754603538303794267291878217565326e-03	-1.7696576194526044128266704879296016e+00	1.3876292762302957014727798392923026e-05	3.2260036579929289803951148133815106e-03
1.0918352195904636974657048956819869e-03	-1.7568024405026824907842724460168563e+00	1.3668176437438481004102092548601752e-05	3.2017210077600483308891847325909897e-03
1.1082135241485832063009086092004664e-03	-1.7440433136293363679859557237020225e+00	1.3466168762531316263850578520484372e-05	3.1779736381218206517670929164558229e-03
1.1245934899059946940315521915131096e-03	-1.7313781318866741710841483210243709e+00	1.3270025662908200764284710392072889e-05	3.1547446269316151876561843160895854e-03
1.1409733651676006645753378061048853e-03	-1.7188048545549528006074096713294102e+00	1.3079515489998102322232495394506952e-05	3.1320177745577032483073236600895930e-03
1.1573514235786224719737872755780408e-03	-1.7063215043282924612982198221766801e+00	1.2894418258896912691061799477606738e-05	3.1097775655434882473041566437779633e-03
1.1737259635801042045289630169737705e-03	-1.6939261646508156811987482427528678e+00	1.2714524940498821034515029111303821e-05	3.0880091326950609374012998123773611e-03
1.1900953078824276008906560422487623e-03	-1.6816169771918640225631988077931278e+00	1.2539636803745968649996154358854566e-05	3.0666982234181431184063444760407478e-03
1.2064578029560623437332011076795354e-03	-1.6693921394516272506381837317831018e+00	1.2369564803953888513472259125375727e-05	3.0458311681412680046041825056396541e-03
1.2228118185388173739894165904706325e-03	-1.6572499024891449525062637046422437e+00	1.2204129013535239033462766122024085e-05	3.0253948506754602777115120676084989e-03
1.2391557471588975594442086682484805e-03	-1.6451885687652146812281453539439389e+00	1.2043158091772952033725909893817667e-05	3.0053766803728634244040576111524051e-03
1.2554880036731063256185030866664776e-03	-1.6332064900932683068576617307050485e+00	1.1886488790590094862008758930300971e-05	2.9857645659578405207672552211403226e-03
1.2718070248195688884605277190618147e-03	-1.6213020656917635830203445966119565e+00	1.1733965493530992474203366504874881e-05	2.9665468909141577552206101274996760e-03
1.2881112687843826773811695706545194e-03	-1.6094737403320847655611852955619880e+00	1.1585439785409555882010992622457318e-05	2.9477124903210461998461747823435536e-03
1.3043992147816315506952219765934200e-03	-1.5977200025763578559285565866008484e+00	1.1440770050299049929065554213940868e-05	2.9292506290393145387468333237742958e-03
1.3206693626462286188884542601924406e-03	-1.5860393830999657618237534479915619e+00	1.1299821095735124746445328282455918e-05	2.9111509811563321405882724162781605e-03
1.3369202324390790289490045698247956e-03	-1.5744304530938991496053970814103240e+00	1.1162463801182976011248703476018268e-05	2.8934036106056882138789656567938032e-03
1.3531503640640790401499358116679265e-03	-1.5628918227424025197052554609383728e+00	1.1028574788981893100382871183979205e-05	2.8759989528837216448881916703744139e-03
1.3693583168964912441099705069296969e-03	-1.5514221397716743426219335206523065e+00	1.0898036116127893506475113059295515e-05	2.8589277977909638042138019879543285e-03
1.3855426694222579475154858827713197e-03	-1.5400200880656570102561424850190134e+00	1.0770734985389132194922114721667398e-05	2.8421812731318936436936218000637215e-03
1.4017020188878356349409966735694961e-03	-1.5286843863452087552279462764442392e+00	1.0646563474370657364258198194013063e-05	2.8257508293113161693390737788343780e-03
1.4178349809601531453285374043949630e-03	-1.5174137869071872670319917205357500e+00	1.0525418281256055747993307173945570e-05	2.8096282247701826679346427118411882e-03
1.4339401893963148062101258441391708e-03	-1.5062070744201950312582353982153707e+00	1.0407200486054659439859971855943386e-05	2.7938055122078106054200124049069310e-03
1.4500162957226873462929762338757202e-03	-1.4950630647739408400185731289120275e+00	1.0291815326275227132368353054276779e-05	2.7782750255412659868042492252609857e-03
1.4660619689230260159365324942949362e-03	-1.4839806039793617458794300916036264e+00	1.0179171986031220096634807919214113e-05	2.7630293675561710049132829729662661e-03
1.4820758951353110478756826195506523e-03	-1.4729585671168261223157890859960689e+00	1.0069183397659732602069651447060314e-05	2.7480613982064219406763317267366880e-03
1.4980567773569804443976154345994109e-03	-1.4619958573299025128704124331678081e+00	9.9617660550064941076801025341019891e-06	2.7333642235232708456899260430000507e-03
1.5140033351582591350979558099174877e-03	-1.4510914048623315681411497569033021e+00	9.8568398375937525023166129893131439e-06	2.7189311850969615471580782922980120e-03
1.5299143044032978606116887563123131e-03	-1.4402441661359804699790935653967004e+00	9.7543278449468274454586819612768276e-06	2.7047558500966358892847143532021169e-03
1.5457884369788477481675841689380241e-03	-1.4294531228676916355459361643502560e+00	9.6541562404091882790283840548254885e-06	2.6908320017965579155788160381098712e-03
1.5616245005302084970979778659282143e-03	-1.4187172812230609210663332960796674e+00	9.5562541038255101941918022592453501e-06	2.6771536305788582739324193725589118e-03
1.5774212782041994262572073585553705e-03	-1.4080356710052956847451324214531784e+00	9.4605532925176991641014412701722760e-06	2.6637149253849933496900243422650349e-03
1.5931775683989133876575405530014724e-03	-1.3974073448774105422704176474216205e+00	9.3669883100207148037713473203608996e-06	2.6505102655899569996628788109434989e-03
1.6088921845200237560109191562270272e-03	-1.3868313776161190269734713284211949e+00	9.2754961820834895759091136371971915e-06	2.6375342132749895449380585525661408e-03
1.6245639547434243944414364077019702e-03	-1.3763068653958731736153336779314371e+00	9.1860163394756396958895319064889895e-06	2.6247815058761100500550882347442768e-03
1.6401917217839917024372032428809374e-03	-1.3658329251015907608332778659791775e+00	9.0984905071732563494433000733643812e-06	2.6122470491872640409872375829004044e-03
1.6557743426702666011872127879063249e-03	-1.3554086936686920145850374617590203e+00	9.0128625995270985807523746359276338e-06	2.5999259106982389638049576081918770e-03
1.6713106885248626300073182917001432e-03	-1.3450333274491444001357207737942885e+00	8.9290786210442017080503884379957921e-06	2.5878133132487623149026051862336904e-03
1.6867996443504142401043806247207850e-03	-1.3347060016022860875887878922180874e+00	8.8470865724394670843397599087660183e-06	2.5759046289813702002919397713291361e-03
1.7022401088208869013839623932805276e-03	-1.3244259095092661105054901251509438e+00	8.7668363616373916510841099467839416e-06	2.5641953735767241564098163280172486e-03
1.7176309940780778058332822529633816e-03	-1.3141922622100024666560527139612786e+00	8.6882797194258935899598590904287029e-06	2.5526812007560678340168094314147767e-03
1.7329712255331427773044508315644939e-03	-1.3040042878616187276063422624683996e+00	8.6113701194843430164205131083165594e-06	2.5413578970364585073166924584397941e-03
1.7482597416729915011149657985258375e-03	-1.2938612312173754002990360207311462e+00	8.5360627025265501044674011994038370e-06	2.5302213767252867216104433495427784e-03
1.7634954938713993854283266339029045e-03	-1.2837623531251645689981209670586929e+00	8.4623142043167211000211329969983893e-06	2.5192676771414156813614771086660477e-03
1.7786774462046902764383191541324405e-03	-1.2737069300446854709419611752404268e+00	8.3900828873323781570392466532605712e-06	2.5084929540510347418687678381999761e-03
1.7938045752718498864981963505546301e-03	-1.2636942535824648374273215616059751e+00	8.3193284758630546321967860370608759e-06	2.4978934773070327629003717303379395e-03
1.8088758700189351731040555201243896e-03	-1.2537236300439292615096362881866919e+00	8.2500120943473171964069274449671870e-06	2.4874656266813609318892282752889035e-03
1.8238903315676500407694587217190876e-03	-1.2437943800017777170908253267962987e+00	8.1820962087634154932629809010114618e-06	2.4772058878804744773275812840251570e-03
1.8388469730479626402006909074718539e-03	-1.2339058378799408214511831464273465e+00	8.1155445709006973234604178158444641e-06	2.4671108487345216963063421740972004e-03
1.8537448194346442219149010638178250e-03	-1.2240573515524496614633261567967662e+00	8.0503221653499239770269639463699356e-06	2.4571771955514898817903539972748643e-03
1.8685829073876139759348396735010028e-03	-1.2142482819565711386097844097660898e+00	7.9863951590608417978562002471739560e-06	2.4474017096280237872658028407955434e-03
1.8833602850959785661717840927957085e-03	-1.2044780027195989648287544638528019e+00	7.9237308533248722423965279558731063e-06	2.4377812639091057252560431084785276e-03
1.8980760121256591576740140870991628e-03	-1.1947458997987197857882317739718088e+00	7.8622976380496284540603904338606925e-06	2.4283128197892295810929892908769038e-03
1.9127291592705026465878565486158999e-03	-1.1850513711334025371814889402912091e+00	7.8020649482002020124835367180353400e-06	2.4189934240481160730252368672086539e-03
1.9273188084067775454202557640981484e-03	-1.1753938263097861615724893671460928e+00	7.7430032222898351663389414234921640e-06	2.4098202059144054777913055964464227e-03
1.9418440523509585584620238028238718e-03	-1.1657726862365663291383567075372614e+00	7.6850838628097438640941735767354935e-06	2.4007903742511285893541199151062790e-03
1.9563039947207073120056429164631244e-03	-1.1561873828319059092915389008337404e+00	7.6282791984945241487162658434473494e-06	2.3919012148570985709567971207509460e-03
1.9706977497989599887976564201061019e-03	-1.1466373587209167190767216436563722e+00	7.5725624483257947193193827784102116e-06	2.3831500878786871530679326753993080e-03
1.9850244424010357631091628140093262e-03	-1.1371220669432816099006097318531908e+00	7.5179076871825345494328977542733317e-06	2.3745344253267497613011590715561383e-03
1.9992832077446829485998316884176677e-03	-1.1276409706706063225021130015422105e+00	7.4642898130519966265991192761028965e-06	2.3660517286937469608212110453204451e-03
2.0134731913229826621320405297981925e-03	-1.1181935429331098119156468224795932e+00	7.4116845157201449806641024393173333e-06	2.3576995666663753102140005302343362e-03
2.0275935487800325788555975624808787e-03	-1.1087792663552799855828140439881324e+00	7.3600682468652978436608539369479970e-06	2.3494755729292704706823886967757683e-03
2.0416434457893360128972999711445374e-03	-1.0993976329001390703897512365421936e+00	7.3094181914830886703750112306376574e-06	2.3413774440555802746110500940225812e-03
2.0556220579348241092141669888605442e-03	-1.0900481436217791858319342845771325e+00	7.2597122405750006453448644662866040e-06	2.3334029374804264030198580048492440e-03
2.0695285705944413806776269800991919e-03	-1.0807303084258442045344328044389622e+00	7.2109289650366093252205898996233787e-06	2.3255498695534812653658842519011874e-03
2.0833621788262271750506945332930913e-03	-1.0714436458376486782708277611459268e+00	7.1630475906853007876711471407365520e-06	2.3178161136670824634448289209329654e-03
2.0971220872568279137492650551022775e-03	-1.0621876827776385444545727550679748e+00	7.1160479743706362362787383725182468e-06	2.3101995984564916394586215349825520e-03
2.1108075099723771124507126351264699e-03	-1.0529619543439115488191284539602079e+00	7.0699105811137243027519823641123524e-06	2.3026983060690782867716328209788977e-03
2.1244176704116822768113302618146705e-03	-1.0437660036015278658382630075240743e+00	7.0246164622249539578950268382795698e-06	2.2953102704993729192903016649758541e-03
2.1379518012616597686499914257675274e-03	-1.0345993813783533079271359575018241e+00	6.9801472343522475594545407035268930e-06	2.2880335759870884831998027446087914e-03
2.1514091443549606626201120336753033e-03	-1.0254616460671888237331700815022362e+00	6.9364850594146276888150049196867257e-06	2.2808663554753546406087388601973084e-03
2.1647889505697324641086354380336253e-03	-1.0163523634339507287300978416923313e+00	6.8936126253783646931135880580796438e-06	2.2738067891265471056196033323558294e-03
2.1780904797314633391749412370724216e-03	-1.0072711064316763196134490454629080e+00	6.8515131278352950351292114500538730e-06	2.2668531028932240791177417141788803e-03
2.1913130005168572199124984319707370e-03	-9.9821745502013922743751385569518561e-01	6.8101702523450836550680040391862075e-06	2.2600035671418044841265924464129705e-03
2.2044557903596897966620483487455752e-03	-9.8919099599086809097428031272302382e-01	6.7695681575052558370903197362699566e-06	2.2532564953267385917590059625597291e-03
2.2175181353585969948583944623913560e-03	-9.8019132279737090764493791768075041e-01	6.7296914587147541528270648375716178e-06	2.2466102427130311616835228358517145e-03
2.2304993301867490616440890765604528e-03	-9.7121803539037576920895597960738263e-01	6.6905252125985919125320265696529133e-06	2.2400632051450807861055204250035447e-03
2.2433986780033648582901658144043358e-03	-9.6227074005790663633926129542114390e-01	6.6520549020628836123408991699069289e-06	2.2336138178598970824266810155576712e-03
2.2562154903670223713587673772386569e-03	-9.5334904927002037201812882743801249e-01	6.6142664219511420194808251319440128e-06	2.2272605543428500631330808180007372e-03
2.2689490871507228207386174918765095e-03	-9.4445258152803845881077415483970555e-01	6.5771460652742471980112287090240872e-06	2.2210019252241937361646403371524976e-03
2.2815987964586670583831784151907312e-03	-9.3558096121811368875124878105998748e-01	6.5406805099879209100052694182693504e-06	2.2148364772146890486504514634235688e-03
2.2941639545447042198783358918516540e-03	-9.2673381846897865491124418013698023e-01	6.5048568062928859813773662679004773e-06	2.2087627920787299560402567959643869e-03
2.3066439057324138138565185443116162e-03	-9.1791078901372910775756024844322351e-01	6.4696623644341595653574611186391843e-06	2.2027794856434509342165598762340681e-03
2.3190380023367836136572660940212497e-03	-9.0911151405550118318488251812603086e-01	6.4350849429771265831088726189208566e-06	2.1968852068423648945761126278665000e-03
2.3313456045874468533204713467015913e-03	-9.0033564013690717775306021378543787e-01	6.4011126375391694552920680684433890e-06	2.1910786367921474364567154364536888e-03
2.3435660805534433277127423359191825e-03	-8.9158281901309995440661339137150333e-01	6.3677338699566967416579719064771085e-06	2.1853584879012468885377900499372259e-03
2.3556988060694700559738037880881113e-03	-8.8285270752834122223647097900918340e-01	6.3349373778684203774803465528006382e-06	2.1797235030090598485724744009895504e-03
2.3677431646635881900963789189572123e-03	-8.7414496749595385932236133794998259e-01	6.3027122046966824740756788105063366e-06	2.1741724545544691142623751777560222e-03
2.3796985474863538378148993487427630e-03	-8.6545926558154315031366019631247519e-01	6.2710476900095315317756129390444299e-06	2.1687041437725951809869220240112887e-03
2.3915643532413414225023085503489264e-03	-8.5679527318937630143858662900142670e-01	6.2399334602470975686021740721412445e-06	2.1633173999186640274253626742552090e-03
2.4033399881170291238216063646089623e-03	-8.4815266635181388571660193146703918e-01	6.2093594197966190588511556854763125e-06	2.1580110795179428708150798798891517e-03
2.4150248657200168327492468069131684e-03	-8.3953112562169097033405480203965436e-01	6.1793157424012344711755582727486550e-06	2.1527840656407420932753235696156601e-03
2.4266184070095479145219794271286060e-03	-8.3093033596754959591919898575432017e-01	6.1497928628883701837166575796992565e-06	2.1476352672015257541581804557211557e-03
2.4381200402333069042424307940229751e-03	-8.2234998667162802278743853535522226e-01	6.1207814692042370549443922775524287e-06	2.1425636182812151374803700317360361e-03
2.4495292008644660634439618352278285e-03	-8.1378977123051574059740024117654628e-01	6.0922724947415922079003476164599926e-06	2.1375680774718097572319331903532206e-03
2.4608453315399545029441527074106671e-03	-8.0524938725838666327764754123188053e-01	6.0642571109485327622532547997205354e-06	2.1326476272424882687205187651260549e-03
2.4720678819999243288429462504391022e-03	-7.9672853639272620813262497096500426e-01	6.0367267202066663077842941945831528e-06	2.1278012733263879164027663332173500e-03
2.4831963090283889955349191357037133e-03	-7.8822692420247109388624491865735355e-01	6.0096729489675507137462392992533365e-06	2.1230280441272955869581079267266037e-03
2.4942300763950097530510870289559477e-03	-7.7974426009848369385938871712684272e-01	5.9830876411368151530375183617533094e-06	2.1183269901455163239272899355694034e-03
2.5051686547980067568287873070375809e-03	-7.7128025724628565392854140895514991e-01	5.9569628516958666212404644668393578e-06	2.1136971834222163848640346441036928e-03
2.5160115218081720669941821974791194e-03	-7.6283463248097823646104324465310431e-01	5.9312908405515532795088407974175640e-06	2.1091377170015676663202992522735933e-03
2.5267581618139624022593033508338380e-03	-7.5440710622427948683121100042872796e-01	5.9060640666045990833942502590448517e-06	2.1046477044100486640042733224192163e-03
2.5374080659676501313774792696649803e-03	-7.4599740240361084385154176958496142e-01	5.8812751820280447247939763246094571e-06	2.1002262791522841485313627852391000e-03
2.5479607321325115835269568229692425e-03	-7.3760524837316823467990747144377493e-01	5.8569170267473291764796953648978310e-06	2.0958725942228314905434599848976652e-03
2.5584156648310323387300052175764413e-03	-7.2923037483691501339377531763837171e-01	5.8329826231140252761742018863150303e-06	2.0915858216333461278698010664965282e-03
2.5687723751941097211607067043964486e-03	-7.2087251577343632510916653996578748e-01	5.8094651707656029358659207342137126e-06	2.0873651519545820934143329328695095e-03
2.5790303809112332626168408665255471e-03	-7.1253140836259660867916556486769494e-01	5.7863580416639357606359757653743456e-06	2.0832097938727058736799540270052809e-03
2.5891892061816244311698908476846670e-03	-7.0420679291394399482239143208260785e-01	5.7636547753055920954239981005236425e-06	2.0791189737594231991217254247491573e-03
2.5992483816663174316759540938106997e-03	-6.9589841279680731698085139238823084e-01	5.7413490740972607147229846731715549e-06	2.0750919352554387306425820772454703e-03
2.6092074444411633810177526519076839e-03	-6.8760601437203333306261350367264935e-01	5.7194347988899554009598319534826301e-06	2.0711279388667880504161735462325286e-03
2.6190659379507406422185134405583792e-03	-6.7932934692531356107119409298967754e-01	5.6979059646659223425567650519482606e-06	2.0672262615735999360522192726244861e-03
2.6288234119631545684638187223565300e-03	-6.7106816260205186386419459226066743e-01	5.6767567363724403944239428707805133e-06	2.0633861964508646385823718445332580e-03
2.6384794225257103611073413836953003e-03	-6.6282221634372558115242534410899023e-01	5.6559814248969575087907851690880834e-06	2.0596070523008008381251260450492110e-03
2.6480335319214431854195458747135905e-03	-6.5459126582569460342081034467579539e-01	5.6355744831782477474283667402535128e-06	2.0558881532964301554286697002217341e-03
2.6574853086264901146439068297344886e-03	-6.4637507139641431564517673691595890e-01	5.6155305024485028723963564373403593e-06	2.0522288386359835897212292069005347e-03
2.6668343272682888873129134581723635e-03	-6.3817339601800981127230108897518057e-01	5.5958442086014911892615319386130430e-06	2.0486284622077790683628503732874737e-03
2.6760801685845888651878721395972573e-03	-6.2998600520817019156603269059640466e-01	5.5765104586821246572410138595075243e-06	2.0450863922652234647635035153786328e-03
2.6852224193832599700467331899362192e-03	-6.2181266698332312461294171670500004e-01	5.5575242374929738252079404030733312e-06	2.0416020111116059992212337769133468e-03
2.6942606725028857572607230949175637e-03	-6.1365315180305114441786308684204229e-01	5.5388806543134594105897741882173621e-06	2.0381747147943629123928508191988608e-03
2.7031945267741271530655012309430697e-03	-6.0550723251571242587860032479450758e-01	5.5205749397276297907467912686341669e-06	2.0348039128085057211270059203001077e-03
2.7120235869818437410227892964815425e-03	-5.9737468430522997817622341265165496e-01	5.5026024425566057772849146704723652e-06	2.0314890278089172579805448014584415e-03
2.7207474638279598317463865256050164e-03	-5.8925528463901435931549999983827193e-01	5.4849586268919382214089796013413901e-06	2.0282294953312310841296414817534051e-03
2.7293657738950628888807980090573175e-03	-5.8114881321698613016345000706842996e-01	5.4676390692262806575044472437804196e-06	2.0250247635210207744932102162122800e-03
2.7378781396107222139067545828705589e-03	-5.7305505192166533923405925334964907e-01	5.4506394556779287148979038365875041e-06	2.0218742928710360263874363516314358e-03
2.7462841892125161129284272919847787e-03	-5.6497378476929636143671968267727168e-01	5.4339555793059207753895869782502779e-06	2.0187775559662325604408584905560949e-03
2.7545835567137560804827710548213772e-03	-5.5690479786197740674404691698941036e-01	5.4175833375125306680822826054357815e-06	2.0157340372363523852325922094984449e-03
2.7627758818698968389012238549443695e-03	-5.4884787934076496986087599364184297e-01	5.4015187295301133960423088149698106e-06	2.0127432327158202045462965858485094e-03
2.7708608101456213671359096590576431e-03	-5.4080281933972441103445885691743227e-01	5.3857578539893892866984979612940614e-06	2.0098046498107305766524480917593784e-03
2.7788379926825903405139069791061173e-03	-5.3276940994089874260849240635901388e-01	5.3702969065663708384112284503393073e-06	2.0069178070727089061076951099034320e-03
2.7867070862678456828712562861130925e-03	-5.2474744513016854719481151990190754e-01	5.3551321777052501726082590177220827e-06	2.0040822339794374767831496592057083e-03
2.7944677533028582052006697002845254e-03	-5.1673672075397677275591839908916483e-01	5.3402600504146736529616498410404023e-06	2.0012974707216455359665065357803233e-03
2.8021196617732095705715442613173108e-03	-5.0873703447689293873705030364665769e-01	5.3256769981349341451858177724000340e-06	1.9985630679963699284066577198988930e-03
2.8096624852188990838871146745180084e-03	-5.0074818573999204687784905184008206e-01	5.3113795826737107951238997779542188e-06	1.9958785868062999703251167790898254e-03
2.8170959027052660572621171705227101e-03	-4.9276997572002422163497605687225337e-01	5.2973644522080813185961969825204869e-06	1.9932435982650271602476638528756517e-03
2.8244195987945187476576909528868181e-03	-4.8480220728935180936947795651403697e-01	5.2836283393506228322347895182829892e-06	1.9906576834080269588919904374035439e-03
2.8316332635178611031130911017621016e-03	-4.7684468497663134365736008825311592e-01	5.2701680592775044075909699477450104e-06	1.9881204330092062465364346538048307e-03
2.8387365923482087876732824544311643e-03	-4.6889721492821843728186303125506424e-01	5.2569805079165579883076634758215300e-06	1.9856314474028561949522196381114570e-03
2.8457292861734861831275780213467284e-03	-4.6095960487027429062904723494612668e-01	5.2440626601933942495707754452584320e-06	1.9831903363108561832070332999144100e-03
2.8526110512704962881402208519900340e-03	-4.5303166407155311225883311385943979e-01	5.2314115683337065687525319085639978e-06	1.9807967186749800530102591116303090e-03
2.8593815992793556524556059341316242e-03	-4.4511320330685033124472194342586387e-01	5.2190243602199796758976816815970345e-06	1.9784502224941614498356061422088575e-03
2.8660406471784866957787705357658269e-03	-4.3720403482109204331084010516895628e-01	5.2068982378008899141231550251408333e-06	1.9761504846665802404147335664098986e-03
2.8725879172601599678398309950313639e-03	-4.2930397229404667465106518521055230e-01	5.1950304755517515070815605919697081e-06	1.9738971508364370444837302330208226e-03
2.8790231371065791082173563616033580e-03	-4.2141283080564036936248026618971808e-01	5.1834184189844279401178493581783777e-06	1.9716898752452877775932190660602916e-03
2.8853460395665014618827898640787287e-03	-4.1353042680185810940091518208309089e-01	5.1720594832051896435275525285902638e-06	1.9695283205878147806671808290167557e-03
2.8915563627323874992931323500615491e-03	-4.0565657806121306057408191619418812e-01	5.1609511515190587438443846553700230e-06	1.9674121578719156187357436301322913e-03
2.8976538499180723783542101169904008e-03	-3.9779110366176710500106286344559887e-01	5.1500909740792388396793306244544741e-06	1.9653410662829949734291457795627008e-03
2.9036382496369531698490432662772991e-03	-3.8993382394868597032940783439963528e-01	5.1394765665802826738662810719682556e-06	1.9633147330523492386142413076428722e-03
2.9095093155806854481174490481234384e-03	-3.8208456050231279942840257916197083e-01	5.1291056089937033196487526651857699e-06	1.9613328533295374628638898113662134e-03
2.9152668065983831250218482510483011e-03	-3.7424313610674442185785105186344562e-01	5.1189758443447851763173937635057188e-06	1.9593951300586361728450283819375155e-03
2.9209104866763155776737182732425929e-03	-3.6640937471889499070893857891362772e-01	5.1090850775293997751492505770498256e-06	1.9575012738582793644698336134519703e-03
2.9264401249180962891544940272173301e-03	-3.5858310143803203596584614387594680e-01	5.0994311741696782211628438491045867e-06	1.9556510029053885697728928332666702e-03
2.9318554955253573866691802596579389e-03	-3.5076414247577035885875021912004818e-01	5.0900120595074371271779781114412146e-06	1.9538440428225014026868125067247245e-03
2.9371563777789046233418752362483665e-03	-3.4295232512650955126323671825911879e-01	5.0808257173342982169151557291742798e-06	1.9520801265686103616681608953103418e-03
2.9423425560203475083174875461439933e-03	-3.3514747773830127051911879887507433e-01	5.0718701889574834624368458300991503e-06	1.9503589943334269267147022284009832e-03
2.9474138196341994450872792093487008e-03	-3.2734942968413273354381460388847562e-01	5.0631435722003077534724829149503831e-06	1.9486803934349891377259599984293672e-03
2.9523699630304428901182104683203435e-03	-3.1955801133361321523283743210124140e-01	5.0546440204364297439300054158043419e-06	1.9470440782205338851889724038003506e-03
2.9572107856275546930448513358490279e-03	-3.1177305402505064528482952198920975e-01	5.0463697416569587527131582009506357e-06	1.9454498099705580874115953834355882e-03
2.9619360918359869259821876877370092e-03	-3.0399439003790569515520956665554879e-01	5.0383189975695514772315522365588746e-06	1.9438973568059957753743267134839086e-03
2.9665456910420986530393078770934034e-03	-2.9622185256561103320796490818986190e-01	5.0304901027286668711341619502901568e-06	1.9423864935984408609411739441549196e-03
2.9710393975925342319561520830901560e-03	-2.8845527568874370165996722523370074e-01	5.0228814236961809024277224484753387e-06	1.9409170018833480306980339877004191e-03
2.9754170307790438780439221598758254e-03	-2.8069449434853883394117753019440701e-01	5.0154913782315951012065811532330166e-06	1.9394886697761467899443578234826056e-03
2.9796784148237423563774187139549442e-03	-2.7293934432073318595682050871862485e-01	5.0083184345111038821446566404942349e-06	1.9381012918912061830634040685489337e-03
2.9838233788648018015549913369092993e-03	-2.6518966218972719974908997758850004e-01	5.0013611103748156377193648546619075e-06	1.9367546692635901412008842393041360e-03
2.9878517569425747953970228036650464e-03	-2.5744528532305455351727419555794660e-01	4.9946179726014515936260741291661980e-06	1.9354486092735457593114821110056338e-03
2.9917633879861439617826547475108803e-03	-2.4970605184614837815403253426865631e-01	4.9880876362098744456327509442006581e-06	1.9341829255736690854724851781978572e-03
2.9955581158002944645103060759325302e-03	-2.4197180061739353766670449701508355e-01	4.9817687637868259028233879187098467e-06	1.9329574380186952190700435374968656e-03
2.9992357890529059186918054795942723e-03	-2.3424237120345457933840003462857966e-01	4.9756600648402784894716602135782552e-06	1.9317719725978616640709030249055799e-03
3.0027962612627603488319807899249218e-03	-2.2651760385486915949471427059038769e-01	4.9697602951778323485424299017833917e-06	1.9306263613697959720196900281253578e-03
3.0062393907877629474826898393054824e-03	-2.1879733948189694251728453937137361e-01	4.9640682563096123841883523409432735e-06	1.9295204423998807394580449368802593e-03
3.0095650408135725072680387705246676e-03	-2.1108141963061415451309178685936398e-01	4.9585827948751449171154076358808815e-06	1.9284540597000509988521009139557557e-03
3.0127730793426385162296257214856474e-03	-2.0336968645924414902581039067985767e-01	4.9533028020937161423194944501860355e-06	1.9274270631709809634452731871424074e-03
3.0158633791836420219090741381283146e-03	-1.9566198271471451056980303323097006e-01	4.9482272132377371089761358882807490e-06	1.9264393085466189572367981942366026e-03
3.0188358179413374834402540810729597e-03	-1.8795815170943138277584156284484054e-01	4.9433550071286617213514187530536043e-06	1.9254906573410311839470464513999696e-03
3.0216902780067929432342499755479727e-03	-1.8025803729826186174808546006271779e-01	4.9386852056550254203496563318336748e-06	1.9245809767975167657085029579197515e-03
3.0244266465480259606736549015976370e-03	-1.7256148385571544202284136437958577e-01	4.9342168733121927793499520448862958e-06	1.9237101398399582155772069453940111e-03
3.0270448155010328596550781936201684e-03	-1.6486833625331564246084405350083963e-01	4.9299491167634222657797108281633374e-06	1.9228780250263731999789838679542964e-03
3.0295446815612089498944245289916919e-03	-1.5717843983715307265732659311282234e-01	4.9258810844218759108057248734179726e-06	1.9220845165046351000025976607783249e-03
3.0319261461751574887018412149612833e-03	-1.4949164040561132717074776781681188e-01	4.9220119660532206219408189873043850e-06	1.9213295039703314960755604882787982e-03
3.0341891155328852555043256261654375e-03	-1.4180778418725721519641897591683842e-01	4.9183409923984863946449057262228989e-06	1.9206128826267312809920627125451223e-03
3.0363335005603827158047762983945484e-03	-1.3412671781888694738230475096359617e-01	4.9148674348168647556105915381675984e-06	1.9199345531468326534310150965272344e-03
3.0383592169125868545766097676429714e-03	-1.2644828832372000943026020073985922e-01	4.9115906049481484279754207265512168e-06	1.9192944216374657598741031363129566e-03
3.0402661849667248613617722534151673e-03	-1.1877234308973255406884683334921545e-01	4.9085098543945304720018363259563972e-06	1.9186923996054252390248723160138490e-03
3.0420543298160369506249008696100937e-03	-1.1109872984812223903840446121385336e-01	4.9056245744214980478652767768230786e-06	1.9181284039256093812065298492084634e-03
3.0437235812638767012744687901131725e-03	-1.0342729665189652900304888535084948e-01	4.9029341956775724934395007175387514e-06	1.9176023568111440474983359202363167e-03
3.0452738738181873987490591039245131e-03	-9.5757891854576563898718732063341359e-02	4.9004381879326636320578548751794954e-06	1.9171141857854709012347983152616064e-03
3.0467051466863529617387243518093251e-03	-8.8090364089008775235691599224510077e-02	4.8981360598348221452392582661704911e-06	1.9166638236563808895745951949779262e-03
3.0480173437704221335222223316662908e-03	-8.0424562246276505386042579365875525e-02	4.8960273586851894848091887924310438e-06	1.9162512084919752767458628472584617e-03
3.0492104136627047151045930450621826e-03	-7.2760335454703952982916639331442792e-02	4.8941116702309601787036787618748437e-06	1.9158762835985378748549891975829323e-03
3.0502843096417387138892269230814083e-03	-6.5097533058944830314629995018408933e-02	4.8923886184761865255175942962121207e-06	1.9155389975003034443389647832386541e-03
3.0512389896686273775668420084939380e-03	-5.7436004599148176081838121716285227e-02	4.8908578655102705946008330451080776e-06	1.9152393039211085457486923141293549e-03
3.0520744163837451783026591034108066e-03	-4.9775599790193819163690092822389345e-02	4.8895191113540031708637521039871994e-06	1.9149771617679124190474164203775219e-03
3.0527905571038119072040592218192991e-03	-4.2116168500990036166561642234996683e-02	4.8883720938230238257024931190135442e-06	1.9147525351161767474449838331497183e-03
3.0533873838193341335051936623409788e-03	-3.4457560733825987558397734021929910e-02	4.8874165884085906765389098888351934e-06	1.9145653931970944313931706511648317e-03
3.0538648731924133769630538561839771e-03	-2.6799626603771554169002481241199842e-02	4.8866524081755626360338498134835279e-06	1.9144157103866587561481775696854558e-03
3.0542230065549204356716961997422899e-03	-1.9142216318117227802295589642998272e-02	4.8860794036775110664591614711184794e-06	1.9143034661965655846544399506493207e-03
3.0544617699070354049176428990413482e-03	-1.1485180155846736695583838202174957e-02	4.8856974628888917631570704739942642e-06	1.9142286452669424477947294091519005e-03
3.0545811539161530158696618094442843e-03	-3.8283684471351086027717686981753453e-03	4.8855065111542221114347570852388493e-06	1.9141912373608996376477372991230601e-03
3.0545811539161530158696618094442843e-03	3.8283684471351086027717686981753453e-03	4.8855065111542221114347570852388493e-06	1.9141912373608996376477372991230601e-03
3.0544617699070354049176428990413482e-03	1.1485180155846736695583838202174957e-02	4.8856974628888917631570704739942642e-06	1.9142286452669424477947294091519005e-03
3.0542230065549204356716961997422899e-03	1.9142216318117227802295589642998272e-02	4.8860794036775110664591614711184794e-06	1.9143034661965655846544399506493207e-03
3.0538648731924133769630538561839771e-03	2.6799626603771554169002481241199842e-02	4.8866524081755626360338498134835279e-06	1.9144157103866587561481775696854558e-03
3.0533873838193341335051936623409788e-03	3.4457560733825987558397734021929910e-02	4.8874165884085906765389098888351934e-06	1.9145653931970944313931706511648317e-03
3.0527905571038119072040592218192991e-03	4.2116168500990036166561642234996683e-02	4.8883720938230238257024931190135442e-06	1.9147525351161767474449838331497183e-03
3.0520744163837451783026591034108066e-03	4.9775599790193819163690092822389345e-02	4.8895191113540031708637521039871994e-06	1.9149771617679124190474164203775219e-03
3.0512389896686273775668420084939380e-03	5.7436004599148176081838121716285227e-02	4.8908578655102705946008330451080776e-06	1.9152393039211085457486923141293549e-03
3.0502843096417387138892269230814083e-03	6.5097533058944830314629995018408933e-02	4.8923886184761865255175942962121207e-06	1.9155389975003034443389647832386541e-03
3.0492104136627047151045930450621826e-03	7.2760335454703952982916639331442792e-02	4.8941116702309601787036787618748437e-06	1.9158762835985378748549891975829323e-03
3.0480173437704221335222223316662908e-03	8.0424562246276505386042579365875525e-02	4.8960273586851894848091887924310438e-06	1.9162512084919752767458628472584617e-03
3.0467051466863529617387243518093251e-03	8.8090364089008775235691599224510077e-02	4.8981360598348221452392582661704911e-06	1.9166638236563808895745951949779262e-03
3.0452738738181873987490591039245131e-03	9.5757891854576563898718732063341359e-02	4.9004381879326636320578548751794954e-06	1.9171141857854709012347983152616064e-03
3.0437235812638767012744687901131725e-03	1.0342729665189652900304888535084948e-01	4.9029341956775724934395007175387514e-06	1.9176023568111440474983359202363167e-03
3.0420543298160369506249008696100937e-03	1.1109872984812223903840446121385336e-01	4.9056245744214980478652767768230786e-06	1.9181284039256093812065298492084634e-03
3.0402661849667248613617722534151673e-03	1.1877234308973255406884683334921545e-01	4.9085098543945304720018363259563972e-06	1.9186923996054252390248723160138490e-03
3.0383592169125868545766097676429714e-03	1.2644828832372000943026020073985922e-01	4.9115906049481484279754207265512168e-06	1.9192944216374657598741031363129566e-03
3.0363335005603827158047762983945484e-03	1.3412671781888694738230475096359617e-01	4.9148674348168647556105915381675984e-06	1.9199345531468326534310150965272344e-03
3.0341891155328852555043256261654375e-03	1.4180778418725721519641897591683842e-01	4.9183409923984863946449057262228989e-06	1.9206128826267312809920627125451223e-03
3.0319261461751574887018412149612833e-03	1.4949164040561132717074776781681188e-01	4.9220119660532206219408189873043850e-06	1.9213295039703314960755604882787982e-03
3.0295446815612089498944245289916919e-03	1.5717843983715307265732659311282234e-01	4.9258810844218759108057248734179726e-06	1.9220845165046351000025976607783249e-03
3.0270448155010328596550781936201684e-03	1.6486833625331564246084405350083963e-01	4.9299491167634222657797108281633374e-06	1.9228780250263731999789838679542964e-03
3.0244266465480259606736549015976370e-03	1.7256148385571544202284136437958577e-01	4.9342168733121927793499520448862958e-06	1.9237101398399582155772069453940111e-03
3.0216902780067929432342499755479727e-03	1.8025803729826186174808546006271779e-01	4.9386852056550254203496563318336748e-06	1.9245809767975167657085029579197515e-03
3.0188358179413374834402540810729597e-03	1.8795815170943138277584156284484054e-01	4.9433550071286617213514187530536043e-06	1.9254906573410311839470464513999696e-03
3.0158633791836420219090741381283146e-03	1.9566198271471451056980303323097006e-01	4.9482272132377371089761358882807490e-06	1.9264393085466189572367981942366026e-03
3.0127730793426385162296257214856474e-03	2.0336968645924414902581039067985767e-01	4.9533028020937161423194944501860355e-06	1.9274270631709809634452731871424074e-03
3.0095650408135725072680387705246676e-03	2.1108141963061415451309178685936398e-01	4.9585827948751449171154076358808815e-06	1.9284540597000509988521009139557557e-03
3.0062393907877629474826898393054824e-03	2.1879733948189694251728453937137361e-01	4.9640682563096123841883523409432735e-06	1.9295204423998807394580449368802593e-03
3.0027962612627603488319807899249218e-03	2.2651760385486915949471427059038769e-01	4.9697602951778323485424299017833917e-06	1.9306263613697959720196900281253578e-03
2.9992357890529059186918054795942723e-03	2.3424237120345457933840003462857966e-01	4.9756600648402784894716602135782552e-06	1.9317719725978616640709030249055799e-03
2.9955581158002944645103060759325302e-03	2.4197180061739353766670449701508355e-01	4.9817687637868259028233879187098467e-06	1.9329574380186952190700435374968656e-03
2.9917633879861439617826547475108803e-03	2.4970605184614837815403253426865631e-01	4.9880876362098744456327509442006581e-06	1.9341829255736690854724851781978572e-03
2.9878517569425747953970228036650464e-03	2.5744528532305455351727419555794660e-01	4.9946179726014515936260741291661980e-06	1.9354486092735457593114821110056338e-03
2.9838233788648018015549913369092993e-03	2.6518966218972719974908997758850004e-01	5.0013611103748156377193648546619075e-06	1.9367546692635901412008842393041360e-03
2.9796784148237423563774187139549442e-03	2.7293934432073318595682050871862485e-01	5.0083184345111038821446566404942349e-06	1.9381012918912061830634040685489337e-03
2.9754170307790438780439221598758254e-03	2.8069449434853883394117753019440701e-01	5.0154913782315951012065811532330166e-06	1.9394886697761467899443578234826056e-03
2.9710393975925342319561520830901560e-03	2.8845527568874370165996722523370074e-01	5.0228814236961809024277224484753387e-06	1.9409170018833480306980339877004191e-03
2.9665456910420986530393078770934034e-03	2.9622185256561103320796490818986190e-01	5.0304901027286668711341619502901568e-06	1.9423864935984408609411739441549196e-03
2.9619360918359869259821876877370092e-03	3.0399439003790569515520956665554879e-01	5.0383189975695514772315522365588746e-06	1.9438973568059957753743267134839086e-03
2.9572107856275546930448513358490279e-03	3.1177305402505064528482952198920975e-01	5.0463697416569587527131582009506357e-06	1.9454498099705580874115953834355882e-03
2.9523699630304428901182104683203435e-03	3.1955801133361321523283743210124140e-01	5.0546440204364297439300054158043419e-06	1.9470440782205338851889724038003506e-03
2.9474138196341994450872792093487008e-03	3.2734942968413273354381460388847562e-01	5.0631435722003077534724829149503831e-06	1.9486803934349891377259599984293672e-03
2.9423425560203475083174875461439933e-03	3.3514747773830127051911879887507433e-01	5.0718701889574834624368458300991503e-06	1.9503589943334269267147022284009832e-03
2.9371563777789046233418752362483665e-03	3.4295232512650955126323671825911879e-01	5.0808257173342982169151557291742798e-06	1.9520801265686103616681608953103418e-03
2.9318554955253573866691802596579389e-03	3.5076414247577035885875021912004818e-01	5.0900120595074371271779781114412146e-06	1.9538440428225014026868125067247245e-03
2.9264401249180962891544940272173301e-03	3.5858310143803203596584614387594680e-01	5.0994311741696782211628438491045867e-06	1.9556510029053885697728928332666702e-03
2.9209104866763155776737182732425929e-03	3.6640937471889499070893857891362772e-01	5.1090850775293997751492505770498256e-06	1.9575012738582793644698336134519703e-03
2.9152668065983831250218482510483011e-03	3.7424313610674442185785105186344562e-01	5.1189758443447851763173937635057188e-06	1.9593951300586361728450283819375155e-03
2.9095093155806854481174490481234384e-03	3.8208456050231279942840257916197083e-01	5.1291056089937033196487526651857699e-06	1.9613328533295374628638898113662134e-03
2.9036382496369531698490432662772991e-03	3.8993382394868597032940783439963528e-01	5.1394765665802826738662810719682556e-06	1.9633147330523492386142413076428722e-03
2.8976538499180723783542101169904008e-03	3.9779110366176710500106286344559887e-01	5.1500909740792388396793306244544741e-06	1.9653410662829949734291457795627008e-03
2.8915563627323874992931323500615491e-03	4.0565657806121306057408191619418812e-01	5.1609511515190587438443846553700230e-06	1.9674121578719156187357436301322913e-03
2.8853460395665014618827898640787287e-03	4.1353042680185810940091518208309089e-01	5.1720594832051896435275525285902638e-06	1.9695283205878147806671808290167557e-03
2.8790231371065791082173563616033580e-03	4.2141283080564036936248026618971808e-01	5.1834184189844279401178493581783777e-06	1.9716898752452877775932190660602916e-03
2.8725879172601599678398309950313639e-03	4.2930397229404667465106518521055230e-01	5.1950304755517515070815605919697081e-06	1.9738971508364370444837302330208226e-03
2.8660406471784866957787705357658269e-03	4.3720403482109204331084010516895628e-01	5.2068982378008899141231550251408333e-06	1.9761504846665802404147335664098986e-03
2.8593815992793556524556059341316242e-03	4.4511320330685033124472194342586387e-01	5.2190243602199796758976816815970345e-06	1.9784502224941614498356061422088575e-03
2.8526110512704962881402208519900340e-03	4.5303166407155311225883311385943979e-01	5.2314115683337065687525319085639978e-06	1.9807967186749800530102591116303090e-03
2.8457292861734861831275780213467284e-03	4.6095960487027429062904723494612668e-01	5.2440626601933942495707754452584320e-06	1.9831903363108561832070332999144100e-03
2.8387365923482087876732824544311643e-03	4.6889721492821843728186303125506424e-01	5.2569805079165579883076634758215300e-06	1.9856314474028561949522196381114570e-03
2.8316332635178611031130911017621016e-03	4.7684468497663134365736008825311592e-01	5.2701680592775044075909699477450104e-06	1.9881204330092062465364346538048307e-03
2.8244195987945187476576909528868181e-03	4.8480220728935180936947795651403697e-01	5.2836283393506228322347895182829892e-06	1.9906576834080269588919904374035439e-03
2.8170959027052660572621171705227101e-03	4.9276997572002422163497605687225337e-01	5.2973644522080813185961969825204869e-06	1.9932435982650271602476638528756517e-03
2.8096624852188990838871146745180084e-03	5.0074818573999204687784905184008206e-01	5.3113795826737107951238997779542188e-06	1.9958785868062999703251167790898254e-03
2.8021196617732095705715442613173108e-03	5.0873703447689293873705030364665769e-01	5.3256769981349341451858177724000340e-06	1.9985630679963699284066577198988930e-03
2.7944677533028582052006697002845254e-03	5.1673672075397677275591839908916483e-01	5.3402600504146736529616498410404023e-06	2.0012974707216455359665065357803233e-03
2.7867070862678456828712562861130925e-03	5.2474744513016854719481151990190754e-01	5.3551321777052501726082590177220827e-06	2.0040822339794374767831496592057083e-03
2.7788379926825903405139069791061173e-03	5.3276940994089874260849240635901388e-01	5.3702969065663708384112284503393073e-06	2.0069178070727089061076951099034320e-03
2.7708608101456213671359096590576431e-03	5.4080281933972441103445885691743227e-01	5.3857578539893892866984979612940614e-06	2.0098046498107305766524480917593784e-03
2.7627758818698968389012238549443695e-03	5.4884787934076496986087599364184297e-01	5.4015187295301133960423088149698106e-06	2.0127432327158202045462965858485094e-03
2.7545835567137560804827710548213772e-03	5.5690479786197740674404691698941036e-01	5.4175833375125306680822826054357815e-06	2.0157340372363523852325922094984449e-03
2.7462841892125161129284272919847787e-03	5.6497378476929636143671968267727168e-01	5.4339555793059207753895869782502779e-06	2.0187775559662325604408584905560949e-03
2.7378781396107222139067545828705589e-03	5.7305505192166533923405925334964907e-01	5.4506394556779287148979038365875041e-06	2.0218742928710360263874363516314358e-03
2.7293657738950628888807980090573175e-03	5.8114881321698613016345000706842996e-01	5.4676390692262806575044472437804196e-06	2.0250247635210207744932102162122800e-03
2.7207474638279598317463865256050164e-03	5.8925528463901435931549999983827193e-01	5.4849586268919382214089796013413901e-06	2.0282294953312310841296414817534051e-03
2.7120235869818437410227892964815425e-03	5.9737468430522997817622341265165496e-01	5.5026024425566057772849146704723652e-06	2.0314890278089172579805448014584415e-03
2.7031945267741271530655012309430697e-03	6.0550723251571242587860032479450758e-01	5.5205749397276297907467912686341669e-06	2.0348039128085057211270059203001077e-03
2.6942606725028857572607230949175637e-03	6.1365315180305114441786308684204229e-01	5.5388806543134594105897741882173621e-06	2.0381747147943629123928508191988608e-03
2.6852224193832599700467331899362192e-03	6.2181266698332312461294171670500004e-01	5.5575242374929738252079404030733312e-06	2.0416020111116059992212337769133468e-03
2.6760801685845888651878721395972573e-03	6.2998600520817019156603269059640466e-01	5.5765104586821246572410138595075243e-06	2.0450863922652234647635035153786328e-03
2.6668343272682888873129134581723635e-03	6.3817339601800981127230108897518057e-01	5.5958442086014911892615319386130430e-06	2.0486284622077790683628503732874737e-03
2.6574853086264901146439068297344886e-03	6.4637507139641431564517673691595890e-01	5.6155305024485028723963564373403593e-06	2.0522288386359835897212292069005347e-03
2.6480335319214431854195458747135905e-03	6.5459126582569460342081034467579539e-01	5.6355744831782477474283667402535127e-06	2.0558881532964301554286697002217341e-03
2.6384794225257103611073413836953003e-03	6.6282221634372558115242534410899023e-01	5.6559814248969575087907851690880834e-06	2.0596070523008008381251260450492110e-03
2.6288234119631545684638187223565300e-03	6.7106816260205186386419459226066743e-01	5.6767567363724403944239428707805133e-06	2.0633861964508646385823718445332580e-03
2.6190659379507406422185134405583792e-03	6.7932934692531356107119409298967754e-01	5.6979059646659223425567650519482606e-06	2.0672262615735999360522192726244861e-03
2.6092074444411633810177526519076839e-03	6.8760601437203333306261350367264935e-01	5.7194347988899554009598319534826301e-06	2.0711279388667880504161735462325286e-03
2.5992483816663174316759540938106997e-03	6.9589841279680731698085139238823084e-01	5.7413490740972607147229846731715549e-06	2.0750919352554387306425820772454703e-03
2.5891892061816244311698908476846670e-03	7.0420679291394399482239143208260785e-01	5.7636547753055920954239981005236425e-06	2.0791189737594231991217254247491573e-03
2.5790303809112332626168408665255471e-03	7.1253140836259660867916556486769494e-01	5.7863580416639357606359757653743456e-06	2.0832097938727058736799540270052809e-03
2.5687723751941097211607067043964486e-03	7.2087251577343632510916653996578748e-01	5.8094651707656029358659207342137126e-06	2.0873651519545820934143329328695095e-03
2.5584156648310323387300052175764413e-03	7.2923037483691501339377531763837171e-01	5.8329826231140252761742018863150303e-06	2.0915858216333461278698010664965282e-03
2.5479607321325115835269568229692425e-03	7.3760524837316823467990747144377493e-01	5.8569170267473291764796953648978310e-06	2.0958725942228314905434599848976652e-03
2.5374080659676501313774792696649803e-03	7.4599740240361084385154176958496142e-01	5.8812751820280447247939763246094571e-06	2.1002262791522841485313627852391000e-03
2.5267581618139624022593033508338380e-03	7.5440710622427948683121100042872796e-01	5.9060640666045990833942502590448517e-06	2.1046477044100486640042733224192163e-03
2.5160115218081720669941821974791194e-03	7.6283463248097823646104324465310431e-01	5.9312908405515532795088407974175640e-06	2.1091377170015676663202992522735933e-03
2.5051686547980067568287873070375809e-03	7.7128025724628565392854140895514991e-01	5.9569628516958666212404644668393578e-06	2.1136971834222163848640346441036928e-03
2.4942300763950097530510870289559477e-03	7.7974426009848369385938871712684272e-01	5.9830876411368151530375183617533094e-06	2.1183269901455163239272899355694034e-03
2.4831963090283889955349191357037133e-03	7.8822692420247109388624491865735355e-01	6.0096729489675507137462392992533365e-06	2.1230280441272955869581079267266037e-03
2.4720678819999243288429462504391022e-03	7.9672853639272620813262497096500426e-01	6.0367267202066663077842941945831528e-06	2.1278012733263879164027663332173500e-03
2.4608453315399545029441527074106671e-03	8.0524938725838666327764754123188053e-01	6.0642571109485327622532547997205354e-06	2.1326476272424882687205187651260549e-03
2.4495292008644660634439618352278285e-03	8.1378977123051574059740024117654628e-01	6.0922724947415922079003476164599926e-06	2.1375680774718097572319331903532206e-03
2.4381200402333069042424307940229751e-03	8.2234998667162802278743853535522226e-01	6.1207814692042370549443922775524287e-06	2.1425636182812151374803700317360361e-03
2.4266184070095479145219794271286060e-03	8.3093033596754959591919898575432017e-01	6.1497928628883701837166575796992565e-06	2.1476352672015257541581804557211557e-03
2.4150248657200168327492468069131684e-03	8.3953112562169097033405480203965436e-01	6.1793157424012344711755582727486550e-06	2.1527840656407420932753235696156601e-03
2.4033399881170291238216063646089623e-03	8.4815266635181388571660193146703918e-01	6.2093594197966190588511556854763125e-06	2.1580110795179428708150798798891517e-03
2.3915643532413414225023085503489264e-03	8.5679527318937630143858662900142670e-01	6.2399334602470975686021740721412445e-06	2.1633173999186640274253626742552090e-03
2.3796985474863538378148993487427630e-03	8.6545926558154315031366019631247519e-01	6.2710476900095315317756129390444299e-06	2.1687041437725951809869220240112887e-03
2.3677431646635881900963789189572123e-03	8.7414496749595385932236133794998259e-01	6.3027122046966824740756788105063366e-06	2.1741724545544691142623751777560222e-03
2.3556988060694700559738037880881113e-03	8.8285270752834122223647097900918340e-01	6.3349373778684203774803465528006382e-06	2.1797235030090598485724744009895504e-03
2.3435660805534433277127423359191825e-03	8.9158281901309995440661339137150333e-01	6.3677338699566967416579719064771085e-06	2.1853584879012468885377900499372259e-03
2.3313456045874468533204713467015913e-03	9.0033564013690717775306021378543787e-01	6.4011126375391694552920680684433890e-06	2.1910786367921474364567154364536888e-03
2.3190380023367836136572660940212497e-03	9.0911151405550118318488251812603086e-01	6.4350849429771265831088726189208566e-06	2.1968852068423648945761126278665000e-03
2.3066439057324138138565185443116162e-03	9.1791078901372910775756024844322351e-01	6.4696623644341595653574611186391843e-06	2.2027794856434509342165598762340681e-03
2.2941639545447042198783358918516540e-03	9.2673381846897865491124418013698023e-01	6.5048568062928859813773662679004773e-06	2.2087627920787299560402567959643869e-03
2.2815987964586670583831784151907312e-03	9.3558096121811368875124878105998748e-01	6.5406805099879209100052694182693504e-06	2.2148364772146890486504514634235688e-03
2.2689490871507228207386174918765095e-03	9.4445258152803845881077415483970555e-01	6.5771460652742471980112287090240872e-06	2.2210019252241937361646403371524976e-03
2.2562154903670223713587673772386569e-03	9.5334904927002037201812882743801249e-01	6.6142664219511420194808251319440128e-06	2.2272605543428500631330808180007372e-03
2.2433986780033648582901658144043358e-03	9.6227074005790663633926129542114390e-01	6.6520549020628836123408991699069289e-06	2.2336138178598970824266810155576712e-03
2.2304993301867490616440890765604528e-03	9.7121803539037576920895597960738263e-01	6.6905252125985919125320265696529133e-06	2.2400632051450807861055204250035447e-03
2.2175181353585969948583944623913560e-03	9.8019132279737090764493791768075041e-01	6.7296914587147541528270648375716178e-06	2.2466102427130311616835228358517145e-03
2.2044557903596897966620483487455752e-03	9.8919099599086809097428031272302382e-01	6.7695681575052558370903197362699566e-06	2.2532564953267385917590059625597291e-03
2.1913130005168572199124984319707370e-03	9.9821745502013922743751385569518561e-01	6.8101702523450836550680040391862075e-06	2.2600035671418044841265924464129705e-03
2.1780904797314633391749412370724216e-03	1.0072711064316763196134490454629080e+00	6.8515131278352950351292114500538730e-06	2.2668531028932240791177417141788803e-03
2.1647889505697324641086354380336253e-03	1.0163523634339507287300978416923313e+00	6.8936126253783646931135880580796438e-06	2.2738067891265471056196033323558294e-03
2.1514091443549606626201120336753033e-03	1.0254616460671888237331700815022362e+00	6.9364850594146276888150049196867257e-06	2.2808663554753546406087388601973084e-03
2.1379518012616597686499914257675274e-03	1.0345993813783533079271359575018241e+00	6.9801472343522475594545407035268930e-06	2.2880335759870884831998027446087914e-03
2.1244176704116822768113302618146705e-03	1.0437660036015278658382630075240743e+00	7.0246164622249539578950268382795698e-06	2.2953102704993729192903016649758541e-03
2.1108075099723771124507126351264699e-03	1.0529619543439115488191284539602079e+00	7.0699105811137243027519823641123524e-06	2.3026983060690782867716328209788977e-03
2.0971220872568279137492650551022775e-03	1.0621876827776385444545727550679748e+00	7.1160479743706362362787383725182468e-06	2.3101995984564916394586215349825520e-03
2.0833621788262271750506945332930913e-03	1.0714436458376486782708277611459268e+00	7.1630475906853007876711471407365520e-06	2.3178161136670824634448289209329654e-03
2.0695285705944413806776269800991919e-03	1.0807303084258442045344328044389622e+00	7.2109289650366093252205898996233787e-06	2.3255498695534812653658842519011874e-03
2.0556220579348241092141669888605442e-03	1.0900481436217791858319342845771325e+00	7.2597122405750006453448644662866040e-06	2.3334029374804264030198580048492440e-03
2.0416434457893360128972999711445374e-03	1.0993976329001390703897512365421936e+00	7.3094181914830886703750112306376574e-06	2.3413774440555802746110500940225812e-03
2.0275935487800325788555975624808787e-03	1.1087792663552799855828140439881324e+00	7.3600682468652978436608539369479970e-06	2.3494755729292704706823886967757683e-03
2.0134731913229826621320405297981925e-03	1.1181935429331098119156468224795932e+00	7.4116845157201449806641024393173333e-06	2.3576995666663753102140005302343362e-03
1.9992832077446829485998316884176677e-03	1.1276409706706063225021130015422105e+00	7.4642898130519966265991192761028965e-06	2.3660517286937469608212110453204451e-03
1.9850244424010357631091628140093262e-03	1.1371220669432816099006097318531908e+00	7.5179076871825345494328977542733317e-06	2.3745344253267497613011590715561383e-03
1.9706977497989599887976564201061019e-03	1.1466373587209167190767216436563722e+00	7.5725624483257947193193827784102116e-06	2.3831500878786871530679326753993080e-03
1.9563039947207073120056429164631244e-03	1.1561873828319059092915389008337404e+00	7.6282791984945241487162658434473494e-06	2.3919012148570985709567971207509460e-03
1.9418440523509585584620238028238718e-03	1.1657726862365663291383567075372614e+00	7.6850838628097438640941735767354935e-06	2.4007903742511285893541199151062790e-03
1.9273188084067775454202557640981484e-03	1.1753938263097861615724893671460928e+00	7.7430032222898351663389414234921640e-06	2.4098202059144054777913055964464227e-03
1.9127291592705026465878565486158999e-03	1.1850513711334025371814889402912091e+00	7.8020649482002020124835367180353400e-06	2.4189934240481160730252368672086539e-03
1.8980760121256591576740140870991628e-03	1.1947458997987197857882317739718088e+00	7.8622976380496284540603904338606925e-06	2.4283128197892295810929892908769038e-03
1.8833602850959785661717840927957085e-03	1.2044780027195989648287544638528019e+00	7.9237308533248722423965279558731063e-06	2.4377812639091057252560431084785276e-03
1.8685829073876139759348396735010028e-03	1.2142482819565711386097844097660898e+00	7.9863951590608417978562002471739560e-06	2.4474017096280237872658028407955434e-03
1.8537448194346442219149010638178250e-03	1.2240573515524496614633261567967662e+00	8.0503221653499239770269639463699356e-06	2.4571771955514898817903539972748643e-03
1.8388469730479626402006909074718539e-03	1.2339058378799408214511831464273465e+00	8.1155445709006973234604178158444641e-06	2.4671108487345216963063421740972004e-03
1.8238903315676500407694587217190876e-03	1.2437943800017777170908253267962987e+00	8.1820962087634154932629809010114618e-06	2.4772058878804744773275812840251570e-03
1.8088758700189351731040555201243896e-03	1.2537236300439292615096362881866919e+00	8.2500120943473171964069274449671870e-06	2.4874656266813609318892282752889035e-03
1.7938045752718498864981963505546301e-03	1.2636942535824648374273215616059751e+00	8.3193284758630546321967860370608759e-06	2.4978934773070327629003717303379395e-03
1.7786774462046902764383191541324405e-03	1.2737069300446854709419611752404268e+00	8.3900828873323781570392466532605712e-06	2.5084929540510347418687678381999761e-03
1.7634954938713993854283266339029045e-03	1.2837623531251645689981209670586929e+00	8.4623142043167211000211329969983893e-06	2.5192676771414156813614771086660477e-03
1.7482597416729915011149657985258375e-03	1.2938612312173754002990360207311462e+00	8.5360627025265501044674011994038370e-06	2.5302213767252867216104433495427784e-03
1.7329712255331427773044508315644939e-03	1.3040042878616187276063422624683996e+00	8.6113701194843430164205131083165594e-06	2.5413578970364585073166924584397941e-03
1.7176309940780778058332822529633816e-03	1.3141922622100024666560527139612786e+00	8.6882797194258935899598590904287029e-06	2.5526812007560678340168094314147767e-03
1.7022401088208869013839623932805276e-03	1.3244259095092661105054901251509438e+00	8.7668363616373916510841099467839416e-06	2.5641953735767241564098163280172486e-03
1.6867996443504142401043806247207850e-03	1.3347060016022860875887878922180874e+00	8.8470865724394670843397599087660183e-06	2.5759046289813702002919397713291361e-03
1.6713106885248626300073182917001432e-03	1.3450333274491444001357207737942885e+00	8.9290786210442017080503884379957921e-06	2.5878133132487623149026051862336904e-03
1.6557743426702666011872127879063249e-03	1.3554086936686920145850374617590203e+00	9.0128625995270985807523746359276338e-06	2.5999259106982389638049576081918770e-03
1.6401917217839917024372032428809374e-03	1.3658329251015907608332778659791775e+00	9.0984905071732563494433000733643812e-06	2.6122470491872640409872375829004044e-03
1.6245639547434243944414364077019702e-03	1.3763068653958731736153336779314371e+00	9.1860163394756396958895319064889895e-06	2.6247815058761100500550882347442768e-03
1.6088921845200237560109191562270272e-03	1.3868313776161190269734713284211949e+00	9.2754961820834895759091136371971915e-06	2.6375342132749895449380585525661408e-03
1.5931775683989133876575405530014724e-03	1.3974073448774105422704176474216205e+00	9.3669883100207148037713473203608996e-06	2.6505102655899569996628788109434989e-03
1.5774212782041994262572073585553705e-03	1.4080356710052956847451324214531784e+00	9.4605532925176991641014412701722760e-06	2.6637149253849933496900243422650349e-03
1.5616245005302084970979778659282143e-03	1.4187172812230609210663332960796674e+00	9.5562541038255101941918022592453501e-06	2.6771536305788582739324193725589118e-03
1.5457884369788477481675841689380241e-03	1.4294531228676916355459361643502560e+00	9.6541562404091882790283840548254885e-06	2.6908320017965579155788160381098712e-03
1.5299143044032978606116887563123131e-03	1.4402441661359804699790935653967004e+00	9.7543278449468274454586819612768276e-06	2.7047558500966358892847143532021169e-03
1.5140033351582591350979558099174877e-03	1.4510914048623315681411497569033021e+00	9.8568398375937525023166129893131439e-06	2.7189311850969615471580782922980120e-03
1.4980567773569804443976154345994109e-03	1.4619958573299025128704124331678081e+00	9.9617660550064941076801025341019891e-06	2.7333642235232708456899260430000507e-03
1.4820758951353110478756826195506523e-03	1.4729585671168261223157890859960689e+00	1.0069183397659732602069651447060314e-05	2.7480613982064219406763317267366880e-03
1.4660619689230260159365324942949362e-03	1.4839806039793617458794300916036264e+00	1.0179171986031220096634807919214113e-05	2.7630293675561710049132829729662661e-03
1.4500162957226873462929762338757202e-03	1.4950630647739408400185731289120275e+00	1.0291815326275227132368353054276779e-05	2.7782750255412659868042492252609857e-03
1.4339401893963148062101258441391708e-03	1.5062070744201950312582353982153707e+00	1.0407200486054659439859971855943386e-05	2.7938055122078106054200124049069310e-03
1.4178349809601531453285374043949630e-03	1.5174137869071872670319917205357500e+00	1.0525418281256055747993307173945570e-05	2.8096282247701826679346427118411882e-03
1.4017020188878356349409966735694961e-03	1.5286843863452087552279462764442392e+00	1.0646563474370657364258198194013063e-05	2.8257508293113161693390737788343780e-03
1.3855426694222579475154858827713197e-03	1.5400200880656570102561424850190134e+00	1.0770734985389132194922114721667398e-05	2.8421812731318936436936218000637215e-03
1.3693583168964912441099705069296969e-03	1.5514221397716743426219335206523065e+00	1.0898036116127893506475113059295515e-05	2.8589277977909638042138019879543285e-03
1.3531503640640790401499358116679265e-03	1.5628918227424025197052554609383728e+00	1.1028574788981893100382871183979205e-05	2.8759989528837216448881916703744139e-03
1.3369202324390790289490045698247956e-03	1.5744304530938991496053970814103240e+00	1.1162463801182976011248703476018268e-05	2.8934036106056882138789656567938032e-03
1.3206693626462286188884542601924406e-03	1.5860393830999657618237534479915619e+00	1.1299821095735124746445328282455918e-05	2.9111509811563321405882724162781605e-03
1.3043992147816315506952219765934200e-03	1.5977200025763578559285565866008484e+00	1.1440770050299049929065554213940868e-05	2.9292506290393145387468333237742958e-03
1.2881112687843826773811695706545194e-03	1.6094737403320847655611852955619880e+00	1.1585439785409555882010992622457318e-05	2.9477124903210461998461747823435536e-03
1.2718070248195688884605277190618147e-03	1.6213020656917635830203445966119565e+00	1.1733965493530992474203366504874881e-05	2.9665468909141577552206101274996760e-03
1.2554880036731063256185030866664776e-03	1.6332064900932683068576617307050485e+00	1.1886488790590094862008758930300971e-05	2.9857645659578405207672552211403226e-03
1.2391557471588975594442086682484805e-03	1.6451885687652146812281453539439389e+00	1.2043158091772952033725909893817667e-05	3.0053766803728634244040576111524051e-03
1.2228118185388173739894165904706325e-03	1.6572499024891449525062637046422437e+00	1.2204129013535239033462766122024085e-05	3.0253948506754602777115120676084989e-03
1.2064578029560623437332011076795354e-03	1.6693921394516272506381837317831018e+00	1.2369564803953888513472259125375727e-05	3.0458311681412680046041825056396541e-03
1.1900953078824276008906560422487623e-03	1.6816169771918640225631988077931278e+00	1.2539636803745968649996154358854566e-05	3.0666982234181431184063444760407478e-03
1.1737259635801042045289630169737705e-03	1.6939261646508156811987482427528678e+00	1.2714524940498821034515029111303821e-05	3.0880091326950609374012998123773611e-03
1.1573514235786224719737872755780408e-03	1.7063215043282924612982198221766801e+00	1.2894418258896912691061799477606738e-05	3.1097775655434882473041566437779633e-03
1.1409733651676006645753378061048853e-03	1.7188048545549528006074096713294102e+00	1.3079515489998102322232495394506952e-05	3.1320177745577032483073236600895930e-03
1.1245934899059946940315521915131096e-03	1.7313781318866741710841483210243709e+00	1.3270025662908200764284710392072889e-05	3.1547446269316151876561843160895854e-03
1.1082135241485832063009086092004664e-03	1.7440433136293363679859557237020225e+00	1.3466168762531316263850578520484372e-05	3.1779736381218206517670929164558229e-03
1.0918352195904636974657048956819869e-03	1.7568024405026824907842724460168563e+00	1.3668176437438481004102092548601752e-05	3.2017210077600483308891847325909897e-03
1.0754603538303794267291878217565326e-03	1.7696576194526044128266704879296016e+00	1.3876292762302957014727798392923026e-05	3.2260036579929289803951148133815106e-03
1.0590907309537440420379869168437697e-03	1.7826110266219432237933749592845177e+00	1.4090775059802533875474639981695171e-05	3.2508392744433397916929005944144660e-03
1.0427281821362812705783594286900016e-03	1.7956649104907073968938417335107047e+00	1.4311894787392882733345169078011465e-05	3.2762463500055901333393792247935292e-03
1.0263745662692510197504733953459904e-03	1.8088215951974994935350129140323469e+00	1.4539938494918262778277805527969105e-05	3.3022442317066393406114172384852894e-03
1.0100317706072910799920748596848083e-03	1.8220834840549141379965839308226325e+00	1.4775208859654171297007120911180268e-05	3.3288531708875939603572133461363790e-03
9.9370171143996564325138161915997410e-04	1.8354530632727348063392570796645746e+00	1.5018025806079559637121135937577381e-05	3.3560943769841787849988360480061838e-03
9.7738633478817840579749171361021905e-04	1.8489329059039248061189013438380333e+00	1.5268727718463938715739447136326280e-05	3.3839900752120048943241978673089220e-03
9.6108761712667950224625174767183538e-04	1.8625256760296900493925169631046126e+00	1.5527672755238465480009637839277709e-05	3.4125635684926002348618103981522080e-03
9.4480756613397234898361937940709659e-04	1.8762341332013006284419964408322219e+00	1.5795240275113031645748320327522278e-05	3.4418393039897011583576015693155563e-03
9.2854822147100913279705435102915315e-04	1.8900611371579091898440682063518094e+00	1.6071832386018541735585277433311517e-05	3.4718429446626566165156177468539199e-03
9.1231165559015268607504305476006711e-04	1.9040096528413129033167593949820718e+00	1.6357875629212349096876045621808378e-05	3.5026014462854609506069111195108611e-03
8.9609997457597841902429313658796878e-04	1.9180827557304907711198265207872349e+00	1.6653822812305291235172538347517374e-05	3.5341431404264672903714919738946644e-03
8.7991531901959346799835954779161382e-04	1.9322836375208298569240119973913450e+00	1.6960155006574159084632151929819002e-05	3.5664978239358837844106694299191045e-03
8.6375986492826197086198664328131129e-04	1.9466156121752562175390489825298205e+00	1.7277383725740678520953397747982417e-05	3.5996968555464560337517210134202323e-03
8.4763582467224617477246462923350341e-04	1.9610821223770355443404861511755281e+00	1.7606053305458455132701721801044583e-05	3.6337732602581379068107191627670539e-03
8.3154544797090378340124387234802194e-04	1.9756867464168350460584798571417390e+00	1.7946743505089235641194752865170789e-05	3.6687618422510241478280747132409343e-03
8.1549102292022351971956443080549585e-04	1.9904332055497764015580595551937889e+00	1.8300072356011717598917105444444142e-05	3.7046993071534861215535940323924541e-03
7.9947487706413438510262940788782195e-04	2.0053253718616989864823858986038778e+00	1.8666699283739590668980595437272785e-05	3.7416243945856158267455636372998529e-03
7.8349937851209072533876921081915121e-04	2.0203672766877379303307477277587432e+00	1.9047328534588594034144592101432506e-05	3.7795780220032471521937535840137847e-03
7.6756693710561629622524049447715804e-04	2.0355631196306542721553460524445370e+00	1.9442712941593276905224925000917698e-05	3.8186034409867323142240211059945742e-03
7.5168000563668753834753509049687386e-04	2.0509172782311934631869592531747572e+00	1.9853658068913006011983700181500613e-05	3.8587464072533342052082846235902447e-03
7.3584108112105088121799862845872777e-04	2.0664343183481613839917265363675229e+00	2.0281026779178060026045674434504732e-05	3.9000553658249154254852577069105316e-03
7.2005270612980296024972595840165346e-04	2.0821190053119717906647985403032156e+00	2.0725744274222027145087203233635666e-05	3.9425816529563214500359203249848674e-03
7.0431747018281823292393719802151791e-04	2.0979763159222255106438125301649415e+00	2.1188803666558411333964356391408905e-05	3.9863797166276976008775892564791277e-03
6.8863801120788796951529030719390676e-04	2.1140114513675335970934552701272688e+00	2.1671272146944368754106200878441197e-05	4.0315073576297342986991394038507997e-03
6.7301701706974061200385871389895064e-04	2.1302298511544142743504784183042504e+00	2.2174297822619757244725131252590395e-05	4.0780259935289546746228420252344687e-03
6.5745722717344902488281593023653428e-04	2.1466372081418164579533722970891567e+00	2.2699117311538297148276863403251245e-05	4.1260009480958900997758244313027419e-03
6.4196143414709857526378664598984986e-04	2.1632394847888133247332046140232467e+00	2.3247064190386645115352306743053645e-05	4.1755017691185319657003588441982957e-03
6.2653248560899509609213000510728488e-04	2.1800429307354572533712594964227022e+00	2.3819578408737081244351675817212402e-05	4.2266025779141458557187604886636452e-03
6.1117328602513793967975254693968890e-04	2.1970541018509138912548379042054345e+00	2.4418216798686112010516457856956281e-05	4.2793824543031097243937015239025036e-03
5.9588679866317544805778866116268939e-04	2.2142798808990576589034050709203701e+00	2.5044664829260404210356412856869132e-05	4.3339258613292800518147799865418651e-03
5.8067604764960386874999389961589278e-04	2.2317274999900186437378563946370897e+00	2.5700749778287227548524700002959246e-05	4.3903231146149088086188384149429671e-03
5.6554412013757244427165581400394162e-04	2.2494045650070808782877766247557466e+00	2.6388455522014413653159894384431783e-05	4.4486709019391963741959329786608667e-03
5.5049416859332444342965284993150582e-04	2.2673190822222689777198724171833546e+00	2.7109939175360267130148656239223939e-05	4.5090728594460365942276271908671916e-03
5.3552941321004470609278194785985120e-04	2.2854794873414270555008864753934756e+00	2.7867549854298899455800063440863331e-05	4.5716402118399263566664022147439664e-03
5.2065314445870852799503443563119460e-04	2.3038946772511885520553932963296546e+00	2.8663849877795646116647181704131219e-05	4.6364924850454204437281603550497356e-03
5.0586872578644558679450537463922788e-04	2.3225740447766707352799001725420105e+00	2.9501638781446227812419290003793587e-05	4.7037583011165223648652647607505541e-03
4.9117959647395901405993844434908495e-04	2.3415275168008553966979004899423041e+00	3.0383980580453701962051415386010618e-05	4.7735762667265080178292853728207363e-03
4.7658927466468861077940090057190635e-04	2.3607655961454602239813472888287964e+00	3.1314234798172487189162905539191029e-05	4.8460959683929321775869377765471636e-03
4.6210136057969597284903350598676343e-04	2.3802994076698946038992770345166973e+00	3.2296091871117888494732121015586768e-05	4.9214790897546947143799714413833097e-03
4.4771953993369820152623337433371484e-04	2.4001407491111167318210685042769656e+00	3.3333613655787458146934169655047074e-05	4.9999006687891479216755103383840212e-03
4.3344758756930960977262129113254387e-04	2.4203021472646698858060749801569918e+00	3.4431279901526368643954770166933813e-05	5.0815505159252475105905557546642150e-03
4.1928937132839517523272338495460299e-04	2.4407969201980708298354320411912578e+00	3.5594041722879065072545739189603160e-05	5.1666348176829110430736680280130735e-03
4.0524885618152811064438065988294691e-04	2.4616392462947370903006930693672537e+00	3.6827383311876159622442150396068210e-05	5.2553779548853088793133973288810610e-03
3.9133010863891539295612069379555228e-04	2.4828442410530674243308397833547107e+00	3.8137393385042007615250694115639295e-05	5.3480245698205480211196152500468084e-03
3.7753730146885510048876784647855493e-04	2.5044280427151933812602571951529852e+00	3.9530848173800446663682304430434644e-05	5.4448419231871786428191284359068575e-03
3.6387471875287226894109201666705855e-04	2.5264079079783301372252486687666239e+00	4.1015308156168048993494811119022902e-05	5.5461225895163480464586657590022953e-03
3.5034676131021051340549970894206616e-04	2.5488023192548314539967188457449575e+00	4.2599231212598419107633815695365136e-05	5.6521875493685552091400987395318559e-03
3.3695795252841254384584121763529191e-04	2.5716311052028243810933251820231757e+00	4.4292105496244305475973994475989856e-05	5.7633897483978454293652220714637113e-03
3.2371294464139737866003934608593806e-04	2.5949155765575036462261875879607009e+00	4.6104606072739398143200847592185441e-05	5.8801182079309371124431655970808025e-03
3.1061652550184847333380858678366844e-04	2.6186786796662393069413968108054444e+00	4.8048780353113384346928626077580384e-05	6.0028027897609972969381376816039748e-03
2.9767362590100224391889213125633134e-04	2.6429451705844012396764198433116028e+00	5.0138268577157975399777942556753935e-05	6.1319197403666122278785626552762337e-03
2.8488932749623785077832249046545879e-04	2.6677418131434436158537718199870763e+00	5.2388567185877109738998828044227349e-05	6.2679981679960416829275327466663178e-03
2.7226887141542171754335816330281290e-04	2.6930976050843326166617025474050377e+00	5.4817344961842469841644757271354851e-05	6.4116276416688898594359905029274503e-03
2.5981766761700692361461233684026773e-04	2.7190440371915358882128098617799562e+00	5.7444824466730548395458807899021587e-05	6.5634671463548158641550371259039076e-03
2.4754130509674175142694002389964461e-04	2.7456153914094772341244498791307865e+00	6.0294244773778729707294339463787592e-05	6.7242556863580254941411249856159429e-03
2.3544556304589415140421894401322041e-04	2.7728490852323588280136771853421963e+00	6.3392426066952641528018518802801956e-05	6.8948249032754082834392874972849794e-03
2.2353642308264020283258275059692663e-04	2.8007860713060735113719583311994784e+00	6.6770462760138871059450473560314592e-05	7.0761141712690073503390401869367120e-03
2.1182008269831443430313156027058017e-04	2.8294713032697474047305055604145073e+00	7.0464579945844001728018058993586453e-05	7.2691887583158418580311165171208012e-03
2.0030297008436644529952477404705901e-04	2.8589542815319279015497528189403483e+00	7.4517199022650017565242285554574456e-05	7.4752618080094253388702722363886758e-03
1.8899176053512211937003140662205525e-04	2.8892896961097712320110251546346096e+00	7.8978273440854891147156002696695324e-05	7.6957211170385146743161890646550867e-03
1.7789339465711446121678894081277279e-04	2.9205381881159206440793700401066818e+00	8.3906976349495889961750679599523541e-05	7.9321619794481801464346762065397450e-03
1.6701509865953012875108734036073129e-04	2.9527672573140511417361506785605491e+00	8.9373851043355312622085472032136347e-05	8.1864277700418480401156767921218102e-03
1.5636440705445051660782772910193517e-04	2.9860523508814680226541316037281555e+00	9.5463576269552918562539950674252518e-05	8.4606604892010896512488920508453641e-03
1.4594918816302203306257483643238906e-04	3.0204781788279964646054271059627516e+00	1.0227855739978888994354763021995466e-04	8.7573642539212855622437662166604325e-03
1.3577767290845633488477771587718104e-04	3.0561403154504370726302348328652072e+00	1.0994364007482965438169167986182981e-04	9.0794857905796251257219639544905386e-03
1.2585848748424948304925837067545860e-04	3.0931471652492218769219889977310337e+00	1.1861236912064234525019236933586291e-04	9.4305175090413604568401101271101375e-03
1.1620069062365455028836005709823130e-04	3.1316223981203681976662839953289054e+00	1.2847540463417498383041561710191761e-04	9.8146309394049436814239325272179601e-03
1.0681381637459691593412852228787197e-04	3.1717079957115110115090712074172190e+00	1.3977199558550083705977609040565754e-04	1.0236851544762100664112780187832087e-02
9.7707923517506865110849305773293701e-05	3.2135681037393416389235547913785980e+00	1.5280585992126834823299845732488650e-04	1.0703290752041311684421898159954773e-02
8.8893653072940503588405492176494850e-05	3.2573939618622809034512004657416292e+00	1.6796753300662905369448341903934008e-04	1.1221458397325272641666467278788763e-02
8.0382295761996609440754783652990243e-05	3.3034102962782300498904183486137868e+00	1.8576640592007966693166001989646303e-04	1.1800690223395774313577216238672060e-02
7.2185871850989117268431776402415065e-05	3.3518837317056331197562251343279473e+00	2.0687761166271284291086759991107835e-04	1.2452743290818913445207019932998758e-02
6.4317226601862712186805415550881325e-05	3.4031340443844082201185992371374051e+00	2.3221224692641465172192381757436719e-04	1.3192641961550323052476290389143657e-02
5.6790145669199801888245495257519560e-05	3.4575494979054797007000820944833628e+00	2.6302533254757362385077012761114016e-04	1.4039907292518928359704224088357252e-02
4.9619496405490844045697636274597121e-05	3.5156081897014438694025143538800965e+00	3.0108682304152009597864044365336233e-04	1.5020390036232740302703980529022442e-02
4.2821403441893691026318347237352895e-05	3.5779084940316402057989672921811959e+00	3.4896195874169204354249841983494671e-04	1.6169085422644791490905044960147285e-02
3.6413470584230012786962504042014187e-05	3.6452137182729539253955023945337829e+00	4.1048964842377617884397808832801051e-04	1.7534606351639702243642843508066994e-02
3.0415066857065470340688158134116708e-05	3.7185198136141371228720254162193118e+00	4.9163827659177412891963728887136604e-04	1.9186584987501849780676577309896930e-02
2.4847704023379619753651020207948116e-05	3.7991621788934124903106328224768554e+00	6.0212607157595130664365038516150218e-04	2.1228525799858023142658481847827549e-02
1.9735549191976038970999679771627936e-05	3.8889924108704156100636949122220973e+00	7.5870979897358231399213925870196999e-04	2.3821478704006335476249994645295256e-02
1.5106145628198566252209784084631813e-05	3.9906887905270561942726670040376512e+00	9.9246844818090112429117201496834663e-04	2.7230967918287489517611569585441864e-02
1.0991472054302271297484036209167382e-05	4.1083449784086618324887627901159861e+00	1.3668750238572698960320130580284955e-03	3.1929270778262280651763763947031436e-02
7.4295912038679894640924153534765418e-06	4.2487057039198673129522158206754515e+00	2.0301576835124323082585554703683853e-03	3.8848664939547921367779260898991007e-02
4.4674201095277842239012875128272669e-06	4.4241604650999234151481890951438077e+00	3.4059591551547578008476918187473691e-03	5.0134622645988849561858778352447735e-02
2.1658833997322083583610490946046391e-06	4.6617952239723536335497240997273873e+00	7.2167374578478264661477984621290531e-03	7.2153034471462262184158696470713545e-02
6.0737074692851910713133601982776447e-07	5.0446403906128295887124172719327761e+00	3.4341904507277770874814634699276833e-02	1.3844004028152287678651740294876560e-01
0.0000000000000000000000000000000000e+00	0.0000000000000000000000000000000000e+00	8.4617300611260888924791251356425682e-06	2.3443782563850791642184504463124886e-03