3.4098686305070801147782388030296580e-04	-3.6541241868235373531791478551882280e+00	5.9432767978692282987472042366091646e-02	1.8381920016762057953642692559166144e-01
1.1303421594488739047709043824189498e-03	-3.1393265587555512811855226033471150e+00	1.3584296686881060570435088082143101e-02	9.9233052062575606378701868470316958e-02
2.1888943111567745362701581147163701e-03	-2.8080041586437890728870463945369530e+00	6.8404263690781576852227501715943618e-03	7.1143837643000046836040243930163006e-02
3.4405644032036387205674189443912567e-03	-2.5558038140886294003909334649569882e+00	4.3170475579906965837038052646419149e-03	5.6700351056204068103841621279994797e-02
4.8317352236277137979835338210758493e-03	-2.3484439760423279905788033534769000e+00	3.0631488468081591911238989414572961e-03	4.7828424290030124856918241475780939e-02
6.3222107769295555492283333472316993e-03	-2.1701458570692764807636322249447810e+00	2.3366188211746267472648645516221144e-03	4.1803576326745555170264807509953348e-02
7.8802092684764486759229004803116825e-03	-2.0122691392482680214243351083405838e+00	1.8725770917177715917392282563349758e-03	3.7438994119636664007325728614715515e-02
9.4797155652663705729227382036483202e-03	-1.8695394664252615747496824304997434e+00	1.5555265913035435387446633575537660e-03	3.4131806673573457931492730583927594e-02
1.1098919152328129957247167337955997e-02	-1.7384859195525067136428002318181265e+00	1.3279664881435667688418283384033338e-03	3.1542165096084559831780019578990662e-02
1.2719216982231370717952348998497140e-02	-1.6166941919173437886241287842358372e+00	1.1584131774374010901969517759583307e-03	2.9463443356646246461085266696263491e-02
1.4324538976700685345709848704159515e-02	-1.5024114802304159590972734272855514e+00	1.0283444569835353753675624952922518e-03	2.7762578014326376781981321347856963e-02
1.5900871199867462744870251455266008e-02	-1.3943208844317123877084024694012681e+00	9.2623292946299282382265805566345778e-04	2.6349916960138118954672360346902670e-02
1.7435906916804018785905979916881871e-02	-1.2914046793118541657924784970172836e+00	8.4457246632734452226291973953989927e-04	2.5162818758388163419102964187709962e-02
1.8918784080230492815473007149183004e-02	-1.1928573690885572098311305140641882e+00	7.7829065042173684443948970136591337e-04	2.4156191225566177550220027014182867e-02
2.0339883361522757718182092506100913e-02	-1.0980281611503982830103420681600669e+00	7.2385221427063610754594333597240572e-04	2.3296763953187139854997098359631226e-02
2.1690669892921558707332846387020837e-02	-1.0063816100374117874675825548099281e+00	6.7872849334897472856934945512807414e-04	2.2559479150174009702075096173539917e-02
2.2963567395862898542209931174858727e-02	-9.1746990759967245389592183518358826e-01	6.4107083241410877684960475567091677e-04	2.1925138842029355653335130415747184e-02
2.4151856855094941659465591675181068e-02	-8.3091287631875089854421849903765396e-01	6.0950264582472383214738099284176365e-04	2.1378826025965286090457802572837817e-02
2.5249594177563938504656045549772706e-02	-7.4638319673056341070601589407339319e-01	5.8298312380171709442129386073680128e-04	2.0908818553733762578246668234991650e-02
2.6251542809785492646216992919762402e-02	-6.6359527429351006881063985617484888e-01	5.6071563153172113794094783532423799e-04	2.0505825914381115970563060888094115e-02
2.7153118347694344888389109191153510e-02	-5.8229668716466753404727088574184896e-01	5.4208480516412862193616023306637132e-04	2.0162443173477215415205364989004140e-02
2.7950342922662476783546185514900184e-02	-5.0226149462207244658874161332622590e-01	5.2661256129195738857821034849339963e-04	1.9872754448096408832810753904225057e-02
2.8639807688979667131455115005346632e-02	-4.2328490470501317970148144311947001e-01	5.1392687678175652485864510480535782e-04	1.9632041664739239063653721695327119e-02
2.9218642137473260371171232736798180e-02	-3.4517894427925213169540994205805304e-01	5.0373939311519083364458273093606200e-04	1.9436569066304439535735953891236122e-02
2.9684489260516298391213849904023263e-02	-2.6776887204842953729996357118638338e-01	4.9582926253069805724196935952838697e-04	1.9283423444075625032199379825514784e-02
3.0035485824734271514325101628228509e-02	-1.9089014140391235318289067812193226e-01	4.9003152137957611896340859111468336e-04	1.9170396369375333618571419546128895e-02
3.0270247189519105937063915970911342e-02	-1.1438576562673235651386733826024268e-01	4.8622884402391732110142682618960642e-04	1.9095898980969005564263498184068714e-02
3.0387856256346743068469575099901098e-02	-3.8103969275329074523609803375775385e-02	4.8434591351565095883885889369446127e-04	1.9058902882302994753596976078551239e-02
3.0387856256346743068469575099901098e-02	3.8103969275329074523609803375775385e-02	4.8434591351565095883885889369446127e-04	1.9058902882302994753596976078551239e-02
3.0270247189519105937063915970911342e-02	1.1438576562673235651386733826024268e-01	4.8622884402391732110142682618960642e-04	1.9095898980969005564263498184068714e-02
3.0035485824734271514325101628228509e-02	1.9089014140391235318289067812193226e-01	4.9003152137957611896340859111468336e-04	1.9170396369375333618571419546128895e-02
2.9684489260516298391213849904023263e-02	2.6776887204842953729996357118638338e-01	4.9582926253069805724196935952838697e-04	1.9283423444075625032199379825514784e-02
2.9218642137473260371171232736798180e-02	3.4517894427925213169540994205805304e-01	5.0373939311519083364458273093606200e-04	1.9436569066304439535735953891236122e-02
2.8639807688979667131455115005346632e-02	4.2328490470501317970148144311947001e-01	5.1392687678175652485864510480535782e-04	1.9632041664739239063653721695327119e-02
2.7950342922662476783546185514900184e-02	5.0226149462207244658874161332622590e-01	5.2661256129195738857821034849339963e-04	1.9872754448096408832810753904225057e-02
2.7153118347694344888389109191153510e-02	5.8229668716466753404727088574184896e-01	5.4208480516412862193616023306637132e-04	2.0162443173477215415205364989004140e-02
2.6251542809785492646216992919762402e-02	6.6359527429351006881063985617484888e-01	5.6071563153172113794094783532423799e-04	2.0505825914381115970563060888094115e-02
2.5249594177563938504656045549772706e-02	7.4638319673056341070601589407339319e-01	5.8298312380171709442129386073680128e-04	2.0908818553733762578246668234991650e-02
2.4151856855094941659465591675181068e-02	8.3091287631875089854421849903765396e-01	6.0950264582472383214738099284176365e-04	2.1378826025965286090457802572837817e-02
2.2963567395862898542209931174858727e-02	9.1746990759967245389592183518358826e-01	6.4107083241410877684960475567091677e-04	2.1925138842029355653335130415747184e-02
2.1690669892921558707332846387020837e-02	1.0063816100374117874675825548099281e+00	6.7872849334897472856934945512807414e-04	2.2559479150174009702075096173539917e-02
2.0339883361522757718182092506100913e-02	1.0980281611503982830103420681600669e+00	7.2385221427063610754594333597240572e-04	2.3296763953187139854997098359631226e-02
1.8918784080230492815473007149183004e-02	1.1928573690885572098311305140641882e+00	7.7829065042173684443948970136591337e-04	2.4156191225566177550220027014182867e-02
1.7435906916804018785905979916881871e-02	1.2914046793118541657924784970172836e+00	8.4457246632734452226291973953989927e-04	2.5162818758388163419102964187709962e-02
1.5900871199867462744870251455266008e-02	1.3943208844317123877084024694012681e+00	9.2623292946299282382265805566345778e-04	2.6349916960138118954672360346902670e-02
1.4324538976700685345709848704159515e-02	1.5024114802304159590972734272855514e+00	1.0283444569835353753675624952922518e-03	2.7762578014326376781981321347856963e-02
1.2719216982231370717952348998497140e-02	1.6166941919173437886241287842358372e+00	1.1584131774374010901969517759583307e-03	2.9463443356646246461085266696263491e-02
1.1098919152328129957247167337955997e-02	1.7384859195525067136428002318181265e+00	1.3279664881435667688418283384033338e-03	3.1542165096084559831780019578990662e-02
9.4797155652663705729227382036483202e-03	1.8695394664252615747496824304997434e+00	1.5555265913035435387446633575537660e-03	3.4131806673573457931492730583927594e-02
7.8802092684764486759229004803116825e-03	2.0122691392482680214243351083405838e+00	1.8725770917177715917392282563349758e-03	3.7438994119636664007325728614715515e-02
6.3222107769295555492283333472316993e-03	2.1701458570692764807636322249447810e+00	2.3366188211746267472648645516221144e-03	4.1803576326745555170264807509953348e-02
4.8317352236277137979835338210758493e-03	2.3484439760423279905788033534769000e+00	3.0631488468081591911238989414572961e-03	4.7828424290030124856918241475780939e-02
3.4405644032036387205674189443912567e-03	2.5558038140886294003909334649569882e+00	4.3170475579906965837038052646419149e-03	5.6700351056204068103841621279994797e-02
2.1888943111567745362701581147163701e-03	2.8080041586437890728870463945369530e+00	6.8404263690781576852227501715943618e-03	7.1143837643000046836040243930163006e-02
1.1303421594488739047709043824189498e-03	3.1393265587555512811855226033471150e+00	1.3584296686881060570435088082143101e-02	9.9233052062575606378701868470316958e-02
3.4098686305070801147782388030296580e-04	3.6541241868235373531791478551882280e+00	5.9432767978692282987472042366091646e-02	1.8381920016762057953642692559166144e-01
0.0000000000000000000000000000000000e+00	0.0000000000000000000000000000000000e+00	8.3795876482387304547842113256762280e-04	2.3329254498621471299749931768586123e-02