5.9549981411782792889713383761822697e-07	-5.0484174243962643295486626415317275e+00	3.4296551996286523391639877952068372e-02	1.3834611049487823884957003204865070e-01
2.1238261398436834851326669418879186e-06	-4.6658407209180644943220433389946268e+00	7.2061145055618570411524244933503272e-03	7.2099594797967783820622999491519942e-02
4.3811336962068417050616326310114927e-06	-4.4283874615697006497230196024458963e+00	3.4005755931997579123792322922175384e-03	5.0094868953393449740322847771464994e-02
7.2867465876603190720191625309531184e-06	-4.2530754524568031637240140756829761e+00	2.0267638325215815496659016871299426e-03	3.8816121966643001692972200174592557e-02
1.0781001531237548032565482186769589e-05	-4.1128349254568389397716556872285541e+00	1.3644806350981877626777240689802756e-03	3.1901259488512630007755373603040117e-02
1.4817951426683290204406626156702221e-05	-3.9952839706883811626212472369120927e+00	9.9065820906120441429195734015640459e-04	2.7206100765895141647046362001937575e-02
1.9360319497392856990050792300970569e-05	-3.8936820770401265449288731866905512e+00	7.5727549563437945479422269509882068e-04	2.3798936548192377293871191389240228e-02
2.4376786646295312996005856345862569e-05	-3.8039381921422972729309634596150876e+00	6.0095046207903628512627978070597563e-04	2.1207781277428051719900523666981578e-02
2.9840377175793024677553969512912598e-05	-3.7233757700807740248588774565742637e+00	4.9064968839311858735525361570028848e-04	1.9167276903284602131032441630061277e-02
3.5727421499100128883586589744812761e-05	-3.6501444319030635467259059279780660e+00	4.0964149027391107286884845967124485e-04	1.7516475541231764036600322621947279e-02
4.2016850301528108637407269822728416e-05	-3.5829096693348476362113801250635365e+00	3.4822246255774083997020759294710813e-04	1.6151939060928599619537434399907911e-02
4.8689692576907729057302152031572617e-05	-3.5206762039335009144044268850997301e+00	3.0043348422479348096603759713406541e-04	1.5004080419396587021125185048639748e-02
5.5728705944501938025182717680593783e-05	-3.4626812500893323099792684138940032e+00	2.6244170208595803938360365208381964e-04	1.4024318545458659363737667441073807e-02
6.3118096541116030024385178677269138e-05	-3.4083268471366252248982286333370988e+00	2.3168598399720187922784521984956394e-04	1.3177681347261980538129818716011051e-02
7.0843301728962938029726206014825290e-05	-3.3571352315644518322980658036592806e+00	2.0639925060262064842023433238786643e-04	1.2438335323497597437282900757511576e-02
7.8890818157035749880080503461732526e-05	-3.3087184136378364622453708507249189e+00	1.8532854730426827401811130367558921e-04	1.1786772559544243947464360134680985e-02
8.7248063386389628777066236886957973e-05	-3.2627568447730736734904673998381493e+00	1.6756429661378773349928682176989414e-04	1.1207978893417511497810052215759016e-02
9.5903262885917831325816055834440857e-05	-3.2189840917512436748163890332147094e+00	1.5243250496220979199925156571821030e-04	1.0690205310261690812569055232931822e-02
1.0484535656076703030812631024654879e-04	-3.1771755911439563671434298184496607e+00	1.3942465093559318260597044062025173e-04	1.0224122504827571664058140524589215e-02
1.1406392056268263727784992040992185e-04	-3.1371402429252363184993295853466967e+00	1.2815087329254049720763319659958391e-04	9.8022258573098784400510177819796120e-03
1.2354910122768103862954259940624729e-04	-3.0987140221543023156106298104059966e+00	1.1830798390413935963655499914086438e-04	9.4184082154091523359929547833618317e-03
1.3329155876006333615175443765574668e-04	-3.0617550524264763015716377843155082e+00	1.0965715539827300122811534494518122e-04	9.0676476546491927900267315697605641e-03
1.4328241883843137897795363803479972e-04	-3.0261397561698674739578608438327180e+00	1.0200806693716282812990532805371444e-04	8.7457756011666602652639034298098627e-03
1.5351323072686216725845996864170216e-04	-2.9917598103695603757318366057873544e+00	9.5207449482474879817346920496145443e-05	8.4493021353746194868468752608742979e-03
1.6397593077736915136015899444873338e-04	-2.9585197130486234191726335554337926e+00	8.9130683668728659414529360606931588e-05	8.1752826445870413039904542129809377e-03
1.7466281043822126537707365970114690e-04	-2.9263348187099193214789776581889771e+00	8.3675551355094526575948771186693245e-05	7.9212148183243130756728476572778723e-03
1.8556648805714713693801990140885077e-04	-2.8951297379945137097527129056965826e+00	7.8757529928035657537624600895448989e-05	7.6849582100376464500109091341246590e-03
1.9667988390324058597283503321178198e-04	-2.8648370231818670729262669375514150e+00	7.4306207231026931033021155463888135e-05	7.4646707892768105026861617967204394e-03
2.0799619793664099780140391674179639e-04	-2.8353960801919684997522395404750058e+00	7.0262520992223298823602425921901449e-05	7.2587584314358546170837746078859936e-03
2.1950888993806929187181758797924007e-04	-2.8067522616705050225572886103221601e+00	6.6576612086103397425901384449904243e-05	7.0658343622388258363276603673997290e-03
2.3121166167635635422462737057518498e-04	-2.7788561060422414008946623210240017e+00	6.3206139817713232700362728867518104e-05	6.8846863361546102265669256766120042e-03
2.4309844084511049564729941655309834e-04	-2.7516626951301069604926069703713065e+00	6.0114948513162931104136274188488754e-05	6.7142498774902090418304334733549404e-03
2.5516336654254329688323921933092821e-04	-2.7251311087699049714891856383559451e+00	5.7272003768461441213630696416155277e-05	6.5535863139030649701414693659591733e-03
2.6740077610340010312817098230759154e-04	-2.6992239593039322245378296484358507e+00	5.4650537518705189014201430086802073e-05	6.4018646278583766855401194291102247e-03
2.7980519312058851477421732974811881e-04	-2.6739069922678418515181385684000846e+00	5.2227356155168131682466509988200963e-05	6.2583463719632253834001704528817927e-03
2.9237131651774400945969659192099246e-04	-2.6491487422507678875893458867429304e+00	4.9982276939470434018573221746591334e-05	6.1223730599109301427249034653104872e-03
3.0509401055360582625718332916864192e-04	-2.6249202349961409028387572289017298e+00	4.7897666106690504049235128964865838e-05	5.9933555706077838255183890104137469e-03
3.1796829565547040706693783474576425e-04	-2.6011947284573301577855534338477402e+00	4.5958058120699149536361793368804238e-05	5.8707651993629278883981474668791613e-03
3.3098933999275079997759297696746648e-04	-2.5779474868303580752168484835648201e+00	4.4149840111404865207680322116394998e-05	5.7541260643115322632773307266510164e-03
3.4415245171327880065910120790675978e-04	-2.5551555826319047551442169269666700e+00	4.2460988986232245545656382688941909e-05	5.6430086339717947390048812070510757e-03
3.5745307177482498966691580414418665e-04	-2.5327977227323797053262901186258184e+00	4.0880851354133268196453732295903708e-05	5.5370241870133190923863341966985724e-03
3.7088676731268713829167232348723507e-04	-2.5108540949349103993011096599259110e+00	3.9399958437154784458801104023899735e-05	5.4358200509024103297719906939124187e-03
3.8444922549135728784297279880648344e-04	-2.4893062322453549319285449732110303e+00	3.8009869723202235424134011881173506e-05	5.3390754943002278489519441172751169e-03
3.9813624779442300282919329784831394e-04	-2.4681368924318825321671243534117336e+00	3.6703040345227717487683199210510485e-05	5.2464981705852544398026664956997196e-03
4.1194374471215266004432132309686945e-04	-2.4473299508454806854852121087142632e+00	3.5472708138912929257413718817724425e-05	5.1578210279114444367465358505271000e-03
4.2586773079079243403403119443013548e-04	-2.4268703047807375783718060464245108e+00	3.4312797094428081683749518753525561e-05	5.0727996157581031889505132540427710e-03
4.3990432001157447057237534104800955e-04	-2.4067437879118408758366090714715437e+00	3.3217834524194239169745212030558021e-05	4.9912097297143369335486634406363151e-03
4.5404972147089311834226706178377960e-04	-2.3869370935517612956607365179960287e+00	3.2182879752703022249419413529155791e-05	4.9128453458394248050514971707617531e-03
4.6830023533612507319900539611500495e-04	-2.3674377056608744523504897630252813e+00	3.1203462522976062667718001397439465e-05	4.8375168037934308269193444092502539e-03
4.8265224905421335644320910183142072e-04	-2.3482338366810724527884692267746728e+00	3.0275529627585038849375290299653149e-05	4.7650492043858686833859546922336284e-03
4.9710223379245738792186930109588640e-04	-2.3293143713977549942689898667278577e+00	2.9395398526039069681576705986287710e-05	4.6952809925162639813870355448758982e-03
5.1164674109299676631922199258756851e-04	-2.3106688161390276813628531462223255e+00	2.8559716916984678801581024617772606e-05	4.6280627008939424501482358576947281e-03
5.2628239972428250316351366150443391e-04	-2.2922872527122658046687470878331511e+00	2.7765427402571340801197264126357850e-05	4.5632558335959663660545686576399818e-03
5.4100591271442837272557074262711185e-04	-2.2741602965556076156206799700132279e+00	2.7009736520972314656734854200471352e-05	4.5007318715880129663676652374513042e-03
5.5581405455275393772149993205659705e-04	-2.2562790586481169385712965628924921e+00	2.6290087537292230659397504450080633e-05	4.4403713849022867185870741394326676e-03
5.7070366854709288723657416176015604e-04	-2.2386351107791035490727113242179700e+00	2.5604136477590836700470160172648550e-05	4.3820632383271611433655848043099736e-03
5.8567166432556542221822513643882277e-04	-2.2212204538258976175180124076725951e+00	2.4949730969204847641521359361430589e-05	4.3257038792862106255582677437187636e-03
6.0071501547251857131056919196114475e-04	-2.2040274887314719394217461905165260e+00	2.4324891515910876867959630566531160e-05	4.2711966981273054311730552031678774e-03
6.1583075728923816630410215492582438e-04	-2.1870489899097144867026698958018312e+00	2.3727794891111274922220954380405671e-05	4.2184514523525224394445611208805112e-03
6.3101598467084339351396395724366784e-04	-2.1702780808377256564546716526159320e+00	2.3156759378049573363315950005516919e-05	4.1673837474352379899081127593186963e-03
6.4626785009150030197133957493701255e-04	-2.1537082116219616020013497412930156e+00	2.2610231624616064651422537778998866e-05	4.1179145678235052765728005795179666e-03
6.6158356169074387812330373221539756e-04	-2.1373331383489645941467142367836493e+00	2.2086774912839168727405192383836791e-05	4.0699698525447058910779323808173924e-03
6.7696038145428753897190369801292802e-04	-2.1211469040523161524181356977289158e+00	2.1585058670694839466775367578634842e-05	4.0234801105270248852242867057883405e-03
6.9239562348323134154989116508884289e-04	-2.1051438211457429411637964071160008e+00	2.1103849077238390833999031794672190e-05	3.9783800713563839593455102498312698e-03
7.0788665234606213820472205351230029e-04	-2.0893184551883582075234785948874044e+00	2.0642000631954966276507607855945002e-05	3.9346083677079346363164946011174323e-03
7.2343088150827582486253617605240606e-04	-2.0736656098621375966327079466399104e+00	2.0198448576199562806614227642754230e-05	3.8921072461414635248278093729610597e-03
7.3902577183484856005843524041618125e-04	-2.0581803130541668592702435206542061e+00	1.9772202069120022358201615212599739e-05	3.8508223033404769348965200270256349e-03
7.5466883016114462051537003042223096e-04	-2.0428578039471815485258711441679518e+00	1.9362338032911828788946178320297105e-05	3.8107022452140286981209377337414009e-03
7.7035760792817714441243877638809318e-04	-2.0276935210316345619796595824723021e+00	1.8967995592961826220701633843280609e-05	3.7716986665758716315350167776380620e-03
7.8608969987843769814763936318923107e-04	-2.0126830909611386217314006329140013e+00	1.8588371047665651822876784955412642e-05	3.7337658493734447254099514730845723e-03
8.0186274280878430714134883972652621e-04	-1.9978223181807769887819768647790600e+00	1.8222713310673455715276093795962065e-05	3.6968605776647981895231266364040788e-03
8.1767441437712790442613576019251250e-04	-1.9831071752645770473445392603609545e+00	1.7870319775216939100102279044001935e-05	3.6609419677392560290895808043150881e-03
8.3352243195988637036101804219931227e-04	-1.9685337939045016171211746664165093e+00	1.7530532556154604782643877951293007e-05	3.6259713119512051963872293953210190e-03
8.4940455155738550642884147987616868e-04	-1.9540984564987217242599716320872811e+00	1.7202735070573371367929668265476867e-05	3.5919119349891081864560490128843327e-03
8.6531856674457922627585943557207093e-04	-1.9397975882917699168209995611593261e+00	1.6886348922314788641725686293735018e-05	3.5587290614364196334276645922681706e-03
8.8126230766463858241909023228428982e-04	-1.9256277500235026698259998300214958e+00	1.6580831059747316717355144806608050e-05	3.5263896935999087583247232045932616e-03
8.9723364006312242923141021247014171e-04	-1.9115856310476828552461349814767724e+00	1.6285671179562499959247686840361240e-05	3.4948624986859756701216700814999271e-03
9.1323046436059285149530745411298063e-04	-1.8976680428844799977312592086038310e+00	1.6000389352400403181781548287605413e-05	3.4641177044986443519816679668643546e-03
9.2925071476167712802758736915734610e-04	-1.8838719131743219640124211845593680e+00	1.5724533848766349856738211540614475e-05	3.4341270029155217864333589455069335e-03
9.4529235839870599757279060987047936e-04	-1.8701942800033561201911486815066627e+00	1.5457679146036314728099871465653701e-05	3.4048634604714293147579387333376784e-03
9.6135339450817628973140439977728847e-04	-1.8566322865733252821546515282040445e+00	1.5199424099404642814666624424589105e-05	3.3763014354447624465415089334619513e-03
9.7743185363839542378639122567137228e-04	-1.8431831761909642403610647948601318e+00	1.4949390261441425363826850208316876e-05	3.3484165008998930018483531782023156e-03
9.9352579688676662621928446931222919e-04	-1.8298442875541028893223962653385320e+00	1.4707220336529080461282909707086265e-05	3.3211853731909387838485023734656506e-03
1.0096333151652676625278246864506342e-03	-1.8166130503135455045694491845312249e+00	1.4472576757865340473807976394554577e-05	3.2945858454787272199795906900108430e-03
1.0257525284927630435174818423567789e-03	-1.8034869808915032056990400339523778e+00	1.4245140375976125829946510464455714e-05	3.2685967258544124062837238766186055e-03
1.0418815853128706142406419293137712e-03	-1.7904636785389064437090589714809482e+00	1.4024609248796721638779827142682242e-05	3.2431977797005302032628182102086371e-03
1.0580186618361786759978647014536114e-03	-1.7775408216153326775685927505320559e+00	1.3810697524370617319377662539762124e-05	3.2183696759537836870510257601681567e-03
1.0741619614056797917089939358964083e-03	-1.7647161640765656464317162279800777e+00	1.3603134408097364542342932595659448e-05	3.1940939369639708467068896433938171e-03
1.0903097138843526034235411340813144e-03	-1.7519875321559695780690730822923153e+00	1.3401663207246925915903160555137400e-05	3.1703528916705748155536177742217264e-03
1.1064601750638837305202876306292888e-03	-1.7393528212269256654279174474606998e+00	1.3206040446159600437101501122791563e-05	3.1471296318429653577798707334109785e-03
1.1226116260935784666790541908598518e-03	-1.7268099928345493129762652760833762e+00	1.3016035046177636465936390614236445e-05	3.1244079711522003462686107042487682e-03
1.1387623729285618705313602343098331e-03	-1.7143570718857940287809669923156269e+00	1.2831427564915734983506947223357045e-05	3.1021724068623245625539431238000288e-03
1.1549107457964212387011166429198882e-03	-1.7019921439878594772260069538959417e+00	1.2652009489980374298643418854863332e-05	3.0804080839470671987007083046221029e-03
1.1710550986814871252897797279700649e-03	-1.6897133529255643176182497263931492e+00	1.2477582582698880943636931916109118e-05	3.0591007614541395072763263872155344e-03
1.1871938088259932705945942393757079e-03	-1.6775188982690254874324714220888444e+00	1.2307958267824244166390255650355487e-05	3.0382367809541076791678129936407109e-03
1.2033252762473962452878122254229857e-03	-1.6654070331036103286295997742253066e+00	1.2142957065545929869188949327686342e-05	3.0178030369242206190937592020745518e-03
1.2194479232711735071459963218147028e-03	-1.6533760618747015911372320622506930e+00	1.1982408062464885961005961159538946e-05	2.9977869489297475379272019069415611e-03
1.2355601940784540915604669387519706e-03	-1.6414243383403425421115014837499955e+00	1.1826148418486501530475117732617212e-05	2.9781764354764503534340621068060588e-03
1.2516605542678694850435743425249469e-03	-1.6295502636253143573219396053739287e+00	1.1674022906851976961164099391437050e-05	2.9589598894178912802635632519563166e-03
1.2677474904310435194354197522350512e-03	-1.6177522843706444489842903064153242e+00	1.1525883484769463523120170596842910e-05	2.9401261548104551460126569893572824e-03
1.2838195097411695175406199039608820e-03	-1.6060288909729557976837825192862768e+00	1.1381588892324165138582871799699457e-05	2.9216645051173367185904532557767134e-03
1.2998751395541505510121093589629445e-03	-1.5943786159084467777102856010280713e+00	1.1241004277543775915575248077497762e-05	2.9035646226703841118872742344480206e-03
1.3159129270218046604974934545567268e-03	-1.5828000321366411714574146546546446e+00	1.1104000845674294991082128961864786e-05	2.8858165793056702925027840421787127e-03
1.3319314387166613488656674939789847e-03	-1.5712917515793715703229525832087113e+00	1.0970455530883315246696987980107189e-05	2.8684108180950486300656110048545802e-03
1.3479292602678986945069838670198595e-03	-1.5598524236707584297937756385382051e+00	1.0840250688755013290208120998148342e-05	2.8513381361017915901062674499326757e-03
1.3639049960079921390492840187076936e-03	-1.5484807339742237448802977010998667e+00	1.0713273808074777458308641830769403e-05	2.8345896680937645484167689974669609e-03
1.3798572686296664708668864301628761e-03	-1.5371754028628345071498496206741018e+00	1.0589417240523037235253199853787688e-05	2.8181568711524946539753352281818288e-03
1.3957847188527618343221405606719780e-03	-1.5259351842595084926587374993520513e+00	1.0468577947008595419881888045689071e-05	2.8020315101209984528072727587870100e-03
1.4116860051006428205011461361101716e-03	-1.5147588644338350527363671431981023e+00	1.0350657259472679734869071037196797e-05	2.7862056438373683004488447716951048e-03
1.4275598031857969084163931218689249e-03	-1.5036452608524678391427782970619997e+00	1.0235560657086976328497576946671063e-05	2.7706716121049194936648314129100781e-03
1.4434048060042847912387874366494166e-03	-1.4925932210802360683289438380434219e+00	1.0123197555852936510245475572095112e-05	2.7554220233531973549565156684750443e-03
1.4592197232387205003587052798231860e-03	-1.4816016217292971797923442282340405e+00	1.0013481110686423939716333710615603e-05	2.7404497429473631177378224636744860e-03
1.4750032810694737868908971500075126e-03	-1.4706693674538176319193104745022737e+00	9.9063280291419772913770912900302912e-06	2.7257478821064437021893246696824540e-03
1.4907542218938009875714360494334084e-03	-1.4597953899878210738121997193887141e+00	9.8016583959952179424626283725445651e-06	2.7113097873936653337211180686275315e-03
1.5064713040526236381136353772250530e-03	-1.4489786472239851182808349482098513e+00	9.6993955079607858667866233191910384e-06	2.6971290307446143458391368838662157e-03
1.5221533015646864468776055403125860e-03	-1.4382181223313002284937811230262031e+00	9.5994657178771364626211712043705057e-06	2.6831994000012984650703468980894786e-03
1.5377990038678379469294182219532457e-03	-1.4275128229096275590794010953304229e+00	9.5017982877390237313870815197659295e-06	2.6695148899223347555976095614493422e-03
1.5534072155671882441077819640366742e-03	-1.4168617801793076397388348025721944e+00	9.4063252500039340467499857690572376e-06	2.6560696936414810529936079435068236e-03
1.5689767561899088088093445199809950e-03	-1.4062640482040791770715989791249441e+00	9.3129812766404831724397419610055843e-06	2.6428581945485696280327180003880313e-03
1.5845064599464492536247633911293984e-03	-1.3957187031456675482588425356479091e+00	9.2217035554251753091385181692737823e-06	2.6298749585686072563990977302801779e-03
1.5999951754979555292143154369628610e-03	-1.3852248425484962916420364484963600e+00	9.1324316730292432328014856546550747e-06	2.6171147268163859873115786645543227e-03
1.6154417657296829863130280188352439e-03	-1.3747815846530625446185432501422140e+00	9.0451075044698111229529766915722400e-06	2.6045724086054138661684543911949169e-03
1.6308451075302063199671910589150070e-03	-1.3643880677365993803816101332065380e+00	8.9596751085295891241034782995177064e-06	2.5922430747913339355962069276295123e-03
1.6462040915762365586929955189253069e-03	-1.3540434494797247582054308378108915e+00	8.8760806287769408510775811581074930e-06	2.5801219514312614642540068880587528e-03
1.6615176221228630102120788625753075e-03	-1.3437469063578487012705087269187966e+00	8.7942721998436612304703015909489525e-06	2.5682044137416412455158565429050612e-03
1.6767846167990454492088213750985133e-03	-1.3334976330561776960082998731069815e+00	8.7141998586413430969327613931292404e-06	2.5564859803383160139944747486696549e-03
1.6920040064081888521852301547112787e-03	-1.3232948419072184852375139050664267e+00	8.6358154602189610484420025160313856e-06	2.5449623077435099876762077325554361e-03
1.7071747347336396696425568728929149e-03	-1.3131377623497426969434743520576271e+00	8.5590725979844094509812048227536894e-06	2.5336291851453741498876252727449181e-03
1.7222957583489489949366996583459815e-03	-1.3030256404082293818375150379375668e+00	8.4839265280313339107995511351932150e-06	2.5224825293966175334430994257053432e-03
1.7373660464327540595271504094633747e-03	-1.2929577381918547755889162343304113e+00	8.4103340973298155572402210257574489e-06	2.5115183802395664020470039020637119e-03
1.7523845805881352721852140262041308e-03	-1.2829333334121476866777842219346203e+00	8.3382536755554176503283373544042190e-06	2.5007328957457553732059245431705733e-03
1.7673503546663115402672624490861649e-03	-1.2729517189184750516395203358605415e+00	8.2676450903458869445450039379135328e-06	2.4901223479588653503947832153538613e-03
1.7822623745945418786845620750351357e-03	-1.2630122022505655935893337746775585e+00	8.1984695657885115014602436210243982e-06	2.4796831187304864473051067671754685e-03
1.7971196582081063401385472729630615e-03	-1.2531141052073203502215871572275096e+00	8.1306896639538576967266122001130446e-06	2.4694116957388034006449577916309582e-03
1.8119212350862441011578219155628879e-03	-1.2432567634311972734157861278462244e+00	8.0642692293034200735347257898255955e-06	2.4593046686808795041356538650927487e-03
1.8266661463919311243360512263318044e-03	-1.2334395260074933012214859686249157e+00	7.9991733358096898199184752831133496e-06	2.4493587256297558208050293225744235e-03
1.8413534447153841990907067430402949e-03	-1.2236617550778814100287824142859630e+00	7.9353682366373462783467327050283806e-06	2.4395706495480880733437509351363493e-03
1.8559821939211823517473375496431378e-03	-1.2139228254675923053693663814774863e+00	7.8728213162437608001388028333190211e-06	2.4299373149505166876173766951880861e-03
1.8705514689989006206952899715186067e-03	-1.2042221243256607295891346568733066e+00	7.8115010447658281850540768919004485e-06	2.4204556847074082898138396017658373e-03
1.8850603559171550230778320735264691e-03	-1.1945590507776849702386539598775758e+00	7.7513769345683580859836511349267989e-06	2.4111228069830216702506453055984154e-03
1.8995079514809612047554276840891976e-03	-1.1849330155905751528819592148868670e+00	7.6924194988369131454453363388680440e-06	2.4019358123015397985706021244605080e-03
1.9138933631923127733965965010621013e-03	-1.1753434408487913969869675644128333e+00	7.6346002121051145178808263994338573e-06	2.3928919107347737266559374402791506e-03
1.9282157091138886733177372380703757e-03	-1.1657897596415969974914964875919565e+00	7.5778914726130876258857891648160511e-06	2.3839883892056858291407273680258657e-03
1.9424741177358021774827840135734591e-03	-1.1562714157608745549276963545869183e+00	7.5222665663999271620380559839651384e-06	2.3752226089022003617240943045430436e-03
1.9566677278453071538445593965154421e-03	-1.1467878634090744950434056129153298e+00	7.4676996330388532744279985150454394e-06	2.3665920027960702026121040904931735e-03
1.9707956883993802165345335368122334e-03	-1.1373385669168857705565925153825364e+00	7.4141656329291407367310025639942513e-06	2.3580940732618512130967073047155420e-03
1.9848571584001002034961437186639510e-03	-1.1279230004702377937714800750561400e+00	7.3616403160639574817795427078805204e-06	2.3497263897913011416686755286506487e-03
1.9988513067727491368783576906294086e-03	-1.1185406478462608752809582988653097e+00	7.3101001921979737608129330389648220e-06	2.3414865867987695436363279115041586e-03
2.0127773122465614264108284662033211e-03	-1.1091910021578497024921924210226808e+00	7.2595225023430219654037177215726325e-06	2.3333723615133798530235416894657636e-03
2.0266343632380505743198258736643740e-03	-1.0998735656064907397778514830715689e+00	7.2098851915242215679295166217091427e-06	2.3253814719540255067678609002887574e-03
2.0404216577368450380832838038083787e-03	-1.0905878492430299234301691971958665e+00	7.1611668827328537716369805588965721e-06	2.3175117349834097933800215368010308e-03
2.0541384031939672091669307713981061e-03	-1.0813333727360717095261182458955813e+00	7.1133468520158948449212215725545684e-06	2.3097610244375547244735992042173280e-03
2.0677838164124916762855419998618904e-03	-1.0721096641477144582878924284850223e+00	7.0664050046455128658533381552903565e-06	2.3021272693273884929782692442120932e-03
2.0813571234405210649133923585815920e-03	-1.0629162597163403485049510921316009e+00	7.0203218523150155451992562917527674e-06	2.2946084521091947159457816598503217e-03
2.0948575594664197847248813445707595e-03	-1.0537527036461905512195216606785713e+00	6.9750784913107215616341683765867388e-06	2.2872026070208703409201529334577534e-03
2.1082843687162479771711707549118711e-03	-1.0446185479034682916973164232963762e+00	6.9306565816120279701595907038838233e-06	2.2799078184810934537987815240868586e-03
2.1216368043533398400869597693420327e-03	-1.0355133520187237288052352597364344e+00	6.8870383268745742668537510349514742e-06	2.2727222195486478501218984626849658e-03
2.1349141283799723184842587113494964e-03	-1.0264366828952853151275772890847436e+00	6.8442064552538712180095999451247944e-06	2.2656439904392886674872699623942113e-03
2.1481156115410718937644223437385372e-03	-1.0173881146235125011907113567049412e+00	6.8021442010290803460985263380341042e-06	2.2586713570976631335460990832849489e-03
2.1612405332299088805390525466044680e-03	-1.0083672283006543427856615692289183e+00	6.7608352869888079815707909205104894e-06	2.2518025898219230363856773817456636e-03
2.1742881813957302540133213468540238e-03	-9.9937361185610778949794483003385048e-01	6.7202639075428252887297253857492605e-06	2.2450360019387813145359288533841552e-03
2.1872578524532835842244983866796328e-03	-9.9040685988187820138404144090287823e-01	6.6804147125255512404584431631431933e-06	2.2383699485268746050986366682027434e-03
2.2001488511941861489789096419991918e-03	-9.8146657346805298388892725923171161e-01	6.6412727916589471210254291086113511e-06	2.2318028251863970657644843468462842e-03
2.2129604907000947375969989459321730e-03	-9.7255236004310717170526272408383440e-01	6.6028236596441761824849697789236557e-06	2.2253330668530686593546022876053352e-03
2.2256920922576330449404653543215477e-03	-9.6366383321886735206805867197604186e-01	6.5650532418529874490921877256882331e-06	2.2189591466545936938696004081672986e-03
2.2383429852750348919232740313446723e-03	-9.5480061263996751739614730581443892e-01	6.5279478605912947531886735089462740e-06	2.2126795748078530606885385599166373e-03
2.2509125072004627969555047558951208e-03	-9.4596232383763729545702558162555633e-01	6.4914942219088468460913113485661282e-06	2.2064928975551566019090394558632046e-03
2.2634000034419626645874398526191704e-03	-9.3714859808766954043317808423003464e-01	6.4556794029302273965943952205332883e-06	2.2003976961379606392198646604132732e-03
2.2758048272890165549646447007650191e-03	-9.2835907227242049743285639471240205e-01	6.4204908396836900237273690724291279e-06	2.1943925858065301678346544450448053e-03
2.2881263398356566524336828497285383e-03	-9.1959338874670169215017018887142984e-01	6.3859163154055280117981293442222442e-06	2.1884762148640958001362848614130097e-03
2.3003639099051046655250965612190022e-03	-9.1085119520742836164199342892922384e-01	6.3519439492988054995218293513470876e-06	2.1826472637441224597349056556639090e-03
2.3125169139759019652745386980168384e-03	-9.0213214456689464578548821051813662e-01	6.3185621857263408929405957392467348e-06	2.1769044441193702883395412316994252e-03
2.3245847361094968060346264299273037e-03	-8.9343589482955091532696657744008475e-01	6.2857597838188379145556675830963055e-06	2.1712464980414884326330644283833016e-03
2.3365667678792559741144985451727026e-03	-8.8476210897216353418260021066279629e-01	6.2535258074800086986703647177111617e-06	2.1656721971099395113190146319187115e-03
2.3484624083008691762255260708693186e-03	-8.7611045482724205273939914986714757e-01	6.2218496157714300636610488566892940e-06	2.1601803416691067972568982112800914e-03
2.3602710637641154132071871266736209e-03	-8.6748060496962331659363810077277765e-01	6.1907208536607216996577890661948136e-06	2.1547697600324876489641326778659295e-03
2.3719921479659614861899795045821463e-03	-8.5887223660610626208519327517562936e-01	6.1601294431174364605029257694816370e-06	2.1494393077329256425658885081154717e-03
2.3836250818449636534950554377103777e-03	-8.5028503146803526617940420353464939e-01	6.1300655745418110039298662107856577e-06	2.1441878667978803330003585763660062e-03
2.3951692935169442983881915665109537e-03	-8.4171867570673383319621763096327922e-01	6.1005196985122422659078663775118800e-06	2.1390143450487777466923216467820582e-03
2.4066242182119162814593544866972614e-03	-8.3317285979169414355014425997852487e-01	6.0714825178380340990962431549128601e-06	2.1339176754235267035988006474667244e-03
2.4179892982122284379972692434153421e-03	-8.2464727841143156851362892433278771e-01	6.0429449799046011109245103664531101e-06	2.1288968153213260034996934796951174e-03
2.4292639827919064413305998693986786e-03	-8.1614163037691667805893673019907523e-01	6.0148982692989254188755415786146379e-06	2.1239507459689255015294573991067404e-03
2.4404477281571639887263886141652450e-03	-8.0765561852750054364372545176505086e-01	5.9873338007036386793479106121648217e-06	2.1190784718075402464450722162443686e-03
2.4515399973880599780405977433929979e-03	-7.9918894963925227154898262535885859e-01	5.9602432120486481968651264314074988e-06	2.1142790198996512609982385363376025e-03
2.4625402603812780318310117030238856e-03	-7.9074133433563070183665405364511182e-01	5.9336183579097439204212049277110807e-06	2.1095514393549593001996018185407911e-03
2.4734479937940053919552495148430868e-03	-7.8231248700041507958814397517797332e-01	5.9074513031441143125752660561163085e-06	2.1048948007747891179514363998846156e-03
2.4842626809888888526338328686671118e-03	-7.7390212569282225489345987379449617e-01	5.8817343167531649622070556056711098e-06	2.1003081957142714880992238943621006e-03
2.4949838119800460243713978931600831e-03	-7.6550997206474060184287439838519135e-01	5.8564598659634758366318815721163419e-06	2.0957907361616585402461964531460982e-03
2.5056108833801108257748444637498385e-03	-7.5713575128001336998510261836441932e-01	5.8316206105171525777357635485495709e-06	2.0913415540341549570410653003823508e-03
2.5161433983482926859291373566130121e-03	-7.4877919193570659952977240547041338e-01	5.8072093971632255021790235828200221e-06	2.0869598006896733072397546144191253e-03
2.5265808665394295073018684254081977e-03	-7.4044002598529904889040754878272340e-01	5.7832192543421281528028976195670299e-06	2.0826446464539463228695374606557580e-03
2.5369228040540149888289178090826951e-03	-7.3211798866373380463689896877223187e-01	5.7596433870556464805318681067778037e-06	2.0783952801624523308056204536454797e-03
2.5471687333891814415394872888180333e-03	-7.2381281841427337396412359993189770e-01	5.7364751719150710594817257221946447e-06	2.0742109087166323770552981430828680e-03
2.5573181833906197454361449059850358e-03	-7.1552425681710210257100002367970187e-01	5.7137081523606091360453599731505957e-06	2.0700907566538988908274624981984143e-03
2.5673706892054185969551639071664647e-03	-7.0725204851962172035388183205859321e-01	5.6913360340454217100950252055808662e-06	2.0660340657309560767829998401496652e-03
2.5773257922358056817705353105949649e-03	-6.9899594116838769732069160328200063e-01	5.6693526803779441128384020651736536e-06	2.0620400945199716465807163449746485e-03
2.5871830400937738785242264898849360e-03	-6.9075568534263589620850155215218688e-01	5.6477521082164274996197608240920261e-06	2.0581081180171580511222977106443007e-03
2.5969419865565760557957478257206965e-03	-6.8253103448935073983874905676840907e-01	5.6265284837099040872731008562972387e-06	2.0542374272633390963909847455100405e-03
2.6066021915230724677746602434466664e-03	-6.7432174485982777350261628194871248e-01	5.6056761182800315596606021149736170e-06	2.0504273289760947597204068526187699e-03
2.6161632209709151841586556323350041e-03	-6.6612757544768509870553466113571725e-01	5.5851894647385125247111226526917494e-06	2.0466771451930932087281383956907172e-03
2.6256246469145544072361085622961381e-03	-6.5794828792827968733378118895094825e-01	5.5650631135350138750064425368259821e-06	2.0429862129262344988990144881103703e-03
2.6349860473640519343757441727821986e-03	-6.4978364659948605751363808111890121e-01	5.5452917891307289880749001631901341e-06	2.0393538838262452228164919727021116e-03
2.6442470062846874176697189777152639e-03	-6.4163341832379620675465999966021854e-01	5.5258703464929334736126846519468186e-06	2.0357795238573775373575921348089300e-03
2.6534071135573434546754037309735036e-03	-6.3349737247170105691470493182750897e-01	5.5067937677060831718311053219844922e-06	2.0322625129818795360692360117111850e-03
2.6624659649396559154746932930446334e-03	-6.2537528086631497148524238124170954e-01	5.4880571586951918384046493676317466e-06	2.0288022448539168920540544937830938e-03
2.6714231620279162720014391607883156e-03	-6.1726691772920616094543540841981490e-01	5.4696557460574058967425127383968077e-06	2.0253981265226381000727140104127084e-03
2.6802783122197130461464720134510954e-03	-6.0917205962739699863772109211457772e-01	5.4515848739978652502462198284489504e-06	2.0220495781440875218056575465527575e-03
2.6890310286772998338903474985060828e-03	-6.0109048542149942983766631908613992e-01	5.4338400013661028532568654058818206e-06	2.0187560327016818105099008191697869e-03
2.6976809302916776939775501240662491e-03	-5.9302197621495177239018353446022789e-01	5.4164166987893919431679960440443471e-06	2.0155169357349761845469464783477418e-03
2.7062276416473800117606089731933320e-03	-5.8496631530432428033312349006135446e-01	5.3993106458995989189701526651750101e-06	2.0123317450764574561018134271353362e-03
2.7146707929879482621241995422623916e-03	-5.7692328813066187410992524780954536e-01	5.3825176286502421735829409368180985e-06	2.0091999305961107233511550915798539e-03
2.7230100201820874001517525119220352e-03	-5.6889268223183343398376922120338679e-01	5.3660335367205930892535352836895165e-06	2.0061209739535162217611388802421673e-03
2.7312449646904899047129377469481607e-03	-5.6087428719585800872545848433207453e-01	5.3498543610037852090154280934712711e-06	2.0030943683572420224554951603435877e-03
2.7393752735333177887113534668593639e-03	-5.5286789461517921109953499521057022e-01	5.3339761911760216071914157894151838e-06	2.0001196183313070810626608173354266e-03
2.7474005992583321706091421033173593e-03	-5.4487329804185995658979742802089524e-01	5.3183952133440889862280593536397166e-06	1.9971962394884975965737401300267104e-03
2.7553205999096602753004371278239793e-03	-5.3689029294367055359029267464286058e-01	5.3031077077685002983219650006362861e-06	1.9943237583103277530904350563028319e-03
2.7631349389971899986903482811088603e-03	-5.2891867666104397328026366796231105e-01	5.2881100466596959863209892774010031e-06	1.9915017119334437036574227679032671e-03
2.7708432854665824296933162776344713e-03	-5.2095824836487291687932181999021289e-01	5.2733986920448375035060945394190779e-06	1.9887296479422771296182858265584479e-03
2.7784453136698929760280678052752504e-03	-5.1300880901512405816179396707663065e-01	5.2589701937028258373973681987107558e-06	1.9860071241677618853301462693071785e-03
2.7859407033367919863816556694604965e-03	-5.0507016132024557116081921144139712e-01	5.2448211871652725478064820593545387e-06	1.9833337084919341301425283902999215e-03
2.7933291395463760014597284443639894e-03	-4.9714210969734475802463575397967763e-01	5.2309483917812415416133604221721708e-06	1.9807089786582429701521280198365306e-03
2.8006103126995610003440978930052148e-03	-4.8922446023311327106071818879662712e-01	5.2173486088436666429792417386962937e-06	1.9781325220874049936226567882368818e-03
2.8077839184920492366443469947983349e-03	-4.8131702064547807713137506490783808e-01	5.2040187197754331645066730793992521e-06	1.9756039356986421977509369695982539e-03
2.8148496578878614813530658032878357e-03	-4.7341960024595694271503045349862619e-01	5.1909556843731913191659965315266961e-06	1.9731228257361486817493373155870247e-03
2.8218072370934267062829604351556185e-03	-4.6553200990269782504537258617183282e-01	5.1781565391070456024798601317957373e-06	1.9706888076006371325518552275979329e-03
2.8286563675322214536606999637772891e-03	-4.5765406200418213966935039032498754e-01	5.1656183954743373787611444670338796e-06	1.9683015056858215648851554861853353e-03
2.8353967658199513440528651998284194e-03	-4.4978557042357243836889814682507427e-01	5.1533384384058079753014478569145768e-06	1.9659605532196980065487654909947765e-03
2.8420281537402673764736864798585651e-03	-4.4192635048368557447715781671400600e-01	5.1413139247224967678217622885351655e-06	1.9636655921104898516411178260951204e-03
2.8485502582210098714366188428897873e-03	-4.3407621892257295595911888107954168e-01	5.1295421816417931655128027612978577e-06	1.9614162727971294478431759648193668e-03
2.8549628113109731000209201810987910e-03	-4.2623499385968999095632652931574216e-01	5.1180206053311232040717894249797712e-06	1.9592122541041521470164673013547058e-03
2.8612655501571838298837161962835297e-03	-4.1840249476263731652056830227277096e-01	5.1067466595078107532973288263975747e-06	1.9570532031008835391905678543362766e-03
2.8674582169826872027059417527197079e-03	-4.1057854241445686965630961147797105e-01	5.0957178740837102589504846024124943e-06	1.9549387949648049160450232536123624e-03
2.8735405590648335369605744004907377e-03	-4.0276295888146631120072777338217326e-01	5.0849318438532625778819392654582604e-06	1.9528687128489861784252473413304222e-03
2.8795123287140598252725982367491131e-03	-3.9495556748161574811000204431812889e-01	5.0743862272236779365680351391917140e-06	1.9508426477534794201360979173495534e-03
2.8853732832531598671365617653895883e-03	-3.8715619275335111898073281530123507e-01	5.0640787449860004467462088697727498e-06	1.9488602984005702937844767962541344e-03
2.8911231849970371454995404205763847e-03	-3.7936466042496901168004748679110875e-01	5.0540071791258570434738377597702585e-06	1.9469213711137880000521343892452388e-03
2.8967618012329347198307858508718404e-03	-3.7158079738444807132669642064650458e-01	5.0441693716727402617250759822247821e-06	1.9450255797005783454504309964564970e-03
2.9022889042011365689063932309525165e-03	-3.6380443164974253207446629433941806e-01	5.0345632235867190242977026269772373e-06	1.9431726453385477910527732565550386e-03
2.9077042710761349737562076377681446e-03	-3.5603539233952376769241669880458896e-01	5.0251866936815146589088807325236954e-06	1.9413622964651897713780482032351037e-03
2.9130076839482586851655460307055716e-03	-3.4827350964435610428629926548354507e-01	5.0160377975829207745913049161729408e-06	1.9395942686710078037302231305755963e-03
2.9181989298057567709072666203031440e-03	-3.4051861479829347411414519186234129e-01	5.0071146067215854818381124598297970e-06	1.9378683045959530388784317820042446e-03
2.9232778005173331856080560559521873e-03	-3.3277054005088381274896979466840460e-01	4.9984152473592128088641352166089079e-06	1.9361841538290969287653189130852183e-03
2.9282440928151272509310954356501434e-03	-3.2502911863956841324671181037080940e-01	4.9899378996472771160160477517683085e-06	1.9345415728114626105309570522336000e-03
2.9330976082781353756869919587832636e-03	-3.1729418476246375088387780597743407e-01	4.9816807967173799067995470212070400e-06	1.9329403247419414329121790555592888e-03
2.9378381533160694846645471002884564e-03	-3.0956557355151358081574233888830361e-01	4.9736422238024127392503125052768620e-06	1.9313801794862237852144709709503655e-03
2.9424655391536477614982572293983202e-03	-3.0184312104599938903479503607370948e-01	4.9658205173877230146943882719029641e-06	1.9298609134886760345715896579242040e-03
2.9469795818153134448533666306028823e-03	-2.9412666416639754462713323993386310e-01	4.9582140643915113188935688571508576e-06	1.9283823096870979379557297679689284e-03
2.9513801021103775487021603028353527e-03	-2.8641604068857175886330523439455328e-01	4.9508213013737197671973751661060386e-06	1.9269441574302973750686244991375926e-03
2.9556669256185815065748324839708939e-03	-2.7871108921828970443689009269800834e-01	4.9436407137727005122777532388505218e-06	1.9255462523984216503709680664479915e-03
2.9598398826760758664801307370770934e-03	-2.7101164916605288648216306854213178e-01	4.9366708351689822596918148137219273e-06	1.9241883965259869404903756560573604e-03
2.9638988083618112877881844548657061e-03	-2.6331756072222908615153692846485215e-01	4.9299102465754803501409989769857652e-06	1.9228703979275497203471456250734445e-03
2.9678435424843382138314019051774477e-03	-2.5562866483247691779130611953353196e-01	4.9233575757535227530776190015693663e-06	1.9215920708259661906836008910063223e-03
2.9716739295690117143878661057783946e-03	-2.4794480317345225238549176835021711e-01	4.9170114965540902175313415337270623e-06	1.9203532354831878542853469092181041e-03
2.9753898188455981106420540448772708e-03	-2.4026581812878646319543208550917383e-01	4.9108707282836938841439123203190121e-06	1.9191537181335434509335062952120691e-03
2.9789910642362801117447815992198094e-03	-2.3259155276532664464898093453926967e-01	4.9049340350943379171379884515712011e-06	1.9179933509194594648074092099496887e-03
2.9824775243440573067910147852844345e-03	-2.2492185080962814275864947920670128e-01	4.8992002253970382043970803585685905e-06	1.9168719718295733653439023727379051e-03
2.9858490624415389689717849511671215e-03	-2.1725655662468991489312959100993355e-01	4.8936681512983909345416138918864297e-06	1.9157894246391956360293424077843964e-03
2.9891055464601262399043982438278146e-03	-2.0959551518692340880163414217761410e-01	4.8883367080597069269286138841673851e-06	1.9147455588530784877359069344217700e-03
2.9922468489795808717713089435851754e-03	-2.0193857206334581559589109986989289e-01	4.8832048335782489975703064213118279e-06	1.9137402296504509464078990523316426e-03
2.9952728472179778129687489907670349e-03	-1.9428557338898870912154889881670198e-01	4.8782715078901304234390894011982124e-06	1.9127732978322817514640644794237040e-03
2.9981834230220390295463055166636313e-03	-1.8663636584451323498123502898859772e-01	4.8735357526944527506415560611162376e-06	1.9118446297707332034358761435618097e-03
3.0009784628578460598715320209468401e-03	-1.7899079663402315657884851893686915e-01	4.8689966308982808084690473513474827e-06	1.9109540973607707592602747491071967e-03
3.0036578578019289037414348124029035e-03	-1.7134871346306720310369259269660296e-01	4.8646532461820718702256830780238485e-06	1.9101015779738947933672762470081862e-03
3.0062215035327289496460763995684633e-03	-1.6370996451682229552042197566007988e-01	4.8605047425851944708106916610224240e-06	1.9092869544139625242586390725008637e-03
3.0086693003224337451281398507696077e-03	-1.5607439843844935152523478979535416e-01	4.8565503041111904771175653895425173e-06	1.9085101148750696516093103644257039e-03
3.0110011530291815152344974264621968e-03	-1.4844186430761348921136641457015190e-01	4.8527891543524516363058053536554286e-06	1.9077709529014627599235211637829799e-03
3.0132169710896334329789128555141733e-03	-1.4081221161916056199140391954142635e-01	4.8492205561339990239238018322612811e-06	1.9070693673494550232694886267671806e-03
3.0153166685119117435852215098241949e-03	-1.3318529026194206427669724446903398e-01	4.8458438111760706029118260882868057e-06	1.9064052623513191933737572247099037e-03
3.0173001638689019411129262030371226e-03	-1.2556095049778054863467113291843340e-01	4.8426582597752385091159994387374978e-06	1.9057785472811332721002319403771302e-03
3.0191673802919172919364300624459879e-03	-1.1793904294056779074582339109428738e-01	4.8396632805037937217945770058197573e-06	1.9051891367225556607438567559435768e-03
3.0209182454647240945085282660626147e-03	-1.1031941853548802856970954961414751e-01	4.8368582899271514807130929622156767e-06	1.9046369504385079442635220136755994e-03
3.0225526916179261589408900386503900e-03	-1.0270192853835868680291097866409178e-01	4.8342427423390461961840219709174580e-06	1.9041219133427448101497580357460412e-03
3.0240706555237070832308904686703296e-03	-9.5086424495081077065246207530172033e-02	4.8318161295142996855941196836495980e-06	1.9036439554732919206172136229563111e-03
3.0254720784909289955063737176933867e-03	-8.7472758221193638370583228027686781e-02	4.8295779804789613798091752322322856e-06	1.9032030119677338547401187278009116e-03
3.0267569063605865234981345628058954e-03	-7.9860781781520351406842000684956818e-02	4.8275278612976336950677725014650341e-06	1.9027990230403355154869250250216394e-03
3.0279250895016148436338450226091656e-03	-7.2250347469907024041599802463295753e-02	4.8256653748778100798127241434110005e-06	1.9024319339609816568023796707320426e-03
3.0289765828070507527259861492559297e-03	-6.4641307789038204354868674785016381e-02	4.8239901607910673401616052888558246e-06	1.9021016950359204293463539825346480e-03
3.0299113456905457952486846181042289e-03	-5.7033515430327531443240515680635066e-02	4.8225018951109677407831483812530471e-06	1.9018082615902980716167815923528772e-03
3.0307293420832305687123106850996742e-03	-4.9426823253874383298326301665869957e-02	4.8212002902675400878522136096770841e-06	1.9015515939524730873223441631550235e-03
3.0314305404309294186979222295985886e-03	-4.1821084268479725290479239336383221e-02	4.8200850949182225451957060670899192e-06	1.9013316574400994513699282075669010e-03
3.0320149136917248237533789667749238e-03	-3.4216151611714102234093096981583751e-02	4.8191560938351633311063254850900846e-06	1.9011484223479695770129760195113505e-03
3.0324824393338708586260706737750103e-03	-2.6611878530030751715967002792395463e-02	4.8184131078087887087119120311127308e-06	1.9010018639376089568721894374348011e-03
3.0328330993340552122602442343602327e-03	-1.9008118358916846370809879925485481e-02	4.8178559935675608341288594465188688e-06	1.9008919624286155619761584831136215e-03
3.0330668801760093246661309254019233e-03	-1.1404724503075898120287253822920109e-02	4.8174846437138610805750572646820534e-06	1.9008187029917382469490121807608212e-03
3.0331837728494662942194773807314001e-03	-3.8015504166343780813903499246198549e-03	4.8172989866759474296710461299952832e-06	1.9007820757436895672558963749046386e-03
3.0331837728494662942194773807314001e-03	3.8015504166343780813903499246198549e-03	4.8172989866759474296710461299952832e-06	1.9007820757436895672558963749046386e-03
3.0330668801760093246661309254019233e-03	1.1404724503075898120287253822920109e-02	4.8174846437138610805750572646820534e-06	1.9008187029917382469490121807608212e-03
3.0328330993340552122602442343602327e-03	1.9008118358916846370809879925485481e-02	4.8178559935675608341288594465188688e-06	1.9008919624286155619761584831136215e-03
3.0324824393338708586260706737750103e-03	2.6611878530030751715967002792395463e-02	4.8184131078087887087119120311127308e-06	1.9010018639376089568721894374348011e-03
3.0320149136917248237533789667749238e-03	3.4216151611714102234093096981583751e-02	4.8191560938351633311063254850900846e-06	1.9011484223479695770129760195113505e-03
3.0314305404309294186979222295985886e-03	4.1821084268479725290479239336383221e-02	4.8200850949182225451957060670899192e-06	1.9013316574400994513699282075669010e-03
3.0307293420832305687123106850996742e-03	4.9426823253874383298326301665869957e-02	4.8212002902675400878522136096770841e-06	1.9015515939524730873223441631550235e-03
3.0299113456905457952486846181042289e-03	5.7033515430327531443240515680635066e-02	4.8225018951109677407831483812530471e-06	1.9018082615902980716167815923528772e-03
3.0289765828070507527259861492559297e-03	6.4641307789038204354868674785016381e-02	4.8239901607910673401616052888558246e-06	1.9021016950359204293463539825346480e-03
3.0279250895016148436338450226091656e-03	7.2250347469907024041599802463295753e-02	4.8256653748778100798127241434110005e-06	1.9024319339609816568023796707320426e-03
3.0267569063605865234981345628058954e-03	7.9860781781520351406842000684956818e-02	4.8275278612976336950677725014650341e-06	1.9027990230403355154869250250216394e-03
3.0254720784909289955063737176933867e-03	8.7472758221193638370583228027686781e-02	4.8295779804789613798091752322322856e-06	1.9032030119677338547401187278009116e-03
3.0240706555237070832308904686703296e-03	9.5086424495081077065246207530172033e-02	4.8318161295142996855941196836495980e-06	1.9036439554732919206172136229563111e-03
3.0225526916179261589408900386503900e-03	1.0270192853835868680291097866409178e-01	4.8342427423390461961840219709174580e-06	1.9041219133427448101497580357460412e-03
3.0209182454647240945085282660626147e-03	1.1031941853548802856970954961414751e-01	4.8368582899271514807130929622156767e-06	1.9046369504385079442635220136755994e-03
3.0191673802919172919364300624459879e-03	1.1793904294056779074582339109428738e-01	4.8396632805037937217945770058197573e-06	1.9051891367225556607438567559435768e-03
3.0173001638689019411129262030371226e-03	1.2556095049778054863467113291843340e-01	4.8426582597752385091159994387374978e-06	1.9057785472811332721002319403771302e-03
3.0153166685119117435852215098241949e-03	1.3318529026194206427669724446903398e-01	4.8458438111760706029118260882868057e-06	1.9064052623513191933737572247099037e-03
3.0132169710896334329789128555141733e-03	1.4081221161916056199140391954142635e-01	4.8492205561339990239238018322612811e-06	1.9070693673494550232694886267671806e-03
3.0110011530291815152344974264621968e-03	1.4844186430761348921136641457015190e-01	4.8527891543524516363058053536554286e-06	1.9077709529014627599235211637829799e-03
3.0086693003224337451281398507696077e-03	1.5607439843844935152523478979535416e-01	4.8565503041111904771175653895425173e-06	1.9085101148750696516093103644257039e-03
3.0062215035327289496460763995684633e-03	1.6370996451682229552042197566007988e-01	4.8605047425851944708106916610224240e-06	1.9092869544139625242586390725008637e-03
3.0036578578019289037414348124029035e-03	1.7134871346306720310369259269660296e-01	4.8646532461820718702256830780238485e-06	1.9101015779738947933672762470081862e-03
3.0009784628578460598715320209468401e-03	1.7899079663402315657884851893686915e-01	4.8689966308982808084690473513474827e-06	1.9109540973607707592602747491071967e-03
2.9981834230220390295463055166636313e-03	1.8663636584451323498123502898859772e-01	4.8735357526944527506415560611162376e-06	1.9118446297707332034358761435618097e-03
2.9952728472179778129687489907670349e-03	1.9428557338898870912154889881670198e-01	4.8782715078901304234390894011982124e-06	1.9127732978322817514640644794237040e-03
2.9922468489795808717713089435851754e-03	2.0193857206334581559589109986989289e-01	4.8832048335782489975703064213118279e-06	1.9137402296504509464078990523316426e-03
2.9891055464601262399043982438278146e-03	2.0959551518692340880163414217761410e-01	4.8883367080597069269286138841673851e-06	1.9147455588530784877359069344217700e-03
2.9858490624415389689717849511671215e-03	2.1725655662468991489312959100993355e-01	4.8936681512983909345416138918864297e-06	1.9157894246391956360293424077843964e-03
2.9824775243440573067910147852844345e-03	2.2492185080962814275864947920670128e-01	4.8992002253970382043970803585685905e-06	1.9168719718295733653439023727379051e-03
2.9789910642362801117447815992198094e-03	2.3259155276532664464898093453926967e-01	4.9049340350943379171379884515712011e-06	1.9179933509194594648074092099496887e-03
2.9753898188455981106420540448772708e-03	2.4026581812878646319543208550917383e-01	4.9108707282836938841439123203190121e-06	1.9191537181335434509335062952120691e-03
2.9716739295690117143878661057783946e-03	2.4794480317345225238549176835021711e-01	4.9170114965540902175313415337270623e-06	1.9203532354831878542853469092181041e-03
2.9678435424843382138314019051774477e-03	2.5562866483247691779130611953353196e-01	4.9233575757535227530776190015693663e-06	1.9215920708259661906836008910063223e-03
2.9638988083618112877881844548657061e-03	2.6331756072222908615153692846485215e-01	4.9299102465754803501409989769857652e-06	1.9228703979275497203471456250734445e-03
2.9598398826760758664801307370770934e-03	2.7101164916605288648216306854213178e-01	4.9366708351689822596918148137219273e-06	1.9241883965259869404903756560573604e-03
2.9556669256185815065748324839708939e-03	2.7871108921828970443689009269800834e-01	4.9436407137727005122777532388505218e-06	1.9255462523984216503709680664479915e-03
2.9513801021103775487021603028353527e-03	2.8641604068857175886330523439455328e-01	4.9508213013737197671973751661060386e-06	1.9269441574302973750686244991375926e-03
2.9469795818153134448533666306028823e-03	2.9412666416639754462713323993386310e-01	4.9582140643915113188935688571508576e-06	1.9283823096870979379557297679689284e-03
2.9424655391536477614982572293983202e-03	3.0184312104599938903479503607370948e-01	4.9658205173877230146943882719029641e-06	1.9298609134886760345715896579242040e-03
2.9378381533160694846645471002884564e-03	3.0956557355151358081574233888830361e-01	4.9736422238024127392503125052768620e-06	1.9313801794862237852144709709503655e-03
2.9330976082781353756869919587832636e-03	3.1729418476246375088387780597743407e-01	4.9816807967173799067995470212070400e-06	1.9329403247419414329121790555592888e-03
2.9282440928151272509310954356501434e-03	3.2502911863956841324671181037080940e-01	4.9899378996472771160160477517683085e-06	1.9345415728114626105309570522336000e-03
2.9232778005173331856080560559521873e-03	3.3277054005088381274896979466840460e-01	4.9984152473592128088641352166089079e-06	1.9361841538290969287653189130852183e-03
2.9181989298057567709072666203031440e-03	3.4051861479829347411414519186234129e-01	5.0071146067215854818381124598297970e-06	1.9378683045959530388784317820042446e-03
2.9130076839482586851655460307055716e-03	3.4827350964435610428629926548354507e-01	5.0160377975829207745913049161729408e-06	1.9395942686710078037302231305755963e-03
2.9077042710761349737562076377681446e-03	3.5603539233952376769241669880458896e-01	5.0251866936815146589088807325236954e-06	1.9413622964651897713780482032351037e-03
2.9022889042011365689063932309525165e-03	3.6380443164974253207446629433941806e-01	5.0345632235867190242977026269772373e-06	1.9431726453385477910527732565550386e-03
2.8967618012329347198307858508718404e-03	3.7158079738444807132669642064650458e-01	5.0441693716727402617250759822247821e-06	1.9450255797005783454504309964564970e-03
2.8911231849970371454995404205763847e-03	3.7936466042496901168004748679110875e-01	5.0540071791258570434738377597702585e-06	1.9469213711137880000521343892452388e-03
2.8853732832531598671365617653895883e-03	3.8715619275335111898073281530123507e-01	5.0640787449860004467462088697727498e-06	1.9488602984005702937844767962541344e-03
2.8795123287140598252725982367491131e-03	3.9495556748161574811000204431812889e-01	5.0743862272236779365680351391917140e-06	1.9508426477534794201360979173495534e-03
2.8735405590648335369605744004907377e-03	4.0276295888146631120072777338217326e-01	5.0849318438532625778819392654582604e-06	1.9528687128489861784252473413304222e-03
2.8674582169826872027059417527197079e-03	4.1057854241445686965630961147797105e-01	5.0957178740837102589504846024124943e-06	1.9549387949648049160450232536123624e-03
2.8612655501571838298837161962835297e-03	4.1840249476263731652056830227277096e-01	5.1067466595078107532973288263975747e-06	1.9570532031008835391905678543362766e-03
2.8549628113109731000209201810987910e-03	4.2623499385968999095632652931574216e-01	5.1180206053311232040717894249797712e-06	1.9592122541041521470164673013547058e-03
2.8485502582210098714366188428897873e-03	4.3407621892257295595911888107954168e-01	5.1295421816417931655128027612978577e-06	1.9614162727971294478431759648193668e-03
2.8420281537402673764736864798585651e-03	4.4192635048368557447715781671400600e-01	5.1413139247224967678217622885351655e-06	1.9636655921104898516411178260951204e-03
2.8353967658199513440528651998284194e-03	4.4978557042357243836889814682507427e-01	5.1533384384058079753014478569145768e-06	1.9659605532196980065487654909947765e-03
2.8286563675322214536606999637772891e-03	4.5765406200418213966935039032498754e-01	5.1656183954743373787611444670338796e-06	1.9683015056858215648851554861853353e-03
2.8218072370934267062829604351556185e-03	4.6553200990269782504537258617183282e-01	5.1781565391070456024798601317957373e-06	1.9706888076006371325518552275979329e-03
2.8148496578878614813530658032878357e-03	4.7341960024595694271503045349862619e-01	5.1909556843731913191659965315266961e-06	1.9731228257361486817493373155870247e-03
2.8077839184920492366443469947983349e-03	4.8131702064547807713137506490783808e-01	5.2040187197754331645066730793992521e-06	1.9756039356986421977509369695982539e-03
2.8006103126995610003440978930052148e-03	4.8922446023311327106071818879662712e-01	5.2173486088436666429792417386962937e-06	1.9781325220874049936226567882368818e-03
2.7933291395463760014597284443639894e-03	4.9714210969734475802463575397967763e-01	5.2309483917812415416133604221721708e-06	1.9807089786582429701521280198365306e-03
2.7859407033367919863816556694604965e-03	5.0507016132024557116081921144139712e-01	5.2448211871652725478064820593545387e-06	1.9833337084919341301425283902999215e-03
2.7784453136698929760280678052752504e-03	5.1300880901512405816179396707663065e-01	5.2589701937028258373973681987107558e-06	1.9860071241677618853301462693071785e-03
2.7708432854665824296933162776344713e-03	5.2095824836487291687932181999021289e-01	5.2733986920448375035060945394190779e-06	1.9887296479422771296182858265584479e-03
2.7631349389971899986903482811088603e-03	5.2891867666104397328026366796231105e-01	5.2881100466596959863209892774010031e-06	1.9915017119334437036574227679032671e-03
2.7553205999096602753004371278239793e-03	5.3689029294367055359029267464286058e-01	5.3031077077685002983219650006362861e-06	1.9943237583103277530904350563028319e-03
2.7474005992583321706091421033173593e-03	5.4487329804185995658979742802089524e-01	5.3183952133440889862280593536397166e-06	1.9971962394884975965737401300267104e-03
2.7393752735333177887113534668593639e-03	5.5286789461517921109953499521057022e-01	5.3339761911760216071914157894151838e-06	2.0001196183313070810626608173354266e-03
2.7312449646904899047129377469481607e-03	5.6087428719585800872545848433207453e-01	5.3498543610037852090154280934712711e-06	2.0030943683572420224554951603435877e-03
2.7230100201820874001517525119220352e-03	5.6889268223183343398376922120338679e-01	5.3660335367205930892535352836895165e-06	2.0061209739535162217611388802421673e-03
2.7146707929879482621241995422623916e-03	5.7692328813066187410992524780954536e-01	5.3825176286502421735829409368180985e-06	2.0091999305961107233511550915798539e-03
2.7062276416473800117606089731933320e-03	5.8496631530432428033312349006135446e-01	5.3993106458995989189701526651750101e-06	2.0123317450764574561018134271353362e-03
2.6976809302916776939775501240662491e-03	5.9302197621495177239018353446022789e-01	5.4164166987893919431679960440443471e-06	2.0155169357349761845469464783477418e-03
2.6890310286772998338903474985060828e-03	6.0109048542149942983766631908613992e-01	5.4338400013661028532568654058818206e-06	2.0187560327016818105099008191697869e-03
2.6802783122197130461464720134510954e-03	6.0917205962739699863772109211457772e-01	5.4515848739978652502462198284489504e-06	2.0220495781440875218056575465527575e-03
2.6714231620279162720014391607883156e-03	6.1726691772920616094543540841981490e-01	5.4696557460574058967425127383968077e-06	2.0253981265226381000727140104127084e-03
2.6624659649396559154746932930446334e-03	6.2537528086631497148524238124170954e-01	5.4880571586951918384046493676317466e-06	2.0288022448539168920540544937830938e-03
2.6534071135573434546754037309735036e-03	6.3349737247170105691470493182750897e-01	5.5067937677060831718311053219844922e-06	2.0322625129818795360692360117111850e-03
2.6442470062846874176697189777152639e-03	6.4163341832379620675465999966021854e-01	5.5258703464929334736126846519468186e-06	2.0357795238573775373575921348089300e-03
2.6349860473640519343757441727821986e-03	6.4978364659948605751363808111890121e-01	5.5452917891307289880749001631901341e-06	2.0393538838262452228164919727021116e-03
2.6256246469145544072361085622961381e-03	6.5794828792827968733378118895094825e-01	5.5650631135350138750064425368259821e-06	2.0429862129262344988990144881103703e-03
2.6161632209709151841586556323350041e-03	6.6612757544768509870553466113571725e-01	5.5851894647385125247111226526917494e-06	2.0466771451930932087281383956907172e-03
2.6066021915230724677746602434466664e-03	6.7432174485982777350261628194871248e-01	5.6056761182800315596606021149736170e-06	2.0504273289760947597204068526187699e-03
2.5969419865565760557957478257206965e-03	6.8253103448935073983874905676840907e-01	5.6265284837099040872731008562972387e-06	2.0542374272633390963909847455100405e-03
2.5871830400937738785242264898849360e-03	6.9075568534263589620850155215218688e-01	5.6477521082164274996197608240920261e-06	2.0581081180171580511222977106443007e-03
2.5773257922358056817705353105949649e-03	6.9899594116838769732069160328200063e-01	5.6693526803779441128384020651736536e-06	2.0620400945199716465807163449746485e-03
2.5673706892054185969551639071664647e-03	7.0725204851962172035388183205859321e-01	5.6913360340454217100950252055808662e-06	2.0660340657309560767829998401496652e-03
2.5573181833906197454361449059850358e-03	7.1552425681710210257100002367970187e-01	5.7137081523606091360453599731505957e-06	2.0700907566538988908274624981984143e-03
2.5471687333891814415394872888180333e-03	7.2381281841427337396412359993189770e-01	5.7364751719150710594817257221946447e-06	2.0742109087166323770552981430828680e-03
2.5369228040540149888289178090826951e-03	7.3211798866373380463689896877223187e-01	5.7596433870556464805318681067778037e-06	2.0783952801624523308056204536454797e-03
2.5265808665394295073018684254081977e-03	7.4044002598529904889040754878272340e-01	5.7832192543421281528028976195670299e-06	2.0826446464539463228695374606557580e-03
2.5161433983482926859291373566130121e-03	7.4877919193570659952977240547041338e-01	5.8072093971632255021790235828200221e-06	2.0869598006896733072397546144191253e-03
2.5056108833801108257748444637498385e-03	7.5713575128001336998510261836441932e-01	5.8316206105171525777357635485495709e-06	2.0913415540341549570410653003823508e-03
2.4949838119800460243713978931600831e-03	7.6550997206474060184287439838519135e-01	5.8564598659634758366318815721163419e-06	2.0957907361616585402461964531460982e-03
2.4842626809888888526338328686671118e-03	7.7390212569282225489345987379449617e-01	5.8817343167531649622070556056711098e-06	2.1003081957142714880992238943621006e-03
2.4734479937940053919552495148430868e-03	7.8231248700041507958814397517797332e-01	5.9074513031441143125752660561163085e-06	2.1048948007747891179514363998846156e-03
2.4625402603812780318310117030238856e-03	7.9074133433563070183665405364511182e-01	5.9336183579097439204212049277110807e-06	2.1095514393549593001996018185407911e-03
2.4515399973880599780405977433929979e-03	7.9918894963925227154898262535885859e-01	5.9602432120486481968651264314074988e-06	2.1142790198996512609982385363376025e-03
2.4404477281571639887263886141652450e-03	8.0765561852750054364372545176505086e-01	5.9873338007036386793479106121648217e-06	2.1190784718075402464450722162443686e-03
2.4292639827919064413305998693986786e-03	8.1614163037691667805893673019907523e-01	6.0148982692989254188755415786146379e-06	2.1239507459689255015294573991067404e-03
2.4179892982122284379972692434153421e-03	8.2464727841143156851362892433278771e-01	6.0429449799046011109245103664531101e-06	2.1288968153213260034996934796951174e-03
2.4066242182119162814593544866972614e-03	8.3317285979169414355014425997852487e-01	6.0714825178380340990962431549128601e-06	2.1339176754235267035988006474667244e-03
2.3951692935169442983881915665109537e-03	8.4171867570673383319621763096327922e-01	6.1005196985122422659078663775118800e-06	2.1390143450487777466923216467820582e-03
2.3836250818449636534950554377103777e-03	8.5028503146803526617940420353464939e-01	6.1300655745418110039298662107856577e-06	2.1441878667978803330003585763660062e-03
2.3719921479659614861899795045821463e-03	8.5887223660610626208519327517562936e-01	6.1601294431174364605029257694816370e-06	2.1494393077329256425658885081154717e-03
2.3602710637641154132071871266736209e-03	8.6748060496962331659363810077277765e-01	6.1907208536607216996577890661948136e-06	2.1547697600324876489641326778659295e-03
2.3484624083008691762255260708693186e-03	8.7611045482724205273939914986714757e-01	6.2218496157714300636610488566892940e-06	2.1601803416691067972568982112800914e-03
2.3365667678792559741144985451727026e-03	8.8476210897216353418260021066279629e-01	6.2535258074800086986703647177111617e-06	2.1656721971099395113190146319187115e-03
2.3245847361094968060346264299273037e-03	8.9343589482955091532696657744008475e-01	6.2857597838188379145556675830963055e-06	2.1712464980414884326330644283833016e-03
2.3125169139759019652745386980168384e-03	9.0213214456689464578548821051813662e-01	6.3185621857263408929405957392467348e-06	2.1769044441193702883395412316994252e-03
2.3003639099051046655250965612190022e-03	9.1085119520742836164199342892922384e-01	6.3519439492988054995218293513470876e-06	2.1826472637441224597349056556639090e-03
2.2881263398356566524336828497285383e-03	9.1959338874670169215017018887142984e-01	6.3859163154055280117981293442222442e-06	2.1884762148640958001362848614130097e-03
2.2758048272890165549646447007650191e-03	9.2835907227242049743285639471240205e-01	6.4204908396836900237273690724291279e-06	2.1943925858065301678346544450448053e-03
2.2634000034419626645874398526191704e-03	9.3714859808766954043317808423003464e-01	6.4556794029302273965943952205332883e-06	2.2003976961379606392198646604132732e-03
2.2509125072004627969555047558951208e-03	9.4596232383763729545702558162555633e-01	6.4914942219088468460913113485661282e-06	2.2064928975551566019090394558632046e-03
2.2383429852750348919232740313446723e-03	9.5480061263996751739614730581443892e-01	6.5279478605912947531886735089462740e-06	2.2126795748078530606885385599166373e-03
2.2256920922576330449404653543215477e-03	9.6366383321886735206805867197604186e-01	6.5650532418529874490921877256882331e-06	2.2189591466545936938696004081672986e-03
2.2129604907000947375969989459321730e-03	9.7255236004310717170526272408383440e-01	6.6028236596441761824849697789236557e-06	2.2253330668530686593546022876053352e-03
2.2001488511941861489789096419991918e-03	9.8146657346805298388892725923171161e-01	6.6412727916589471210254291086113511e-06	2.2318028251863970657644843468462842e-03
2.1872578524532835842244983866796328e-03	9.9040685988187820138404144090287823e-01	6.6804147125255512404584431631431933e-06	2.2383699485268746050986366682027434e-03
2.1742881813957302540133213468540238e-03	9.9937361185610778949794483003385048e-01	6.7202639075428252887297253857492605e-06	2.2450360019387813145359288533841552e-03
2.1612405332299088805390525466044680e-03	1.0083672283006543427856615692289183e+00	6.7608352869888079815707909205104894e-06	2.2518025898219230363856773817456636e-03
2.1481156115410718937644223437385372e-03	1.0173881146235125011907113567049412e+00	6.8021442010290803460985263380341042e-06	2.2586713570976631335460990832849489e-03
2.1349141283799723184842587113494964e-03	1.0264366828952853151275772890847436e+00	6.8442064552538712180095999451247944e-06	2.2656439904392886674872699623942113e-03
2.1216368043533398400869597693420327e-03	1.0355133520187237288052352597364344e+00	6.8870383268745742668537510349514742e-06	2.2727222195486478501218984626849658e-03
2.1082843687162479771711707549118711e-03	1.0446185479034682916973164232963762e+00	6.9306565816120279701595907038838233e-06	2.2799078184810934537987815240868586e-03
2.0948575594664197847248813445707595e-03	1.0537527036461905512195216606785713e+00	6.9750784913107215616341683765867388e-06	2.2872026070208703409201529334577534e-03
2.0813571234405210649133923585815920e-03	1.0629162597163403485049510921316009e+00	7.0203218523150155451992562917527674e-06	2.2946084521091947159457816598503217e-03
2.0677838164124916762855419998618904e-03	1.0721096641477144582878924284850223e+00	7.0664050046455128658533381552903565e-06	2.3021272693273884929782692442120932e-03
2.0541384031939672091669307713981061e-03	1.0813333727360717095261182458955813e+00	7.1133468520158948449212215725545684e-06	2.3097610244375547244735992042173280e-03
2.0404216577368450380832838038083787e-03	1.0905878492430299234301691971958665e+00	7.1611668827328537716369805588965721e-06	2.3175117349834097933800215368010308e-03
2.0266343632380505743198258736643740e-03	1.0998735656064907397778514830715689e+00	7.2098851915242215679295166217091427e-06	2.3253814719540255067678609002887574e-03
2.0127773122465614264108284662033211e-03	1.1091910021578497024921924210226808e+00	7.2595225023430219654037177215726325e-06	2.3333723615133798530235416894657636e-03
1.9988513067727491368783576906294086e-03	1.1185406478462608752809582988653097e+00	7.3101001921979737608129330389648220e-06	2.3414865867987695436363279115041586e-03
1.9848571584001002034961437186639510e-03	1.1279230004702377937714800750561400e+00	7.3616403160639574817795427078805204e-06	2.3497263897913011416686755286506487e-03
1.9707956883993802165345335368122334e-03	1.1373385669168857705565925153825364e+00	7.4141656329291407367310025639942513e-06	2.3580940732618512130967073047155420e-03
1.9566677278453071538445593965154421e-03	1.1467878634090744950434056129153298e+00	7.4676996330388532744279985150454394e-06	2.3665920027960702026121040904931735e-03
1.9424741177358021774827840135734591e-03	1.1562714157608745549276963545869183e+00	7.5222665663999271620380559839651384e-06	2.3752226089022003617240943045430436e-03
1.9282157091138886733177372380703757e-03	1.1657897596415969974914964875919565e+00	7.5778914726130876258857891648160511e-06	2.3839883892056858291407273680258657e-03
1.9138933631923127733965965010621013e-03	1.1753434408487913969869675644128333e+00	7.6346002121051145178808263994338573e-06	2.3928919107347737266559374402791506e-03
1.8995079514809612047554276840891976e-03	1.1849330155905751528819592148868670e+00	7.6924194988369131454453363388680440e-06	2.4019358123015397985706021244605080e-03
1.8850603559171550230778320735264691e-03	1.1945590507776849702386539598775758e+00	7.7513769345683580859836511349267989e-06	2.4111228069830216702506453055984154e-03
1.8705514689989006206952899715186067e-03	1.2042221243256607295891346568733066e+00	7.8115010447658281850540768919004485e-06	2.4204556847074082898138396017658373e-03
1.8559821939211823517473375496431378e-03	1.2139228254675923053693663814774863e+00	7.8728213162437608001388028333190211e-06	2.4299373149505166876173766951880861e-03
1.8413534447153841990907067430402949e-03	1.2236617550778814100287824142859630e+00	7.9353682366373462783467327050283806e-06	2.4395706495480880733437509351363493e-03
1.8266661463919311243360512263318044e-03	1.2334395260074933012214859686249157e+00	7.9991733358096898199184752831133496e-06	2.4493587256297558208050293225744235e-03
1.8119212350862441011578219155628879e-03	1.2432567634311972734157861278462244e+00	8.0642692293034200735347257898255955e-06	2.4593046686808795041356538650927487e-03
1.7971196582081063401385472729630615e-03	1.2531141052073203502215871572275096e+00	8.1306896639538576967266122001130446e-06	2.4694116957388034006449577916309582e-03
1.7822623745945418786845620750351357e-03	1.2630122022505655935893337746775585e+00	8.1984695657885115014602436210243982e-06	2.4796831187304864473051067671754685e-03
1.7673503546663115402672624490861649e-03	1.2729517189184750516395203358605415e+00	8.2676450903458869445450039379135328e-06	2.4901223479588653503947832153538613e-03
1.7523845805881352721852140262041308e-03	1.2829333334121476866777842219346203e+00	8.3382536755554176503283373544042190e-06	2.5007328957457553732059245431705733e-03
1.7373660464327540595271504094633747e-03	1.2929577381918547755889162343304113e+00	8.4103340973298155572402210257574489e-06	2.5115183802395664020470039020637119e-03
1.7222957583489489949366996583459815e-03	1.3030256404082293818375150379375668e+00	8.4839265280313339107995511351932150e-06	2.5224825293966175334430994257053432e-03
1.7071747347336396696425568728929149e-03	1.3131377623497426969434743520576271e+00	8.5590725979844094509812048227536894e-06	2.5336291851453741498876252727449181e-03
1.6920040064081888521852301547112787e-03	1.3232948419072184852375139050664267e+00	8.6358154602189610484420025160313856e-06	2.5449623077435099876762077325554361e-03
1.6767846167990454492088213750985133e-03	1.3334976330561776960082998731069815e+00	8.7141998586413430969327613931292404e-06	2.5564859803383160139944747486696549e-03
1.6615176221228630102120788625753075e-03	1.3437469063578487012705087269187966e+00	8.7942721998436612304703015909489525e-06	2.5682044137416412455158565429050612e-03
1.6462040915762365586929955189253069e-03	1.3540434494797247582054308378108915e+00	8.8760806287769408510775811581074930e-06	2.5801219514312614642540068880587528e-03
1.6308451075302063199671910589150070e-03	1.3643880677365993803816101332065380e+00	8.9596751085295891241034782995177064e-06	2.5922430747913339355962069276295123e-03
1.6154417657296829863130280188352439e-03	1.3747815846530625446185432501422140e+00	9.0451075044698111229529766915722400e-06	2.6045724086054138661684543911949169e-03
1.5999951754979555292143154369628610e-03	1.3852248425484962916420364484963600e+00	9.1324316730292432328014856546550747e-06	2.6171147268163859873115786645543227e-03
1.5845064599464492536247633911293984e-03	1.3957187031456675482588425356479091e+00	9.2217035554251753091385181692737823e-06	2.6298749585686072563990977302801779e-03
1.5689767561899088088093445199809950e-03	1.4062640482040791770715989791249441e+00	9.3129812766404831724397419610055843e-06	2.6428581945485696280327180003880313e-03
1.5534072155671882441077819640366742e-03	1.4168617801793076397388348025721944e+00	9.4063252500039340467499857690572376e-06	2.6560696936414810529936079435068236e-03
1.5377990038678379469294182219532457e-03	1.4275128229096275590794010953304229e+00	9.5017982877390237313870815197659295e-06	2.6695148899223347555976095614493422e-03
1.5221533015646864468776055403125860e-03	1.4382181223313002284937811230262031e+00	9.5994657178771364626211712043705057e-06	2.6831994000012984650703468980894786e-03
1.5064713040526236381136353772250530e-03	1.4489786472239851182808349482098513e+00	9.6993955079607858667866233191910384e-06	2.6971290307446143458391368838662157e-03
1.4907542218938009875714360494334084e-03	1.4597953899878210738121997193887141e+00	9.8016583959952179424626283725445651e-06	2.7113097873936653337211180686275315e-03
1.4750032810694737868908971500075126e-03	1.4706693674538176319193104745022737e+00	9.9063280291419772913770912900302912e-06	2.7257478821064437021893246696824540e-03
1.4592197232387205003587052798231860e-03	1.4816016217292971797923442282340405e+00	1.0013481110686423939716333710615603e-05	2.7404497429473631177378224636744860e-03
1.4434048060042847912387874366494166e-03	1.4925932210802360683289438380434219e+00	1.0123197555852936510245475572095112e-05	2.7554220233531973549565156684750443e-03
1.4275598031857969084163931218689249e-03	1.5036452608524678391427782970619997e+00	1.0235560657086976328497576946671063e-05	2.7706716121049194936648314129100781e-03
1.4116860051006428205011461361101716e-03	1.5147588644338350527363671431981023e+00	1.0350657259472679734869071037196797e-05	2.7862056438373683004488447716951048e-03
1.3957847188527618343221405606719780e-03	1.5259351842595084926587374993520513e+00	1.0468577947008595419881888045689071e-05	2.8020315101209984528072727587870100e-03
1.3798572686296664708668864301628761e-03	1.5371754028628345071498496206741018e+00	1.0589417240523037235253199853787688e-05	2.8181568711524946539753352281818288e-03
1.3639049960079921390492840187076936e-03	1.5484807339742237448802977010998667e+00	1.0713273808074777458308641830769403e-05	2.8345896680937645484167689974669609e-03
1.3479292602678986945069838670198595e-03	1.5598524236707584297937756385382051e+00	1.0840250688755013290208120998148342e-05	2.8513381361017915901062674499326757e-03
1.3319314387166613488656674939789847e-03	1.5712917515793715703229525832087113e+00	1.0970455530883315246696987980107189e-05	2.8684108180950486300656110048545802e-03
1.3159129270218046604974934545567268e-03	1.5828000321366411714574146546546446e+00	1.1104000845674294991082128961864786e-05	2.8858165793056702925027840421787127e-03
1.2998751395541505510121093589629445e-03	1.5943786159084467777102856010280713e+00	1.1241004277543775915575248077497762e-05	2.9035646226703841118872742344480206e-03
1.2838195097411695175406199039608820e-03	1.6060288909729557976837825192862768e+00	1.1381588892324165138582871799699457e-05	2.9216645051173367185904532557767134e-03
1.2677474904310435194354197522350512e-03	1.6177522843706444489842903064153242e+00	1.1525883484769463523120170596842910e-05	2.9401261548104551460126569893572824e-03
1.2516605542678694850435743425249469e-03	1.6295502636253143573219396053739287e+00	1.1674022906851976961164099391437050e-05	2.9589598894178912802635632519563166e-03
1.2355601940784540915604669387519706e-03	1.6414243383403425421115014837499955e+00	1.1826148418486501530475117732617212e-05	2.9781764354764503534340621068060588e-03
1.2194479232711735071459963218147028e-03	1.6533760618747015911372320622506930e+00	1.1982408062464885961005961159538946e-05	2.9977869489297475379272019069415611e-03
1.2033252762473962452878122254229857e-03	1.6654070331036103286295997742253066e+00	1.2142957065545929869188949327686342e-05	3.0178030369242206190937592020745518e-03
1.1871938088259932705945942393757079e-03	1.6775188982690254874324714220888444e+00	1.2307958267824244166390255650355487e-05	3.0382367809541076791678129936407109e-03
1.1710550986814871252897797279700649e-03	1.6897133529255643176182497263931492e+00	1.2477582582698880943636931916109118e-05	3.0591007614541395072763263872155344e-03
1.1549107457964212387011166429198882e-03	1.7019921439878594772260069538959417e+00	1.2652009489980374298643418854863332e-05	3.0804080839470671987007083046221029e-03
1.1387623729285618705313602343098331e-03	1.7143570718857940287809669923156269e+00	1.2831427564915734983506947223357045e-05	3.1021724068623245625539431238000288e-03
1.1226116260935784666790541908598518e-03	1.7268099928345493129762652760833762e+00	1.3016035046177636465936390614236445e-05	3.1244079711522003462686107042487682e-03
1.1064601750638837305202876306292888e-03	1.7393528212269256654279174474606998e+00	1.3206040446159600437101501122791563e-05	3.1471296318429653577798707334109785e-03
1.0903097138843526034235411340813144e-03	1.7519875321559695780690730822923153e+00	1.3401663207246925915903160555137400e-05	3.1703528916705748155536177742217264e-03
1.0741619614056797917089939358964083e-03	1.7647161640765656464317162279800777e+00	1.3603134408097364542342932595659448e-05	3.1940939369639708467068896433938171e-03
1.0580186618361786759978647014536114e-03	1.7775408216153326775685927505320559e+00	1.3810697524370617319377662539762124e-05	3.2183696759537836870510257601681567e-03
1.0418815853128706142406419293137712e-03	1.7904636785389064437090589714809482e+00	1.4024609248796721638779827142682242e-05	3.2431977797005302032628182102086371e-03
1.0257525284927630435174818423567789e-03	1.8034869808915032056990400339523778e+00	1.4245140375976125829946510464455714e-05	3.2685967258544124062837238766186055e-03
1.0096333151652676625278246864506342e-03	1.8166130503135455045694491845312249e+00	1.4472576757865340473807976394554577e-05	3.2945858454787272199795906900108430e-03
9.9352579688676662621928446931222919e-04	1.8298442875541028893223962653385320e+00	1.4707220336529080461282909707086265e-05	3.3211853731909387838485023734656506e-03
9.7743185363839542378639122567137228e-04	1.8431831761909642403610647948601318e+00	1.4949390261441425363826850208316876e-05	3.3484165008998930018483531782023156e-03
9.6135339450817628973140439977728847e-04	1.8566322865733252821546515282040445e+00	1.5199424099404642814666624424589105e-05	3.3763014354447624465415089334619513e-03
9.4529235839870599757279060987047936e-04	1.8701942800033561201911486815066627e+00	1.5457679146036314728099871465653701e-05	3.4048634604714293147579387333376784e-03
9.2925071476167712802758736915734610e-04	1.8838719131743219640124211845593680e+00	1.5724533848766349856738211540614475e-05	3.4341270029155217864333589455069335e-03
9.1323046436059285149530745411298063e-04	1.8976680428844799977312592086038310e+00	1.6000389352400403181781548287605413e-05	3.4641177044986443519816679668643546e-03
8.9723364006312242923141021247014171e-04	1.9115856310476828552461349814767724e+00	1.6285671179562499959247686840361240e-05	3.4948624986859756701216700814999271e-03
8.8126230766463858241909023228428982e-04	1.9256277500235026698259998300214958e+00	1.6580831059747316717355144806608050e-05	3.5263896935999087583247232045932616e-03
8.6531856674457922627585943557207093e-04	1.9397975882917699168209995611593261e+00	1.6886348922314788641725686293735018e-05	3.5587290614364196334276645922681706e-03
8.4940455155738550642884147987616868e-04	1.9540984564987217242599716320872811e+00	1.7202735070573371367929668265476867e-05	3.5919119349891081864560490128843327e-03
8.3352243195988637036101804219931227e-04	1.9685337939045016171211746664165093e+00	1.7530532556154604782643877951293007e-05	3.6259713119512051963872293953210190e-03
8.1767441437712790442613576019251250e-04	1.9831071752645770473445392603609545e+00	1.7870319775216939100102279044001935e-05	3.6609419677392560290895808043150881e-03
8.0186274280878430714134883972652621e-04	1.9978223181807769887819768647790600e+00	1.8222713310673455715276093795962065e-05	3.6968605776647981895231266364040788e-03
7.8608969987843769814763936318923107e-04	2.0126830909611386217314006329140013e+00	1.8588371047665651822876784955412642e-05	3.7337658493734447254099514730845723e-03
7.7035760792817714441243877638809318e-04	2.0276935210316345619796595824723021e+00	1.8967995592961826220701633843280609e-05	3.7716986665758716315350167776380620e-03
7.5466883016114462051537003042223096e-04	2.0428578039471815485258711441679518e+00	1.9362338032911828788946178320297105e-05	3.8107022452140286981209377337414009e-03
7.3902577183484856005843524041618125e-04	2.0581803130541668592702435206542061e+00	1.9772202069120022358201615212599739e-05	3.8508223033404769348965200270256349e-03
7.2343088150827582486253617605240606e-04	2.0736656098621375966327079466399104e+00	2.0198448576199562806614227642754230e-05	3.8921072461414635248278093729610597e-03
7.0788665234606213820472205351230029e-04	2.0893184551883582075234785948874044e+00	2.0642000631954966276507607855945002e-05	3.9346083677079346363164946011174323e-03
6.9239562348323134154989116508884289e-04	2.1051438211457429411637964071160008e+00	2.1103849077238390833999031794672190e-05	3.9783800713563839593455102498312698e-03
6.7696038145428753897190369801292802e-04	2.1211469040523161524181356977289158e+00	2.1585058670694839466775367578634842e-05	4.0234801105270248852242867057883405e-03
6.6158356169074387812330373221539756e-04	2.1373331383489645941467142367836493e+00	2.2086774912839168727405192383836791e-05	4.0699698525447058910779323808173924e-03
6.4626785009150030197133957493701255e-04	2.1537082116219616020013497412930156e+00	2.2610231624616064651422537778998866e-05	4.1179145678235052765728005795179666e-03
6.3101598467084339351396395724366784e-04	2.1702780808377256564546716526159320e+00	2.3156759378049573363315950005516919e-05	4.1673837474352379899081127593186963e-03
6.1583075728923816630410215492582438e-04	2.1870489899097144867026698958018312e+00	2.3727794891111274922220954380405671e-05	4.2184514523525224394445611208805112e-03
6.0071501547251857131056919196114475e-04	2.2040274887314719394217461905165260e+00	2.4324891515910876867959630566531160e-05	4.2711966981273054311730552031678774e-03
5.8567166432556542221822513643882277e-04	2.2212204538258976175180124076725951e+00	2.4949730969204847641521359361430589e-05	4.3257038792862106255582677437187636e-03
5.7070366854709288723657416176015604e-04	2.2386351107791035490727113242179700e+00	2.5604136477590836700470160172648550e-05	4.3820632383271611433655848043099736e-03
5.5581405455275393772149993205659705e-04	2.2562790586481169385712965628924921e+00	2.6290087537292230659397504450080633e-05	4.4403713849022867185870741394326676e-03
5.4100591271442837272557074262711185e-04	2.2741602965556076156206799700132279e+00	2.7009736520972314656734854200471352e-05	4.5007318715880129663676652374513042e-03
5.2628239972428250316351366150443391e-04	2.2922872527122658046687470878331511e+00	2.7765427402571340801197264126357850e-05	4.5632558335959663660545686576399818e-03
5.1164674109299676631922199258756851e-04	2.3106688161390276813628531462223255e+00	2.8559716916984678801581024617772606e-05	4.6280627008939424501482358576947281e-03
4.9710223379245738792186930109588640e-04	2.3293143713977549942689898667278577e+00	2.9395398526039069681576705986287710e-05	4.6952809925162639813870355448758982e-03
4.8265224905421335644320910183142072e-04	2.3482338366810724527884692267746728e+00	3.0275529627585038849375290299653149e-05	4.7650492043858686833859546922336284e-03
4.6830023533612507319900539611500495e-04	2.3674377056608744523504897630252813e+00	3.1203462522976062667718001397439465e-05	4.8375168037934308269193444092502539e-03
4.5404972147089311834226706178377960e-04	2.3869370935517612956607365179960287e+00	3.2182879752703022249419413529155791e-05	4.9128453458394248050514971707617531e-03
4.3990432001157447057237534104800955e-04	2.4067437879118408758366090714715437e+00	3.3217834524194239169745212030558021e-05	4.9912097297143369335486634406363151e-03
4.2586773079079243403403119443013548e-04	2.4268703047807375783718060464245108e+00	3.4312797094428081683749518753525561e-05	5.0727996157581031889505132540427710e-03
4.1194374471215266004432132309686945e-04	2.4473299508454806854852121087142632e+00	3.5472708138912929257413718817724425e-05	5.1578210279114444367465358505271000e-03
3.9813624779442300282919329784831394e-04	2.4681368924318825321671243534117336e+00	3.6703040345227717487683199210510485e-05	5.2464981705852544398026664956997196e-03
3.8444922549135728784297279880648344e-04	2.4893062322453549319285449732110303e+00	3.8009869723202235424134011881173506e-05	5.3390754943002278489519441172751169e-03
3.7088676731268713829167232348723507e-04	2.5108540949349103993011096599259110e+00	3.9399958437154784458801104023899735e-05	5.4358200509024103297719906939124187e-03
3.5745307177482498966691580414418665e-04	2.5327977227323797053262901186258184e+00	4.0880851354133268196453732295903708e-05	5.5370241870133190923863341966985724e-03
3.4415245171327880065910120790675978e-04	2.5551555826319047551442169269666700e+00	4.2460988986232245545656382688941909e-05	5.6430086339717947390048812070510757e-03
3.3098933999275079997759297696746648e-04	2.5779474868303580752168484835648201e+00	4.4149840111404865207680322116394998e-05	5.7541260643115322632773307266510164e-03
3.1796829565547040706693783474576425e-04	2.6011947284573301577855534338477402e+00	4.5958058120699149536361793368804238e-05	5.8707651993629278883981474668791613e-03
3.0509401055360582625718332916864192e-04	2.6249202349961409028387572289017298e+00	4.7897666106690504049235128964865838e-05	5.9933555706077838255183890104137469e-03
2.9237131651774400945969659192099246e-04	2.6491487422507678875893458867429304e+00	4.9982276939470434018573221746591334e-05	6.1223730599109301427249034653104872e-03
2.7980519312058851477421732974811881e-04	2.6739069922678418515181385684000846e+00	5.2227356155168131682466509988200963e-05	6.2583463719632253834001704528817927e-03
2.6740077610340010312817098230759154e-04	2.6992239593039322245378296484358507e+00	5.4650537518705189014201430086802073e-05	6.4018646278583766855401194291102247e-03
2.5516336654254329688323921933092821e-04	2.7251311087699049714891856383559451e+00	5.7272003768461441213630696416155277e-05	6.5535863139030649701414693659591733e-03
2.4309844084511049564729941655309834e-04	2.7516626951301069604926069703713065e+00	6.0114948513162931104136274188488754e-05	6.7142498774902090418304334733549404e-03
2.3121166167635635422462737057518498e-04	2.7788561060422414008946623210240017e+00	6.3206139817713232700362728867518104e-05	6.8846863361546102265669256766120042e-03
2.1950888993806929187181758797924007e-04	2.8067522616705050225572886103221601e+00	6.6576612086103397425901384449904243e-05	7.0658343622388258363276603673997290e-03
2.0799619793664099780140391674179639e-04	2.8353960801919684997522395404750058e+00	7.0262520992223298823602425921901449e-05	7.2587584314358546170837746078859936e-03
1.9667988390324058597283503321178198e-04	2.8648370231818670729262669375514150e+00	7.4306207231026931033021155463888135e-05	7.4646707892768105026861617967204394e-03
1.8556648805714713693801990140885077e-04	2.8951297379945137097527129056965826e+00	7.8757529928035657537624600895448989e-05	7.6849582100376464500109091341246590e-03
1.7466281043822126537707365970114690e-04	2.9263348187099193214789776581889771e+00	8.3675551355094526575948771186693245e-05	7.9212148183243130756728476572778723e-03
1.6397593077736915136015899444873338e-04	2.9585197130486234191726335554337926e+00	8.9130683668728659414529360606931588e-05	8.1752826445870413039904542129809377e-03
1.5351323072686216725845996864170216e-04	2.9917598103695603757318366057873544e+00	9.5207449482474879817346920496145443e-05	8.4493021353746194868468752608742979e-03
1.4328241883843137897795363803479972e-04	3.0261397561698674739578608438327180e+00	1.0200806693716282812990532805371444e-04	8.7457756011666602652639034298098627e-03
1.3329155876006333615175443765574668e-04	3.0617550524264763015716377843155082e+00	1.0965715539827300122811534494518122e-04	9.0676476546491927900267315697605641e-03
1.2354910122768103862954259940624729e-04	3.0987140221543023156106298104059966e+00	1.1830798390413935963655499914086438e-04	9.4184082154091523359929547833618317e-03
1.1406392056268263727784992040992185e-04	3.1371402429252363184993295853466967e+00	1.2815087329254049720763319659958391e-04	9.8022258573098784400510177819796120e-03
1.0484535656076703030812631024654879e-04	3.1771755911439563671434298184496607e+00	1.3942465093559318260597044062025173e-04	1.0224122504827571664058140524589215e-02
9.5903262885917831325816055834440857e-05	3.2189840917512436748163890332147094e+00	1.5243250496220979199925156571821030e-04	1.0690205310261690812569055232931822e-02
8.7248063386389628777066236886957973e-05	3.2627568447730736734904673998381493e+00	1.6756429661378773349928682176989414e-04	1.1207978893417511497810052215759016e-02
7.8890818157035749880080503461732526e-05	3.3087184136378364622453708507249189e+00	1.8532854730426827401811130367558921e-04	1.1786772559544243947464360134680985e-02
7.0843301728962938029726206014825290e-05	3.3571352315644518322980658036592806e+00	2.0639925060262064842023433238786643e-04	1.2438335323497597437282900757511576e-02
6.3118096541116030024385178677269138e-05	3.4083268471366252248982286333370988e+00	2.3168598399720187922784521984956394e-04	1.3177681347261980538129818716011051e-02
5.5728705944501938025182717680593783e-05	3.4626812500893323099792684138940032e+00	2.6244170208595803938360365208381964e-04	1.4024318545458659363737667441073807e-02
4.8689692576907729057302152031572617e-05	3.5206762039335009144044268850997301e+00	3.0043348422479348096603759713406541e-04	1.5004080419396587021125185048639748e-02
4.2016850301528108637407269822728416e-05	3.5829096693348476362113801250635365e+00	3.4822246255774083997020759294710813e-04	1.6151939060928599619537434399907911e-02
3.5727421499100128883586589744812761e-05	3.6501444319030635467259059279780660e+00	4.0964149027391107286884845967124485e-04	1.7516475541231764036600322621947279e-02
2.9840377175793024677553969512912598e-05	3.7233757700807740248588774565742637e+00	4.9064968839311858735525361570028848e-04	1.9167276903284602131032441630061277e-02
2.4376786646295312996005856345862569e-05	3.8039381921422972729309634596150876e+00	6.0095046207903628512627978070597563e-04	2.1207781277428051719900523666981578e-02
1.9360319497392856990050792300970569e-05	3.8936820770401265449288731866905512e+00	7.5727549563437945479422269509882068e-04	2.3798936548192377293871191389240228e-02
1.4817951426683290204406626156702221e-05	3.9952839706883811626212472369120927e+00	9.9065820906120441429195734015640459e-04	2.7206100765895141647046362001937575e-02
1.0781001531237548032565482186769589e-05	4.1128349254568389397716556872285541e+00	1.3644806350981877626777240689802756e-03	3.1901259488512630007755373603040117e-02
7.2867465876603190720191625309531184e-06	4.2530754524568031637240140756829761e+00	2.0267638325215815496659016871299426e-03	3.8816121966643001692972200174592557e-02
4.3811336962068417050616326310114927e-06	4.4283874615697006497230196024458963e+00	3.4005755931997579123792322922175384e-03	5.0094868953393449740322847771464994e-02
2.1238261398436834851326669418879186e-06	4.6658407209180644943220433389946268e+00	7.2061145055618570411524244933503272e-03	7.2099594797967783820622999491519942e-02
5.9549981411782792889713383761822697e-07	5.0484174243962643295486626415317275e+00	3.4296551996286523391639877952068372e-02	1.3834611049487823884957003204865070e-01
0.0000000000000000000000000000000000e+00	0.0000000000000000000000000000000000e+00	8.3435964113911717902775524324561991e-06	2.3279558079268518187408219142217445e-03