2.3946768106901119869546937321703482e-04	-3.7441012708953448807492851774167712e+00	5.7115084603725279281304769369958834e-02	1.8005429484136764469087470754085560e-01
7.9928792127175655575614231593469002e-04	-3.2404370550122108585411135472819601e+00	1.2953273659048841327866460138395973e-02	9.6879163370645622619490727923236745e-02
1.5575122428022753079289213098213498e-03	-2.9174067907230026407083342821675330e+00	6.4810886989798107347899174168962870e-03	6.9241214454635658967316305993414134e-02
2.4624541810999573244267324793118397e-03	-2.6722738352552781527572181606486435e+00	4.0662344091393688031657835409743300e-03	5.5023888479646080889836303551693045e-02
3.4775196991182140091107104230535345e-03	-2.4713047976182803410710362998029946e+00	2.8690019396658203760928020717889178e-03	4.6284940057723842934158330059332067e-02
4.5751747241597090272299169722967447e-03	-2.2989812097603871303249060236847793e+00	2.1765527971135535401192003323941522e-03	4.0344302173641045345165440714825548e-02
5.7335652869125532556081003338792333e-03	-2.1468102170558801083115919973182934e+00	1.7348684923436976604021203556262316e-03	3.6034592211354822642392343931760301e-02
6.9347280684224970402640497177362735e-03	-2.0096110425936945857293813076025974e+00	1.4333515573810249641501062521464084e-03	3.2762853358618123711154456776349930e-02
8.1635336877444718982583578261901932e-03	-1.8839772405224505437706938446679117e+00	1.2170142238062642295113587407038005e-03	3.0194834316555437504027119822481104e-02
9.4070115438946966673616545410487901e-03	-1.7675418829912040352702347355436853e+00	1.0557851906082501011630077688444028e-03	2.8127299349388373371582832093583688e-02
1.0653892663046084683226124562357278e-02	-1.6585889004238565847470408770624115e+00	9.3199191900841314891014773827524186e-04	2.6429341840003005073927280062503920e-02
1.1894286123476825872896477099837508e-02	-1.5558312247051406815853921501877569e+00	8.3464560976249556584853719730872087e-04	2.5012727449487800591291464681580053e-02
1.3119441894336916398082423859094189e-02	-1.4582763746978017017711552560330752e+00	7.5659568021969514647302891496692160e-04	2.3815763360081258155739173782464175e-02
1.4321572057824706660223539832152576e-02	-1.3651410198102165299009071943069186e+00	6.9301186043314646352215434616626252e-04	2.2793992748775704525555145891066622e-02
1.5493712905372793194565764977838933e-02	-1.2757944864337443983546326834197927e+00	6.4052763964657595647740708030449475e-04	2.1914561386915233087451564658029669e-02
1.6629616514034558727373593352020176e-02	-1.1897201418608732259440802008597973e+00	5.9673373987212942548092475336812419e-04	2.1152667138227050106306749157491048e-02
1.7723664131223411669827958973179509e-02	-1.1064882395373279362968891700425832e+00	5.5986647395945952392371121830116370e-04	2.0489244511330264599762005649959174e-02
1.8770796050462770689339570928536167e-02	-1.0257363490773348324932425777407567e+00	5.2860938420935312159751729185886868e-04	1.9909409769618245422256283085043953e-02
1.9766454200301178768091798025580356e-02	-9.4715494474329230276526062762671292e-01	5.0196321610373724681986483571973916e-04	1.9401389957712995507024084083444719e-02
2.0706534704367066005010615804696887e-02	-8.7047658654411793183443300972751796e-01	4.7915846884483354850011669963708989e-04	1.8955768749634305148750153890870610e-02
2.1587348385172079827894667446841197e-02	-7.9546765584085935897016796111062585e-01	4.5959523996769893270813836111634431e-04	1.8564945024128865561276952215075554e-02
2.2405587688409537996668418901779012e-02	-7.2192194056967367360988520550139008e-01	4.4280101586765715075499259380108341e-04	1.8222737532168570975488160854664066e-02
2.3158298867321195871208286103817070e-02	-6.4965558106354034716192950014674151e-01	4.2840053366142048046295458006595593e-04	1.7924091962007254494238205945411536e-02
2.3842858532633934273700844170475196e-02	-5.7850303051880032688510487403293313e-01	4.1609393294255958919560033957396841e-04	1.7664861131471719974491094527040437e-02
2.4456953871797822603762559732937286e-02	-5.0831378089799380168544667912296418e-01	4.0564071073005783011696234703359833e-04	1.7441638325262864171062560578752653e-02
2.4998565991406341081913366579649391e-02	-4.3894967165863520737038912762337283e-01	3.9684781304448714738965029986696067e-04	1.7251629907281374153588672765515723e-02
2.5465955952194093407626479623614388e-02	-3.7028264525893801014590621947646328e-01	3.8956072754168637128631121010577315e-04	1.7092557442245931056824570586115669e-02
2.5857653156276222199259314170669786e-02	-3.0219284637169603572330573750463893e-01	3.8365679256282767004427757208374101e-04	1.6962582370142591074181906699998544e-02
2.6172445817992499343110983068347210e-02	-2.3456698533600932028746363786188171e-01	3.7904017455238421002132685827092817e-04	1.6860248236604534761650218978634521e-02
2.6409373307680508152732054279736468e-02	-1.6729690336899547038405993483083372e-01	3.7563812857795643891803820903934851e-04	1.6784436876290720066866483054347171e-02
2.6567720205492798977672495962855524e-02	-1.0027828930388713290476351791586667e-01	3.7339827120784687908663789830321532e-04	1.6734335959903772381112817345898546e-02
2.6647011942681511311172607251494209e-02	-3.3409506370100741224326460777038313e-02	3.7228667774939427896956900113256024e-04	1.6709416072139026662513982225222576e-02
2.6647011942681511311172607251494209e-02	3.3409506370100741224326460777038313e-02	3.7228667774939427896956900113256024e-04	1.6709416072139026662513982225222576e-02
2.6567720205492798977672495962855524e-02	1.0027828930388713290476351791586667e-01	3.7339827120784687908663789830321532e-04	1.6734335959903772381112817345898546e-02
2.6409373307680508152732054279736468e-02	1.6729690336899547038405993483083372e-01	3.7563812857795643891803820903934851e-04	1.6784436876290720066866483054347171e-02
2.6172445817992499343110983068347210e-02	2.3456698533600932028746363786188171e-01	3.7904017455238421002132685827092817e-04	1.6860248236604534761650218978634521e-02
2.5857653156276222199259314170669786e-02	3.0219284637169603572330573750463893e-01	3.8365679256282767004427757208374101e-04	1.6962582370142591074181906699998544e-02
2.5465955952194093407626479623614388e-02	3.7028264525893801014590621947646328e-01	3.8956072754168637128631121010577315e-04	1.7092557442245931056824570586115669e-02
2.4998565991406341081913366579649391e-02	4.3894967165863520737038912762337283e-01	3.9684781304448714738965029986696067e-04	1.7251629907281374153588672765515723e-02
2.4456953871797822603762559732937286e-02	5.0831378089799380168544667912296418e-01	4.0564071073005783011696234703359833e-04	1.7441638325262864171062560578752653e-02
2.3842858532633934273700844170475196e-02	5.7850303051880032688510487403293313e-01	4.1609393294255958919560033957396841e-04	1.7664861131471719974491094527040437e-02
2.3158298867321195871208286103817070e-02	6.4965558106354034716192950014674151e-01	4.2840053366142048046295458006595593e-04	1.7924091962007254494238205945411536e-02
2.2405587688409537996668418901779012e-02	7.2192194056967367360988520550139008e-01	4.4280101586765715075499259380108341e-04	1.8222737532168570975488160854664066e-02
2.1587348385172079827894667446841197e-02	7.9546765584085935897016796111062585e-01	4.5959523996769893270813836111634431e-04	1.8564945024128865561276952215075554e-02
2.0706534704367066005010615804696887e-02	8.7047658654411793183443300972751796e-01	4.7915846884483354850011669963708989e-04	1.8955768749634305148750153890870610e-02
1.9766454200301178768091798025580356e-02	9.4715494474329230276526062762671292e-01	5.0196321610373724681986483571973916e-04	1.9401389957712995507024084083444719e-02
1.8770796050462770689339570928536167e-02	1.0257363490773348324932425777407567e+00	5.2860938420935312159751729185886868e-04	1.9909409769618245422256283085043953e-02
1.7723664131223411669827958973179509e-02	1.1064882395373279362968891700425832e+00	5.5986647395945952392371121830116370e-04	2.0489244511330264599762005649959174e-02
1.6629616514034558727373593352020176e-02	1.1897201418608732259440802008597973e+00	5.9673373987212942548092475336812419e-04	2.1152667138227050106306749157491048e-02
1.5493712905372793194565764977838933e-02	1.2757944864337443983546326834197927e+00	6.4052763964657595647740708030449475e-04	2.1914561386915233087451564658029669e-02
1.4321572057824706660223539832152576e-02	1.3651410198102165299009071943069186e+00	6.9301186043314646352215434616626252e-04	2.2793992748775704525555145891066622e-02
1.3119441894336916398082423859094189e-02	1.4582763746978017017711552560330752e+00	7.5659568021969514647302891496692160e-04	2.3815763360081258155739173782464175e-02
1.1894286123476825872896477099837508e-02	1.5558312247051406815853921501877569e+00	8.3464560976249556584853719730872087e-04	2.5012727449487800591291464681580053e-02
1.0653892663046084683226124562357278e-02	1.6585889004238565847470408770624115e+00	9.3199191900841314891014773827524186e-04	2.6429341840003005073927280062503920e-02
9.4070115438946966673616545410487901e-03	1.7675418829912040352702347355436853e+00	1.0557851906082501011630077688444028e-03	2.8127299349388373371582832093583688e-02
8.1635336877444718982583578261901932e-03	1.8839772405224505437706938446679117e+00	1.2170142238062642295113587407038005e-03	3.0194834316555437504027119822481104e-02
6.9347280684224970402640497177362735e-03	2.0096110425936945857293813076025974e+00	1.4333515573810249641501062521464084e-03	3.2762853358618123711154456776349930e-02
5.7335652869125532556081003338792333e-03	2.1468102170558801083115919973182934e+00	1.7348684923436976604021203556262316e-03	3.6034592211354822642392343931760301e-02
4.5751747241597090272299169722967447e-03	2.2989812097603871303249060236847793e+00	2.1765527971135535401192003323941522e-03	4.0344302173641045345165440714825548e-02
3.4775196991182140091107104230535345e-03	2.4713047976182803410710362998029946e+00	2.8690019396658203760928020717889178e-03	4.6284940057723842934158330059332067e-02
2.4624541810999573244267324793118397e-03	2.6722738352552781527572181606486435e+00	4.0662344091393688031657835409743300e-03	5.5023888479646080889836303551693045e-02
1.5575122428022753079289213098213498e-03	2.9174067907230026407083342821675330e+00	6.4810886989798107347899174168962870e-03	6.9241214454635658967316305993414134e-02
7.9928792127175655575614231593469002e-04	3.2404370550122108585411135472819601e+00	1.2953273659048841327866460138395973e-02	9.6879163370645622619490727923236745e-02
2.3946768106901119869546937321703482e-04	3.7441012708953448807492851774167712e+00	5.7115084603725279281304769369958834e-02	1.8005429484136764469087470754085560e-01
0.0000000000000000000000000000000000e+00	0.0000000000000000000000000000000000e+00	6.4423966531726227638650649777008049e-04	2.0455833825602940065262797087875045e-02