1.1965456115023903955446100790605855e-04	-3.9152967754116522314579142338750622e+00	5.3049612802831215152851023932029948e-02	1.7327875633913575827785864044850579e-01
4.0419673854991015670664168023333455e-04	-3.4315784564611778209194527965308054e+00	1.1868211558929847753290716286924518e-02	9.2696351118303936935407865906582978e-02
7.9613563753410048054630131573900803e-04	-3.1232084690796178697686583493566318e+00	5.8731761138895269099616142684297774e-03	6.5899396696764385474060786323508064e-02
1.2712232497410642647676955060580280e-03	-2.8904284101478265965414926978142069e+00	3.6481335335598268980036918881043404e-03	5.2110594169846078941057346447977651e-02
1.8121584272826331894648076420167712e-03	-2.7005129333246037301008994988424499e+00	2.5498233425189837866723504053253747e-03	4.3629643372278689508853900836890983e-02
2.4058496021766567092603532306763973e-03	-2.5384204527205755364368807585507873e+00	1.9168943286570846719491878394731438e-03	3.7858137887453846863771937735728559e-02
3.0418457784644782940233561223421591e-03	-2.3959264916383799023124463175312143e+00	1.5143739747822176657640420044464796e-03	3.3664508029602562614075806654371269e-02
3.7115039538103159223739159372648037e-03	-2.2680188851808377543393605522475835e+00	1.2402338426859893949166696225494182e-03	3.0474132153531576620936701822813098e-02
4.4074967810549235039566743133402209e-03	-2.1514057051546446522930139872685472e+00	1.0438725072785583495162298278657828e-03	2.7963165935871044798236223575063766e-02
5.1234976171841770446311928315623000e-03	-2.0438025662993517367493924555755353e+00	8.9768067230273115206249494634336824e-04	2.5934730290285800683597373627891180e-02
5.8539669996633684250075512480221339e-03	-1.9435558191247011842097223494573428e+00	7.8546672878037189955962238017852366e-04	2.4262017220992874074821959475026652e-02
6.5940012995586002863252557032713771e-03	-1.8494275474285132294824509386764027e+00	6.9718192732749992858822270873017797e-04	2.2859544309207459240442590129373495e-02
7.3392216084525613341279860189046026e-03	-1.7604653633614741892562309337219107e+00	6.2629851171986703111866108420834954e-04	2.1667522670466631332344309430160824e-02
8.0856898096542154756859895897452648e-03	-1.6759196868465054660260968314255966e+00	5.6841338050961050538246265237944665e-04	2.0642840719688079246704897990151233e-02
8.8298436772678632282687431070635913e-03	-1.5951890790683619199282448930847733e+00	5.2046133585734460051107035753297009e-04	1.9753606672687327414519854135770122e-02
9.5684456921624895031209208427182058e-03	-1.5177829016632785828334506634447845e+00	4.8025050239419722358420856650209601e-04	1.8975709187475559188747979706927476e-02
1.0298541996229724037295174278448699e-02	-1.4432950826358373481388135664297647e+00	4.4617687247310478635491941573384949e-04	1.8290574368287788611495629191293230e-02
1.1017429002449493328110029254430073e-02	-1.3713852327140845246605850798422162e+00	4.1704283130982171228773601170092637e-04	1.7683659288393648909775706802889008e-02
1.1722625895057194788269637715133648e-02	-1.3017647619611271453405652614012509e+00	3.9193832231306463485069158176190936e-04	1.7143413966054417969472085542166541e-02
1.2411851736333461722996442016340812e-02	-1.2341864805917251566257055374323617e+00	3.7016098740346382313653020982331087e-04	1.6660549891010567190750522767265940e-02
1.3083006229123070215368640216224090e-02	-1.1684366794905669309806648510975214e+00	3.5116125616652284940287418050937220e-04	1.6227514241966654070953204089518896e-02
1.3734153418643605515411254653633664e-02	-1.1043290089371186950412758733307722e+00	3.3450381236523901060729514380569862e-04	1.5838105222809151751941718615336125e-02
1.4363507785666806757797271978207955e-02	-1.0416996833377752784586694294322701e+00	3.1984005546978697926856757905540597e-04	1.5487186160698854037836102555381660e-02
1.4969422306414700292296713988911873e-02	-9.8040367854131899243330462525417470e-01	3.0688809433412030081495859279023237e-04	1.5170469971060289417604213360641112e-02
1.5550378146092820193877054791549341e-02	-9.2031168225145324281365681952950390e-01	2.9541799587918754842101371428791734e-04	1.4884354578107634323513959851430405e-02
1.6104975722003225608222527518156745e-02	-8.6130762283391563667250606321041912e-01	2.8524076148672803098582326274242405e-04	1.4625795784010265874425770995652610e-02
1.6631926924880901491607456629691565e-02	-8.0328664725479722157691348894877150e-01	2.7619998818699704664415888864632682e-04	1.4392208036010402205202028650604364e-02
1.7130048327823572400971403542470792e-02	-7.4615345125111943436738476858029758e-01	2.6816549073744693634972814903576965e-04	1.4181386238631146035763764806573482e-02
1.7598255244010935083227372456708187e-02	-6.8982088821187679320177278742538088e-01	2.6102837455068088539805874596640119e-04	1.3991443627722085312111441489368564e-02
1.8035556519541498645575303578766949e-02	-6.3420880035073543414153837358066142e-01	2.5469719515654546800644089344190202e-04	1.3820762038141152800177104874492078e-02
1.8441049967759208568031714661204912e-02	-5.7924302841122855908834326870544925e-01	2.4909494069148523333192905876918135e-04	1.3667951834694198676118978362394160e-02
1.8813918367580834832095343349884380e-02	-5.2485456561597531808974396407348331e-01	2.4415664462921814714560731157941253e-04	1.3531819453421757684812846242092270e-02
1.9153425961450711980543890681303773e-02	-4.7097882872463889360961185033028220e-01	2.3982748623719109353913810084532719e-04	1.3411340995686765838397524136418508e-02
1.9458915399306791352870137952579966e-02	-4.1755502451428557159561810672443965e-01	2.3606127242471562971406550750022021e-04	1.3305640683942856299905096056196937e-02
1.9729805083847877083130411009970637e-02	-3.6452559417713372890135380962610975e-01	2.3281922100327064223976928074366817e-04	1.3213973262172729469693751499623062e-02
1.9965586879836699964427941435559579e-02	-3.1183572135856288357301248890597679e-01	2.3006898480286338309210694233205915e-04	1.3135709631338688243716355874724075e-02
2.0165824156461011081659008016625051e-02	-2.5943289206087378531364615121049577e-01	2.2778387057434836645495952784467807e-04	1.3070325168846469977952456282962342e-02
2.0330150137144360686893959748727595e-02	-2.0726649658269476780049128890399803e-01	2.2594221754706767693301052891404961e-04	1.3017390303915804264517003185763969e-02
2.0458266535840247233753977100238189e-02	-1.5528746517313530072695874162260092e-01	2.2452690888726085115284594515741719e-04	1.2976563017246721654785679677610423e-02
2.0549942462911770027596316936125289e-02	-1.0344793024468894363167843777257775e-01	2.2352499582023457023141176377389211e-04	1.2947583010356358927657130176273292e-02
2.0605013587320023376119079339988208e-02	-5.1700908876589560366272038678143944e-02	2.2292741935177212322137337747595803e-04	1.2930267352580392909801458740033047e-02
2.0623381545123713748060182104507540e-02	0.0000000000000000000000000000000000e+00	2.2272881873327833664289668497712038e-04	1.2924507465904753912128470651959697e-02
2.0605013587320023376119079339988208e-02	5.1700908876589560366272038678143944e-02	2.2292741935177212322137337747595803e-04	1.2930267352580392909801458740033047e-02
2.0549942462911770027596316936125289e-02	1.0344793024468894363167843777257775e-01	2.2352499582023457023141176377389211e-04	1.2947583010356358927657130176273292e-02
2.0458266535840247233753977100238189e-02	1.5528746517313530072695874162260092e-01	2.2452690888726085115284594515741719e-04	1.2976563017246721654785679677610423e-02
2.0330150137144360686893959748727595e-02	2.0726649658269476780049128890399803e-01	2.2594221754706767693301052891404961e-04	1.3017390303915804264517003185763969e-02
2.0165824156461011081659008016625051e-02	2.5943289206087378531364615121049577e-01	2.2778387057434836645495952784467807e-04	1.3070325168846469977952456282962342e-02
1.9965586879836699964427941435559579e-02	3.1183572135856288357301248890597679e-01	2.3006898480286338309210694233205915e-04	1.3135709631338688243716355874724075e-02
1.9729805083847877083130411009970637e-02	3.6452559417713372890135380962610975e-01	2.3281922100327064223976928074366817e-04	1.3213973262172729469693751499623062e-02
1.9458915399306791352870137952579966e-02	4.1755502451428557159561810672443965e-01	2.3606127242471562971406550750022021e-04	1.3305640683942856299905096056196937e-02
1.9153425961450711980543890681303773e-02	4.7097882872463889360961185033028220e-01	2.3982748623719109353913810084532719e-04	1.3411340995686765838397524136418508e-02
1.8813918367580834832095343349884380e-02	5.2485456561597531808974396407348331e-01	2.4415664462921814714560731157941253e-04	1.3531819453421757684812846242092270e-02
1.8441049967759208568031714661204912e-02	5.7924302841122855908834326870544925e-01	2.4909494069148523333192905876918135e-04	1.3667951834694198676118978362394160e-02
1.8035556519541498645575303578766949e-02	6.3420880035073543414153837358066142e-01	2.5469719515654546800644089344190202e-04	1.3820762038141152800177104874492078e-02
1.7598255244010935083227372456708187e-02	6.8982088821187679320177278742538088e-01	2.6102837455068088539805874596640119e-04	1.3991443627722085312111441489368564e-02
1.7130048327823572400971403542470792e-02	7.4615345125111943436738476858029758e-01	2.6816549073744693634972814903576965e-04	1.4181386238631146035763764806573482e-02
1.6631926924880901491607456629691565e-02	8.0328664725479722157691348894877150e-01	2.7619998818699704664415888864632682e-04	1.4392208036010402205202028650604364e-02
1.6104975722003225608222527518156745e-02	8.6130762283391563667250606321041912e-01	2.8524076148672803098582326274242405e-04	1.4625795784010265874425770995652610e-02
1.5550378146092820193877054791549341e-02	9.2031168225145324281365681952950390e-01	2.9541799587918754842101371428791734e-04	1.4884354578107634323513959851430405e-02
1.4969422306414700292296713988911873e-02	9.8040367854131899243330462525417470e-01	3.0688809433412030081495859279023237e-04	1.5170469971060289417604213360641112e-02
1.4363507785666806757797271978207955e-02	1.0416996833377752784586694294322701e+00	3.1984005546978697926856757905540597e-04	1.5487186160698854037836102555381660e-02
1.3734153418643605515411254653633664e-02	1.1043290089371186950412758733307722e+00	3.3450381236523901060729514380569862e-04	1.5838105222809151751941718615336125e-02
1.3083006229123070215368640216224090e-02	1.1684366794905669309806648510975214e+00	3.5116125616652284940287418050937220e-04	1.6227514241966654070953204089518896e-02
1.2411851736333461722996442016340812e-02	1.2341864805917251566257055374323617e+00	3.7016098740346382313653020982331087e-04	1.6660549891010567190750522767265940e-02
1.1722625895057194788269637715133648e-02	1.3017647619611271453405652614012509e+00	3.9193832231306463485069158176190936e-04	1.7143413966054417969472085542166541e-02
1.1017429002449493328110029254430073e-02	1.3713852327140845246605850798422162e+00	4.1704283130982171228773601170092637e-04	1.7683659288393648909775706802889008e-02
1.0298541996229724037295174278448699e-02	1.4432950826358373481388135664297647e+00	4.4617687247310478635491941573384949e-04	1.8290574368287788611495629191293230e-02
9.5684456921624895031209208427182058e-03	1.5177829016632785828334506634447845e+00	4.8025050239419722358420856650209601e-04	1.8975709187475559188747979706927476e-02
8.8298436772678632282687431070635913e-03	1.5951890790683619199282448930847733e+00	5.2046133585734460051107035753297009e-04	1.9753606672687327414519854135770122e-02
8.0856898096542154756859895897452648e-03	1.6759196868465054660260968314255966e+00	5.6841338050961050538246265237944665e-04	2.0642840719688079246704897990151233e-02
7.3392216084525613341279860189046026e-03	1.7604653633614741892562309337219107e+00	6.2629851171986703111866108420834954e-04	2.1667522670466631332344309430160824e-02
6.5940012995586002863252557032713771e-03	1.8494275474285132294824509386764027e+00	6.9718192732749992858822270873017797e-04	2.2859544309207459240442590129373495e-02
5.8539669996633684250075512480221339e-03	1.9435558191247011842097223494573428e+00	7.8546672878037189955962238017852366e-04	2.4262017220992874074821959475026652e-02
5.1234976171841770446311928315623000e-03	2.0438025662993517367493924555755353e+00	8.9768067230273115206249494634336824e-04	2.5934730290285800683597373627891180e-02
4.4074967810549235039566743133402209e-03	2.1514057051546446522930139872685472e+00	1.0438725072785583495162298278657828e-03	2.7963165935871044798236223575063766e-02
3.7115039538103159223739159372648037e-03	2.2680188851808377543393605522475835e+00	1.2402338426859893949166696225494182e-03	3.0474132153531576620936701822813098e-02
3.0418457784644782940233561223421591e-03	2.3959264916383799023124463175312143e+00	1.5143739747822176657640420044464796e-03	3.3664508029602562614075806654371269e-02
2.4058496021766567092603532306763973e-03	2.5384204527205755364368807585507873e+00	1.9168943286570846719491878394731438e-03	3.7858137887453846863771937735728559e-02
1.8121584272826331894648076420167712e-03	2.7005129333246037301008994988424499e+00	2.5498233425189837866723504053253747e-03	4.3629643372278689508853900836890983e-02
1.2712232497410642647676955060580280e-03	2.8904284101478265965414926978142069e+00	3.6481335335598268980036918881043404e-03	5.2110594169846078941057346447977651e-02
7.9613563753410048054630131573900803e-04	3.1232084690796178697686583493566318e+00	5.8731761138895269099616142684297774e-03	6.5899396696764385474060786323508064e-02
4.0419673854991015670664168023333455e-04	3.4315784564611778209194527965308054e+00	1.1868211558929847753290716286924518e-02	9.2696351118303936935407865906582978e-02
1.1965456115023903955446100790605855e-04	3.9152967754116522314579142338750622e+00	5.3049612802831215152851023932029948e-02	1.7327875633913575827785864044850579e-01
0.0000000000000000000000000000000000e+00	0.0000000000000000000000000000000000e+00	3.8564265473198902602146021680112368e-04	1.5826710492714065116722766429584638e-02