7.6527092229079412837284860414973686e-05	-4.0220779025506694957679736963057872e+00	5.0721197876076999284509442617452049e-02	1.6929167874246049209917553578879330e-01
2.6028283132766479857121067342761488e-04	-3.5500438817665759744435139992491933e+00	1.1259072559444110689069174168732836e-02	9.0265858971704280253162739004476141e-02
5.1577428802060560974510843337583898e-04	-3.2501498528823473001636118766854095e+00	5.5373712516694663206483618855692529e-03	6.3979720734882870206186383778654005e-02
8.2808940194398653999150407198670961e-04	-3.0244319851717246834880462716663019e+00	3.4205059630421425010597526071236175e-03	5.0454454182058717293875666978845812e-02
1.1865422717232027504753699896547047e-03	-2.8407715809854633918678538397957299e+00	2.3783894559396213777617247702822146e-03	4.2134843851327431968487858214211318e-02
1.5830237630868393672215831962212946e-03	-2.6844133369343586780136263552689895e+00	1.7792211460583863049401421336166920e-03	3.6471553335499397337361706019107935e-02
2.0110419607917456502847294745738690e-03	-2.5472932296403754005852671225503407e+00	1.3989229266394443979444111260386107e-03	3.2354568221987968799786205496307221e-02
2.4652123176718593007675207344708671e-03	-2.4244992777468660319195019231974091e+00	1.1403533245522376260824318958224579e-03	2.9220323687843060406606796685329422e-02
2.9409559335166764752810536273297959e-03	-2.3128069981097106394840165240939537e+00	9.5540605828441819313371504233872381e-04	2.6751268241716741275996075406386614e-02
3.4343064276723176188565325634128156e-03	-2.2099800404256502481805669960277320e+00	8.1786937419102065265201935559370454e-04	2.4754382129152524891916235228762299e-02
3.9417789339229070143578329720885920e-03	-2.1144005164229987657455076433586422e+00	7.1239099156095795931653940790847436e-04	2.3105361025393744470162378816971157e-02
4.4602771906896099659153918178886585e-03	-2.0248581184611179085378906968951955e+00	6.2945448216690074516334624365011066e-04	2.1720418954616409997545572423934152e-02
4.9870252885765506563937707186883638e-03	-1.9404224394065089247537228037637368e+00	5.6288480165672778391600249998441249e-04	2.0540956648807479746058960408580975e-02
5.5195160809261557402387907190439341e-03	-1.8603618745433504389293122706252086e+00	5.0852108155350007118092190299808177e-04	1.9524719811357324299167333221047740e-02
6.0554712591047348596982378771560282e-03	-1.7840900397972485134073909128530085e+00	4.6346951642161621868173980445041324e-04	1.8640447959654361040768981550380931e-02
6.5928098370428464157692308335548437e-03	-1.7111291808997495907041599929017864e+00	4.2566257676165038986511124311310908e-04	1.7864502504909193830953129016759367e-02
7.1296228508428664518161783877289164e-03	-1.6410844731533990256091045953173424e+00	3.9358840135521858747928454302385436e-04	1.7178667982105740686088352929560572e-02
7.6641527509259374675889241389652497e-03	-1.5736255277309633199487077671739311e+00	3.6611889904664421928828623542637428e-04	1.6568675413708909702047223987953220e-02
8.1947764034733297932140977599283545e-03	-1.5084727998671594295818391385179066e+00	3.4239727085674233697724480883511561e-04	1.6023184915161328142283552064043452e-02
8.7199909134962681668076730429782669e-03	-1.4453874124990583125299538486990835e+00	3.2176247660245432448886579880866079e-04	1.5533068780497709121951387839394622e-02
9.2384016857458744096399430373669498e-03	-1.3841634106285770531364214163404969e+00	3.0369733365758346283651694705757009e-04	1.5090896154835539246526688032355942e-02
9.7487122834053961953830727744195894e-03	-1.3246217784461513161904254698046903e+00	2.8779211780072074681674608489965432e-04	1.4690555985965525045644753613731209e-02
1.0249715747818427233199759313280088e-02	-1.2666057564854890851664987386081747e+00	2.7371856414363022811068197814743949e-04	1.4326976730811609230912048144807071e-02
1.0740287118064415420938081320574887e-02	-1.2099771321482326217227489267585787e+00	2.6121098757155221849403113199176959e-04	1.3995914981552957099499365070342828e-02
1.1219376945321242018082041520863783e-02	-1.1546132690380276416357724180209240e+00	2.5005236664294213845578737456032317e-04	1.3693793983254396577916656376120270e-02
1.1686005639243125813935433408674076e-02	-1.1004047040591155696076615699278110e+00	2.4006394562084032863535454344580143e-04	1.3417578802538271530132972540568622e-02
1.2139258515855342062513721375720875e-02	-1.0472531857858918703189320749079130e+00	2.3109736815360433224770753923476284e-04	1.3164678784215596290028761218199198e-02
1.2578281441388445325430774477298998e-02	-9.9507005934581905235192806293241252e-01	2.2302865814311263873285956717707320e-04	1.2932870576371026772666616117507211e-02
1.3002276985927790855125715293045000e-02	-9.4377492598698858381246554750713721e-01	2.1575356568397467438057171259654560e-04	1.2720236835948992387960437268746850e-02
1.3410501016091297627993010448919561e-02	-8.9329452228405300776726407921665088e-01	2.0918393374497126143531557613243984e-04	1.2525117014714969116619098291399231e-02
1.3802259668153048488534320515323938e-02	-8.4356177636767094773755859049771901e-01	2.0324483650745045241647869251117394e-04	1.2346067543395957090468794758180345e-02
1.4176906652826636994658091479963319e-02	-7.9451500787332969952163648578395946e-01	1.9787230702990528653569430761897544e-04	1.2181829394383928886617381620544972e-02
1.4533840850849481699250338995018824e-02	-7.4609724535044509785261016943531845e-01	1.9301151930092601263104401090335025e-04	1.2031301487286058632959583255044995e-02
1.4872504164973603102112967210512084e-02	-6.9825564025400021568387164308457869e-01	1.8861532379543413424816437603939912e-04	1.1893518758894551805500690700500496e-02
1.5192379599278217200765575733752240e-02	-6.5094096078772637802251714654484238e-01	1.8464306039219102739838046644811768e-04	1.1767633985667862472357924645889664e-02
1.5492989541111753203543594798569882e-02	-6.0410715208920901397091291874620944e-01	1.8105959067910063928532057032632100e-04	1.1652902647547243822757339862751714e-02
1.5773894224628864117657145761100626e-02	-5.5771095176858331260341552492117713e-01	1.7783450514651784831992676774006219e-04	1.1548670274498994266511798198980965e-02
1.6034690357954757233539879655821346e-02	-5.1171155179937289724900661750573097e-01	1.7494147085502157545169624688951359e-04	1.1454361834140092514486728186387758e-02
1.6275009898597316480848525812371762e-02	-4.6607029933552354561076177689928519e-01	1.7235769278251112003829526442364568e-04	1.1369472809229204348679971757780050e-02
1.6494518963926299676003679748659850e-02	-4.2075043028487810149921491643236916e-01	1.7006346785977362259658793574318986e-04	1.1293561684277325423505991164834832e-02
1.6692916865419706575426403009389707e-02	-3.7571683047570422919952810002097299e-01	1.6804181516331030224660110835757303e-04	1.1226243615895123389049355413995802e-02
1.6869935256997661222143071848489127e-02	-3.3093582006221414641003802486043169e-01	1.6627816918960950889299032546012575e-04	1.1167185105337813486162270766296958e-02
1.7025337389170433112656051306226607e-02	-2.8637495746766995411644270785270291e-01	1.6476012583538480341813806262344067e-04	1.1116099526719135398778177884702969e-02
1.7158917461957651650141082584899638e-02	-2.4200285969067861661029520428193885e-01	1.6347723283764647274440109065942831e-04	1.1072743392571093783694877226978228e-02
1.7270500070621795439997521259272123e-02	-1.9778903622559757890875419744532837e-01	1.6242081812314858242312346610452987e-04	1.1036913261370023504674890051133473e-02
1.7359939739226859191393413453433324e-02	-1.5370373419012814703053137214318032e-01	1.6158385088218883973551307463648644e-04	1.1008443210520440624321515835346653e-02
1.7427120537904776697076895464031574e-02	-1.0971779252651165045882720538447780e-01	1.6096083129573093410733009102363748e-04	1.0987202814010342588799635230894429e-02
1.7471955780506519719979294528932890e-02	-6.5802503358325981150119684586809164e-02	1.6054770576817991873623054464007309e-04	1.0973095577253586482982775986986145e-02
1.7494387800048077176198567971177640e-02	-2.1929478751166043331160409357733895e-02	1.6034180529856510788025918206969761e-04	1.0966057793100124658958862210135881e-02
1.7494387800048077176198567971177640e-02	2.1929478751166043331160409357733895e-02	1.6034180529856510788025918206969761e-04	1.0966057793100124658958862210135881e-02
1.7471955780506519719979294528932890e-02	6.5802503358325981150119684586809164e-02	1.6054770576817991873623054464007309e-04	1.0973095577253586482982775986986145e-02
1.7427120537904776697076895464031574e-02	1.0971779252651165045882720538447780e-01	1.6096083129573093410733009102363748e-04	1.0987202814010342588799635230894429e-02
1.7359939739226859191393413453433324e-02	1.5370373419012814703053137214318032e-01	1.6158385088218883973551307463648644e-04	1.1008443210520440624321515835346653e-02
1.7270500070621795439997521259272123e-02	1.9778903622559757890875419744532837e-01	1.6242081812314858242312346610452987e-04	1.1036913261370023504674890051133473e-02
1.7158917461957651650141082584899638e-02	2.4200285969067861661029520428193885e-01	1.6347723283764647274440109065942831e-04	1.1072743392571093783694877226978228e-02
1.7025337389170433112656051306226607e-02	2.8637495746766995411644270785270291e-01	1.6476012583538480341813806262344067e-04	1.1116099526719135398778177884702969e-02
1.6869935256997661222143071848489127e-02	3.3093582006221414641003802486043169e-01	1.6627816918960950889299032546012575e-04	1.1167185105337813486162270766296958e-02
1.6692916865419706575426403009389707e-02	3.7571683047570422919952810002097299e-01	1.6804181516331030224660110835757303e-04	1.1226243615895123389049355413995802e-02
1.6494518963926299676003679748659850e-02	4.2075043028487810149921491643236916e-01	1.7006346785977362259658793574318986e-04	1.1293561684277325423505991164834832e-02
1.6275009898597316480848525812371762e-02	4.6607029933552354561076177689928519e-01	1.7235769278251112003829526442364568e-04	1.1369472809229204348679971757780050e-02
1.6034690357954757233539879655821346e-02	5.1171155179937289724900661750573097e-01	1.7494147085502157545169624688951359e-04	1.1454361834140092514486728186387758e-02
1.5773894224628864117657145761100626e-02	5.5771095176858331260341552492117713e-01	1.7783450514651784831992676774006219e-04	1.1548670274498994266511798198980965e-02
1.5492989541111753203543594798569882e-02	6.0410715208920901397091291874620944e-01	1.8105959067910063928532057032632100e-04	1.1652902647547243822757339862751714e-02
1.5192379599278217200765575733752240e-02	6.5094096078772637802251714654484238e-01	1.8464306039219102739838046644811768e-04	1.1767633985667862472357924645889664e-02
1.4872504164973603102112967210512084e-02	6.9825564025400021568387164308457869e-01	1.8861532379543413424816437603939912e-04	1.1893518758894551805500690700500496e-02
1.4533840850849481699250338995018824e-02	7.4609724535044509785261016943531845e-01	1.9301151930092601263104401090335025e-04	1.2031301487286058632959583255044995e-02
1.4176906652826636994658091479963319e-02	7.9451500787332969952163648578395946e-01	1.9787230702990528653569430761897544e-04	1.2181829394383928886617381620544972e-02
1.3802259668153048488534320515323938e-02	8.4356177636767094773755859049771901e-01	2.0324483650745045241647869251117394e-04	1.2346067543395957090468794758180345e-02
1.3410501016091297627993010448919561e-02	8.9329452228405300776726407921665088e-01	2.0918393374497126143531557613243984e-04	1.2525117014714969116619098291399231e-02
1.3002276985927790855125715293045000e-02	9.4377492598698858381246554750713721e-01	2.1575356568397467438057171259654560e-04	1.2720236835948992387960437268746850e-02
1.2578281441388445325430774477298998e-02	9.9507005934581905235192806293241252e-01	2.2302865814311263873285956717707320e-04	1.2932870576371026772666616117507211e-02
1.2139258515855342062513721375720875e-02	1.0472531857858918703189320749079130e+00	2.3109736815360433224770753923476284e-04	1.3164678784215596290028761218199198e-02
1.1686005639243125813935433408674076e-02	1.1004047040591155696076615699278110e+00	2.4006394562084032863535454344580143e-04	1.3417578802538271530132972540568622e-02
1.1219376945321242018082041520863783e-02	1.1546132690380276416357724180209240e+00	2.5005236664294213845578737456032317e-04	1.3693793983254396577916656376120270e-02
1.0740287118064415420938081320574887e-02	1.2099771321482326217227489267585787e+00	2.6121098757155221849403113199176959e-04	1.3995914981552957099499365070342828e-02
1.0249715747818427233199759313280088e-02	1.2666057564854890851664987386081747e+00	2.7371856414363022811068197814743949e-04	1.4326976730811609230912048144807071e-02
9.7487122834053961953830727744195894e-03	1.3246217784461513161904254698046903e+00	2.8779211780072074681674608489965432e-04	1.4690555985965525045644753613731209e-02
9.2384016857458744096399430373669498e-03	1.3841634106285770531364214163404969e+00	3.0369733365758346283651694705757009e-04	1.5090896154835539246526688032355942e-02
8.7199909134962681668076730429782669e-03	1.4453874124990583125299538486990835e+00	3.2176247660245432448886579880866079e-04	1.5533068780497709121951387839394622e-02
8.1947764034733297932140977599283545e-03	1.5084727998671594295818391385179066e+00	3.4239727085674233697724480883511561e-04	1.6023184915161328142283552064043452e-02
7.6641527509259374675889241389652497e-03	1.5736255277309633199487077671739311e+00	3.6611889904664421928828623542637428e-04	1.6568675413708909702047223987953220e-02
7.1296228508428664518161783877289164e-03	1.6410844731533990256091045953173424e+00	3.9358840135521858747928454302385436e-04	1.7178667982105740686088352929560572e-02
6.5928098370428464157692308335548437e-03	1.7111291808997495907041599929017864e+00	4.2566257676165038986511124311310908e-04	1.7864502504909193830953129016759367e-02
6.0554712591047348596982378771560282e-03	1.7840900397972485134073909128530085e+00	4.6346951642161621868173980445041324e-04	1.8640447959654361040768981550380931e-02
5.5195160809261557402387907190439341e-03	1.8603618745433504389293122706252086e+00	5.0852108155350007118092190299808177e-04	1.9524719811357324299167333221047740e-02
4.9870252885765506563937707186883638e-03	1.9404224394065089247537228037637368e+00	5.6288480165672778391600249998441249e-04	2.0540956648807479746058960408580975e-02
4.4602771906896099659153918178886585e-03	2.0248581184611179085378906968951955e+00	6.2945448216690074516334624365011066e-04	2.1720418954616409997545572423934152e-02
3.9417789339229070143578329720885920e-03	2.1144005164229987657455076433586422e+00	7.1239099156095795931653940790847436e-04	2.3105361025393744470162378816971157e-02
3.4343064276723176188565325634128156e-03	2.2099800404256502481805669960277320e+00	8.1786937419102065265201935559370454e-04	2.4754382129152524891916235228762299e-02
2.9409559335166764752810536273297959e-03	2.3128069981097106394840165240939537e+00	9.5540605828441819313371504233872381e-04	2.6751268241716741275996075406386614e-02
2.4652123176718593007675207344708671e-03	2.4244992777468660319195019231974091e+00	1.1403533245522376260824318958224579e-03	2.9220323687843060406606796685329422e-02
2.0110419607917456502847294745738690e-03	2.5472932296403754005852671225503407e+00	1.3989229266394443979444111260386107e-03	3.2354568221987968799786205496307221e-02
1.5830237630868393672215831962212946e-03	2.6844133369343586780136263552689895e+00	1.7792211460583863049401421336166920e-03	3.6471553335499397337361706019107935e-02
1.1865422717232027504753699896547047e-03	2.8407715809854633918678538397957299e+00	2.3783894559396213777617247702822146e-03	4.2134843851327431968487858214211318e-02
8.2808940194398653999150407198670961e-04	3.0244319851717246834880462716663019e+00	3.4205059630421425010597526071236175e-03	5.0454454182058717293875666978845812e-02
5.1577428802060560974510843337583898e-04	3.2501498528823473001636118766854095e+00	5.5373712516694663206483618855692529e-03	6.3979720734882870206186383778654005e-02
2.6028283132766479857121067342761488e-04	3.5500438817665759744435139992491933e+00	1.1259072559444110689069174168732836e-02	9.0265858971704280253162739004476141e-02
7.6527092229079412837284860414973686e-05	4.0220779025506694957679736963057872e+00	5.0721197876076999284509442617452049e-02	1.6929167874246049209917553578879330e-01
0.0000000000000000000000000000000000e+00	0.0000000000000000000000000000000000e+00	2.7760062923579503996379878768924012e-04	1.3427955999896843262963546404583523e-02