7.2465787654598605206420443488340577e-05	-4.0349292776052677370108530991744252e+00	5.0450917098013798555881311103441955e-02	1.6882350930386998209636577449097312e-01
2.4666468414091974016998856134343190e-04	-3.5642647293207714145101688108565045e+00	1.1188937352919826880868404208134196e-02	8.9981924509014007703307931810887705e-02
4.8912833527917946064111203022773844e-04	-3.2653588793032412934446735567242167e+00	5.4989576192992579782266498719401044e-03	6.3756491753149112010488622449969837e-02
7.8580238131000200105397419877265690e-04	-3.0404606723335467895830016218565225e+00	3.3946172267853692232113167720502776e-03	5.0262669711277887237842169358322260e-02
1.1266105346618275234051342933360190e-03	-2.8575233102343694718167091967585578e+00	2.3589959395282518402002363665868003e-03	4.1962410450407148303058765109645274e-02
1.5039038469968432299489492224323758e-03	-2.7018253952565970803180157921556574e+00	1.7637256882005687345062110056198464e-03	3.6312188171212065331367309881170633e-02
1.9115569160858709608079906962354112e-03	-2.5653218855170047757199486107409110e+00	1.3859919915078073282892257498329403e-03	3.2204542177692531763476527891595451e-02
2.3444875845784516355668156884919371e-03	-2.4431126313484525462639696155430827e+00	1.1292194700239152452745183541818204e-03	2.9077218225930685911676836409396477e-02
2.7983726815671423670675338070073346e-03	-2.3319810960980419945301235132429879e+00	9.4559053793117954400836832561032785e-04	2.6613411191051870568848841457733489e-02
3.2694660607400499908260102871617399e-03	-2.2296965710576244707085826784078872e+00	8.0905497617605871406822287112019160e-04	2.4620559464275186677138572593742319e-02
3.7544751618785030644862017620276368e-03	-2.1346453506501467051402045404257382e+00	7.0435743245661682608785315753945528e-04	2.2974656316042434360980550766917528e-02
4.2504734622243672986218419058772122e-03	-2.0456203394430304781310397186870106e+00	6.2204290882905944761480351408491923e-04	2.1592117788401791772517066240035728e-02
4.7548361584731764705033328778280911e-03	-1.9616936711278430951369343866757815e+00	5.5597704295862559940285483008094113e-04	2.0414486649015962055707794126586543e-02
5.2651915480222398638026288877859003e-03	-1.8821358025129246042443888925074479e+00	5.0202689779794073743093977034227382e-04	1.9399611336063893426848412431368476e-02
5.7793834004912412142974817607686262e-03	-1.8063620600355871724884251976767030e+00	4.5731843127490523971904531657013168e-04	1.8516307408254569916907025865621636e-02
6.2954412523690372499276922918317286e-03	-1.7338961374898961303184131771989858e+00	4.1979845821604503611836881787214846e-04	1.7740993623772784762613972796084383e-02
6.8115565574725623619288192566813417e-03	-1.6643444586937358242445322518970687e+00	3.8796575707600218115021902729660990e-04	1.7055498419900449560767237900334650e-02
7.3260632586857590468179114064004816e-03	-1.5973777295889979682242940064472957e+00	3.6070027701626975643199819645758150e-04	1.6445586822893581375729835625886015e-02
7.8374217603112872746057480101802553e-03	-1.5327173805290449386745267776634603e+00	3.3715139345341598859608657084326772e-04	1.5899945509246420860746756561749264e-02
8.3442055588490928857904387573032252e-03	-1.4701254158156956754505349547865529e+00	3.1666287377193600135506707755113863e-04	1.5409467628963819417200931606468385e-02
8.8450899821033353998157760844265432e-03	-1.4093966880989437653648315420599664e+00	2.9872132332919364189386620000862695e-04	1.4966738730741381431990295956647215e-02
9.3388426219395419723298812533579735e-03	-1.3503529312774294920563640438661717e+00	2.8292003269161253571711231083150265e-04	1.4565660631287983957036333087264905e-02
9.8243151433530594464956327301527983e-03	-1.2928380902857344972791907177920382e+00	2.6893315646898165777136213772339220e-04	1.4201171803427715005618216241227892e-02
1.0300436223699899497780018403013887e-02	-1.2367146219017241055273389626593545e+00	2.5649696422645286054835071704788772e-04	1.3869036514339760387163979842775704e-02
1.0766205428825029360534132440155006e-02	-1.1818605325890068818563302657603431e+00	2.4539602140226448660553517982524016e-04	1.3565683731462238083008100003192804e-02
1.1220687872666798963479132261168172e-02	-1.1281669827536826324263951342522198e+00	2.3545286437034162366567015530590133e-04	1.3288082587475632422478829320306243e-02
1.1663009537323064972061443099258468e-02	-1.0755363312392808023603788041627609e+00	2.2652018968895136815045022694542903e-04	1.3033645063873641191234078725799525e-02
1.2092353154043853017143237902029533e-02	-1.0238805255436801069112619326259443e+00	2.1847487764032208756337473303087714e-04	1.2800149189833427173019422335964678e-02
1.2507954563942092042320858716737222e-02	-9.7311976611577497054141141771964741e-01	2.1121337118789217502414524889585346e-04	1.2585677880206408446732941084977229e-02
1.2909099491662008908972112613145099e-02	-9.2318138983200398252632248917300438e-01	2.0464806835544362292779157905981652e-04	1.2388569821129019122249131518071150e-02
1.3295120676740775239945611892761566e-02	-8.7399893015480709497845755625759301e-01	1.9870448064060210439648599094023517e-04	1.2207379727417747075162776159236178e-02
1.3665395316625223072089835351430516e-02	-8.2551132076402263381892944205505634e-01	1.9331897637989005394657071751923577e-04	1.2040845956837436552323441705367974e-02
1.4019342782770016727662767837114215e-02	-7.7766221648115800316076747955267276e-01	1.8843697505264877283362763240109614e-04	1.1887863949003353325943263014769510e-02
1.4356422577329042429520534507730914e-02	-7.3039941067595927095096067920305645e-01	1.8401149232905044575997896985181990e-04	1.1747464313038885682677570202880324e-02
1.4676132502948682461192439147209999e-02	-6.8367433248280939505030598099471321e-01	1.8000196023743078318633087480739488e-04	1.1618794653915789643464916083964527e-02
1.4978007022303133682551731810572132e-02	-6.3744161036974211541110314617681174e-01	1.7637326486534936827129254342851362e-04	1.1501104427574305977474124535197835e-02
1.5261615787450648102066178191706576e-02	-5.9165869112002403138192654440717838e-01	1.7309495738434357590611440571474217e-04	1.1393732267033206301120454425106011e-02
1.5526562321970239881795275762340719e-02	-5.4628550527067264460446473744465934e-01	1.7014060419886355481917315235088083e-04	1.1296095338289226414880616158287478e-02
1.5772482841266988043375012226865170e-02	-5.0128417162669800047636192173003686e-01	1.6748724957865958006403745725593729e-04	1.1207680374903266885442808186911075e-02
1.5999045198494554343657376270017594e-02	-4.5661873472619909841469945961947859e-01	1.6511496989010149957213277865719977e-04	1.1128036110349553295703849021994576e-02
1.6205947945302989354220448445239343e-02	-4.1225493013909010008210966566483190e-01	1.6300650296161272817544567476721561e-04	1.1056766882291230187804613273985128e-02
1.6392919498132249474784313705749494e-02	-3.6815997329392091802204683998999948e-01	1.6114693953943403377934933335629276e-04	1.0993527226519530516029051272810567e-02
1.6559717402080788250564067740718771e-02	-3.2430236818335854976270171472481976e-01	1.5952346645944641672579321815985489e-04	1.0938017313028595797615211818152760e-02
1.6706127685519783611996111262286157e-02	-2.8065173283048270815006196815184118e-01	1.5812515326121989621077117104637191e-04	1.0889979104611158763016727155665616e-02
1.6831964299626362167053914607855129e-02	-2.3717863882915812894667196284387816e-01	1.5694277563770209022142101868475242e-04	1.0849193140985620913733135478812424e-02
1.6937068637897929847391768588918612e-02	-1.9385446262103751890901877430140443e-01	1.5596867045015952770288774248676017e-04	1.0815475869979701982318977111506658e-02
1.7021309131504807605525366583466001e-02	-1.5065124645374066638233647589953433e-01	1.5519661812066693116508597325017121e-04	1.0788677462611868994524276527925714e-02
1.7084580917057064557597812931330629e-02	-1.0754156719073660112599710140101744e-01	1.5462174910310115916710267475174136e-04	1.0768680061743585465571863433520662e-02
1.7126805574018533812035408867811704e-02	-6.4498411322173280243003034006751485e-02	1.5424047187448452321614689574554026e-04	1.0755396424889918907753462522485234e-02
1.7147930929609351508565772620248573e-02	-2.1495054664066342294139547342395423e-02	1.5405042051816456053772868760179145e-04	1.0748768931230203131754038893803322e-02
1.7147930929609351508565772620248573e-02	2.1495054664066342294139547342395423e-02	1.5405042051816456053772868760179145e-04	1.0748768931230203131754038893803322e-02
1.7126805574018533812035408867811704e-02	6.4498411322173280243003034006751485e-02	1.5424047187448452321614689574554026e-04	1.0755396424889918907753462522485234e-02
1.7084580917057064557597812931330629e-02	1.0754156719073660112599710140101744e-01	1.5462174910310115916710267475174136e-04	1.0768680061743585465571863433520662e-02
1.7021309131504807605525366583466001e-02	1.5065124645374066638233647589953433e-01	1.5519661812066693116508597325017121e-04	1.0788677462611868994524276527925714e-02
1.6937068637897929847391768588918612e-02	1.9385446262103751890901877430140443e-01	1.5596867045015952770288774248676017e-04	1.0815475869979701982318977111506658e-02
1.6831964299626362167053914607855129e-02	2.3717863882915812894667196284387816e-01	1.5694277563770209022142101868475242e-04	1.0849193140985620913733135478812424e-02
1.6706127685519783611996111262286157e-02	2.8065173283048270815006196815184118e-01	1.5812515326121989621077117104637191e-04	1.0889979104611158763016727155665616e-02
1.6559717402080788250564067740718771e-02	3.2430236818335854976270171472481976e-01	1.5952346645944641672579321815985489e-04	1.0938017313028595797615211818152760e-02
1.6392919498132249474784313705749494e-02	3.6815997329392091802204683998999948e-01	1.6114693953943403377934933335629276e-04	1.0993527226519530516029051272810567e-02
1.6205947945302989354220448445239343e-02	4.1225493013909010008210966566483190e-01	1.6300650296161272817544567476721561e-04	1.1056766882291230187804613273985128e-02
1.5999045198494554343657376270017594e-02	4.5661873472619909841469945961947859e-01	1.6511496989010149957213277865719977e-04	1.1128036110349553295703849021994576e-02
1.5772482841266988043375012226865170e-02	5.0128417162669800047636192173003686e-01	1.6748724957865958006403745725593729e-04	1.1207680374903266885442808186911075e-02
1.5526562321970239881795275762340719e-02	5.4628550527067264460446473744465934e-01	1.7014060419886355481917315235088083e-04	1.1296095338289226414880616158287478e-02
1.5261615787450648102066178191706576e-02	5.9165869112002403138192654440717838e-01	1.7309495738434357590611440571474217e-04	1.1393732267033206301120454425106011e-02
1.4978007022303133682551731810572132e-02	6.3744161036974211541110314617681174e-01	1.7637326486534936827129254342851362e-04	1.1501104427574305977474124535197835e-02
1.4676132502948682461192439147209999e-02	6.8367433248280939505030598099471321e-01	1.8000196023743078318633087480739488e-04	1.1618794653915789643464916083964527e-02
1.4356422577329042429520534507730914e-02	7.3039941067595927095096067920305645e-01	1.8401149232905044575997896985181990e-04	1.1747464313038885682677570202880324e-02
1.4019342782770016727662767837114215e-02	7.7766221648115800316076747955267276e-01	1.8843697505264877283362763240109614e-04	1.1887863949003353325943263014769510e-02
1.3665395316625223072089835351430516e-02	8.2551132076402263381892944205505634e-01	1.9331897637989005394657071751923577e-04	1.2040845956837436552323441705367974e-02
1.3295120676740775239945611892761566e-02	8.7399893015480709497845755625759301e-01	1.9870448064060210439648599094023517e-04	1.2207379727417747075162776159236178e-02
1.2909099491662008908972112613145099e-02	9.2318138983200398252632248917300438e-01	2.0464806835544362292779157905981652e-04	1.2388569821129019122249131518071150e-02
1.2507954563942092042320858716737222e-02	9.7311976611577497054141141771964741e-01	2.1121337118789217502414524889585346e-04	1.2585677880206408446732941084977229e-02
1.2092353154043853017143237902029533e-02	1.0238805255436801069112619326259443e+00	2.1847487764032208756337473303087714e-04	1.2800149189833427173019422335964678e-02
1.1663009537323064972061443099258468e-02	1.0755363312392808023603788041627609e+00	2.2652018968895136815045022694542903e-04	1.3033645063873641191234078725799525e-02
1.1220687872666798963479132261168172e-02	1.1281669827536826324263951342522198e+00	2.3545286437034162366567015530590133e-04	1.3288082587475632422478829320306243e-02
1.0766205428825029360534132440155006e-02	1.1818605325890068818563302657603431e+00	2.4539602140226448660553517982524016e-04	1.3565683731462238083008100003192804e-02
1.0300436223699899497780018403013887e-02	1.2367146219017241055273389626593545e+00	2.5649696422645286054835071704788772e-04	1.3869036514339760387163979842775704e-02
9.8243151433530594464956327301527983e-03	1.2928380902857344972791907177920382e+00	2.6893315646898165777136213772339220e-04	1.4201171803427715005618216241227892e-02
9.3388426219395419723298812533579735e-03	1.3503529312774294920563640438661717e+00	2.8292003269161253571711231083150265e-04	1.4565660631287983957036333087264905e-02
8.8450899821033353998157760844265432e-03	1.4093966880989437653648315420599664e+00	2.9872132332919364189386620000862695e-04	1.4966738730741381431990295956647215e-02
8.3442055588490928857904387573032252e-03	1.4701254158156956754505349547865529e+00	3.1666287377193600135506707755113863e-04	1.5409467628963819417200931606468385e-02
7.8374217603112872746057480101802553e-03	1.5327173805290449386745267776634603e+00	3.3715139345341598859608657084326772e-04	1.5899945509246420860746756561749264e-02
7.3260632586857590468179114064004816e-03	1.5973777295889979682242940064472957e+00	3.6070027701626975643199819645758150e-04	1.6445586822893581375729835625886015e-02
6.8115565574725623619288192566813417e-03	1.6643444586937358242445322518970687e+00	3.8796575707600218115021902729660990e-04	1.7055498419900449560767237900334650e-02
6.2954412523690372499276922918317286e-03	1.7338961374898961303184131771989858e+00	4.1979845821604503611836881787214846e-04	1.7740993623772784762613972796084383e-02
5.7793834004912412142974817607686262e-03	1.8063620600355871724884251976767030e+00	4.5731843127490523971904531657013168e-04	1.8516307408254569916907025865621636e-02
5.2651915480222398638026288877859003e-03	1.8821358025129246042443888925074479e+00	5.0202689779794073743093977034227382e-04	1.9399611336063893426848412431368476e-02
4.7548361584731764705033328778280911e-03	1.9616936711278430951369343866757815e+00	5.5597704295862559940285483008094113e-04	2.0414486649015962055707794126586543e-02
4.2504734622243672986218419058772122e-03	2.0456203394430304781310397186870106e+00	6.2204290882905944761480351408491923e-04	2.1592117788401791772517066240035728e-02
3.7544751618785030644862017620276368e-03	2.1346453506501467051402045404257382e+00	7.0435743245661682608785315753945528e-04	2.2974656316042434360980550766917528e-02
3.2694660607400499908260102871617399e-03	2.2296965710576244707085826784078872e+00	8.0905497617605871406822287112019160e-04	2.4620559464275186677138572593742319e-02
2.7983726815671423670675338070073346e-03	2.3319810960980419945301235132429879e+00	9.4559053793117954400836832561032785e-04	2.6613411191051870568848841457733489e-02
2.3444875845784516355668156884919371e-03	2.4431126313484525462639696155430827e+00	1.1292194700239152452745183541818204e-03	2.9077218225930685911676836409396477e-02
1.9115569160858709608079906962354112e-03	2.5653218855170047757199486107409110e+00	1.3859919915078073282892257498329403e-03	3.2204542177692531763476527891595451e-02
1.5039038469968432299489492224323758e-03	2.7018253952565970803180157921556574e+00	1.7637256882005687345062110056198464e-03	3.6312188171212065331367309881170633e-02
1.1266105346618275234051342933360190e-03	2.8575233102343694718167091967585578e+00	2.3589959395282518402002363665868003e-03	4.1962410450407148303058765109645274e-02
7.8580238131000200105397419877265690e-04	3.0404606723335467895830016218565225e+00	3.3946172267853692232113167720502776e-03	5.0262669711277887237842169358322260e-02
4.8912833527917946064111203022773844e-04	3.2653588793032412934446735567242167e+00	5.4989576192992579782266498719401044e-03	6.3756491753149112010488622449969837e-02
2.4666468414091974016998856134343190e-04	3.5642647293207714145101688108565045e+00	1.1188937352919826880868404208134196e-02	8.9981924509014007703307931810887705e-02
7.2465787654598605206420443488340577e-05	4.0349292776052677370108530991744252e+00	5.0450917098013798555881311103441955e-02	1.6882350930386998209636577449097312e-01
0.0000000000000000000000000000000000e+00	0.0000000000000000000000000000000000e+00	2.6671221946134139607615324670797054e-04	1.3161981555876895619570549974687921e-02