5.8853652514134564421976910068007802e-05	-4.0836249215816418161104930908597339e+00	4.9445358162592220441587441983243294e-02	1.6707159114069445289100157851788518e-01
2.0092064004137527009137925788255614e-04	-3.6180803820653899542338109139379919e+00	1.0929044499843464295173723669362310e-02	8.8922099567188071521914390388491690e-02
3.9944627617454558948200024283101169e-04	-3.3228594027921918075393113635105368e+00	5.3570609085163437494886731792538292e-03	6.2925132988770841219129501092275328e-02
6.4321772713628401499853717251721012e-04	-3.1010109811746749478301876170690811e+00	3.2992531075204288127390938705424487e-03	4.9549859673964024052910113002256968e-02
9.2418109130407357463917143608386259e-04	-2.9207586182315050949852314285189156e+00	2.2877410307816303883673298209611905e-03	4.1322718260697677315447360767308169e-02
1.2362155650294527380818290241678920e-03	-2.7675083427584247965523126520053383e+00	1.7069305703564803095241407694496871e-03	3.5722016806413597816188346490353278e-02
1.5744140219432207521191489260692223e-03	-2.6332864173588227938421337636239787e+00	1.3387063264423300570586689707709853e-03	3.1649892425268606501739583553202064e-02
1.9347004667144868377485541470421192e-03	-2.5132371085975027859388617321141331e+00	1.0885966803289124196726942354571230e-03	2.8549017451588225168636395613438734e-02
2.3136035593413843575919830879742438e-03	-2.4041736832986207195942433333060163e+00	9.0985628255052844403955785657188763e-04	2.6105393058877695800424767280495575e-02
2.7081116064436994849776832094714655e-03	-2.3038865654300897617911820136757733e+00	7.7703454612101177020509062748951620e-04	2.4128180781837167301694245010336172e-02
3.1155741696735749669092725852645173e-03	-2.2107776920414103068659810533985626e+00	6.7523575714547629624791539761890567e-04	2.2494493681765770332956689442501874e-02
3.5336322670497178138375012466720388e-03	-2.1236519564301833170047993122097055e+00	5.9523275302300375571609858772610007e-04	2.1121508433239583394189844146706030e-02
3.9601670841250748507339458652101530e-03	-2.0415909514193964472908700083609982e+00	5.3104200419188178215764761448311644e-04	1.9951303066804398587673113941351364e-02
4.3932611953488615247769392835930729e-03	-1.9638727852128507428924318267434463e+00	4.7863410624130290719729146345651808e-04	1.8942113652629046193963047153163140e-02
4.8311685438732854616029541396263396e-03	-1.8899191098760077365288984650454422e+00	4.3520826236550210475569696336299863e-04	1.8063043144824320767329284306149830e-02
5.2722907358625790961033825040119865e-03	-1.8192589516352254562720130423123408e+00	3.9876444770057005898450946923163544e-04	1.7290727535020249618484034498666642e-02
5.7151580018668063752749840734604978e-03	-1.7515033095970551793743921009273549e+00	3.6784087663897481388028315976729542e-04	1.6607162073317884569005716765183011e-02
6.1584136819692357361914848912566165e-03	-1.6863268795645464190476298446792514e+00	3.4134730955696336688980341925244686e-04	1.5998241517479956581245243929097748e-02
6.6008014211754657249598497943997577e-03	-1.6234546239890741212135572324908858e+00	3.1845602808528769466628186037145919e-04	1.5452754435959157787455460961065809e-02
7.0411544834172003512093267366698184e-03	-1.5626517182984780204949227118614428e+00	2.9852865120850782228144942115489256e-04	1.4961674574798775759677645360821475e-02
7.4783867456160097296290489027000114e-03	-1.5037159000076079382989241918897509e+00	2.8106586851871680536773886695222540e-04	1.4517651504723895000972714194182276e-02
7.9114850411732765618433340698192438e-03	-1.4464715602560658128611914777848462e+00	2.6567220079555144948782395034554674e-04	1.4114637954640512489947620744849246e-02
8.3395025998286127658265144399242572e-03	-1.3907651203502717360070694685828683e+00	2.5203083838959291164593253123727020e-04	1.3747612777947319251599380639624889e-02
8.7615533875667992451227561503567266e-03	-1.3364613704236827288779518286720265e+00	2.3988537596487579781214848578643222e-04	1.3412372033396093920035861261405993e-02
9.1768071924019169631718185151137920e-03	-1.2834405383873552684753137788500707e+00	2.2902635338000364979163492173974409e-04	1.3105369369919332057950720741283849e-02
9.5844853336226200256100183859808050e-03	-1.2315959201366552330653120926895945e+00	2.1928120195497607493435553875807139e-04	1.2823592626899913959760370560723402e-02
9.9838568963159516714631641732438563e-03	-1.1808319460229415409440939815973474e+00	2.1050664035662151846472767239566016e-04	1.2564467394549380068048719166767325e-02
1.0374235411698253486109736951782779e-02	-1.1310625899719306227583180763625488e+00	2.0258285714514460423343721236520205e-04	1.2325780892346157992567949208913239e-02
1.0754975918385088252805583942700187e-02	-1.0822100502967018308347995699455862e+00	1.9540901314051182461466478054819318e-04	1.2105621333929599990790772826076147e-02
1.1125472351242937628032638818233392e-02	-1.0342036478436130077189689486112144e+00	1.8889973027379951573481999276384786e-04	1.1902329219734160690017945720516470e-02
1.1485155213622179470904177856659193e-02	-9.8697889939899803162073011690177972e-01	1.8298232584525989188146299504281916e-04	1.1714457905849486536781889840839342e-02
1.1833489496117215947624244255387942e-02	-9.4047673348981425933008052306455693e-01	1.7759461575216979365497729040084916e-04	1.1540741452355088821628649910638557e-02
1.2169972810940533856103096457951407e-02	-8.9464282267772782720672561673455231e-01	1.7268315612749370203143994288472334e-04	1.1380068232500582483184919312989154e-02
1.2494133715837684635619709013862926e-02	-8.4942701176866416626238784494673924e-01	1.6820182578308464259338909685762908e-04	1.1231459137056856257285440115161698e-02
1.2805530205441299892551846975731854e-02	-8.0478282546281464225813843171487436e-01	1.6411067578553184274403074944853075e-04	1.1094049471378042263059705093389024e-02
1.3103748351241981141506932946882374e-02	-7.6066704215926188417537306699348333e-01	1.6037499005929355818587008861402184e-04	1.0967073840881701349962139470521985e-02
1.3388401074079684269145711668486802e-02	-7.1703932312753341510895860119895171e-01	1.5696451393146867251248233995262612e-04	1.0849853471189144976424347472416973e-02
1.3659127035338281244369711400676798e-02	-6.7386188822941978395681655052041861e-01	1.5385281727162288268071934767164450e-04	1.0741785524485722669699279036561190e-02
1.3915589634942598368800969145886552e-02	-6.3109923094001867804774128340317005e-01	1.5101676622874198074578227156479478e-04	1.0642334062707335390127202220823459e-02
1.4157476105878123553931092630772550e-02	-5.8871786666837226341403061262669110e-01	1.4843608315819108456040348600979787e-04	1.0551022377441700060060425149987655e-02
1.4384496696331936824846975066410575e-02	-5.4668610938411699855122040342651120e-01	1.4609297861844933624425843133584968e-04	1.0467426460728580002702087912544457e-02
1.4596383931731937614424965129166704e-02	-5.0497387236967439109312641053200090e-01	1.4397184262918824397719790090408020e-04	1.0391169433790646133580598484796643e-02
1.4792891949974600828896147321782957e-02	-4.6355248957785210026722194000102898e-01	1.4205898495929431699585257879118779e-04	1.0321916784768180054523796636942367e-02
1.4973795904007318872515733533701106e-02	-4.2239455461329823099489298809721839e-01	1.4034241623284622005061821981626180e-04	1.0259372293755398463418607937004942e-02
1.5138891426692803316280066530642368e-02	-3.8147377479712722871965857402259480e-01	1.3881166323448214883600724354337860e-04	1.0203274545352333591975507796521309e-02
1.5287994153548896103046445453460067e-02	-3.4076483813600666085582443408558624e-01	1.3745761306163073100274998466817569e-04	1.0153393946706693571988250142360566e-02
1.5420939299543106153551856851667987e-02	-3.0024329131480715488062191379161220e-01	1.3627238178414670305091003010258219e-04	1.0109530183512277155312432188864092e-02
1.5537581286640277697930794904489796e-02	-2.5988542707719371064651870773532894e-01	1.3524920408859184547612258602380232e-04	1.0071510058342396106294734726521664e-02
1.5637793419264960280550037619377530e-02	-2.1966817956046344728249507490386923e-01	1.3438234104811886144813692012048862e-04	1.0039185665565984798271425566052160e-02
1.5721467605256556164569431462034647e-02	-1.7956902631679212809957007192409368e-01	1.3366700370318263651930638775747423e-04	1.0012432865344127947956299192073338e-02
1.5788514120273084962440056895110368e-02	-1.3956589588860940459668033314074339e-01	1.3309929058926861505747121437525220e-04	9.9911500261721829887903005644461126e-03
1.5838861413945256346463013086701819e-02	-9.9637079915644773221832817889936985e-02	1.3267613772609481034031754603739444e-04	9.9752570113877832927017188772294267e-03
1.5872455956402438216799933974982945e-02	-5.9761148838863011505684261189191647e-02	1.3239527990474712826833772686699250e-04	9.9646943902275104651129202153293428e-03
1.5889262124091318821760530934045295e-02	-1.9916870334832183449512494091924446e-02	1.3225522238826060339916235608865836e-04	9.9594228585662988632943961315717925e-03
1.5889262124091318821760530934045295e-02	1.9916870334832183449512494091924446e-02	1.3225522238826060339916235608865836e-04	9.9594228585662988632943961315717925e-03
1.5872455956402438216799933974982945e-02	5.9761148838863011505684261189191647e-02	1.3239527990474712826833772686699250e-04	9.9646943902275104651129202153293428e-03
1.5838861413945256346463013086701819e-02	9.9637079915644773221832817889936985e-02	1.3267613772609481034031754603739444e-04	9.9752570113877832927017188772294267e-03
1.5788514120273084962440056895110368e-02	1.3956589588860940459668033314074339e-01	1.3309929058926861505747121437525220e-04	9.9911500261721829887903005644461126e-03
1.5721467605256556164569431462034647e-02	1.7956902631679212809957007192409368e-01	1.3366700370318263651930638775747423e-04	1.0012432865344127947956299192073338e-02
1.5637793419264960280550037619377530e-02	2.1966817956046344728249507490386923e-01	1.3438234104811886144813692012048862e-04	1.0039185665565984798271425566052160e-02
1.5537581286640277697930794904489796e-02	2.5988542707719371064651870773532894e-01	1.3524920408859184547612258602380232e-04	1.0071510058342396106294734726521664e-02
1.5420939299543106153551856851667987e-02	3.0024329131480715488062191379161220e-01	1.3627238178414670305091003010258219e-04	1.0109530183512277155312432188864092e-02
1.5287994153548896103046445453460067e-02	3.4076483813600666085582443408558624e-01	1.3745761306163073100274998466817569e-04	1.0153393946706693571988250142360566e-02
1.5138891426692803316280066530642368e-02	3.8147377479712722871965857402259480e-01	1.3881166323448214883600724354337860e-04	1.0203274545352333591975507796521309e-02
1.4973795904007318872515733533701106e-02	4.2239455461329823099489298809721839e-01	1.4034241623284622005061821981626180e-04	1.0259372293755398463418607937004942e-02
1.4792891949974600828896147321782957e-02	4.6355248957785210026722194000102898e-01	1.4205898495929431699585257879118779e-04	1.0321916784768180054523796636942367e-02
1.4596383931731937614424965129166704e-02	5.0497387236967439109312641053200090e-01	1.4397184262918824397719790090408020e-04	1.0391169433790646133580598484796643e-02
1.4384496696331936824846975066410575e-02	5.4668610938411699855122040342651120e-01	1.4609297861844933624425843133584968e-04	1.0467426460728580002702087912544457e-02
1.4157476105878123553931092630772550e-02	5.8871786666837226341403061262669110e-01	1.4843608315819108456040348600979787e-04	1.0551022377441700060060425149987655e-02
1.3915589634942598368800969145886552e-02	6.3109923094001867804774128340317005e-01	1.5101676622874198074578227156479478e-04	1.0642334062707335390127202220823459e-02
1.3659127035338281244369711400676798e-02	6.7386188822941978395681655052041861e-01	1.5385281727162288268071934767164450e-04	1.0741785524485722669699279036561190e-02
1.3388401074079684269145711668486802e-02	7.1703932312753341510895860119895171e-01	1.5696451393146867251248233995262612e-04	1.0849853471189144976424347472416973e-02
1.3103748351241981141506932946882374e-02	7.6066704215926188417537306699348333e-01	1.6037499005929355818587008861402184e-04	1.0967073840881701349962139470521985e-02
1.2805530205441299892551846975731854e-02	8.0478282546281464225813843171487436e-01	1.6411067578553184274403074944853075e-04	1.1094049471378042263059705093389024e-02
1.2494133715837684635619709013862926e-02	8.4942701176866416626238784494673924e-01	1.6820182578308464259338909685762908e-04	1.1231459137056856257285440115161698e-02
1.2169972810940533856103096457951407e-02	8.9464282267772782720672561673455231e-01	1.7268315612749370203143994288472334e-04	1.1380068232500582483184919312989154e-02
1.1833489496117215947624244255387942e-02	9.4047673348981425933008052306455693e-01	1.7759461575216979365497729040084916e-04	1.1540741452355088821628649910638557e-02
1.1485155213622179470904177856659193e-02	9.8697889939899803162073011690177972e-01	1.8298232584525989188146299504281916e-04	1.1714457905849486536781889840839342e-02
1.1125472351242937628032638818233392e-02	1.0342036478436130077189689486112144e+00	1.8889973027379951573481999276384786e-04	1.1902329219734160690017945720516470e-02
1.0754975918385088252805583942700187e-02	1.0822100502967018308347995699455862e+00	1.9540901314051182461466478054819318e-04	1.2105621333929599990790772826076147e-02
1.0374235411698253486109736951782779e-02	1.1310625899719306227583180763625488e+00	2.0258285714514460423343721236520205e-04	1.2325780892346157992567949208913239e-02
9.9838568963159516714631641732438563e-03	1.1808319460229415409440939815973474e+00	2.1050664035662151846472767239566016e-04	1.2564467394549380068048719166767325e-02
9.5844853336226200256100183859808050e-03	1.2315959201366552330653120926895945e+00	2.1928120195497607493435553875807139e-04	1.2823592626899913959760370560723402e-02
9.1768071924019169631718185151137920e-03	1.2834405383873552684753137788500707e+00	2.2902635338000364979163492173974409e-04	1.3105369369919332057950720741283849e-02
8.7615533875667992451227561503567266e-03	1.3364613704236827288779518286720265e+00	2.3988537596487579781214848578643222e-04	1.3412372033396093920035861261405993e-02
8.3395025998286127658265144399242572e-03	1.3907651203502717360070694685828683e+00	2.5203083838959291164593253123727020e-04	1.3747612777947319251599380639624889e-02
7.9114850411732765618433340698192438e-03	1.4464715602560658128611914777848462e+00	2.6567220079555144948782395034554674e-04	1.4114637954640512489947620744849246e-02
7.4783867456160097296290489027000114e-03	1.5037159000076079382989241918897509e+00	2.8106586851871680536773886695222540e-04	1.4517651504723895000972714194182276e-02
7.0411544834172003512093267366698184e-03	1.5626517182984780204949227118614428e+00	2.9852865120850782228144942115489256e-04	1.4961674574798775759677645360821475e-02
6.6008014211754657249598497943997577e-03	1.6234546239890741212135572324908858e+00	3.1845602808528769466628186037145919e-04	1.5452754435959157787455460961065809e-02
6.1584136819692357361914848912566165e-03	1.6863268795645464190476298446792514e+00	3.4134730955696336688980341925244686e-04	1.5998241517479956581245243929097748e-02
5.7151580018668063752749840734604978e-03	1.7515033095970551793743921009273549e+00	3.6784087663897481388028315976729542e-04	1.6607162073317884569005716765183011e-02
5.2722907358625790961033825040119865e-03	1.8192589516352254562720130423123408e+00	3.9876444770057005898450946923163544e-04	1.7290727535020249618484034498666642e-02
4.8311685438732854616029541396263396e-03	1.8899191098760077365288984650454422e+00	4.3520826236550210475569696336299863e-04	1.8063043144824320767329284306149830e-02
4.3932611953488615247769392835930729e-03	1.9638727852128507428924318267434463e+00	4.7863410624130290719729146345651808e-04	1.8942113652629046193963047153163140e-02
3.9601670841250748507339458652101530e-03	2.0415909514193964472908700083609982e+00	5.3104200419188178215764761448311644e-04	1.9951303066804398587673113941351364e-02
3.5336322670497178138375012466720388e-03	2.1236519564301833170047993122097055e+00	5.9523275302300375571609858772610007e-04	2.1121508433239583394189844146706030e-02
3.1155741696735749669092725852645173e-03	2.2107776920414103068659810533985626e+00	6.7523575714547629624791539761890567e-04	2.2494493681765770332956689442501874e-02
2.7081116064436994849776832094714655e-03	2.3038865654300897617911820136757733e+00	7.7703454612101177020509062748951620e-04	2.4128180781837167301694245010336172e-02
2.3136035593413843575919830879742438e-03	2.4041736832986207195942433333060163e+00	9.0985628255052844403955785657188763e-04	2.6105393058877695800424767280495575e-02
1.9347004667144868377485541470421192e-03	2.5132371085975027859388617321141331e+00	1.0885966803289124196726942354571230e-03	2.8549017451588225168636395613438734e-02
1.5744140219432207521191489260692223e-03	2.6332864173588227938421337636239787e+00	1.3387063264423300570586689707709853e-03	3.1649892425268606501739583553202064e-02
1.2362155650294527380818290241678920e-03	2.7675083427584247965523126520053383e+00	1.7069305703564803095241407694496871e-03	3.5722016806413597816188346490353278e-02
9.2418109130407357463917143608386259e-04	2.9207586182315050949852314285189156e+00	2.2877410307816303883673298209611905e-03	4.1322718260697677315447360767308169e-02
6.4321772713628401499853717251721012e-04	3.1010109811746749478301876170690811e+00	3.2992531075204288127390938705424487e-03	4.9549859673964024052910113002256968e-02
3.9944627617454558948200024283101169e-04	3.3228594027921918075393113635105368e+00	5.3570609085163437494886731792538292e-03	6.2925132988770841219129501092275328e-02
2.0092064004137527009137925788255614e-04	3.6180803820653899542338109139379919e+00	1.0929044499843464295173723669362310e-02	8.8922099567188071521914390388491690e-02
5.8853652514134564421976910068007802e-05	4.0836249215816418161104930908597339e+00	4.9445358162592220441587441983243294e-02	1.6707159114069445289100157851788518e-01
0.0000000000000000000000000000000000e+00	0.0000000000000000000000000000000000e+00	2.2898923604103646058377841357214990e-04	1.2195729375720890187346606255364062e-02