3.0237850348544894022785864092462421e-05	-4.2360442311710555868846959684014397e+00	4.6477934303636199003476928283783211e-02	1.6180440484898793128616461987607112e-01
1.0412589092850325174929660101665862e-04	-3.7858496563930852610143912671029119e+00	1.0171574311265332330611605531883581e-02	8.5760638973164143114079758644987247e-02
2.0856989766398462838452228018919732e-04	-3.5015870306831692263661704700078008e+00	4.9475076906699395296678268804036415e-03	6.0462414724040934943816409202045460e-02
3.3811980007880934028500934136097255e-04	-3.2887471562563149547942842218367675e+00	3.0263535686722740003657656956217915e-03	4.7451404231393010550922288924530396e-02
4.8883965052002408039604110736953674e-04	-3.1163780628304574380652610321175549e+00	2.0854256962868250984285373506988178e-03	3.9450245855297909071316954913972269e-02
6.5772871825313664552097843208471092e-04	-2.9702741699649058977446450709134183e+00	1.5468516927776439995009129875767664e-03	3.4003741976773652347871528379091561e-02
8.4237401847701370312013103472344986e-04	-2.8426788167217832663154348774892254e+00	1.2063599858667968976672063390483652e-03	3.0043275457010853448020241899283334e-02
1.0407652126854267529119022963540341e-03	-2.7288712648014890218647782189843482e+00	9.7566363134533177260543771397340753e-04	2.7026537224769782585258620131837111e-02
1.2511849225806012587154081858479855e-03	-2.6257551598399916156224812162597912e+00	8.1116340470521622357817616587307711e-04	2.4648087674875379489767689040439358e-02
1.4721384511353006456752855039457576e-03	-2.5311848205714132120925179425962537e+00	6.8916508057076957089766111058533664e-04	2.2722347405290188778858164614924915e-02
1.7023060685556712478415241859020269e-03	-2.4436092993108543896876563184903935e+00	5.9582469551347913910408777681793638e-04	2.1129850253367623745436959676234528e-02
1.9405091455527212257415661467159965e-03	-2.3618694259722039583263895739342451e+00	5.2258044954130587198779794835064114e-04	1.9790099518123868479571930544941291e-02
2.1856852543705400542224850822047436e-03	-2.2850749797376333256087073783219970e+00	4.6388875954579521200476976391240740e-04	1.8646813452323923573119898170875374e-02
2.4368693328350594456055437586189997e-03	-2.2125267051726282975901364752874542e+00	4.1602189067654511149077508014944602e-04	1.7659418902838172575587223726580745e-02
2.6931790943173182862265527943878931e-03	-2.1436648088525702816365824258822618e+00	3.7639229110150453770670796999418957e-04	1.6797904641516046858668292392874955e-02
2.9538034995280022861787224755480068e-03	-2.0780338018344196961823050813105099e+00	3.4315461924536284208902849468229637e-04	1.6039579224773666237521112658728749e-02
3.2179934917233061174985628759216214e-03	-2.0152578159090187408332338360508902e+00	3.1496180948446536192052054352234244e-04	1.5366957430876954587543706789851371e-02
3.4850544410779807471401853039307242e-03	-1.9550228484909207457171699899532877e+00	2.9081035469795464036391888064303366e-04	1.4766341217118006117580081428785311e-02
3.7543399037367979583262995185316797e-03	-1.8970637190546269304297743189454389e+00	2.6993921932211714888941707468022532e-04	1.4226842246236627116960267237766506e-02
4.0252464085846830592411196241973453e-03	-1.8411543075451136013529162240482390e+00	2.5176205172805629974296605269429232e-04	1.3739693257689392713443074059056517e-02
4.2972090589660815558254215375993588e-03	-1.7871001279729832995644661522764059e+00	2.3582066895493686165642482802277935e-04	1.3297753171770120792510916084959669e-02
4.5696977889005070470805036396708405e-03	-1.7347325951409788337294265393062682e+00	2.2175247769512124550479993312690430e-04	1.2895145052302468295838525554060026e-02
4.8422141509538288740854826657007921e-03	-1.6839045398393111872827754827657617e+00	2.0926723320156989055461138709043419e-04	1.2526987008032610945948703994977907e-02
5.1142885404381325775327669331417063e-03	-1.6344866586887366789094826526155675e+00	1.9813018279903941700950270557741064e-04	1.2189189278265895212378410274575619e-02
5.3854777810542625692169304209465815e-03	-1.5863646733537929243807837062612225e+00	1.8814965518116664479641146176204824e-04	1.1878299216836275486074411618597632e-02
5.6553630124934107603548083076574003e-03	-1.5394370348988256967843561319892738e+00	1.7916779719442524371949463087023726e-04	1.1591381452655904965457859849716700e-02
5.9235478322688843279983776021577713e-03	-1.4936130518735907484439212576617968e+00	1.7105357290654661138221530987603997e-04	1.1325924232008665954075729484623187e-02
6.1896566531255946350244701051108413e-03	-1.4488113512086985953330540396685559e+00	1.6369741139178284264418358970769591e-04	1.1079765488243732484555811986722258e-02
6.4533332444585363023251674015068377e-03	-1.4049586030294015987452751677587397e+00	1.5700707147408278071366078969354812e-04	1.0851033944305090305827880742184764e-02
6.7142394317547667933766892659656003e-03	-1.3619884566178073555865663097751250e+00	1.5090441535228676364681378608564796e-04	1.0638101790632887634291778386313444e-02
6.9720539325141859504263500333528798e-03	-1.3198406466949229657773004052091029e+00	1.4532286844317794439009510130191069e-04	1.0439546362544856545643738697225567e-02
7.2264713106664015612862289723942115e-03	-1.2784602381377746581137737280573075e+00	1.4020540258438745236834721793547139e-04	1.0254118877379164426579129680564821e-02
7.4772010343805110461745617701649424e-03	-1.2377969840150826486553941876903930e+00	1.3550292215794905439487917303321114e-04	1.0080718756155381775446089376763032e-02
7.7239666245095205023468099470409387e-03	-1.1978047769962228804026073804374554e+00	1.3117296314368357019809992613847229e-04	9.9183723973311875937301733633929041e-03
7.9665048828336880513676112959579188e-03	-1.1584411781748289690204345326167030e+00	1.2717863721264427706136089639478273e-04	9.7662155258393620811134108973983601e-03
8.2045651908534760124618583622554227e-03	-1.1196670104475973274596824856852206e+00	1.2348776918105387064680761015164499e-04	9.6234784329842400977302116428670753e-03
8.4379088711996768930796321408742151e-03	-1.0814460060171711384225809066093923e+00	1.2007218815134088319979000950394226e-04	9.4894735688834265750402223556448679e-03
8.6663086048276169168975488893007598e-03	-1.0437444995046949801569522905238468e+00	1.1690714164122984431793696554789236e-04	9.3635850610248705568151873537759664e-03
8.8895478980849748258352324710631471e-03	-1.0065311596810547301206030214415726e+00	1.1397080876806742282560355856578405e-04	9.2452598188623539435584183603185612e-03
9.1074205945209965596305558274232489e-03	-9.6977675404457805779260651207318418e-01	1.1124389369861802518516054551042253e-04	9.1339999515152684522909093562963383e-03
9.3197304269644785407651951852820016e-03	-9.3345394145402182127703971358583855e-01	1.0870928451394879176023645959710657e-04	9.0293562782110007358817554403913823e-03
9.5262906059594678206530711951226330e-03	-8.9753708881998636040639975071907808e-01	1.0635176567843436903359724675592138e-04	8.9309227525454191788753503146156507e-03
9.7269234411278262480230696731673529e-03	-8.6200210850456666471609282769830179e-01	1.0415777466313710189323015382606809e-04	8.8383316545028849021911930603186775e-03
9.9214599924401233421246075159747970e-03	-8.2682631360826991903127253911547384e-01	1.0211519512019560141064170773994293e-04	8.7512494304005729435108080553505971e-03
1.0109739748731762645616515169078027e-02	-7.9198828875847201347157260183471146e-01	1.0021318045762941904893731828957514e-04	8.6693730819641168553518396365367394e-03
1.0291610331108827736311780917971162e-02	-7.5746777437331734474449237899039508e-01	9.8442002813819669373478714103294603e-05	8.5924270227177899812872566795052687e-03
1.0466927219155284776916523735350510e-02	-7.2324556267344070675198903120977632e-01	9.6792923346161339486571267959728262e-05	8.5201603336391171679283794719024335e-03
1.0635553498086045035748202208685814e-02	-6.8930340396264793229503468677222270e-01	9.5258080480807471831030357719430218e-05	8.4523443612470115431699340009353575e-03
1.0797359625194082344996669632236789e-02	-6.5562392190683769484930929995119535e-01	9.3830393359583990794697306708956473e-05	8.3887706104790666020281098755369062e-03
1.0952223214118582195348769880812886e-02	-6.2219053671526317357927092627901295e-01	9.2503478196421912478929869785020877e-05	8.3292488922701427492473693305465769e-03
1.1100028835618546722427322288578955e-02	-5.8898739527557304111071733132269433e-01	9.1271575642501323720298319629889903e-05	8.2736056919875144304751992232216052e-03
1.1240667833675402928801712839416367e-02	-5.5599930741866382158557013126267028e-01	9.0129487574967231860280295815815357e-05	8.2216827300579259406795054526292867e-03
1.1374038155871503499908476782533540e-02	-5.2321168759505457357330495084857934e-01	8.9072521982811531547600073706941674e-05	8.1733356904378642382706975108913812e-03
1.1500044197101128195303656457833975e-02	-4.9061050133438333749939376462480688e-01	8.8096444836510949516306234415178593e-05	8.1284330961890419726555951485984007e-03
1.1618596655768526518151107203875160e-02	-4.5818221593627683538595166271392472e-01	8.7197438004104304626931119578145612e-05	8.0868553144539413896231294984338118e-03
1.1729612401715259981850409506458902e-02	-4.2591375490635671329156190514970371e-01	8.6372062422594108845066304361877168e-05	8.0484936756840298901641714127770946e-03
1.1833014355197952778764530171533475e-02	-3.9379245570724353181810975495436239e-01	8.5617225855455852244606191850914756e-05	8.0132496941391031214842112452740092e-03
1.1928731376308704301420865709326314e-02	-3.6180603044252997300419788135857840e-01	8.4930154669109206191394950528202818e-05	7.9810343785177981463609360120193442e-03
1.2016698164294860262388862210564789e-02	-3.2994252913299893545773251240833695e-01	8.4308369147050564074075395478889155e-05	7.9517676231519229204285751147080943e-03
1.2096855166293453626260887635145275e-02	-2.9819030527984160821464849591470060e-01	8.3749661932877695574611544482544700e-05	7.9253776715462342543625282270111397e-03
1.2169148495049173472696594489868762e-02	-2.6653798344010174296871776701347393e-01	8.3252079255020280352111321375400188e-05	7.9018006452080708055894009951517807e-03
1.2233529855233866630621270791793307e-02	-2.3497442856571548486841747526114789e-01	8.2813904638555901072134695336377550e-05	7.8809801317188058069354003930529408e-03
1.2289956478030911574204394473970505e-02	-2.0348871687989843248059180941402543e-01	8.2433644854624776526667814445893768e-05	7.8628668268772457163551284176092852e-03
1.2338391063689847886429625979986735e-02	-1.7207010808372572191332074921889397e-01	8.2110017896966691495663692513672032e-05	7.8474182265154996713019088972852743e-03
1.2378801731795862481212999829546941e-02	-1.4070801870195006897404586991414610e-01	8.1841942809077709274118973189316643e-05	7.8345983642687275026409793715558853e-03
1.2411161979035543349713947611931242e-02	-1.0939199639073280617457170477348508e-01	8.1628531215332994010880015462148905e-05	7.8243775921870494046966185516696637e-03
1.2435450644275091008065463660565082e-02	-7.8111695041292565128924001034523583e-02	8.1469080435914957979323006963220842e-05	7.8167324016240680492344714676703329e-03
1.2451651880800272557638421068580909e-02	-4.6856850522724445788410324482580020e-02	8.1363068089180421290002697297636923e-05	7.8116452823334430046101451947838246e-03
1.2459755135599132146504116172578576e-02	-1.5617256914585192994309059786693628e-02	8.1310148106765734013066263849311745e-05	7.8091046181628910769026046587712705e-03
1.2459755135599132146504116172578576e-02	1.5617256914585192994309059786693628e-02	8.1310148106765734013066263849311745e-05	7.8091046181628910769026046587712705e-03
1.2451651880800272557638421068580909e-02	4.6856850522724445788410324482580020e-02	8.1363068089180421290002697297636923e-05	7.8116452823334430046101451947838246e-03
1.2435450644275091008065463660565082e-02	7.8111695041292565128924001034523583e-02	8.1469080435914957979323006963220842e-05	7.8167324016240680492344714676703329e-03
1.2411161979035543349713947611931242e-02	1.0939199639073280617457170477348508e-01	8.1628531215332994010880015462148905e-05	7.8243775921870494046966185516696637e-03
1.2378801731795862481212999829546941e-02	1.4070801870195006897404586991414610e-01	8.1841942809077709274118973189316643e-05	7.8345983642687275026409793715558853e-03
1.2338391063689847886429625979986735e-02	1.7207010808372572191332074921889397e-01	8.2110017896966691495663692513672032e-05	7.8474182265154996713019088972852743e-03
1.2289956478030911574204394473970505e-02	2.0348871687989843248059180941402543e-01	8.2433644854624776526667814445893768e-05	7.8628668268772457163551284176092852e-03
1.2233529855233866630621270791793307e-02	2.3497442856571548486841747526114789e-01	8.2813904638555901072134695336377550e-05	7.8809801317188058069354003930529408e-03
1.2169148495049173472696594489868762e-02	2.6653798344010174296871776701347393e-01	8.3252079255020280352111321375400188e-05	7.9018006452080708055894009951517807e-03
1.2096855166293453626260887635145275e-02	2.9819030527984160821464849591470060e-01	8.3749661932877695574611544482544700e-05	7.9253776715462342543625282270111397e-03
1.2016698164294860262388862210564789e-02	3.2994252913299893545773251240833695e-01	8.4308369147050564074075395478889155e-05	7.9517676231519229204285751147080943e-03
1.1928731376308704301420865709326314e-02	3.6180603044252997300419788135857840e-01	8.4930154669109206191394950528202818e-05	7.9810343785177981463609360120193442e-03
1.1833014355197952778764530171533475e-02	3.9379245570724353181810975495436239e-01	8.5617225855455852244606191850914756e-05	8.0132496941391031214842112452740092e-03
1.1729612401715259981850409506458902e-02	4.2591375490635671329156190514970371e-01	8.6372062422594108845066304361877168e-05	8.0484936756840298901641714127770946e-03
1.1618596655768526518151107203875160e-02	4.5818221593627683538595166271392472e-01	8.7197438004104304626931119578145612e-05	8.0868553144539413896231294984338118e-03
1.1500044197101128195303656457833975e-02	4.9061050133438333749939376462480688e-01	8.8096444836510949516306234415178593e-05	8.1284330961890419726555951485984007e-03
1.1374038155871503499908476782533540e-02	5.2321168759505457357330495084857934e-01	8.9072521982811531547600073706941674e-05	8.1733356904378642382706975108913812e-03
1.1240667833675402928801712839416367e-02	5.5599930741866382158557013126267028e-01	9.0129487574967231860280295815815357e-05	8.2216827300579259406795054526292867e-03
1.1100028835618546722427322288578955e-02	5.8898739527557304111071733132269433e-01	9.1271575642501323720298319629889903e-05	8.2736056919875144304751992232216052e-03
1.0952223214118582195348769880812886e-02	6.2219053671526317357927092627901295e-01	9.2503478196421912478929869785020877e-05	8.3292488922701427492473693305465769e-03
1.0797359625194082344996669632236789e-02	6.5562392190683769484930929995119535e-01	9.3830393359583990794697306708956473e-05	8.3887706104790666020281098755369062e-03
1.0635553498086045035748202208685814e-02	6.8930340396264793229503468677222270e-01	9.5258080480807471831030357719430218e-05	8.4523443612470115431699340009353575e-03
1.0466927219155284776916523735350510e-02	7.2324556267344070675198903120977632e-01	9.6792923346161339486571267959728262e-05	8.5201603336391171679283794719024335e-03
1.0291610331108827736311780917971162e-02	7.5746777437331734474449237899039508e-01	9.8442002813819669373478714103294603e-05	8.5924270227177899812872566795052687e-03
1.0109739748731762645616515169078027e-02	7.9198828875847201347157260183471146e-01	1.0021318045762941904893731828957514e-04	8.6693730819641168553518396365367394e-03
9.9214599924401233421246075159747970e-03	8.2682631360826991903127253911547384e-01	1.0211519512019560141064170773994293e-04	8.7512494304005729435108080553505971e-03
9.7269234411278262480230696731673529e-03	8.6200210850456666471609282769830179e-01	1.0415777466313710189323015382606809e-04	8.8383316545028849021911930603186775e-03
9.5262906059594678206530711951226330e-03	8.9753708881998636040639975071907808e-01	1.0635176567843436903359724675592138e-04	8.9309227525454191788753503146156507e-03
9.3197304269644785407651951852820016e-03	9.3345394145402182127703971358583855e-01	1.0870928451394879176023645959710657e-04	9.0293562782110007358817554403913823e-03
9.1074205945209965596305558274232489e-03	9.6977675404457805779260651207318418e-01	1.1124389369861802518516054551042253e-04	9.1339999515152684522909093562963383e-03
8.8895478980849748258352324710631471e-03	1.0065311596810547301206030214415726e+00	1.1397080876806742282560355856578405e-04	9.2452598188623539435584183603185612e-03
8.6663086048276169168975488893007598e-03	1.0437444995046949801569522905238468e+00	1.1690714164122984431793696554789236e-04	9.3635850610248705568151873537759664e-03
8.4379088711996768930796321408742151e-03	1.0814460060171711384225809066093923e+00	1.2007218815134088319979000950394226e-04	9.4894735688834265750402223556448679e-03
8.2045651908534760124618583622554227e-03	1.1196670104475973274596824856852206e+00	1.2348776918105387064680761015164499e-04	9.6234784329842400977302116428670753e-03
7.9665048828336880513676112959579188e-03	1.1584411781748289690204345326167030e+00	1.2717863721264427706136089639478273e-04	9.7662155258393620811134108973983601e-03
7.7239666245095205023468099470409387e-03	1.1978047769962228804026073804374554e+00	1.3117296314368357019809992613847229e-04	9.9183723973311875937301733633929041e-03
7.4772010343805110461745617701649424e-03	1.2377969840150826486553941876903930e+00	1.3550292215794905439487917303321114e-04	1.0080718756155381775446089376763032e-02
7.2264713106664015612862289723942115e-03	1.2784602381377746581137737280573075e+00	1.4020540258438745236834721793547139e-04	1.0254118877379164426579129680564821e-02
6.9720539325141859504263500333528798e-03	1.3198406466949229657773004052091029e+00	1.4532286844317794439009510130191069e-04	1.0439546362544856545643738697225567e-02
6.7142394317547667933766892659656003e-03	1.3619884566178073555865663097751250e+00	1.5090441535228676364681378608564796e-04	1.0638101790632887634291778386313444e-02
6.4533332444585363023251674015068377e-03	1.4049586030294015987452751677587397e+00	1.5700707147408278071366078969354812e-04	1.0851033944305090305827880742184764e-02
6.1896566531255946350244701051108413e-03	1.4488113512086985953330540396685559e+00	1.6369741139178284264418358970769591e-04	1.1079765488243732484555811986722258e-02
5.9235478322688843279983776021577713e-03	1.4936130518735907484439212576617968e+00	1.7105357290654661138221530987603997e-04	1.1325924232008665954075729484623187e-02
5.6553630124934107603548083076574003e-03	1.5394370348988256967843561319892738e+00	1.7916779719442524371949463087023726e-04	1.1591381452655904965457859849716700e-02
5.3854777810542625692169304209465815e-03	1.5863646733537929243807837062612225e+00	1.8814965518116664479641146176204824e-04	1.1878299216836275486074411618597632e-02
5.1142885404381325775327669331417063e-03	1.6344866586887366789094826526155675e+00	1.9813018279903941700950270557741064e-04	1.2189189278265895212378410274575619e-02
4.8422141509538288740854826657007921e-03	1.6839045398393111872827754827657617e+00	2.0926723320156989055461138709043419e-04	1.2526987008032610945948703994977907e-02
4.5696977889005070470805036396708405e-03	1.7347325951409788337294265393062682e+00	2.2175247769512124550479993312690430e-04	1.2895145052302468295838525554060026e-02
4.2972090589660815558254215375993588e-03	1.7871001279729832995644661522764059e+00	2.3582066895493686165642482802277935e-04	1.3297753171770120792510916084959669e-02
4.0252464085846830592411196241973453e-03	1.8411543075451136013529162240482390e+00	2.5176205172805629974296605269429232e-04	1.3739693257689392713443074059056517e-02
3.7543399037367979583262995185316797e-03	1.8970637190546269304297743189454389e+00	2.6993921932211714888941707468022532e-04	1.4226842246236627116960267237766506e-02
3.4850544410779807471401853039307242e-03	1.9550228484909207457171699899532877e+00	2.9081035469795464036391888064303366e-04	1.4766341217118006117580081428785311e-02
3.2179934917233061174985628759216214e-03	2.0152578159090187408332338360508902e+00	3.1496180948446536192052054352234244e-04	1.5366957430876954587543706789851371e-02
2.9538034995280022861787224755480068e-03	2.0780338018344196961823050813105099e+00	3.4315461924536284208902849468229637e-04	1.6039579224773666237521112658728749e-02
2.6931790943173182862265527943878931e-03	2.1436648088525702816365824258822618e+00	3.7639229110150453770670796999418957e-04	1.6797904641516046858668292392874955e-02
2.4368693328350594456055437586189997e-03	2.2125267051726282975901364752874542e+00	4.1602189067654511149077508014944602e-04	1.7659418902838172575587223726580745e-02
2.1856852543705400542224850822047436e-03	2.2850749797376333256087073783219970e+00	4.6388875954579521200476976391240740e-04	1.8646813452323923573119898170875374e-02
1.9405091455527212257415661467159965e-03	2.3618694259722039583263895739342451e+00	5.2258044954130587198779794835064114e-04	1.9790099518123868479571930544941291e-02
1.7023060685556712478415241859020269e-03	2.4436092993108543896876563184903935e+00	5.9582469551347913910408777681793638e-04	2.1129850253367623745436959676234528e-02
1.4721384511353006456752855039457576e-03	2.5311848205714132120925179425962537e+00	6.8916508057076957089766111058533664e-04	2.2722347405290188778858164614924915e-02
1.2511849225806012587154081858479855e-03	2.6257551598399916156224812162597912e+00	8.1116340470521622357817616587307711e-04	2.4648087674875379489767689040439358e-02
1.0407652126854267529119022963540341e-03	2.7288712648014890218647782189843482e+00	9.7566363134533177260543771397340753e-04	2.7026537224769782585258620131837111e-02
8.4237401847701370312013103472344986e-04	2.8426788167217832663154348774892254e+00	1.2063599858667968976672063390483652e-03	3.0043275457010853448020241899283334e-02
6.5772871825313664552097843208471092e-04	2.9702741699649058977446450709134183e+00	1.5468516927776439995009129875767664e-03	3.4003741976773652347871528379091561e-02
4.8883965052002408039604110736953674e-04	3.1163780628304574380652610321175549e+00	2.0854256962868250984285373506988178e-03	3.9450245855297909071316954913972269e-02
3.3811980007880934028500934136097255e-04	3.2887471562563149547942842218367675e+00	3.0263535686722740003657656956217915e-03	4.7451404231393010550922288924530396e-02
2.0856989766398462838452228018919732e-04	3.5015870306831692263661704700078008e+00	4.9475076906699395296678268804036415e-03	6.0462414724040934943816409202045460e-02
1.0412589092850325174929660101665862e-04	3.7858496563930852610143912671029119e+00	1.0171574311265332330611605531883581e-02	8.5760638973164143114079758644987247e-02
3.0237850348544894022785864092462421e-05	4.2360442311710555868846959684014397e+00	4.6477934303636199003476928283783211e-02	1.6180440484898793128616461987607112e-01
0.0000000000000000000000000000000000e+00	0.0000000000000000000000000000000000e+00	1.4079936177051395549418222607629540e-04	9.5631550812816094675484982345963737e-03