2.4982465108470129475207961516068882e-05	-4.2788217035453992155842976998241885e+00	4.5691232164787612235301317007177173e-02	1.6038239920049587002566774849299909e-01
8.6225550842899944355208853165826967e-05	-3.8327602249638171040268368833811040e+00	9.9731124511532265227592454696549804e-03	8.4913397354188918808490468366015814e-02
1.7305452851033721125868715376335488e-04	-3.5514259279888358549026990990268484e+00	4.8411842946203852240195978285405673e-03	5.9806717566977143312489877399080228e-02
2.8103572621369066951258296474429168e-04	-3.3409781930892531795174158714637014e+00	2.9560750951018590195021475293032422e-03	4.6895919686791765518941636002569066e-02
4.0696260683421029652799595004185120e-04	-3.1706906987444370267105613949276833e+00	2.0337060998778009610793391360433893e-03	3.8957205525366499988620443479746947e-02
5.4838861716510070348857254698164565e-04	-3.0264640851711059345548955600209997e+00	1.5062098041592059076123999605098392e-03	3.3553545854393211417811272095122891e-02
7.0334496339074996854701949033335754e-04	-2.9006010065574735134877821834666831e+00	1.1729779781959839947940659664700726e-03	2.9624317682360214279263516983653723e-02
8.7019019344378801776490163828146048e-04	-2.7884175674800397985084127598073803e+00	9.4735685957364501966681558067577493e-04	2.6631318350400724967183083883516069e-02
1.0475210402721002780203624188825037e-03	-2.6868420411273745406709190806844224e+00	7.8657644695950464017247645255572572e-04	2.4271449200627049729660663346165175e-02
1.2341152863019394975634491819731663e-03	-2.5937461218177647809593892045119783e+00	6.6740463853470738820470254093760842e-04	2.2360569706897570591467499318818981e-02
1.4288929669566781757772251169427988e-03	-2.5075916414618278841504793375860814e+00	5.7627376356078782140649096554687379e-04	2.0780150099320811040017979687975283e-02
1.6308888297896172362904635400173385e-03	-2.4272291461555405030068850948680362e+00	5.0479655893797673598007231440679216e-04	1.9450331010106921048002116368663202e-02
1.8392320837625720393231093699938555e-03	-2.3517760057615086229638827575080680e+00	4.4754469635117793971003002929654751e-04	1.8315280439497786783988720437480768e-02
2.0531310777900393602337007779409199e-03	-2.2805390317879256569104768204237994e+00	4.0086937786694662516384170643654016e-04	1.7334752180920033038501119796470683e-02
2.2718614315107913431384871630083052e-03	-2.2129633754061167873565047873760043e+00	3.6223879327919911156979558534528039e-04	1.6478978657336361815766022184003791e-02
2.4947566557172372459755775466238727e-03	-2.1485976465205144197062752295469826e+00	3.2984799950671081156913533572762007e-04	1.5725453857043067594425568776599230e-02
2.7212006133363331032229775263124960e-03	-2.0870694259795792765132773307587763e+00	3.0237987146388714571497300136863681e-04	1.5056836238502110415305060985759314e-02
2.9506213703352846837814757209544806e-03	-2.0280676526511238636509231165874095e+00	2.7885352716554757519719633859762050e-04	1.4459540822022599967634442026800513e-02
3.1824861157923674681590346891904258e-03	-1.9713296851995423693214615640883698e+00	2.5852532178609052496638942426674735e-04	1.3922769437931031976665313695237122e-02
3.4162969177904239348393207571042055e-03	-1.9166316199871251541697964430932738e+00	2.4082247351850043914004580704015028e-04	1.3437827573055301829102191758516940e-02
3.6515871421081927702096392103162412e-03	-1.8637809256416282075363793282879747e+00	2.2529753016389563094104985636490362e-04	1.2997633433990784949253617201516263e-02
3.8879184032207453932799122736533677e-03	-1.8126107572419531051659693578490120e+00	2.1159648590058495665145535590574005e-04	1.2596358823012611428342686951434486e-02
4.1248779477029657034481506188459793e-03	-1.7629755089480156023886992158295736e+00	1.9943604214694580091910878576394082e-04	1.2229162216758675055606943955251999e-02
4.3620763925019680728985514717346026e-03	-1.7147472937311335553610715422837556e+00	1.8858711907459504186546615509173836e-04	1.1891987502094971597751550339099161e-02
4.5991457571665347983075562490866214e-03	-1.6678131267164691134913372550141920e+00	1.7886271866370099101581582945756971e-04	1.1581410226746094244291757613138608e-02
4.8357377416467564294436117190096115e-03	-1.6220726492220892305024915914388742e+00	1.7010886785495516367739354356684068e-04	1.1294518743270216912199285038090300e-02
5.0715222108363645233430290585808098e-03	-1.5774362730569185968856461750762017e+00	1.6219777507944667778683916467933435e-04	1.1028821322826373571985958047817845e-02
5.3061858544116656874859597368278804e-03	-1.5338236548924872844574636994970750e+00	1.5502259952849564510128378835084293e-04	1.0782172835781054564179258062142194e-02
5.5394309962820052641102768843551265e-03	-1.4911624323767557616158871451499891e+00	1.4849341058396583339200384938428160e-04	1.0552716342138323692303629441844138e-02
5.7709745325075009332563654349948644e-03	-1.4493871696513135500277481436500199e+00	1.4253403593948673141640268082483487e-04	1.0338836162102924991570374190500632e-02
6.0005469801515090491340430395140856e-03	-1.4084384717789065580231046846746453e+00	1.3707958056304245257145113508477812e-04	1.0139119871662088602609327774533539e-02
6.2278916224323014736441413539955889e-03	-1.3682622364601338708015827847400966e+00	1.3207445719283318773673286943482583e-04	9.9523272991744090917047624581259914e-03
6.4527637378804092470589066100422577e-03	-1.3288090181317218549297765620124889e+00	1.2747081057303584258552024816094832e-04	9.7773650597117135962168097814873824e-03
6.6749299031152113194674155023259680e-03	-1.2900334846681125616386113838897790e+00	1.2322724743055313728297187616671302e-04	9.6132655039651103267080283273228775e-03
6.8941673604179566027867121978896973e-03	-1.2518939508622993188405970376858782e+00	1.1930780581669232278558246767542005e-04	9.4591692120700048649390478833925169e-03
7.1102634425685707292600985462957215e-03	-1.2143519759357722315440515858691948e+00	1.1568111329461218525484357335769717e-04	9.3143103535397806457957012592551430e-03
7.3230150484845182331214362632695671e-03	-1.1773720147358960557881607957404239e+00	1.1231969519600616088962745478895629e-04	9.1780043794148174375129691425427277e-03
7.5322281640939354234266725252077837e-03	-1.1409211141800635674087724320575226e+00	1.0919940294645396545819522132792980e-04	9.0496376237026764039395356800450113e-03
7.7377174236254301037550851397093083e-03	-1.1049686480169064170508689589043679e+00	1.0629893907449438886813621901958379e-04	8.9286584768285333518592089761484088e-03
7.9393057071296409655331307867439401e-03	-1.0694860841836227888519175597130609e+00	1.0359946054725865270693492029504395e-04	8.8145698604030674260137563290740200e-03
8.1368237705837955965697751717789699e-03	-1.0344467800115108099775817743183338e+00	1.0108424592599698981523188113089747e-04	8.7069227847506402810527966795461553e-03
8.3301099053868823041997253996561678e-03	-9.9982580131963987385705668226193870e-01	9.8738414805184193270904963508465545e-05	8.6053108117312297463147846708197330e-03
8.5190096244431894145113756600109376e-03	-9.6559976207802656504056601610631210e-01	9.6548690306091325573858123043120247e-05	8.5093652779785615872017888643686135e-03
8.7033753723668405542303384882353031e-03	-9.3174668184665662634634542820348815e-01	9.4503197199539623604099290446785510e-05	8.4187511596772746110027301855559507e-03
8.8830662576285133270567462410016416e-03	-8.9824585862849338334844551477673486e-01	9.2591289651597099349547902224915392e-05	8.3331634808633016930343064810981651e-03
9.0579478047151044753570324644824707e-03	-8.6507775513145277958794651179517895e-01	9.0803403708918930687907801797395595e-05	8.2523241840599475436737561909032998e-03
9.2278917245897355890012394547147823e-03	-8.3222389673054311960385282466834053e-01	8.9130930534060624958120177591573153e-05	8.1759793957068610214387050674880906e-03
9.3927757019281755503216664608453903e-03	-7.9966677966831254397134201249541965e-01	8.7566107116056447011413992729244106e-05	8.1038970299567969017316929213696224e-03
9.5524831977726408013412629724600645e-03	-7.6738978823845111313172046113517897e-01	8.6101921756511739320732827915682952e-05	8.0358646835162576326962278195568223e-03
9.7069032663884869052355085462184168e-03	-7.3537711987108249197155756103855479e-01	8.4732032096094457201068167140721332e-05	7.9716877816900426322650514225915514e-03
9.8559303852364280333619223569301118e-03	-7.0361371718476127736741234275742844e-01	8.3450693823563610882837912009071628e-05	7.9111879419703485933852765826592718e-03
9.9994642970850573310136065944273965e-03	-6.7208520619415780292367246855530500e-01	8.2252698517159210459209888602217290e-05	7.8542015266365167643241515204203547e-03
1.0137409863387653048117307340162581e-02	-6.4077783996766954693737711385881173e-01	8.1133319320218938597785208013633682e-05	7.8005783600989622157322027526023427e-03
1.0269676928135290865356110059043722e-02	-6.0967844711884900505149173192950612e-01	8.0088263360210796101636381181050996e-05	7.7501805902876305508556621746285644e-03
1.0396180191476628770438849663242027e-02	-5.7877438459212006283432482568789180e-01	7.9113629991603597817300133025331456e-05	7.7028816763777346667344211058038705e-03
1.0516839092464656111603335026658547e-02	-5.4805349426885320987053519944836879e-01	7.8205874084977906808069464809671801e-05	7.6585654876652170689865586455709436e-03
1.0631577700353289834187615597572642e-02	-5.1750406297620310136171364479068051e-01	7.7361773702957424855358193429162139e-05	7.6171255005336392201749100768062407e-03
1.0740324613922892223349787125942123e-02	-4.8711478552960199825398549010872513e-01	7.6578401602275156614853912036434746e-05	7.5784640822598692754673505742591385e-03
1.0843012868364380826559129873836785e-02	-4.5687473048162992913028300581278667e-01	7.5853100084084143689510346634886989e-05	7.5424918519425619306037554278171123e-03
1.0939579849297299027657891091162979e-02	-4.2677330828612997056588815023330308e-01	7.5183458784307631750627960470320307e-05	7.5091271101496706647884934244343505e-03
1.1029967213538619417310067029550775e-02	-3.9680024161772573134798522517449533e-01	7.4567295054690538006101306561656213e-05	7.4782953300058370090485422135952150e-03
1.1114120816276688038222894483376724e-02	-3.6694553761401532599360980484562261e-01	7.4002636635128516229350961173451334e-05	7.4499287034077873718559544913460776e-03
1.1191990644339045815460639622382706e-02	-3.3719946183123877942765169095833590e-01	7.3487706360337061162157077902930437e-05	7.4239657368909654806271289362081081e-03
1.1263530755274287544499127349210905e-02	-3.0755251372462916803000438661764571e-01	7.3020908680231544479740369822497365e-05	7.4003508923944459926815193940518216e-03
1.1328699221996994044338800571865886e-02	-2.7799540348237068082003555495390855e-01	7.2600817804550153223235680053007792e-05	7.3790342688011790363531279228073989e-03
1.1387458082771413696009482614804177e-02	-2.4851903005744399422904619373893017e-01	7.2226167309117942287077712644909696e-05	7.3599713206814603713963982129842703e-03
1.1439773296334254657551562210552600e-02	-2.1911446025493190418273974506448582e-01	7.1895841064430286866854092788054646e-05	7.3431226111515579505279749147127815e-03
1.1485614701979927670436588066289038e-02	-1.8977290874383160189734497366896202e-01	7.1608865367519962018146153337958078e-05	7.3284535961871139597605259529212806e-03
1.1524955984453075083738458279714623e-02	-1.6048571887228125994611068974094829e-01	7.1364402175861233207013670925904753e-05	7.3159344381111921042167353891979957e-03
1.1557774643513436319769061757624005e-02	-1.3124434417353167427522077257341410e-01	7.1161743357777178385005515305525310e-05	7.3055398463172905974726020285745484e-03
1.1584051968057216880580427223146647e-02	-1.0204033045712417500029315898063811e-01	7.1000305887811081544689660787730542e-05	7.2972489435948871776104208258189656e-03
1.1603773014697315053555180672059090e-02	-7.2865298385694861803572152808486096e-02	7.0879627928106815176499312661776027e-05	7.2910451567048679802827821301035600e-03
1.1616926590722172714515057246687398e-02	-4.3710926442711893648199308091125986e-02	7.0799365748283804967761234575777708e-05	7.2869161301095721542031846515824444e-03
1.1623505241369798444316372294181117e-02	-1.4568934200347464639998656850467983e-02	7.0759291446824339403620930913430341e-05	7.2848536620016609396965984980726016e-03
1.1623505241369798444316372294181117e-02	1.4568934200347464639998656850467983e-02	7.0759291446824339403620930913430341e-05	7.2848536620016609396965984980726016e-03
1.1616926590722172714515057246687398e-02	4.3710926442711893648199308091125986e-02	7.0799365748283804967761234575777708e-05	7.2869161301095721542031846515824444e-03
1.1603773014697315053555180672059090e-02	7.2865298385694861803572152808486096e-02	7.0879627928106815176499312661776027e-05	7.2910451567048679802827821301035600e-03
1.1584051968057216880580427223146647e-02	1.0204033045712417500029315898063811e-01	7.1000305887811081544689660787730542e-05	7.2972489435948871776104208258189656e-03
1.1557774643513436319769061757624005e-02	1.3124434417353167427522077257341410e-01	7.1161743357777178385005515305525310e-05	7.3055398463172905974726020285745484e-03
1.1524955984453075083738458279714623e-02	1.6048571887228125994611068974094829e-01	7.1364402175861233207013670925904753e-05	7.3159344381111921042167353891979957e-03
1.1485614701979927670436588066289038e-02	1.8977290874383160189734497366896202e-01	7.1608865367519962018146153337958078e-05	7.3284535961871139597605259529212806e-03
1.1439773296334254657551562210552600e-02	2.1911446025493190418273974506448582e-01	7.1895841064430286866854092788054646e-05	7.3431226111515579505279749147127815e-03
1.1387458082771413696009482614804177e-02	2.4851903005744399422904619373893017e-01	7.2226167309117942287077712644909696e-05	7.3599713206814603713963982129842703e-03
1.1328699221996994044338800571865886e-02	2.7799540348237068082003555495390855e-01	7.2600817804550153223235680053007792e-05	7.3790342688011790363531279228073989e-03
1.1263530755274287544499127349210905e-02	3.0755251372462916803000438661764571e-01	7.3020908680231544479740369822497365e-05	7.4003508923944459926815193940518216e-03
1.1191990644339045815460639622382706e-02	3.3719946183123877942765169095833590e-01	7.3487706360337061162157077902930437e-05	7.4239657368909654806271289362081081e-03
1.1114120816276688038222894483376724e-02	3.6694553761401532599360980484562261e-01	7.4002636635128516229350961173451334e-05	7.4499287034077873718559544913460776e-03
1.1029967213538619417310067029550775e-02	3.9680024161772573134798522517449533e-01	7.4567295054690538006101306561656213e-05	7.4782953300058370090485422135952150e-03
1.0939579849297299027657891091162979e-02	4.2677330828612997056588815023330308e-01	7.5183458784307631750627960470320307e-05	7.5091271101496706647884934244343505e-03
1.0843012868364380826559129873836785e-02	4.5687473048162992913028300581278667e-01	7.5853100084084143689510346634886989e-05	7.5424918519425619306037554278171123e-03
1.0740324613922892223349787125942123e-02	4.8711478552960199825398549010872513e-01	7.6578401602275156614853912036434746e-05	7.5784640822598692754673505742591385e-03
1.0631577700353289834187615597572642e-02	5.1750406297620310136171364479068051e-01	7.7361773702957424855358193429162139e-05	7.6171255005336392201749100768062407e-03
1.0516839092464656111603335026658547e-02	5.4805349426885320987053519944836879e-01	7.8205874084977906808069464809671801e-05	7.6585654876652170689865586455709436e-03
1.0396180191476628770438849663242027e-02	5.7877438459212006283432482568789180e-01	7.9113629991603597817300133025331456e-05	7.7028816763777346667344211058038705e-03
1.0269676928135290865356110059043722e-02	6.0967844711884900505149173192950612e-01	8.0088263360210796101636381181050996e-05	7.7501805902876305508556621746285644e-03
1.0137409863387653048117307340162581e-02	6.4077783996766954693737711385881173e-01	8.1133319320218938597785208013633682e-05	7.8005783600989622157322027526023427e-03
9.9994642970850573310136065944273965e-03	6.7208520619415780292367246855530500e-01	8.2252698517159210459209888602217290e-05	7.8542015266365167643241515204203547e-03
9.8559303852364280333619223569301118e-03	7.0361371718476127736741234275742844e-01	8.3450693823563610882837912009071628e-05	7.9111879419703485933852765826592718e-03
9.7069032663884869052355085462184168e-03	7.3537711987108249197155756103855479e-01	8.4732032096094457201068167140721332e-05	7.9716877816900426322650514225915514e-03
9.5524831977726408013412629724600645e-03	7.6738978823845111313172046113517897e-01	8.6101921756511739320732827915682952e-05	8.0358646835162576326962278195568223e-03
9.3927757019281755503216664608453903e-03	7.9966677966831254397134201249541965e-01	8.7566107116056447011413992729244106e-05	8.1038970299567969017316929213696224e-03
9.2278917245897355890012394547147823e-03	8.3222389673054311960385282466834053e-01	8.9130930534060624958120177591573153e-05	8.1759793957068610214387050674880906e-03
9.0579478047151044753570324644824707e-03	8.6507775513145277958794651179517895e-01	9.0803403708918930687907801797395595e-05	8.2523241840599475436737561909032998e-03
8.8830662576285133270567462410016416e-03	8.9824585862849338334844551477673486e-01	9.2591289651597099349547902224915392e-05	8.3331634808633016930343064810981651e-03
8.7033753723668405542303384882353031e-03	9.3174668184665662634634542820348815e-01	9.4503197199539623604099290446785510e-05	8.4187511596772746110027301855559507e-03
8.5190096244431894145113756600109376e-03	9.6559976207802656504056601610631210e-01	9.6548690306091325573858123043120247e-05	8.5093652779785615872017888643686135e-03
8.3301099053868823041997253996561678e-03	9.9982580131963987385705668226193870e-01	9.8738414805184193270904963508465545e-05	8.6053108117312297463147846708197330e-03
8.1368237705837955965697751717789699e-03	1.0344467800115108099775817743183338e+00	1.0108424592599698981523188113089747e-04	8.7069227847506402810527966795461553e-03
7.9393057071296409655331307867439401e-03	1.0694860841836227888519175597130609e+00	1.0359946054725865270693492029504395e-04	8.8145698604030674260137563290740200e-03
7.7377174236254301037550851397093083e-03	1.1049686480169064170508689589043679e+00	1.0629893907449438886813621901958379e-04	8.9286584768285333518592089761484088e-03
7.5322281640939354234266725252077837e-03	1.1409211141800635674087724320575226e+00	1.0919940294645396545819522132792980e-04	9.0496376237026764039395356800450113e-03
7.3230150484845182331214362632695671e-03	1.1773720147358960557881607957404239e+00	1.1231969519600616088962745478895629e-04	9.1780043794148174375129691425427277e-03
7.1102634425685707292600985462957215e-03	1.2143519759357722315440515858691948e+00	1.1568111329461218525484357335769717e-04	9.3143103535397806457957012592551430e-03
6.8941673604179566027867121978896973e-03	1.2518939508622993188405970376858782e+00	1.1930780581669232278558246767542005e-04	9.4591692120700048649390478833925169e-03
6.6749299031152113194674155023259680e-03	1.2900334846681125616386113838897790e+00	1.2322724743055313728297187616671302e-04	9.6132655039651103267080283273228775e-03
6.4527637378804092470589066100422577e-03	1.3288090181317218549297765620124889e+00	1.2747081057303584258552024816094832e-04	9.7773650597117135962168097814873824e-03
6.2278916224323014736441413539955889e-03	1.3682622364601338708015827847400966e+00	1.3207445719283318773673286943482583e-04	9.9523272991744090917047624581259914e-03
6.0005469801515090491340430395140856e-03	1.4084384717789065580231046846746453e+00	1.3707958056304245257145113508477812e-04	1.0139119871662088602609327774533539e-02
5.7709745325075009332563654349948644e-03	1.4493871696513135500277481436500199e+00	1.4253403593948673141640268082483487e-04	1.0338836162102924991570374190500632e-02
5.5394309962820052641102768843551265e-03	1.4911624323767557616158871451499891e+00	1.4849341058396583339200384938428160e-04	1.0552716342138323692303629441844138e-02
5.3061858544116656874859597368278804e-03	1.5338236548924872844574636994970750e+00	1.5502259952849564510128378835084293e-04	1.0782172835781054564179258062142194e-02
5.0715222108363645233430290585808098e-03	1.5774362730569185968856461750762017e+00	1.6219777507944667778683916467933435e-04	1.1028821322826373571985958047817845e-02
4.8357377416467564294436117190096115e-03	1.6220726492220892305024915914388742e+00	1.7010886785495516367739354356684068e-04	1.1294518743270216912199285038090300e-02
4.5991457571665347983075562490866214e-03	1.6678131267164691134913372550141920e+00	1.7886271866370099101581582945756971e-04	1.1581410226746094244291757613138608e-02
4.3620763925019680728985514717346026e-03	1.7147472937311335553610715422837556e+00	1.8858711907459504186546615509173836e-04	1.1891987502094971597751550339099161e-02
4.1248779477029657034481506188459793e-03	1.7629755089480156023886992158295736e+00	1.9943604214694580091910878576394082e-04	1.2229162216758675055606943955251999e-02
3.8879184032207453932799122736533677e-03	1.8126107572419531051659693578490120e+00	2.1159648590058495665145535590574005e-04	1.2596358823012611428342686951434486e-02
3.6515871421081927702096392103162412e-03	1.8637809256416282075363793282879747e+00	2.2529753016389563094104985636490362e-04	1.2997633433990784949253617201516263e-02
3.4162969177904239348393207571042055e-03	1.9166316199871251541697964430932738e+00	2.4082247351850043914004580704015028e-04	1.3437827573055301829102191758516940e-02
3.1824861157923674681590346891904258e-03	1.9713296851995423693214615640883698e+00	2.5852532178609052496638942426674735e-04	1.3922769437931031976665313695237122e-02
2.9506213703352846837814757209544806e-03	2.0280676526511238636509231165874095e+00	2.7885352716554757519719633859762050e-04	1.4459540822022599967634442026800513e-02
2.7212006133363331032229775263124960e-03	2.0870694259795792765132773307587763e+00	3.0237987146388714571497300136863681e-04	1.5056836238502110415305060985759314e-02
2.4947566557172372459755775466238727e-03	2.1485976465205144197062752295469826e+00	3.2984799950671081156913533572762007e-04	1.5725453857043067594425568776599230e-02
2.2718614315107913431384871630083052e-03	2.2129633754061167873565047873760043e+00	3.6223879327919911156979558534528039e-04	1.6478978657336361815766022184003791e-02
2.0531310777900393602337007779409199e-03	2.2805390317879256569104768204237994e+00	4.0086937786694662516384170643654016e-04	1.7334752180920033038501119796470683e-02
1.8392320837625720393231093699938555e-03	2.3517760057615086229638827575080680e+00	4.4754469635117793971003002929654751e-04	1.8315280439497786783988720437480768e-02
1.6308888297896172362904635400173385e-03	2.4272291461555405030068850948680362e+00	5.0479655893797673598007231440679216e-04	1.9450331010106921048002116368663202e-02
1.4288929669566781757772251169427988e-03	2.5075916414618278841504793375860814e+00	5.7627376356078782140649096554687379e-04	2.0780150099320811040017979687975283e-02
1.2341152863019394975634491819731663e-03	2.5937461218177647809593892045119783e+00	6.6740463853470738820470254093760842e-04	2.2360569706897570591467499318818981e-02
1.0475210402721002780203624188825037e-03	2.6868420411273745406709190806844224e+00	7.8657644695950464017247645255572572e-04	2.4271449200627049729660663346165175e-02
8.7019019344378801776490163828146048e-04	2.7884175674800397985084127598073803e+00	9.4735685957364501966681558067577493e-04	2.6631318350400724967183083883516069e-02
7.0334496339074996854701949033335754e-04	2.9006010065574735134877821834666831e+00	1.1729779781959839947940659664700726e-03	2.9624317682360214279263516983653723e-02
5.4838861716510070348857254698164565e-04	3.0264640851711059345548955600209997e+00	1.5062098041592059076123999605098392e-03	3.3553545854393211417811272095122891e-02
4.0696260683421029652799595004185120e-04	3.1706906987444370267105613949276833e+00	2.0337060998778009610793391360433893e-03	3.8957205525366499988620443479746947e-02
2.8103572621369066951258296474429168e-04	3.3409781930892531795174158714637014e+00	2.9560750951018590195021475293032422e-03	4.6895919686791765518941636002569066e-02
1.7305452851033721125868715376335488e-04	3.5514259279888358549026990990268484e+00	4.8411842946203852240195978285405673e-03	5.9806717566977143312489877399080228e-02
8.6225550842899944355208853165826967e-05	3.8327602249638171040268368833811040e+00	9.9731124511532265227592454696549804e-03	8.4913397354188918808490468366015814e-02
2.4982465108470129475207961516068882e-05	4.2788217035453992155842976998241885e+00	4.5691232164787612235301317007177173e-02	1.6038239920049587002566774849299909e-01
0.0000000000000000000000000000000000e+00	0.0000000000000000000000000000000000e+00	1.2253240816220726625442571684467162e-04	8.9212634417163158333264171356519107e-03