2.4082881222017053295087585491957099e-05	-4.2869937230898771452915599027033753e+00	4.5543129727084303746140950201400835e-02	1.6011344470095513510788877210651493e-01
8.3156442744421864009235452984417271e-05	-3.8417134488817847550878778278822870e+00	9.9358600578110676108611649833564633e-03	8.4753446584390249230727626385053179e-02
1.6695645780494172025231439767650287e-04	-3.5609315983018030994847115456621394e+00	4.8212720516076931766836026467402608e-03	5.9683128164718174591118578113418153e-02
2.7122150521537847933091506991157117e-04	-3.3509344509700210424566172826167247e+00	2.9429393365306055677872560462799391e-03	4.6791368215473961279446782292615623e-02
3.9286878671023603731092348876968148e-04	-3.1810385090836628084998953591709665e+00	2.0240565120258936547502835945116359e-03	3.8864527729193392435736111169572393e-02
5.2954581885882444386310970986301391e-04	-3.0371645683741215303631661853703005e+00	1.4986396897782187707601207204514485e-03	3.3469024070185587179336096951995154e-02
6.7935925237204342697763749742009132e-04	-2.9116265359995087363646095787511858e+00	1.1667699318814749108594018951952605e-03	2.9545750884918896777505350872942788e-02
8.4073032675857257204525173900396482e-04	-2.7997475044877704182395024118548903e+00	9.4210061079044001191766039751304233e-04	2.6557284614877275866489671318855943e-02
1.0123091901878451560048738994567983e-03	-2.6984604166741052573461118250406302e+00	7.8201759260338113795244292471130123e-04	2.4200970763431107962872385441857579e-02
1.1929199900423934498972394127230468e-03	-2.6056402601956283848266077875802039e+00	6.6337560130428142021467922351095669e-04	2.2292941824500533999471070710291404e-02
1.3815235869644938676803756887089951e-03	-2.5197512879995551893967481829274566e+00	5.7265885596646730336300271094796632e-04	2.0714845717152313227316087512923832e-02
1.5771910856253326440385824083787637e-03	-2.4396458857710910180219405557355987e+00	5.0151286041538875387260049018214571e-04	1.9386944025757563652839685098850440e-02
1.7790843715233077266241981692387696e-03	-2.3644428594921859998269693908673328e+00	4.4453091630999204504496551046859534e-04	1.8253490115342679951488230666438782e-02
1.9864413850259092486822725652997626e-03	-2.2934501675045070639069189497110849e+00	3.9807903513623380948152260768082252e-04	1.7274299848105594239487912044075458e-02
2.1985647132069282739139862721102706e-03	-2.2261138946855882866689736879952144e+00	3.5963586136557633395695625492503873e-04	1.6419651914998215264230651472097152e-02
2.4148125744245744141410610457851025e-03	-2.1619834239956064100164384868301794e+00	3.2740402690476586748683816568966892e-04	1.5667075529155563184433666993478513e-02
2.6345915718232601306907015171470623e-03	-2.1006869858623992086316034632196158e+00	3.0007201941602001301366499771186459e-04	1.4999256455084693839998349833900484e-02
2.8573507826826770746459962801712427e-03	-2.0419140722266216656004872923909542e+00	2.7666319745139145737561566721366706e-04	1.4402631212901419875599713353943565e-02
3.0825768753430958910893106448400857e-03	-1.9854025182969827954526516663849322e+00	2.5643717513563149909583896743295064e-04	1.3866418791584239005485772148707058e-02
3.3097900294468523927008343299028753e-03	-1.9309288355240004873750638117689384e+00	2.3882371328722975366169923314935732e-04	1.3381938534333641785009126120728476e-02
3.5385404932039508793903620416929693e-03	-1.8783008577256799569633180557816554e+00	2.2337737022828342275060160636655944e-04	1.2942119953092939140162525800949670e-02
3.7684056522692920629276822957198012e-03	-1.8273520642666735223197440022698136e+00	2.0974574907257004349376425736778963e-04	1.2541144157292725699203535096534207e-02
3.9989875142109486479642485701807212e-03	-1.7779371397789281040978704457160952e+00	1.9764685272967111621451332937229231e-04	1.2174177345757511917074504134779949e-02
4.2299105340500011960649095840376231e-03	-1.7299284595501872815351353493411502e+00	1.8685266442405855393931253350555456e-04	1.1837169855813475579618965724519070e-02
4.4608197223277145607478639425562574e-03	-1.6832132774313134973735745973728148e+00	1.7717706207573228455323751837760694e-04	1.1526702654404616098216417511072501e-02
4.6913789891935642159833260727541732e-03	-1.6376914535958735811226778895834600e+00	1.6846680013726134156234968989091449e-04	1.1239868668832337536198315626710321e-02
4.9212696871950228464254286284900665e-03	-1.5932736018992977975523461033051926e+00	1.6059469563720586401171317302520639e-04	1.0974180047091016211411247344843261e-02
5.1501893225443074014408551234596863e-03	-1.5498795667918454784527535571184690e+00	1.5345442021802477794758995832136300e-04	1.0727494954597278366296409469946051e-02
5.3778504101742399513580280136166659e-03	-1.5074371615598095610886026213959353e+00	1.4695647731109585424911025293354358e-04	1.0497959257421770985106644392438204e-02
5.6039794522596008346688370229746998e-03	-1.4658811156380060952791118964280144e+00	1.4102506421846988968191732427102984e-04	1.0283959667603140345089124412799831e-02
5.8283160233516336368924143726334792e-03	-1.4251521905640977052755140147993053e+00	1.3559560215480018160225119683646619e-04	1.0084085799372999714874584803114000e-02
6.0506119480577349614121061592321301e-03	-1.3851964330035278456987097713758152e+00	1.3061277560705455345891778470325617e-04	9.8970992152615059373882101025773892e-03
6.2706305594492842970569501582647886e-03	-1.3459645399770312433875606617918164e+00	1.2602896371474352870359833405847055e-04	9.7219080011055217864004880733424342e-03
6.4881460282135433146375997368001176e-03	-1.3074113165440543437779741863857877e+00	1.2180297604521185654866657428557759e-04	9.5575457485239711706144295874524603e-03
6.7029427540683701664838210588832923e-03	-1.2694952101434561101116180210322054e+00	1.1789902667171627600109848064280951e-04	9.4031540765773087189954832567366500e-03
6.9148148121984917965003747383395125e-03	-1.2321779088619851682341020875599296e+00	1.1428589625266672407410935393332990e-04	9.2579680148672112943023503265744000e-03
7.1235654485013504037846120756950367e-03	-1.1954239933057137911553787472421678e+00	1.1093624350363162289699586350401757e-04	9.1213037150240774544226414507164028e-03
7.3290066182897138702485285490352213e-03	-1.1592006336476426414180609049816582e+00	1.0782603619249045683942309094275072e-04	8.9925480683256742404814147264971203e-03
7.5309585638192335309190909817006361e-03	-1.1234773249332502757682228562011359e+00	1.0493407837551560554981708837457672e-04	8.8711498926991173581353666806329817e-03
7.7292494266172035037166380223055689e-03	-1.0882256549326334241360490073371727e+00	1.0224161559835916274436245060335454e-04	8.7566124188415223187116703625063638e-03
7.9237148911040434266588552408017890e-03	-1.0534190997993795378176557031455913e+00	9.9732003619766380736974311141628455e-05	8.6484868572477064169034656430460413e-03
8.1141978564376189529768462016122107e-03	-1.0190328435829152334031222104290967e+00	9.7390429173263083613649099633676266e-05	8.5463668689585208992307152484113077e-03
8.3005481338854374932654510289458849e-03	-9.8504361828150069753315695080326371e-01	9.5203673579157933567642827062527803e-05	8.4498837953801792030782535988390318e-03
8.4826221673515577961146087555444112e-03	-9.5142956164719328529351586377630033e-01	9.3159911815073806841233153488268533e-05	8.3587025284834233531471443513372497e-03
8.6602827749623306204697012550942829e-03	-9.1817009038523122290749857088625889e-01	9.1248541065965930876110443461189493e-05	8.2725179235188297771507818564914935e-03
8.8333989098548913647398460665956361e-03	-8.8524578674657869223464651689793489e-01	8.9460033892503750983200677615836309e-05	8.1910516731852693389249433294324390e-03
9.0018454385204575524654663016831211e-03	-8.5263829680814174297927396887801921e-01	8.7785812046296102552022136005144690e-05	8.1140495758106423642358803427626345e-03
9.1655029352357458437859649311710576e-03	-8.2033023898174156876095092944516444e-01	8.6218137672157023923204920071944350e-05	8.0412791412030364798453652178751315e-03
9.3242574912742045795095281484109041e-03	-7.8830512149933562013127723038697583e-01	8.4750019209933264848978110902354223e-05	7.9725274869161140775842884701842812e-03
9.4780005377275883585855202495916800e-03	-7.5654726779542198728170754253954578e-01	8.3375129770903744640682368725499702e-05	7.9075994851434343314155192470592364e-03
9.6266286808904707219985624081047304e-03	-7.2504174885384823550338187828263156e-01	8.2087736139251170972614104498953941e-05	7.8463161266259854894847708141025786e-03
9.7700435492679465458029127913837410e-03	-6.9377432171005711479828029022481190e-01	8.0882636855337517481620214843382420e-05	7.7885130730732019287776071442893502e-03
9.9081516513619988731154296160994763e-03	-6.6273137340493937931364269911089359e-01	7.9755108088345813554446002624011832e-05	7.7340393738569933031293151631049429e-03
1.0040864243476474979253390425472526e-02	-6.3189986977602577936731410519994849e-01	7.8700856212161735172491084416625487e-05	7.6827563262979419972902204514114017e-03
1.0168097206855761647875683459451008e-02	-6.0126730854827056532566858752053918e-01	7.7715976168746255538636229828468415e-05	7.6345364618488398275247612210849262e-03
1.0289770933539288697955092468368922e-02	-5.7082167625223948658429368407141995e-01	7.6796914844503489074820458929336614e-05	7.5892626429946458952423294651371127e-03
1.0405810220373966276527317063823186e-02	-5.4055140855383288219163569100907639e-01	7.5940438802699360964001227088787685e-05	7.5468272578118819986254407237037984e-03
1.0516144170680471767156644513697914e-02	-5.1044535362816947322022462670439534e-01	7.5143605813176543577065778689546090e-05	7.5071315009311628748737830854086816e-03
1.0620706103117718955496777483652579e-02	-4.8049273825210821091981289316647047e-01	7.4403739702926709904233629418116932e-05	7.4700847311784132508035550598684919e-03
1.0719433467333533352884439140108305e-02	-4.5068313632607628327257144170846548e-01	7.3718408120336991892864843461873462e-05	7.4356038974779253861154203102985665e-03
1.0812267766029102764307261671317697e-02	-4.2100643956722172381893148869991902e-01	7.3085402864404180904531287609250096e-05	7.4036130257204036976855040359882925e-03
1.0899154483100675590416090712762904e-02	-3.9145283014310641413459956842965704e-01	7.2502722479763098798276680724787663e-05	7.3740427602617676895603835750034215e-03
1.0980043017554681322758598127989500e-02	-3.6201275503877693179210377982729547e-01	7.1968556860520234755781264477524860e-05	7.3468299545487912738928848870329845e-03
1.1054886622922334071572986663411630e-02	-3.3267690197058259536879587646570921e-01	7.1481273641862989401104315346317198e-05	7.3219173060864758162403617316583278e-03
1.1123642351927190067389262422071090e-02	-3.0343617667796199400676968204682192e-01	7.1039406189251920413368425012643853e-05	7.2992530315867737796266467707087478e-03
1.1186271006184363433992977233107792e-02	-2.7428168143993738522422094472269265e-01	7.0641643021544132062146697667121863e-05	7.2787905786834722278922293301323260e-03
1.1242737090733426642616262172849169e-02	-2.4520469467653325255941345785866390e-01	7.0286818527342664299934397162459718e-05	7.2604883710759751180951544182552480e-03
1.1293008773228669306634211437585737e-02	-2.1619665150701858397196243143660849e-01	6.9973904853805097020130243843457008e-05	7.2443095843857587801515806891432461e-03
1.1337057847630572837630001522585770e-02	-1.8724912514697139191428565694326490e-01	6.9702004864565459034122232348069491e-05	7.2302219503822253239599689401068558e-03
1.1374859702261269161493286113970506e-02	-1.5835380903485541720165237085922358e-01	6.9470346078740594980520924089344551e-05	7.2181975875670695839604972481417712e-03
1.1406393292104561272865795978909594e-02	-1.2950249958623171258862804744386844e-01	6.9278275516556222415589065278978778e-05	7.2082128564045764974433033337896273e-03
1.1431641115247948606434500259049473e-02	-1.0068707948002669035156806944312610e-01	6.9125255389238723789843287862274533e-05	7.2002482377550805686664674232686806e-03
1.1450589193380164794792861216443951e-02	-7.1899501386547113220890511639397091e-02	6.9010859581734558187873519257510230e-05	7.1942882333150414438789302282350547e-03
1.1463227056273132331241520730957340e-02	-4.3131772051256911266742383868872961e-02	6.8934770886764971948597799231284064e-05	7.1903212870941380313449508747219484e-03
1.1469547730192092043398761864118059e-02	-1.4375936651779818103675369290466214e-02	6.8896778957897767654168477016890055e-05	7.1883397271713142377347492564424511e-03
1.1469547730192092043398761864118059e-02	1.4375936651779818103675369290466214e-02	6.8896778957897767654168477016890055e-05	7.1883397271713142377347492564424511e-03
1.1463227056273132331241520730957340e-02	4.3131772051256911266742383868872961e-02	6.8934770886764971948597799231284064e-05	7.1903212870941380313449508747219484e-03
1.1450589193380164794792861216443951e-02	7.1899501386547113220890511639397091e-02	6.9010859581734558187873519257510230e-05	7.1942882333150414438789302282350547e-03
1.1431641115247948606434500259049473e-02	1.0068707948002669035156806944312610e-01	6.9125255389238723789843287862274533e-05	7.2002482377550805686664674232686806e-03
1.1406393292104561272865795978909594e-02	1.2950249958623171258862804744386844e-01	6.9278275516556222415589065278978778e-05	7.2082128564045764974433033337896273e-03
1.1374859702261269161493286113970506e-02	1.5835380903485541720165237085922358e-01	6.9470346078740594980520924089344551e-05	7.2181975875670695839604972481417712e-03
1.1337057847630572837630001522585770e-02	1.8724912514697139191428565694326490e-01	6.9702004864565459034122232348069491e-05	7.2302219503822253239599689401068558e-03
1.1293008773228669306634211437585737e-02	2.1619665150701858397196243143660849e-01	6.9973904853805097020130243843457008e-05	7.2443095843857587801515806891432461e-03
1.1242737090733426642616262172849169e-02	2.4520469467653325255941345785866390e-01	7.0286818527342664299934397162459718e-05	7.2604883710759751180951544182552480e-03
1.1186271006184363433992977233107792e-02	2.7428168143993738522422094472269265e-01	7.0641643021544132062146697667121863e-05	7.2787905786834722278922293301323260e-03
1.1123642351927190067389262422071090e-02	3.0343617667796199400676968204682192e-01	7.1039406189251920413368425012643853e-05	7.2992530315867737796266467707087478e-03
1.1054886622922334071572986663411630e-02	3.3267690197058259536879587646570921e-01	7.1481273641862989401104315346317198e-05	7.3219173060864758162403617316583278e-03
1.0980043017554681322758598127989500e-02	3.6201275503877693179210377982729547e-01	7.1968556860520234755781264477524860e-05	7.3468299545487912738928848870329845e-03
1.0899154483100675590416090712762904e-02	3.9145283014310641413459956842965704e-01	7.2502722479763098798276680724787663e-05	7.3740427602617676895603835750034215e-03
1.0812267766029102764307261671317697e-02	4.2100643956722172381893148869991902e-01	7.3085402864404180904531287609250096e-05	7.4036130257204036976855040359882925e-03
1.0719433467333533352884439140108305e-02	4.5068313632607628327257144170846548e-01	7.3718408120336991892864843461873462e-05	7.4356038974779253861154203102985665e-03
1.0620706103117718955496777483652579e-02	4.8049273825210821091981289316647047e-01	7.4403739702926709904233629418116932e-05	7.4700847311784132508035550598684919e-03
1.0516144170680471767156644513697914e-02	5.1044535362816947322022462670439534e-01	7.5143605813176543577065778689546090e-05	7.5071315009311628748737830854086816e-03
1.0405810220373966276527317063823186e-02	5.4055140855383288219163569100907639e-01	7.5940438802699360964001227088787685e-05	7.5468272578118819986254407237037984e-03
1.0289770933539288697955092468368922e-02	5.7082167625223948658429368407141995e-01	7.6796914844503489074820458929336614e-05	7.5892626429946458952423294651371127e-03
1.0168097206855761647875683459451008e-02	6.0126730854827056532566858752053918e-01	7.7715976168746255538636229828468415e-05	7.6345364618488398275247612210849262e-03
1.0040864243476474979253390425472526e-02	6.3189986977602577936731410519994849e-01	7.8700856212161735172491084416625487e-05	7.6827563262979419972902204514114017e-03
9.9081516513619988731154296160994763e-03	6.6273137340493937931364269911089359e-01	7.9755108088345813554446002624011832e-05	7.7340393738569933031293151631049429e-03
9.7700435492679465458029127913837410e-03	6.9377432171005711479828029022481190e-01	8.0882636855337517481620214843382420e-05	7.7885130730732019287776071442893502e-03
9.6266286808904707219985624081047304e-03	7.2504174885384823550338187828263156e-01	8.2087736139251170972614104498953941e-05	7.8463161266259854894847708141025786e-03
9.4780005377275883585855202495916800e-03	7.5654726779542198728170754253954578e-01	8.3375129770903744640682368725499702e-05	7.9075994851434343314155192470592364e-03
9.3242574912742045795095281484109041e-03	7.8830512149933562013127723038697583e-01	8.4750019209933264848978110902354223e-05	7.9725274869161140775842884701842812e-03
9.1655029352357458437859649311710576e-03	8.2033023898174156876095092944516444e-01	8.6218137672157023923204920071944350e-05	8.0412791412030364798453652178751315e-03
9.0018454385204575524654663016831211e-03	8.5263829680814174297927396887801921e-01	8.7785812046296102552022136005144690e-05	8.1140495758106423642358803427626345e-03
8.8333989098548913647398460665956361e-03	8.8524578674657869223464651689793489e-01	8.9460033892503750983200677615836309e-05	8.1910516731852693389249433294324390e-03
8.6602827749623306204697012550942829e-03	9.1817009038523122290749857088625889e-01	9.1248541065965930876110443461189493e-05	8.2725179235188297771507818564914935e-03
8.4826221673515577961146087555444112e-03	9.5142956164719328529351586377630033e-01	9.3159911815073806841233153488268533e-05	8.3587025284834233531471443513372497e-03
8.3005481338854374932654510289458849e-03	9.8504361828150069753315695080326371e-01	9.5203673579157933567642827062527803e-05	8.4498837953801792030782535988390318e-03
8.1141978564376189529768462016122107e-03	1.0190328435829152334031222104290967e+00	9.7390429173263083613649099633676266e-05	8.5463668689585208992307152484113077e-03
7.9237148911040434266588552408017890e-03	1.0534190997993795378176557031455913e+00	9.9732003619766380736974311141628455e-05	8.6484868572477064169034656430460413e-03
7.7292494266172035037166380223055689e-03	1.0882256549326334241360490073371727e+00	1.0224161559835916274436245060335454e-04	8.7566124188415223187116703625063638e-03
7.5309585638192335309190909817006361e-03	1.1234773249332502757682228562011359e+00	1.0493407837551560554981708837457672e-04	8.8711498926991173581353666806329817e-03
7.3290066182897138702485285490352213e-03	1.1592006336476426414180609049816582e+00	1.0782603619249045683942309094275072e-04	8.9925480683256742404814147264971203e-03
7.1235654485013504037846120756950367e-03	1.1954239933057137911553787472421678e+00	1.1093624350363162289699586350401757e-04	9.1213037150240774544226414507164028e-03
6.9148148121984917965003747383395125e-03	1.2321779088619851682341020875599296e+00	1.1428589625266672407410935393332990e-04	9.2579680148672112943023503265744000e-03
6.7029427540683701664838210588832923e-03	1.2694952101434561101116180210322054e+00	1.1789902667171627600109848064280951e-04	9.4031540765773087189954832567366500e-03
6.4881460282135433146375997368001176e-03	1.3074113165440543437779741863857877e+00	1.2180297604521185654866657428557759e-04	9.5575457485239711706144295874524603e-03
6.2706305594492842970569501582647886e-03	1.3459645399770312433875606617918164e+00	1.2602896371474352870359833405847055e-04	9.7219080011055217864004880733424342e-03
6.0506119480577349614121061592321301e-03	1.3851964330035278456987097713758152e+00	1.3061277560705455345891778470325617e-04	9.8970992152615059373882101025773892e-03
5.8283160233516336368924143726334792e-03	1.4251521905640977052755140147993053e+00	1.3559560215480018160225119683646619e-04	1.0084085799372999714874584803114000e-02
5.6039794522596008346688370229746998e-03	1.4658811156380060952791118964280144e+00	1.4102506421846988968191732427102984e-04	1.0283959667603140345089124412799831e-02
5.3778504101742399513580280136166659e-03	1.5074371615598095610886026213959353e+00	1.4695647731109585424911025293354358e-04	1.0497959257421770985106644392438204e-02
5.1501893225443074014408551234596863e-03	1.5498795667918454784527535571184690e+00	1.5345442021802477794758995832136300e-04	1.0727494954597278366296409469946051e-02
4.9212696871950228464254286284900665e-03	1.5932736018992977975523461033051926e+00	1.6059469563720586401171317302520639e-04	1.0974180047091016211411247344843261e-02
4.6913789891935642159833260727541732e-03	1.6376914535958735811226778895834600e+00	1.6846680013726134156234968989091449e-04	1.1239868668832337536198315626710321e-02
4.4608197223277145607478639425562574e-03	1.6832132774313134973735745973728148e+00	1.7717706207573228455323751837760694e-04	1.1526702654404616098216417511072501e-02
4.2299105340500011960649095840376231e-03	1.7299284595501872815351353493411502e+00	1.8685266442405855393931253350555456e-04	1.1837169855813475579618965724519070e-02
3.9989875142109486479642485701807212e-03	1.7779371397789281040978704457160952e+00	1.9764685272967111621451332937229231e-04	1.2174177345757511917074504134779949e-02
3.7684056522692920629276822957198012e-03	1.8273520642666735223197440022698136e+00	2.0974574907257004349376425736778963e-04	1.2541144157292725699203535096534207e-02
3.5385404932039508793903620416929693e-03	1.8783008577256799569633180557816554e+00	2.2337737022828342275060160636655944e-04	1.2942119953092939140162525800949670e-02
3.3097900294468523927008343299028753e-03	1.9309288355240004873750638117689384e+00	2.3882371328722975366169923314935732e-04	1.3381938534333641785009126120728476e-02
3.0825768753430958910893106448400857e-03	1.9854025182969827954526516663849322e+00	2.5643717513563149909583896743295064e-04	1.3866418791584239005485772148707058e-02
2.8573507826826770746459962801712427e-03	2.0419140722266216656004872923909542e+00	2.7666319745139145737561566721366706e-04	1.4402631212901419875599713353943565e-02
2.6345915718232601306907015171470623e-03	2.1006869858623992086316034632196158e+00	3.0007201941602001301366499771186459e-04	1.4999256455084693839998349833900484e-02
2.4148125744245744141410610457851025e-03	2.1619834239956064100164384868301794e+00	3.2740402690476586748683816568966892e-04	1.5667075529155563184433666993478513e-02
2.1985647132069282739139862721102706e-03	2.2261138946855882866689736879952144e+00	3.5963586136557633395695625492503873e-04	1.6419651914998215264230651472097152e-02
1.9864413850259092486822725652997626e-03	2.2934501675045070639069189497110849e+00	3.9807903513623380948152260768082252e-04	1.7274299848105594239487912044075458e-02
1.7790843715233077266241981692387696e-03	2.3644428594921859998269693908673328e+00	4.4453091630999204504496551046859534e-04	1.8253490115342679951488230666438782e-02
1.5771910856253326440385824083787637e-03	2.4396458857710910180219405557355987e+00	5.0151286041538875387260049018214571e-04	1.9386944025757563652839685098850440e-02
1.3815235869644938676803756887089951e-03	2.5197512879995551893967481829274566e+00	5.7265885596646730336300271094796632e-04	2.0714845717152313227316087512923832e-02
1.1929199900423934498972394127230468e-03	2.6056402601956283848266077875802039e+00	6.6337560130428142021467922351095669e-04	2.2292941824500533999471070710291404e-02
1.0123091901878451560048738994567983e-03	2.6984604166741052573461118250406302e+00	7.8201759260338113795244292471130123e-04	2.4200970763431107962872385441857579e-02
8.4073032675857257204525173900396482e-04	2.7997475044877704182395024118548903e+00	9.4210061079044001191766039751304233e-04	2.6557284614877275866489671318855943e-02
6.7935925237204342697763749742009132e-04	2.9116265359995087363646095787511858e+00	1.1667699318814749108594018951952605e-03	2.9545750884918896777505350872942788e-02
5.2954581885882444386310970986301391e-04	3.0371645683741215303631661853703005e+00	1.4986396897782187707601207204514485e-03	3.3469024070185587179336096951995154e-02
3.9286878671023603731092348876968148e-04	3.1810385090836628084998953591709665e+00	2.0240565120258936547502835945116359e-03	3.8864527729193392435736111169572393e-02
2.7122150521537847933091506991157117e-04	3.3509344509700210424566172826167247e+00	2.9429393365306055677872560462799391e-03	4.6791368215473961279446782292615623e-02
1.6695645780494172025231439767650287e-04	3.5609315983018030994847115456621394e+00	4.8212720516076931766836026467402608e-03	5.9683128164718174591118578113418153e-02
8.3156442744421864009235452984417271e-05	3.8417134488817847550878778278822870e+00	9.9358600578110676108611649833564633e-03	8.4753446584390249230727626385053179e-02
2.4082881222017053295087585491957099e-05	4.2869937230898771452915599027033753e+00	4.5543129727084303746140950201400835e-02	1.6011344470095513510788877210651493e-01
0.0000000000000000000000000000000000e+00	0.0000000000000000000000000000000000e+00	1.1930770004813001043838004046258351e-04	8.8030894630989046832485957177338272e-03