9.5475224033719174061202780198540557e-03	-2.6808661189877092129696661251703815e+00	9.6023039660045312484705461445083734e-02	2.3637190072017956133394148366568210e-01
2.8297054820036087727637966025440003e-02	-2.0064743961505427292855919932495081e+00	2.4855445281329637987456735140813169e-02	1.3469711945794924538771841449082878e-01
4.8996364456158726604916585151915609e-02	-1.5460567537076077909692863568487490e+00	1.4028077028985756943901664583803891e-02	1.0209022875972357129686852603064560e-01
6.8687515915476271180527375580923401e-02	-1.1748791783551959005320036997954672e+00	9.9363542164050504261022462625012496e-03	8.6143521866236213276158907008934189e-02
8.5515292259278280580174812206006753e-02	-8.5113441212448446810214944408745636e-01	7.9576634936980751295607493100585293e-03	7.7171158222280960152928214264324127e-02
9.8279695150698963759629747403073522e-02	-5.5476369467595910404729835667545562e-01	6.9144895205408118806903037112541532e-03	7.1969997364347228309685698657598561e-02
1.0622023929971392736878210952872499e-01	-2.7385685490401457363747524710603227e-01	6.3934354347878499527918267292521430e-03	6.9220414772075212230476250652452344e-02
1.0891263139053165074442225216812334e-01	0.0000000000000000000000000000000000e+00	6.2341880579970271944317409313224238e-03	6.8357308844848255509759018655354584e-02
1.0622023929971392736878210952872499e-01	2.7385685490401457363747524710603227e-01	6.3934354347878499527918267292521430e-03	6.9220414772075212230476250652452344e-02
9.8279695150698963759629747403073522e-02	5.5476369467595910404729835667545562e-01	6.9144895205408118806903037112541532e-03	7.1969997364347228309685698657598561e-02
8.5515292259278280580174812206006753e-02	8.5113441212448446810214944408745636e-01	7.9576634936980751295607493100585293e-03	7.7171158222280960152928214264324127e-02
6.8687515915476271180527375580923401e-02	1.1748791783551959005320036997954672e+00	9.9363542164050504261022462625012496e-03	8.6143521866236213276158907008934189e-02
4.8996364456158726604916585151915609e-02	1.5460567537076077909692863568487490e+00	1.4028077028985756943901664583803891e-02	1.0209022875972357129686852603064560e-01
2.8297054820036087727637966025440003e-02	2.0064743961505427292855919932495081e+00	2.4855445281329637987456735140813169e-02	1.3469711945794924538771841449082878e-01
9.5475224033719174061202780198540557e-03	2.6808661189877092129696661251703815e+00	9.6023039660045312484705461445083734e-02	2.3637190072017956133394148366568210e-01
0.0000000000000000000000000000000000e+00	0.0000000000000000000000000000000000e+00	1.0737210559190286398114646955501866e-02	8.3469864276723018446642086171766720e-02