1.2068014456494088775644271491699844e-05	-4.4383682697258823166997614599235310e+00	4.2920444310163475157426877534201273e-02	1.5528227304148867191626868212988067e-01
4.1987805724305684454532235369910604e-05	-4.0070928560933192696197460511732095e+00	9.2818824855521321880982149418679382e-03	8.1895955071525764952822028096950599e-02
8.4848796753916875522423756645477721e-05	-3.7361596256420742902802408436507398e+00	4.4740264322061351085402856043184062e-03	5.7485730642060094237365191596970076e-02
1.3862862693501933831484626085885891e-04	-3.5341583883703407930376514743393336e+00	2.7151832038575767425840149097930469e-03	4.4940236144295780914870818024292283e-02
2.0185717650934988473626862532485015e-04	-3.3711826889592185514846799301555673e+00	1.8576131008050476506490233231761794e-03	3.7229848315627206713482871220877504e-02
2.7340984500471917162057962407377720e-04	-3.2335188842048481053466513811144747e+00	1.3686911487668036791420574094578537e-03	3.1983446570602426056975913516162482e-02
3.5237948663558376735265135005857925e-04	-3.1136848700592268433456349305612545e+00	1.0606840759979495047094964728658035e-03	2.8169415913374553398756282339993179e-02
4.3800802986156033954938355442462622e-04	-3.0071303341688258392519458155930963e+00	8.5266620460335494735580721747365281e-04	2.5264456453703470099261820487639734e-02
5.2964590974707937326856505285495939e-04	-2.9108727510979739250168844628471035e+00	7.0477042844507108487718567296222122e-04	2.2973966025557890863586019563926899e-02
6.2672605391281704587053782728375673e-04	-2.8228466697498873609971031716264723e+00	5.9537963460714092023464830205172097e-04	2.1119027147231819713350742795098685e-02
7.2874620921686925732026808077202491e-04	-2.7415600787698443028246870389666163e+00	5.1189018099914316177271296636304475e-04	1.9584509712606896906640221070247595e-02
8.3525639014425462806502865258498666e-04	-2.6658985497867337228450367898312255e+00	4.4652289483927285281149583873410481e-04	1.8292868874926336827977815474022107e-02
9.4584964582323852824939229567599512e-04	-2.5950067530351755025485429677788481e+00	3.9425045015039413530274863336326837e-04	1.7189906562603162798932896124286918e-02
1.0601550717180523061643049545788425e-03	-2.5282132601042157604574155792186190e+00	3.5169834474094834797798309680851161e-04	1.6236565012550277182259997122480254e-02
1.1778323938575336218291376866545021e-03	-2.4649808989902597589722245786878790e+00	3.1652823771063248939822114282827496e-04	1.5403962971777342058726358826821538e-02
1.2985676874347934325357872715308828e-03	-2.4048728769537346292529566261900278e+00	2.8707525225484432953115666754967437e-04	1.4670269633006938785725551851704146e-02
1.4220699342195540513104632126131062e-03	-2.3475290036577556593828091179999228e+00	2.6212597016375533539071075391675064e-04	1.4018667298474450838041039919103853e-02
1.5480682135463509445218650356213329e-03	-2.2926485938959413774904423270407729e+00	2.4077780997510840863628323542297834e-04	1.3435983877740866589870761428247146e-02
1.6763093807550643450373079866491422e-03	-2.2399779112273402956273728934220218e+00	2.2234726731671048867877694790673375e-04	1.2911751158219705409616693564988730e-02
1.8065561267602342941278949610106808e-03	-2.1893007738645914352034825821749814e+00	2.0630845822415127499231114830510840e-04	1.2437541522563953396991823663186833e-02
1.9385853398932644511113635732588242e-03	-2.1404314099787590778103229199574192e+00	1.9225099864071490771107553367611816e-04	1.2006491382222040123282046836136055e-02
2.0721867105356590992140969316315220e-03	-2.0932089435436584981418605305952214e+00	1.7985053773408894728792430658646899e-04	1.1612952629117568188758470558893515e-02
2.2071615329935330284954276266372874e-03	-2.0474930822094811726401620660968904e+00	1.6884776075960257502302688936494954e-04	1.1252233620484113453968234150648206e-02
2.3433216692570300873782191110472018e-03	-2.0031607048536842766775081696666631e+00	1.5903317675999301815163750655813854e-04	1.0920403909182292684015422171741299e-02
2.4804886468631023075156437490179986e-03	-1.9601031318131399803519130782770602e+00	1.5023593032894945494187497410637424e-04	1.0614145097768914682319398107130610e-02
2.6184928687887067686355239704505257e-03	-1.9182239196419122523571459520761969e+00	1.4231545947684658052547609774925192e-04	1.0330635558964239279574163890517031e-02
2.7571729176589616734840676187139622e-03	-1.8774370634951736200150062754193167e+00	1.3515519718310378126429280724956490e-04	1.0067460357631717407585485022472165e-02
2.8963749399199661696035183924073650e-03	-1.8376655196178966468404891600697220e+00	1.2865776094952997900429776335982022e-04	9.8225401578057121909573693553064414e-03
3.0359520982527363774230379834334207e-03	-1.7988399816354619460226286436762549e+00	1.2274123966929064686560525780684320e-04	9.5940745940176839970150027726665327e-03
3.1757640825753343618444750991177984e-03	-1.7608978598694694717667040336296037e+00	1.1733629928197861459425269935280299e-04	9.3804967780358844396506027444642424e-03
3.3156766716273918493439072566080349e-03	-1.7237824244002837360264751435455169e+00	1.1238390607418286929045028478298705e-04	9.1804364613315401936430337494871839e-03
3.4555613384525341732781182890676050e-03	-1.6874420812083572565370146722723882e+00	1.0783352063062714103965770087260087e-04	8.9926899862963545104254188839147776e-03
3.5952948941624511253473242018566933e-03	-1.6518297572412977318147036274454191e+00	1.0364165381518313798764977662533548e-04	8.8161956065111851492842588461753155e-03
3.7347591652363097032887156937417948e-03	-1.6169023752305693837717811037502497e+00	9.9770703685311365272627537425814298e-05	8.6500130864397214723795444087446234e-03
3.8738407003224923302119996846295149e-03	-1.5826204029179565836143498344503098e+00	9.6188012207133826420145501430536602e-05	8.4933067369855998975885586803107657e-03
4.0124305030982104464162019563744844e-03	-1.5489474643337993483951886116056991e+00	9.2865095270111296190555170927895107e-05	8.3453312285349904724997754953807549e-03
4.1504237882310970567802927736068578e-03	-1.5158500031050891465618672840533993e+00	8.9777010329582192826869499945082681e-05	8.2054196637155157171598684106832600e-03
4.2877197578946938170661629064692938e-03	-1.4832969896152105196771291392471050e+00	8.6901834094311698131592460026461559e-05	8.0729734997599167306580617991015634e-03
4.4242213966319611922825314968223970e-03	-1.4512596653023503750841395053462376e+00	8.4220228770559569462752704603157180e-05	7.9474539934405507436143181538374480e-03
4.5598352826495371747829553197972416e-03	-1.4197113185557091379837032774991623e+00	8.1715080003322682391176848321777995e-05	7.8283749061265287386787014651364434e-03
4.6944714138699971146389357642270472e-03	-1.3886270876120917946012470889083816e+00	7.9371193198726160116473164655176218e-05	7.7152962570770628829366013480123319e-03
4.8280430472774771204065281698268194e-03	-1.3579837866192976390677029986528524e+00	7.7175037643493778526355114982356379e-05	7.6078189529298748365019534772300426e-03
4.9604665502698877280767492338868046e-03	-1.3277597516545920814478447557312608e+00	7.5114529958352757874744617868074558e-05	7.5055801529407704851806187649874798e-03
5.0916612628835681980778569147054229e-03	-1.2979347039954895479206736976849878e+00	7.3178850079562508942251222452136183e-05	7.4082492547362563298824447008335616e-03
5.2215493698876957788210521194880492e-03	-1.2684896283586921941821934944984911e+00	7.1358284265882780344885439505732973e-05	7.3155244055619365533908163817102337e-03
5.3500557818594128686363032427702394e-03	-1.2394066641689861659669896719444390e+00	6.9644090658972201520138117068275780e-05	7.2271294603184936183320583345291213e-03
5.4771080244492221483780606650105202e-03	-1.2106690082071027995691138924140751e+00	6.8028383744983125105434450827802860e-05	7.1428113208984420231127992971787576e-03
5.6026361351320036894781827967067212e-03	-1.1822608272250141231264118105439060e+00	6.6504034720645664741035334731660639e-05	7.0623376021074595499264442121739739e-03
5.7265725668139217804973785327251055e-03	-1.1541671793176103677801676676117248e+00	6.5064585294004381902906988794493367e-05	6.9854945782691225956345683684645039e-03
5.8488520977310922859575316335373528e-03	-1.1263739430082095931777882904764945e+00	6.3704172875506661068383680399781850e-05	6.9120853718585036662869954309571125e-03
5.9694117471334969972979713368008904e-03	-1.0988677531475096507868825633634814e+00	6.2417465460439885091051606780993331e-05	6.8419283514927595713123059056543675e-03
6.0881906962983724553692458342490018e-03	-1.0716359428459611565442223874117185e+00	6.1199604785158788645878971360113554e-05	6.7748557115661554256103220063277529e-03
6.2051302144621063800249305696545027e-03	-1.0446664907618093941505998197327703e+00	6.0046156569927012759791246418996669e-05	6.7107122099440515872768608290681675e-03
6.3201735892993407196291983725052436e-03	-1.0179479731542323410307597817840388e+00	5.8953066850557807212028468379537960e-05	6.6493540435777683641345421085900017e-03
6.4332660616131825957098416437867400e-03	-9.9146952018555394318324124985306605e-01	5.7916623557297087774169856049437762e-05	6.5906478447922469155329875447018989e-03
6.5443547639317396019438141902615276e-03	-9.6522077602045978828081253167041833e-01	5.6933422628823759139565850695905104e-05	6.5344697834295494912099007498367086e-03
6.6533886627341171461400095527614728e-03	-9.3919186232515538626295950580147129e-01	5.6000338056844233981845109272655322e-05	6.4807047620831587494013995908741300e-03
6.7603185040539658466591853698595430e-03	-9.1337334481686703037902871369076991e-01	5.5114495346526365481325342672191432e-05	6.4292456933954453501831141480190493e-03
6.8650967622310103919528578333730311e-03	-8.8775620255513958995897949988697705e-01	5.4273247953161669372827322801887807e-05	6.3799928498663259870758657263821629e-03
6.9676775916010417799074468112684070e-03	-8.6233179970199155092873262209300586e-01	5.3474156318551482875620816308488853e-05	6.3328532778782010219262517947354286e-03
7.0680167809328841477931342072251403e-03	-8.3709185950894559828000455910452429e-01	5.2714969183777506610799576157548678e-05	6.2877402687162011701055806518173800e-03
7.1660717104370911247758410867347199e-03	-8.1202844031593464687745207551055573e-01	5.1993606899942394113695778736139069e-05	6.2445728802828141895373758212054302e-03
7.2618013111857896884050588435118428e-03	-7.8713391337065374369636422002745787e-01	5.1308146496540182252025940292085201e-05	6.2032755039962788149943742317283095e-03
7.3551660267963504908466169860152574e-03	-7.6240094229756485440700621014953681e-01	5.0656808299475874011183660918858092e-05	6.1637774720427831049217858011264280e-03
7.4461277772435785948489809338774357e-03	-7.3782246406386815802845444126986205e-01	5.0037943918331784185880191276227140e-05	6.1260127007401852869843857171120094e-03
7.5346499246760241878731495628540367e-03	-7.1339167130567301003347587295661195e-01	4.9450025446044470688856057938610466e-05	6.0899193662796289481302433183244548e-03
7.6206972411219290763587624398158385e-03	-6.8910199589162605726283356870622218e-01	4.8891635734346008488582426517481711e-05	6.0554396095527266860564206099224495e-03
7.7042358779793571116423968590972072e-03	-6.6494709361363214931631782201824760e-01	4.8361459625664246194936021707506815e-05	6.0225192671557431337706461214170422e-03
7.7852333371932981713737083167283090e-03	-6.4092082990524873951134964205272019e-01	4.7858276037107018979331459494332994e-05	5.9911076259966783446516367661380475e-03
7.8636584440300680706904525881738570e-03	-6.1701726649802908960514011851547032e-01	4.7380950805040847962972960558598384e-05	5.9611571992233103911237177576792834e-03
7.9394813213662235241025249905125597e-03	-5.9323064893469079658832540187915775e-01	4.6928430209921404895275623543781627e-05	5.9326235214460071859931887929717130e-03
8.0126733654155365165042524861577669e-03	-5.6955539486562918970757380605095237e-01	4.6499735110697611134493453350851074e-05	5.9054649614534751666002817137527059e-03
8.0832072228233834843255897716928908e-03	-5.4598608306209674270717362299780354e-01	4.6093955626509528045887910991674047e-05	5.8796425508168429458425316520549621e-03
8.1510567690632525892164295255390224e-03	-5.2251744308543078696120986223341504e-01	4.5710246310714204038344631182496120e-05	5.8551198269512210053556890055945507e-03
8.2161970880750026169478847933621605e-03	-4.9914434555712000782465391676511822e-01	4.5347821768657254871945937298516965e-05	5.8318626893572464742766778260547924e-03
8.2786044530890603528679147513492886e-03	-4.7586179297933144339951108407901946e-01	4.5005952676191588644019936192337173e-05	5.8098392679007829354761784467822209e-03
8.3382563085849561250184684516984496e-03	-4.5266491105984007350289299544198915e-01	4.4683962160839151058149774037704236e-05	5.7890198021091912127763338322471810e-03
8.3951312533365022808270946587306572e-03	-4.2954894049917016934676071211718311e-01	4.4381222511791230141953854228689856e-05	5.7693765305693920965943124998629391e-03
8.4492090244995460908859841601878148e-03	-4.0650922920122161793411892205447756e-01	4.4097152188728287154799126378409347e-05	5.7508835896080096251772248391309916e-03
8.5004704827016034620072793211339188e-03	-3.8354122487175934739508291657353553e-01	4.3831213102780415183848705773579344e-05	5.7335169205186876590058308756773372e-03
8.5488975980958268288236897766352942e-03	-3.6064046797192817867058485789190209e-01	4.3582908145903508117916821693053252e-05	5.7172541846774909678967070922355803e-03
8.5944734373447013420873936982168304e-03	-3.3780258499645256785293783424710688e-01	4.3351778947564902367276367958357989e-05	5.7020746859552455303437947487855202e-03
8.6371821515016176331873970683198156e-03	-3.1502328204842028822810666739028296e-01	4.3137403839959465695257766087799026e-05	5.6879592998967088124222869365119388e-03
8.6770089647610548764727301324627486e-03	-2.9229833868455702076863576541470784e-01	4.2939396015050731936668510500703447e-05	5.6748904091914345221771157300046547e-03
8.7139401640505408829651027837904600e-03	-2.6962360200669780258345166053087204e-01	4.2757401858584538865825854207886589e-05	5.6628518450108477304330849744476192e-03
8.7479630894398514314890277178613157e-03	-2.4699498097677127716998806044215745e-01	4.2591099447883237359205618677367625e-05	5.6518288338310251187580675475111916e-03
8.7790661253450826281198821424604424e-03	-2.2440844093405121171176347993527038e-01	4.2440197201721756836881993438327051e-05	5.6418079494015537787855606883390409e-03
8.8072386925072903383262948427201067e-03	-2.0185999829471215698722697920066935e-01	4.2304432671934365269064946038033322e-05	5.6327770695581261657264747897907918e-03
8.8324712407273512462475464761489058e-03	-1.7934571541486588200268442976426403e-01	4.2183571467621920218822441518049376e-05	5.6247253376106669924191366536830787e-03
8.8547552423405715965013904183634029e-03	-1.5686169559926408321047971246370417e-01	4.2077406303940570443180870505877709e-05	5.6176431280701793784679185971341445e-03
8.8740831864163621495408796097569117e-03	-1.3440407823874110193858614756311310e-01	4.1985756168469104521066780638511516e-05	5.6115220165064996332082614043937011e-03
8.8904485736700206584752727312431051e-03	-1.1196903406024688413367399527568974e-01	4.1908465599086682513629729513974050e-05	5.6063547533560837872192993073833712e-03
8.9038459120753250077704549156190205e-03	-8.9552760473992863533647088099133272e-02	4.1845404068157368720784696829493929e-05	5.6021352415241048052522946877124526e-03
8.9142707131682493020519663409199342e-03	-6.7151477002808415159358879816014450e-02	4.1796465468623378434585563857456052e-05	5.5988585176487816897259993791811632e-03
8.9217194890336794928888060036606986e-03	-4.4761420779288570771930592456861339e-02	4.1761567698364951981546975874705991e-05	5.5965207369182329181497934136551743e-03
8.9261897499685320625538900184091355e-03	-2.2378842096709439800383993653786062e-02	4.1740652339900160640841989387607140e-05	5.5951191613514711905722991000763523e-03
8.9276800028161760309064073416828807e-03	0.0000000000000000000000000000000000e+00	4.1733684433180961160132793706323439e-05	5.5946521514756438313425051008965269e-03
8.9261897499685320625538900184091355e-03	2.2378842096709439800383993653786062e-02	4.1740652339900160640841989387607140e-05	5.5951191613514711905722991000763523e-03
8.9217194890336794928888060036606986e-03	4.4761420779288570771930592456861339e-02	4.1761567698364951981546975874705991e-05	5.5965207369182329181497934136551743e-03
8.9142707131682493020519663409199342e-03	6.7151477002808415159358879816014450e-02	4.1796465468623378434585563857456052e-05	5.5988585176487816897259993791811632e-03
8.9038459120753250077704549156190205e-03	8.9552760473992863533647088099133272e-02	4.1845404068157368720784696829493929e-05	5.6021352415241048052522946877124526e-03
8.8904485736700206584752727312431051e-03	1.1196903406024688413367399527568974e-01	4.1908465599086682513629729513974050e-05	5.6063547533560837872192993073833712e-03
8.8740831864163621495408796097569117e-03	1.3440407823874110193858614756311310e-01	4.1985756168469104521066780638511516e-05	5.6115220165064996332082614043937011e-03
8.8547552423405715965013904183634029e-03	1.5686169559926408321047971246370417e-01	4.2077406303940570443180870505877709e-05	5.6176431280701793784679185971341445e-03
8.8324712407273512462475464761489058e-03	1.7934571541486588200268442976426403e-01	4.2183571467621920218822441518049376e-05	5.6247253376106669924191366536830787e-03
8.8072386925072903383262948427201067e-03	2.0185999829471215698722697920066935e-01	4.2304432671934365269064946038033322e-05	5.6327770695581261657264747897907918e-03
8.7790661253450826281198821424604424e-03	2.2440844093405121171176347993527038e-01	4.2440197201721756836881993438327051e-05	5.6418079494015537787855606883390409e-03
8.7479630894398514314890277178613157e-03	2.4699498097677127716998806044215745e-01	4.2591099447883237359205618677367625e-05	5.6518288338310251187580675475111916e-03
8.7139401640505408829651027837904600e-03	2.6962360200669780258345166053087204e-01	4.2757401858584538865825854207886589e-05	5.6628518450108477304330849744476192e-03
8.6770089647610548764727301324627486e-03	2.9229833868455702076863576541470784e-01	4.2939396015050731936668510500703447e-05	5.6748904091914345221771157300046547e-03
8.6371821515016176331873970683198156e-03	3.1502328204842028822810666739028296e-01	4.3137403839959465695257766087799026e-05	5.6879592998967088124222869365119388e-03
8.5944734373447013420873936982168304e-03	3.3780258499645256785293783424710688e-01	4.3351778947564902367276367958357989e-05	5.7020746859552455303437947487855202e-03
8.5488975980958268288236897766352942e-03	3.6064046797192817867058485789190209e-01	4.3582908145903508117916821693053252e-05	5.7172541846774909678967070922355803e-03
8.5004704827016034620072793211339188e-03	3.8354122487175934739508291657353553e-01	4.3831213102780415183848705773579344e-05	5.7335169205186876590058308756773372e-03
8.4492090244995460908859841601878148e-03	4.0650922920122161793411892205447756e-01	4.4097152188728287154799126378409347e-05	5.7508835896080096251772248391309916e-03
8.3951312533365022808270946587306572e-03	4.2954894049917016934676071211718311e-01	4.4381222511791230141953854228689856e-05	5.7693765305693920965943124998629391e-03
8.3382563085849561250184684516984496e-03	4.5266491105984007350289299544198915e-01	4.4683962160839151058149774037704236e-05	5.7890198021091912127763338322471810e-03
8.2786044530890603528679147513492886e-03	4.7586179297933144339951108407901946e-01	4.5005952676191588644019936192337173e-05	5.8098392679007829354761784467822209e-03
8.2161970880750026169478847933621605e-03	4.9914434555712000782465391676511822e-01	4.5347821768657254871945937298516965e-05	5.8318626893572464742766778260547924e-03
8.1510567690632525892164295255390224e-03	5.2251744308543078696120986223341504e-01	4.5710246310714204038344631182496120e-05	5.8551198269512210053556890055945507e-03
8.0832072228233834843255897716928908e-03	5.4598608306209674270717362299780354e-01	4.6093955626509528045887910991674047e-05	5.8796425508168429458425316520549621e-03
8.0126733654155365165042524861577669e-03	5.6955539486562918970757380605095237e-01	4.6499735110697611134493453350851074e-05	5.9054649614534751666002817137527059e-03
7.9394813213662235241025249905125597e-03	5.9323064893469079658832540187915775e-01	4.6928430209921404895275623543781627e-05	5.9326235214460071859931887929717130e-03
7.8636584440300680706904525881738570e-03	6.1701726649802908960514011851547032e-01	4.7380950805040847962972960558598384e-05	5.9611571992233103911237177576792834e-03
7.7852333371932981713737083167283090e-03	6.4092082990524873951134964205272019e-01	4.7858276037107018979331459494332994e-05	5.9911076259966783446516367661380475e-03
7.7042358779793571116423968590972072e-03	6.6494709361363214931631782201824760e-01	4.8361459625664246194936021707506815e-05	6.0225192671557431337706461214170422e-03
7.6206972411219290763587624398158385e-03	6.8910199589162605726283356870622218e-01	4.8891635734346008488582426517481711e-05	6.0554396095527266860564206099224495e-03
7.5346499246760241878731495628540367e-03	7.1339167130567301003347587295661195e-01	4.9450025446044470688856057938610466e-05	6.0899193662796289481302433183244548e-03
7.4461277772435785948489809338774357e-03	7.3782246406386815802845444126986205e-01	5.0037943918331784185880191276227140e-05	6.1260127007401852869843857171120094e-03
7.3551660267963504908466169860152574e-03	7.6240094229756485440700621014953681e-01	5.0656808299475874011183660918858092e-05	6.1637774720427831049217858011264280e-03
7.2618013111857896884050588435118428e-03	7.8713391337065374369636422002745787e-01	5.1308146496540182252025940292085201e-05	6.2032755039962788149943742317283095e-03
7.1660717104370911247758410867347199e-03	8.1202844031593464687745207551055573e-01	5.1993606899942394113695778736139069e-05	6.2445728802828141895373758212054302e-03
7.0680167809328841477931342072251403e-03	8.3709185950894559828000455910452429e-01	5.2714969183777506610799576157548678e-05	6.2877402687162011701055806518173800e-03
6.9676775916010417799074468112684070e-03	8.6233179970199155092873262209300586e-01	5.3474156318551482875620816308488853e-05	6.3328532778782010219262517947354286e-03
6.8650967622310103919528578333730311e-03	8.8775620255513958995897949988697705e-01	5.4273247953161669372827322801887807e-05	6.3799928498663259870758657263821629e-03
6.7603185040539658466591853698595430e-03	9.1337334481686703037902871369076991e-01	5.5114495346526365481325342672191432e-05	6.4292456933954453501831141480190493e-03
6.6533886627341171461400095527614728e-03	9.3919186232515538626295950580147129e-01	5.6000338056844233981845109272655322e-05	6.4807047620831587494013995908741300e-03
6.5443547639317396019438141902615276e-03	9.6522077602045978828081253167041833e-01	5.6933422628823759139565850695905104e-05	6.5344697834295494912099007498367086e-03
6.4332660616131825957098416437867400e-03	9.9146952018555394318324124985306605e-01	5.7916623557297087774169856049437762e-05	6.5906478447922469155329875447018989e-03
6.3201735892993407196291983725052436e-03	1.0179479731542323410307597817840388e+00	5.8953066850557807212028468379537960e-05	6.6493540435777683641345421085900017e-03
6.2051302144621063800249305696545027e-03	1.0446664907618093941505998197327703e+00	6.0046156569927012759791246418996669e-05	6.7107122099440515872768608290681675e-03
6.0881906962983724553692458342490018e-03	1.0716359428459611565442223874117185e+00	6.1199604785158788645878971360113554e-05	6.7748557115661554256103220063277529e-03
5.9694117471334969972979713368008904e-03	1.0988677531475096507868825633634814e+00	6.2417465460439885091051606780993331e-05	6.8419283514927595713123059056543675e-03
5.8488520977310922859575316335373528e-03	1.1263739430082095931777882904764945e+00	6.3704172875506661068383680399781850e-05	6.9120853718585036662869954309571125e-03
5.7265725668139217804973785327251055e-03	1.1541671793176103677801676676117248e+00	6.5064585294004381902906988794493367e-05	6.9854945782691225956345683684645039e-03
5.6026361351320036894781827967067212e-03	1.1822608272250141231264118105439060e+00	6.6504034720645664741035334731660639e-05	7.0623376021074595499264442121739739e-03
5.4771080244492221483780606650105202e-03	1.2106690082071027995691138924140751e+00	6.8028383744983125105434450827802860e-05	7.1428113208984420231127992971787576e-03
5.3500557818594128686363032427702394e-03	1.2394066641689861659669896719444390e+00	6.9644090658972201520138117068275780e-05	7.2271294603184936183320583345291213e-03
5.2215493698876957788210521194880492e-03	1.2684896283586921941821934944984911e+00	7.1358284265882780344885439505732973e-05	7.3155244055619365533908163817102337e-03
5.0916612628835681980778569147054229e-03	1.2979347039954895479206736976849878e+00	7.3178850079562508942251222452136183e-05	7.4082492547362563298824447008335616e-03
4.9604665502698877280767492338868046e-03	1.3277597516545920814478447557312608e+00	7.5114529958352757874744617868074558e-05	7.5055801529407704851806187649874798e-03
4.8280430472774771204065281698268194e-03	1.3579837866192976390677029986528524e+00	7.7175037643493778526355114982356379e-05	7.6078189529298748365019534772300426e-03
4.6944714138699971146389357642270472e-03	1.3886270876120917946012470889083816e+00	7.9371193198726160116473164655176218e-05	7.7152962570770628829366013480123319e-03
4.5598352826495371747829553197972416e-03	1.4197113185557091379837032774991623e+00	8.1715080003322682391176848321777995e-05	7.8283749061265287386787014651364434e-03
4.4242213966319611922825314968223970e-03	1.4512596653023503750841395053462376e+00	8.4220228770559569462752704603157180e-05	7.9474539934405507436143181538374480e-03
4.2877197578946938170661629064692938e-03	1.4832969896152105196771291392471050e+00	8.6901834094311698131592460026461559e-05	8.0729734997599167306580617991015634e-03
4.1504237882310970567802927736068578e-03	1.5158500031050891465618672840533993e+00	8.9777010329582192826869499945082681e-05	8.2054196637155157171598684106832600e-03
4.0124305030982104464162019563744844e-03	1.5489474643337993483951886116056991e+00	9.2865095270111296190555170927895107e-05	8.3453312285349904724997754953807549e-03
3.8738407003224923302119996846295149e-03	1.5826204029179565836143498344503098e+00	9.6188012207133826420145501430536602e-05	8.4933067369855998975885586803107657e-03
3.7347591652363097032887156937417948e-03	1.6169023752305693837717811037502497e+00	9.9770703685311365272627537425814298e-05	8.6500130864397214723795444087446234e-03
3.5952948941624511253473242018566933e-03	1.6518297572412977318147036274454191e+00	1.0364165381518313798764977662533548e-04	8.8161956065111851492842588461753155e-03
3.4555613384525341732781182890676050e-03	1.6874420812083572565370146722723882e+00	1.0783352063062714103965770087260087e-04	8.9926899862963545104254188839147776e-03
3.3156766716273918493439072566080349e-03	1.7237824244002837360264751435455169e+00	1.1238390607418286929045028478298705e-04	9.1804364613315401936430337494871839e-03
3.1757640825753343618444750991177984e-03	1.7608978598694694717667040336296037e+00	1.1733629928197861459425269935280299e-04	9.3804967780358844396506027444642424e-03
3.0359520982527363774230379834334207e-03	1.7988399816354619460226286436762549e+00	1.2274123966929064686560525780684320e-04	9.5940745940176839970150027726665327e-03
2.8963749399199661696035183924073650e-03	1.8376655196178966468404891600697220e+00	1.2865776094952997900429776335982022e-04	9.8225401578057121909573693553064414e-03
2.7571729176589616734840676187139622e-03	1.8774370634951736200150062754193167e+00	1.3515519718310378126429280724956490e-04	1.0067460357631717407585485022472165e-02
2.6184928687887067686355239704505257e-03	1.9182239196419122523571459520761969e+00	1.4231545947684658052547609774925192e-04	1.0330635558964239279574163890517031e-02
2.4804886468631023075156437490179986e-03	1.9601031318131399803519130782770602e+00	1.5023593032894945494187497410637424e-04	1.0614145097768914682319398107130610e-02
2.3433216692570300873782191110472018e-03	2.0031607048536842766775081696666631e+00	1.5903317675999301815163750655813854e-04	1.0920403909182292684015422171741299e-02
2.2071615329935330284954276266372874e-03	2.0474930822094811726401620660968904e+00	1.6884776075960257502302688936494954e-04	1.1252233620484113453968234150648206e-02
2.0721867105356590992140969316315220e-03	2.0932089435436584981418605305952214e+00	1.7985053773408894728792430658646899e-04	1.1612952629117568188758470558893515e-02
1.9385853398932644511113635732588242e-03	2.1404314099787590778103229199574192e+00	1.9225099864071490771107553367611816e-04	1.2006491382222040123282046836136055e-02
1.8065561267602342941278949610106808e-03	2.1893007738645914352034825821749814e+00	2.0630845822415127499231114830510840e-04	1.2437541522563953396991823663186833e-02
1.6763093807550643450373079866491422e-03	2.2399779112273402956273728934220218e+00	2.2234726731671048867877694790673375e-04	1.2911751158219705409616693564988730e-02
1.5480682135463509445218650356213329e-03	2.2926485938959413774904423270407729e+00	2.4077780997510840863628323542297834e-04	1.3435983877740866589870761428247146e-02
1.4220699342195540513104632126131062e-03	2.3475290036577556593828091179999228e+00	2.6212597016375533539071075391675064e-04	1.4018667298474450838041039919103853e-02
1.2985676874347934325357872715308828e-03	2.4048728769537346292529566261900278e+00	2.8707525225484432953115666754967437e-04	1.4670269633006938785725551851704146e-02
1.1778323938575336218291376866545021e-03	2.4649808989902597589722245786878790e+00	3.1652823771063248939822114282827496e-04	1.5403962971777342058726358826821538e-02
1.0601550717180523061643049545788425e-03	2.5282132601042157604574155792186190e+00	3.5169834474094834797798309680851161e-04	1.6236565012550277182259997122480254e-02
9.4584964582323852824939229567599512e-04	2.5950067530351755025485429677788481e+00	3.9425045015039413530274863336326837e-04	1.7189906562603162798932896124286918e-02
8.3525639014425462806502865258498666e-04	2.6658985497867337228450367898312255e+00	4.4652289483927285281149583873410481e-04	1.8292868874926336827977815474022107e-02
7.2874620921686925732026808077202491e-04	2.7415600787698443028246870389666163e+00	5.1189018099914316177271296636304475e-04	1.9584509712606896906640221070247595e-02
6.2672605391281704587053782728375673e-04	2.8228466697498873609971031716264723e+00	5.9537963460714092023464830205172097e-04	2.1119027147231819713350742795098685e-02
5.2964590974707937326856505285495939e-04	2.9108727510979739250168844628471035e+00	7.0477042844507108487718567296222122e-04	2.2973966025557890863586019563926899e-02
4.3800802986156033954938355442462622e-04	3.0071303341688258392519458155930963e+00	8.5266620460335494735580721747365281e-04	2.5264456453703470099261820487639734e-02
3.5237948663558376735265135005857925e-04	3.1136848700592268433456349305612545e+00	1.0606840759979495047094964728658035e-03	2.8169415913374553398756282339993179e-02
2.7340984500471917162057962407377720e-04	3.2335188842048481053466513811144747e+00	1.3686911487668036791420574094578537e-03	3.1983446570602426056975913516162482e-02
2.0185717650934988473626862532485015e-04	3.3711826889592185514846799301555673e+00	1.8576131008050476506490233231761794e-03	3.7229848315627206713482871220877504e-02
1.3862862693501933831484626085885891e-04	3.5341583883703407930376514743393336e+00	2.7151832038575767425840149097930469e-03	4.4940236144295780914870818024292283e-02
8.4848796753916875522423756645477721e-05	3.7361596256420742902802408436507398e+00	4.4740264322061351085402856043184062e-03	5.7485730642060094237365191596970076e-02
4.1987805724305684454532235369910604e-05	4.0070928560933192696197460511732095e+00	9.2818824855521321880982149418679382e-03	8.1895955071525764952822028096950599e-02
1.2068014456494088775644271491699844e-05	4.4383682697258823166997614599235310e+00	4.2920444310163475157426877534201273e-02	1.5528227304148867191626868212988067e-01
0.0000000000000000000000000000000000e+00	0.0000000000000000000000000000000000e+00	7.2277885458348335896954718432873501e-05	6.8517787223034651727510954547514566e-03