9.8216288376057730053374039509643716e-06	-4.4825802104335604549403033690692565e+00	4.2195571451525070735350230578006748e-02	1.5392324423726420179996161314119291e-01
3.4243677483891510141856231252427274e-05	-4.0552350727741788046944572472197946e+00	9.1030266990015493429918264820540030e-03	8.1097388185903522862477868896911626e-02
6.9322311968325873660329592171785788e-05	-3.7870472569748991601573621127412124e+00	4.3798200549783773984322978997707006e-03	5.6875132885730525415468384553885351e-02
1.1343738263133783548450731308077536e-04	-3.5872627451871164954890488503582109e+00	2.6538222272994307521956340217774536e-03	4.4428426299250927846836758312609808e-02
1.6540955229561236265733410594731491e-04	-3.4261963122132371029078660432471073e+00	1.8130510337171210494372461951160819e-03	3.6779929131853897765423206170848260e-02
2.2433608470387244823276910767974815e-04	-3.2902383371683540749634528621418551e+00	1.3341010573063773100726459597532235e-03	3.1576278293440451673619489459502175e-02
2.8948837977057588135354582844743013e-04	-3.1719647280373682253803945221220165e+00	1.0325994379485382760292455211715008e-03	2.7793675846715485210548960239432799e-02
3.6025723467677716836603712404207419e-04	-3.0668611507133686573061295110573479e+00	8.2911244490108280574584671963787815e-04	2.4912838118199032268893245480823036e-02
4.3612036140836228180886763549939529e-04	-2.9719690850495601875568880568500550e+00	6.8452763061375281769565258453535482e-04	2.2641452726890985415157754909955529e-02
5.1662155385784630034363384045182691e-04	-2.8852399786877723499646311617774207e+00	5.7764699323851322455545094177714510e-04	2.0802009808121470553272648364667916e-02
6.0135653256468774511967450034388778e-04	-2.8051942154970521290743279523127732e+00	4.9611666387689757536251520198301098e-04	1.9280295509780728995586372800611908e-02
6.8996289048011197389738964276993457e-04	-2.7307267602407585903845545297079459e+00	4.3231478436628056960907357022453565e-04	1.7999388839225625027693638620961848e-02
7.8211269629338458160444927524913673e-04	-2.6609895926839296915280426200895996e+00	3.8131762319850322919910536876285364e-04	1.6905532206907493721292309592538769e-02
8.7750689546472840806306053358372642e-04	-2.5953170994045015667895276422446376e+00	3.3982144621360482715137027203079446e-04	1.5959988319450790191060885719339195e-02
9.7587097076579005050857709206669067e-04	-2.5331768215983137159560513162189097e+00	3.0553776599828303128462357143427582e-04	1.5134115014901353508000902896083308e-02
1.0769515114491060083758980728290713e-03	-2.4741358484553336486914261653294523e+00	2.7683775678780366719971514803310353e-04	1.4406263719287585995738596518387273e-02
1.1805134543484953854115037684394884e-03	-2.4178372318493848683582350801490925e+00	2.5253466447729885661662568793126736e-04	1.3759758212258479002677678129341554e-02
1.2863378325353317722793642782972731e-03	-2.3639830279675003199528731392022284e+00	2.3174601953960545916358529896133275e-04	1.3181538011644072006674188622858645e-02
1.3942199144925143629230457940639374e-03	-2.3123218437764205543685622486734349e+00	2.1380375097714980258278811423860398e-04	1.2661224193839867554369488068528182e-02
1.5039676486410370944500180993149264e-03	-2.2626395204373917393277519086695788e+00	1.9819399993118975497373722438858594e-04	1.2190461464740584303544768109912660e-02
1.6154003500522475795587693060689452e-03	-2.2147520480099604401158210171498922e+00	1.8451588003318468097843209614058500e-04	1.1762445464877791327495568028819525e-02
1.7283475816959050768362698909656293e-03	-2.1685000974660062529025500778140660e+00	1.7245263388734702941592478386221640e-04	1.1371577070447008654811562531201638e-02
1.8426481937331551321997933426303718e-03	-2.1237447449172366948313256288055174e+00	1.6175108478447459534235555457074429e-04	1.1013205508361863608593424087090256e-02
1.9581494925283820119304762497449055e-03	-2.0803640881274496674301007692765354e+00	1.5220675297144346562426177719815893e-04	1.0683434701872302722816041920894672e-02
2.0747065171215388254070383198924408e-03	-2.0382505400631287619576711252878796e+00	1.4365291148810048677852128934174023e-04	1.0378975365301594759624285785147112e-02
2.1921814054754930136586010258013305e-03	-1.9973086426092269321926583187883670e+00	1.3595242777523494643838311645904609e-04	1.0097030688631566319926754793545012e-02
2.3104428363036677368876426263550573e-03	-1.9574532845038585409770647886907151e+00	1.2899160524884263194673683613512037e-04	9.8352070167352272781911765563076731e-03
2.4293655349791614292292261300153748e-03	-1.9186082366880285106115064660362262e+00	1.2267548075939220750043544681322876e-04	9.5914433570307466269913361374654736e-03
2.5488298341309432680630231217466265e-03	-1.8807049393139197189709217240664539e+00	1.1692419547882755696681405544563612e-04	9.3639552315155601061395998401291302e-03
2.6687212811916551563382327667252683e-03	-1.8436814900555760107272324824982597e+00	1.1167016660019908790627118475560351e-04	9.1511895714511959865453191828492780e-03
2.7889302864812282633073630992697745e-03	-1.8074817947704296164612247511998677e+00	1.0685586301460924734239989491910812e-04	8.9517881953311121522310695516164802e-03
2.9093518064691831053119580829178641e-03	-1.7720548501001918769035905540069852e+00	1.0243204114134039070031525483835642e-04	8.7645580185220340752328310010084324e-03
3.0298850577144075259301584744855865e-03	-1.7373541340610072362392124025403282e+00	9.8356334651210810013462684912032617e-05	8.5884465866130134359812418290674293e-03
3.1504332576782693551401878457953229e-03	-1.7033370856086152323095682419509406e+00	9.4592118762205232426000558278721410e-05	8.4225218518896253879442635118311275e-03
3.2709033891784707638783791977244549e-03	-1.6699646579687032072525138839737601e+00	9.1107589322582553016437560889110438e-05	8.2659553564013776976580536709505336e-03
3.3912059857226740262159062339879948e-03	-1.6372009334796940377230913285437387e+00	8.7875011212948351278960481764171153e-05	8.1180081687523874697539968595813454e-03
3.5112549353524186142390501097810867e-03	-1.6050127900117694724642554981013546e+00	8.4870101192995235207396263557412653e-05	7.9780190611944268136401573699476767e-03
3.6309673009546457984859364808270587e-03	-1.5733696108541590051153273390673474e+00	8.2071518230767712696137848332098098e-05	7.8453945203676658598670968399969720e-03
3.7502631552723807135170048327141084e-03	-1.5422430314156215500729344161033948e+00	7.9460440312654693326081950114711931e-05	7.7196002674217554717828068748577754e-03
3.8690654290773936223681347025473323e-03	-1.5116067172452529229737892319514931e+00	7.7020211259027875579135224497590827e-05	7.6001540272969867167678365103277581e-03
3.9872997711636200972288008850453186e-03	-1.4814361688161939403466008197545703e+00	7.4736044534875485159058741713064380e-05	7.4866193370838568029015201387733963e-03
4.1048944189868954394637322539418728e-03	-1.4517085492721540445833989856553937e+00	7.2594773715549565954674667883645025e-05	7.3786002228900109869695116389548012e-03
4.2217800789190966350481326667214652e-03	-1.4224025319532202625818654943864610e+00	7.0584641340887437252632086900258174e-05	7.2757366059745026508376819968396423e-03
4.3378898152070957592696729245949889e-03	-1.3934981650220079492084228188360807e+00	6.8695119510749403609082486417541059e-05	7.1777003239019448640297819101850917e-03
4.4531589468322818481944822468347784e-03	-1.3649767509262295094839392971817322e+00	6.6916756848446768153593815505691916e-05	7.0841916725184303951270405756755929e-03
4.5675249515574835330537411891936278e-03	-1.3368207387767342662681165065366714e+00	6.5241047465593857758498508793136294e-05	6.9949363907213289407610305550430366e-03
4.6809273765271288719349964929762681e-03	-1.3090136280047979752326613476307318e+00	6.3660318362806871897658148059807584e-05	6.9096830231035356716806160472479623e-03
4.7933077548552373635456594568477890e-03	-1.2815398818998296019526506027893801e+00	6.2167632341016616630202716382231976e-05	6.8282006062310644835084665790527525e-03
4.9046095276958689797089225047328874e-03	-1.2543848498274023088596797322825390e+00	6.0756704012765537001663953382698007e-05	6.7502766330521114380276492028403751e-03
5.0147779713432219116505356861809731e-03	-1.2275346970945537489151219580664836e+00	5.9421826918435803452991809510674478e-05	6.6757152571198288866063197881024797e-03
5.1237601289547349406669895494682698e-03	-1.2009763415702237842798947431946287e+00	5.8157810089530517497164158150239673e-05	6.6043357042419303216456186085802799e-03
5.2315047465312036386591394791565071e-03	-1.1746973962880176789639705833715825e+00	5.6959922675920168207966333189056258e-05	6.5359708640864776149938289895191605e-03
5.3379622128238146442870980173112495e-03	-1.1486861173598607518219777472415824e+00	5.5823845478874842664626938721751600e-05	6.4704660383642965112267839162183105e-03
5.4430845028697765776280622547364343e-03	-1.1229313566155300081420100454229408e+00	5.4745628416541668884667887337531191e-05	6.4076778256256756116179537253405452e-03
5.5468251248864215834408732731260815e-03	-1.0974225184569510139376128570166400e+00	5.3721653101035252661369276783666384e-05	6.3474731255736034012192777315594201e-03
5.6491390702787300243314831995490157e-03	-1.0721495204795403531440127984928072e+00	5.2748599832618977631141706741908670e-05	6.2897282482054560986534789715707709e-03
5.7499827665375876272762761156762234e-03	-1.0471027574674100590593113644055716e+00	5.1823418421449004330221401968110282e-05	6.2343281151287586752058038830757069e-03
5.8493140328260584060271279563007994e-03	-1.0222730684163002452727250427196829e+00	5.0943302334934335124796329490483659e-05	6.1811655421185507536610388198871027e-03
5.9470920380688395843871622914496160e-03	-9.9765170627880782382471119536858344e-01	5.0105665742070102971688793214487066e-05	6.1301405934462970738822919012807089e-03
6.0432772613761081472665471789004566e-03	-9.7323031016178143067788204032683344e-01	4.9308123087654768059589247819783970e-05	6.0811599997559883508399730275141165e-03
6.1378314546473902102357022298955910e-03	-9.4900087973644902163239248593478974e-01	4.8548470881151080045765517261794074e-05	6.0341366323272361486779712966216757e-03
6.2307176072140729020923885636396067e-03	-9.2495575164860090018423236227434912e-01	4.7824671428757881579336610861025826e-05	5.9889890274767498486140298279249137e-03
6.3218999123908980350239395414816597e-03	-9.0108757773952760734790568645660558e-01	4.7134838274380816617966297482204647e-05	5.9456409556325584049918633238401893e-03
6.4113437358173705493575924227095259e-03	-8.7738930490888222063553833575372663e-01	4.6477223146734305959488398875960905e-05	5.9040210302895881348314556891902746e-03
6.4990155854796075395915462479550157e-03	-8.5385415646860067237912578496801006e-01	4.5850204236685928774567344008443974e-05	5.8640623526372811362660715862591707e-03
6.5848830833118550218780998702594844e-03	-8.3047561485281169658430632742590732e-01	4.5252275651918334923342193477850254e-05	5.8257021881536558877934577458656838e-03
6.6689149382848055133024643525542278e-03	-8.0724740556258934539706674087883463e-01	4.4682037915653532559937888813422774e-05	5.7888816718971440588866159544757610e-03
6.7510809208950444008966417787031041e-03	-7.8416348223669265067351675544695281e-01	4.4138189393074335467642544257596227e-05	5.7535455396074037174178040479215780e-03
6.8313518389765113926731722140107844e-03	-7.6121801275031023295806689697784741e-01	4.3619518543615761941734435936663967e-05	5.7196418820572929817919935117911886e-03
6.9096995147608507657331274099969653e-03	-7.3840536625346368186771991399713964e-01	4.3124896909842082900259567637885877e-05	5.6871219203872003849293485935241711e-03
6.9860967631189987844837551585162418e-03	-7.1572010106927811197645238245819619e-01	4.2653272764471461629758138489015651e-05	5.6559398004058194354623125865825144e-03
7.0605173709213700787595074799625284e-03	-6.9315695337993563629039992193650050e-01	4.2203665346509997558673788477959000e-05	5.6260524040631908672255659602292061e-03
7.1329360774586027029487039359332931e-03	-6.7071082663490346974424423812252593e-01	4.1775159625620940569581082503408435e-05	5.5974191764966420059462194461446256e-03
7.2033285558690447509937752474265006e-03	-6.4837678162207324185248044201186222e-01	4.1366901540960305679480860267028168e-05	5.5700019672217321312869189726385073e-03
7.2716713955230500601650981977383975e-03	-6.2615002714784879537435083735214949e-01	4.0978093666907041533112225207160924e-05	5.5437648841915462918730643184761982e-03
7.3379420853177290926698782860617973e-03	-6.0402591127705180343842722270034960e-01	4.0607991263531330579975642530732640e-05	5.5186741595813072745498813430262855e-03
7.4021189978391025111261068889694576e-03	-5.8199991308784369267436549036592902e-01	4.0255898674386410148974018758429658e-05	5.4946980262735629520082510744923089e-03
7.4641813743516552188739223673545534e-03	-5.6006763490074594442559738486074275e-01	3.9921166038369333918176120095459596e-05	5.4718066041241046312405071087770731e-03
7.5241093105781110139606933983766647e-03	-5.3822479494432894342232750367060747e-01	3.9603186286052686314123558231622612e-05	5.4499717951819634918854394025027320e-03
7.5818837432348634474338702793835658e-03	-5.1646722042327598087234692541148280e-01	3.9301392394109402900462883189592640e-05	5.4291671871197704727093369406697909e-03
7.6374864372909258389135746712286173e-03	-4.9479084095735221254795033397309636e-01	3.9015254874293934736552328574519548e-05	5.4093679642047089023725076866685991e-03
7.6908999739205196935969388198771323e-03	-4.7319168236235204691075929341166503e-01	3.8744279475954310286037405209118786e-05	5.3905508252063310884524849545418122e-03
7.7421077391215213520760975701003062e-03	-4.5166586074639224408574791199879548e-01	3.8488005083273605372883203145914856e-05	5.3726939076965996529357978775987600e-03
7.7910939129739454959426709883639455e-03	-4.3020957689698804826743102166519363e-01	3.8246001790412499858525694062739308e-05	5.3557767182504789293154123086240010e-03
7.8378434595144737380237328678220604e-03	-4.0881911093621896676426605684675095e-01	3.8017869139478577732902658537605656e-05	5.3397800681029633206997356948080063e-03
7.8823421172047483994396016838474073e-03	-3.8749081722297965986527482520979879e-01	3.7803234507810174326482566023207268e-05	5.3246860138612196918531957496213449e-03
7.9245763899727561382261804014274615e-03	-3.6622111948283776370895649303313431e-01	3.7601751632456627711824959205930965e-05	5.3104778029090930502759431930876344e-03
7.9645335388081328472883642506519417e-03	-3.4500650614740020560556379438002936e-01	3.7413099260983388985225895530342382e-05	5.2971398231760649126634254946182432e-03
8.0022015738936388622709739629031396e-03	-3.2384352588633673669788211305357699e-01	3.7236979918847569259147809314607412e-05	5.2846575569742894458515516355864201e-03
8.0375692472563899575833336203969983e-03	-3.0272878331633644323915097009629415e-01	3.7073118784592850628765016709167566e-05	5.2730175386359407668041766823008219e-03
8.0706260459236921501700208116845817e-03	-2.8165893487229093010587022720540562e-01	3.6921262665016004705424253451514137e-05	5.2622073157091189149695113448813113e-03
8.1013621855695236782131623547727330e-03	-2.6063068482691646894679931300948792e-01	3.6781179063272599354595921141065111e-05	5.2522154134942771744255238170654914e-03
8.1297686046388418544821981285041489e-03	-2.3964078144585532639784271232843321e-01	3.6652655333627432961455409206788825e-05	5.2430313027248117992841735767051311e-03
8.1558369589379715225203738863033088e-03	-2.1868601326604140333162419029966137e-01	3.6535497917225164517604142162558175e-05	5.2346453702153302679560314011148061e-03
8.1795596166803608621187108969209125e-03	-1.9776320548578400990558746404489981e-01	3.6429531653866775968396459578356619e-05	5.2270488923193945141082916803486665e-03
8.2009296539779742208982046777243021e-03	-1.7686921645562206941782126379822644e-01	3.6334599165335248527076824426570706e-05	5.2202340110554080549929635920976043e-03
8.2199408507695350834388219324515244e-03	-1.5600093425953457403937355081090930e-01	3.6250560306325692808298576995175153e-05	5.2141937127749486710386613093563453e-03
8.2365876871777395278102744884123151e-03	-1.3515527337656635589813913239431754e-01	3.6177291679506989043356756407710867e-05	5.2089218092623931134290607830651397e-03
8.2508653402884356028561330121373040e-03	-1.1432917141334525802339806924873549e-01	3.6114686211679020811414000028587762e-05	5.2044129211682749877227350456510649e-03
8.2627696813456108026435500187324792e-03	-9.3519585898331135618478191606007418e-02	3.6062652788396568672115500421398348e-05	5.2006624636915871250981065666935092e-03
8.2722972733568518338062700814488697e-03	-7.2723491128951852219351893243156139e-02	3.6021115944812181575673321261721336e-05	5.1976666344383006760489861388682178e-03
8.2794453691047416128548892266578695e-03	-5.1937875063049177955263962002665335e-02	3.5990015610849811147689327924302931e-05	5.1954224033948312922305640749664753e-03
8.2842119095604411938302694143715448e-03	-3.1159736246280458427667091001191106e-02	3.5969306909162318085997642827765135e-05	5.1939275049661371325786203829559774e-03
8.2865955226964722895358796601071597e-03	-1.0386080767301929437733861410327452e-02	3.5958960004652529833309152083319099e-05	5.1931804320386769322042489755293220e-03
8.2865955226964722895358796601071597e-03	1.0386080767301929437733861410327452e-02	3.5958960004652529833309152083319099e-05	5.1931804320386769322042489755293220e-03
8.2842119095604411938302694143715448e-03	3.1159736246280458427667091001191106e-02	3.5969306909162318085997642827765135e-05	5.1939275049661371325786203829559774e-03
8.2794453691047416128548892266578695e-03	5.1937875063049177955263962002665335e-02	3.5990015610849811147689327924302931e-05	5.1954224033948312922305640749664753e-03
8.2722972733568518338062700814488697e-03	7.2723491128951852219351893243156139e-02	3.6021115944812181575673321261721336e-05	5.1976666344383006760489861388682178e-03
8.2627696813456108026435500187324792e-03	9.3519585898331135618478191606007418e-02	3.6062652788396568672115500421398348e-05	5.2006624636915871250981065666935092e-03
8.2508653402884356028561330121373040e-03	1.1432917141334525802339806924873549e-01	3.6114686211679020811414000028587762e-05	5.2044129211682749877227350456510649e-03
8.2365876871777395278102744884123151e-03	1.3515527337656635589813913239431754e-01	3.6177291679506989043356756407710867e-05	5.2089218092623931134290607830651397e-03
8.2199408507695350834388219324515244e-03	1.5600093425953457403937355081090930e-01	3.6250560306325692808298576995175153e-05	5.2141937127749486710386613093563453e-03
8.2009296539779742208982046777243021e-03	1.7686921645562206941782126379822644e-01	3.6334599165335248527076824426570706e-05	5.2202340110554080549929635920976043e-03
8.1795596166803608621187108969209125e-03	1.9776320548578400990558746404489981e-01	3.6429531653866775968396459578356619e-05	5.2270488923193945141082916803486665e-03
8.1558369589379715225203738863033088e-03	2.1868601326604140333162419029966137e-01	3.6535497917225164517604142162558175e-05	5.2346453702153302679560314011148061e-03
8.1297686046388418544821981285041489e-03	2.3964078144585532639784271232843321e-01	3.6652655333627432961455409206788825e-05	5.2430313027248117992841735767051311e-03
8.1013621855695236782131623547727330e-03	2.6063068482691646894679931300948792e-01	3.6781179063272599354595921141065111e-05	5.2522154134942771744255238170654914e-03
8.0706260459236921501700208116845817e-03	2.8165893487229093010587022720540562e-01	3.6921262665016004705424253451514137e-05	5.2622073157091189149695113448813113e-03
8.0375692472563899575833336203969983e-03	3.0272878331633644323915097009629415e-01	3.7073118784592850628765016709167566e-05	5.2730175386359407668041766823008219e-03
8.0022015738936388622709739629031396e-03	3.2384352588633673669788211305357699e-01	3.7236979918847569259147809314607412e-05	5.2846575569742894458515516355864201e-03
7.9645335388081328472883642506519417e-03	3.4500650614740020560556379438002936e-01	3.7413099260983388985225895530342382e-05	5.2971398231760649126634254946182432e-03
7.9245763899727561382261804014274615e-03	3.6622111948283776370895649303313431e-01	3.7601751632456627711824959205930965e-05	5.3104778029090930502759431930876344e-03
7.8823421172047483994396016838474073e-03	3.8749081722297965986527482520979879e-01	3.7803234507810174326482566023207268e-05	5.3246860138612196918531957496213449e-03
7.8378434595144737380237328678220604e-03	4.0881911093621896676426605684675095e-01	3.8017869139478577732902658537605656e-05	5.3397800681029633206997356948080063e-03
7.7910939129739454959426709883639455e-03	4.3020957689698804826743102166519363e-01	3.8246001790412499858525694062739308e-05	5.3557767182504789293154123086240010e-03
7.7421077391215213520760975701003062e-03	4.5166586074639224408574791199879548e-01	3.8488005083273605372883203145914856e-05	5.3726939076965996529357978775987600e-03
7.6908999739205196935969388198771323e-03	4.7319168236235204691075929341166503e-01	3.8744279475954310286037405209118786e-05	5.3905508252063310884524849545418122e-03
7.6374864372909258389135746712286173e-03	4.9479084095735221254795033397309636e-01	3.9015254874293934736552328574519548e-05	5.4093679642047089023725076866685991e-03
7.5818837432348634474338702793835658e-03	5.1646722042327598087234692541148280e-01	3.9301392394109402900462883189592640e-05	5.4291671871197704727093369406697909e-03
7.5241093105781110139606933983766647e-03	5.3822479494432894342232750367060747e-01	3.9603186286052686314123558231622612e-05	5.4499717951819634918854394025027320e-03
7.4641813743516552188739223673545534e-03	5.6006763490074594442559738486074275e-01	3.9921166038369333918176120095459596e-05	5.4718066041241046312405071087770731e-03
7.4021189978391025111261068889694576e-03	5.8199991308784369267436549036592902e-01	4.0255898674386410148974018758429658e-05	5.4946980262735629520082510744923089e-03
7.3379420853177290926698782860617973e-03	6.0402591127705180343842722270034960e-01	4.0607991263531330579975642530732640e-05	5.5186741595813072745498813430262855e-03
7.2716713955230500601650981977383975e-03	6.2615002714784879537435083735214949e-01	4.0978093666907041533112225207160924e-05	5.5437648841915462918730643184761982e-03
7.2033285558690447509937752474265006e-03	6.4837678162207324185248044201186222e-01	4.1366901540960305679480860267028168e-05	5.5700019672217321312869189726385073e-03
7.1329360774586027029487039359332931e-03	6.7071082663490346974424423812252593e-01	4.1775159625620940569581082503408435e-05	5.5974191764966420059462194461446256e-03
7.0605173709213700787595074799625284e-03	6.9315695337993563629039992193650050e-01	4.2203665346509997558673788477959000e-05	5.6260524040631908672255659602292061e-03
6.9860967631189987844837551585162418e-03	7.1572010106927811197645238245819619e-01	4.2653272764471461629758138489015651e-05	5.6559398004058194354623125865825144e-03
6.9096995147608507657331274099969653e-03	7.3840536625346368186771991399713964e-01	4.3124896909842082900259567637885877e-05	5.6871219203872003849293485935241711e-03
6.8313518389765113926731722140107844e-03	7.6121801275031023295806689697784741e-01	4.3619518543615761941734435936663967e-05	5.7196418820572929817919935117911886e-03
6.7510809208950444008966417787031041e-03	7.8416348223669265067351675544695281e-01	4.4138189393074335467642544257596227e-05	5.7535455396074037174178040479215780e-03
6.6689149382848055133024643525542278e-03	8.0724740556258934539706674087883463e-01	4.4682037915653532559937888813422774e-05	5.7888816718971440588866159544757610e-03
6.5848830833118550218780998702594844e-03	8.3047561485281169658430632742590732e-01	4.5252275651918334923342193477850254e-05	5.8257021881536558877934577458656838e-03
6.4990155854796075395915462479550157e-03	8.5385415646860067237912578496801006e-01	4.5850204236685928774567344008443974e-05	5.8640623526372811362660715862591707e-03
6.4113437358173705493575924227095259e-03	8.7738930490888222063553833575372663e-01	4.6477223146734305959488398875960905e-05	5.9040210302895881348314556891902746e-03
6.3218999123908980350239395414816597e-03	9.0108757773952760734790568645660558e-01	4.7134838274380816617966297482204647e-05	5.9456409556325584049918633238401893e-03
6.2307176072140729020923885636396067e-03	9.2495575164860090018423236227434912e-01	4.7824671428757881579336610861025826e-05	5.9889890274767498486140298279249137e-03
6.1378314546473902102357022298955910e-03	9.4900087973644902163239248593478974e-01	4.8548470881151080045765517261794074e-05	6.0341366323272361486779712966216757e-03
6.0432772613761081472665471789004566e-03	9.7323031016178143067788204032683344e-01	4.9308123087654768059589247819783970e-05	6.0811599997559883508399730275141165e-03
5.9470920380688395843871622914496160e-03	9.9765170627880782382471119536858344e-01	5.0105665742070102971688793214487066e-05	6.1301405934462970738822919012807089e-03
5.8493140328260584060271279563007994e-03	1.0222730684163002452727250427196829e+00	5.0943302334934335124796329490483659e-05	6.1811655421185507536610388198871027e-03
5.7499827665375876272762761156762234e-03	1.0471027574674100590593113644055716e+00	5.1823418421449004330221401968110282e-05	6.2343281151287586752058038830757069e-03
5.6491390702787300243314831995490157e-03	1.0721495204795403531440127984928072e+00	5.2748599832618977631141706741908670e-05	6.2897282482054560986534789715707709e-03
5.5468251248864215834408732731260815e-03	1.0974225184569510139376128570166400e+00	5.3721653101035252661369276783666384e-05	6.3474731255736034012192777315594201e-03
5.4430845028697765776280622547364343e-03	1.1229313566155300081420100454229408e+00	5.4745628416541668884667887337531191e-05	6.4076778256256756116179537253405452e-03
5.3379622128238146442870980173112495e-03	1.1486861173598607518219777472415824e+00	5.5823845478874842664626938721751600e-05	6.4704660383642965112267839162183105e-03
5.2315047465312036386591394791565071e-03	1.1746973962880176789639705833715825e+00	5.6959922675920168207966333189056258e-05	6.5359708640864776149938289895191605e-03
5.1237601289547349406669895494682698e-03	1.2009763415702237842798947431946287e+00	5.8157810089530517497164158150239673e-05	6.6043357042419303216456186085802799e-03
5.0147779713432219116505356861809731e-03	1.2275346970945537489151219580664836e+00	5.9421826918435803452991809510674478e-05	6.6757152571198288866063197881024797e-03
4.9046095276958689797089225047328874e-03	1.2543848498274023088596797322825390e+00	6.0756704012765537001663953382698007e-05	6.7502766330521114380276492028403751e-03
4.7933077548552373635456594568477890e-03	1.2815398818998296019526506027893801e+00	6.2167632341016616630202716382231976e-05	6.8282006062310644835084665790527525e-03
4.6809273765271288719349964929762681e-03	1.3090136280047979752326613476307318e+00	6.3660318362806871897658148059807584e-05	6.9096830231035356716806160472479623e-03
4.5675249515574835330537411891936278e-03	1.3368207387767342662681165065366714e+00	6.5241047465593857758498508793136294e-05	6.9949363907213289407610305550430366e-03
4.4531589468322818481944822468347784e-03	1.3649767509262295094839392971817322e+00	6.6916756848446768153593815505691916e-05	7.0841916725184303951270405756755929e-03
4.3378898152070957592696729245949889e-03	1.3934981650220079492084228188360807e+00	6.8695119510749403609082486417541059e-05	7.1777003239019448640297819101850917e-03
4.2217800789190966350481326667214652e-03	1.4224025319532202625818654943864610e+00	7.0584641340887437252632086900258174e-05	7.2757366059745026508376819968396423e-03
4.1048944189868954394637322539418728e-03	1.4517085492721540445833989856553937e+00	7.2594773715549565954674667883645025e-05	7.3786002228900109869695116389548012e-03
3.9872997711636200972288008850453186e-03	1.4814361688161939403466008197545703e+00	7.4736044534875485159058741713064380e-05	7.4866193370838568029015201387733963e-03
3.8690654290773936223681347025473323e-03	1.5116067172452529229737892319514931e+00	7.7020211259027875579135224497590827e-05	7.6001540272969867167678365103277581e-03
3.7502631552723807135170048327141084e-03	1.5422430314156215500729344161033948e+00	7.9460440312654693326081950114711931e-05	7.7196002674217554717828068748577754e-03
3.6309673009546457984859364808270587e-03	1.5733696108541590051153273390673474e+00	8.2071518230767712696137848332098098e-05	7.8453945203676658598670968399969720e-03
3.5112549353524186142390501097810867e-03	1.6050127900117694724642554981013546e+00	8.4870101192995235207396263557412653e-05	7.9780190611944268136401573699476767e-03
3.3912059857226740262159062339879948e-03	1.6372009334796940377230913285437387e+00	8.7875011212948351278960481764171153e-05	8.1180081687523874697539968595813454e-03
3.2709033891784707638783791977244549e-03	1.6699646579687032072525138839737601e+00	9.1107589322582553016437560889110438e-05	8.2659553564013776976580536709505336e-03
3.1504332576782693551401878457953229e-03	1.7033370856086152323095682419509406e+00	9.4592118762205232426000558278721410e-05	8.4225218518896253879442635118311275e-03
3.0298850577144075259301584744855865e-03	1.7373541340610072362392124025403282e+00	9.8356334651210810013462684912032617e-05	8.5884465866130134359812418290674293e-03
2.9093518064691831053119580829178641e-03	1.7720548501001918769035905540069852e+00	1.0243204114134039070031525483835642e-04	8.7645580185220340752328310010084324e-03
2.7889302864812282633073630992697745e-03	1.8074817947704296164612247511998677e+00	1.0685586301460924734239989491910812e-04	8.9517881953311121522310695516164802e-03
2.6687212811916551563382327667252683e-03	1.8436814900555760107272324824982597e+00	1.1167016660019908790627118475560351e-04	9.1511895714511959865453191828492780e-03
2.5488298341309432680630231217466265e-03	1.8807049393139197189709217240664539e+00	1.1692419547882755696681405544563612e-04	9.3639552315155601061395998401291302e-03
2.4293655349791614292292261300153748e-03	1.9186082366880285106115064660362262e+00	1.2267548075939220750043544681322876e-04	9.5914433570307466269913361374654736e-03
2.3104428363036677368876426263550573e-03	1.9574532845038585409770647886907151e+00	1.2899160524884263194673683613512037e-04	9.8352070167352272781911765563076731e-03
2.1921814054754930136586010258013305e-03	1.9973086426092269321926583187883670e+00	1.3595242777523494643838311645904609e-04	1.0097030688631566319926754793545012e-02
2.0747065171215388254070383198924408e-03	2.0382505400631287619576711252878796e+00	1.4365291148810048677852128934174023e-04	1.0378975365301594759624285785147112e-02
1.9581494925283820119304762497449055e-03	2.0803640881274496674301007692765354e+00	1.5220675297144346562426177719815893e-04	1.0683434701872302722816041920894672e-02
1.8426481937331551321997933426303718e-03	2.1237447449172366948313256288055174e+00	1.6175108478447459534235555457074429e-04	1.1013205508361863608593424087090256e-02
1.7283475816959050768362698909656293e-03	2.1685000974660062529025500778140660e+00	1.7245263388734702941592478386221640e-04	1.1371577070447008654811562531201638e-02
1.6154003500522475795587693060689452e-03	2.2147520480099604401158210171498922e+00	1.8451588003318468097843209614058500e-04	1.1762445464877791327495568028819525e-02
1.5039676486410370944500180993149264e-03	2.2626395204373917393277519086695788e+00	1.9819399993118975497373722438858594e-04	1.2190461464740584303544768109912660e-02
1.3942199144925143629230457940639374e-03	2.3123218437764205543685622486734349e+00	2.1380375097714980258278811423860398e-04	1.2661224193839867554369488068528182e-02
1.2863378325353317722793642782972731e-03	2.3639830279675003199528731392022284e+00	2.3174601953960545916358529896133275e-04	1.3181538011644072006674188622858645e-02
1.1805134543484953854115037684394884e-03	2.4178372318493848683582350801490925e+00	2.5253466447729885661662568793126736e-04	1.3759758212258479002677678129341554e-02
1.0769515114491060083758980728290713e-03	2.4741358484553336486914261653294523e+00	2.7683775678780366719971514803310353e-04	1.4406263719287585995738596518387273e-02
9.7587097076579005050857709206669067e-04	2.5331768215983137159560513162189097e+00	3.0553776599828303128462357143427582e-04	1.5134115014901353508000902896083308e-02
8.7750689546472840806306053358372642e-04	2.5953170994045015667895276422446376e+00	3.3982144621360482715137027203079446e-04	1.5959988319450790191060885719339195e-02
7.8211269629338458160444927524913673e-04	2.6609895926839296915280426200895996e+00	3.8131762319850322919910536876285364e-04	1.6905532206907493721292309592538769e-02
6.8996289048011197389738964276993457e-04	2.7307267602407585903845545297079459e+00	4.3231478436628056960907357022453565e-04	1.7999388839225625027693638620961848e-02
6.0135653256468774511967450034388778e-04	2.8051942154970521290743279523127732e+00	4.9611666387689757536251520198301098e-04	1.9280295509780728995586372800611908e-02
5.1662155385784630034363384045182691e-04	2.8852399786877723499646311617774207e+00	5.7764699323851322455545094177714510e-04	2.0802009808121470553272648364667916e-02
4.3612036140836228180886763549939529e-04	2.9719690850495601875568880568500550e+00	6.8452763061375281769565258453535482e-04	2.2641452726890985415157754909955529e-02
3.6025723467677716836603712404207419e-04	3.0668611507133686573061295110573479e+00	8.2911244490108280574584671963787815e-04	2.4912838118199032268893245480823036e-02
2.8948837977057588135354582844743013e-04	3.1719647280373682253803945221220165e+00	1.0325994379485382760292455211715008e-03	2.7793675846715485210548960239432799e-02
2.2433608470387244823276910767974815e-04	3.2902383371683540749634528621418551e+00	1.3341010573063773100726459597532235e-03	3.1576278293440451673619489459502175e-02
1.6540955229561236265733410594731491e-04	3.4261963122132371029078660432471073e+00	1.8130510337171210494372461951160819e-03	3.6779929131853897765423206170848260e-02
1.1343738263133783548450731308077536e-04	3.5872627451871164954890488503582109e+00	2.6538222272994307521956340217774536e-03	4.4428426299250927846836758312609808e-02
6.9322311968325873660329592171785788e-05	3.7870472569748991601573621127412124e+00	4.3798200549783773984322978997707006e-03	5.6875132885730525415468384553885351e-02
3.4243677483891510141856231252427274e-05	4.0552350727741788046944572472197946e+00	9.1030266990015493429918264820540030e-03	8.1097388185903522862477868896911626e-02
9.8216288376057730053374039509643716e-06	4.4825802104335604549403033690692565e+00	4.2195571451525070735350230578006748e-02	1.5392324423726420179996161314119291e-01
0.0000000000000000000000000000000000e+00	0.0000000000000000000000000000000000e+00	6.2275126676753765790931805754041776e-05	6.3600096619634209161951311113442258e-03