8.7396331365527517091389328294347694e-06	-4.5074560106463308971552224487597075e+00	4.1795472754953338429903574348999903e-02	1.5316851485455382451195333901530089e-01
3.0506447222293070054590003699582807e-05	-4.0822917827617649097229338147078078e+00	9.0046549299374188754327505664585635e-03	8.0654886602685995954295955459516205e-02
6.1816995267007047934072760199031999e-05	-3.8156239726359374521192238898465126e+00	4.3281448229830632495381067800695679e-03	5.6537434191544651181835293685831805e-02
1.0124231710378510369147668502504432e-04	-3.6170645062676169957475359766629891e+00	2.6202412516509523793984269572772750e-03	4.4145834811377333710128312772414645e-02
1.4774146292152316926970938813657621e-04	-3.4570515138887057094646438136972986e+00	1.7887139464941695371808025042215150e-03	3.6531882792617235255723122103053052e-02
2.0051735101653312836833828173616877e-04	-3.3220333654927177633506766594912413e+00	1.3152459647208358159741083049173382e-03	3.1352111610252344626352976697134514e-02
2.5892645639046175318412944981525958e-04	-3.2046183037139318581245016474592675e+00	1.0173177296751524111812195686503680e-03	2.7587080105281338132246748092484890e-02
3.2243055079494773631217069941285027e-04	-3.1003120438532763418002698069392080e+00	8.1631776403018031521919733268882981e-04	2.4719743007003697894260753085373055e-02
3.9056806107282956092029538268759625e-04	-3.0061694400653730672900102172371795e+00	6.7354927348545052854502379569160625e-04	2.2459064101751591728792558237849015e-02
4.6293569789183893685828659063284985e-04	-2.9201513525718722769772283681307351e+00	5.6804496251471255998626845379627105e-04	2.0628318016160499749392579836082631e-02
5.3917597216289273608336454556430660e-04	-2.8407850673698452357259677827759971e+00	4.8758838032465244887737966759655474e-04	1.9113801535379421680730475063530520e-02
6.1896832760998055545992733901657404e-04	-2.7669707779247645648079387740030692e+00	4.2464417562058634671689268315741887e-04	1.7838941344760314190200590093606289e-02
7.0202261683441071372563404281160232e-04	-2.6978645312849499660620888930957061e+00	3.7434555659335369868361102739649263e-04	1.6750225340501776670656131436252827e-02
7.8807416271666674598589866583207542e-04	-2.6328039482414512564025456707350457e+00	3.3342766897725872620907707491126795e-04	1.5809094835628164111508665901862177e-02
8.7687993058599953959439996003830735e-04	-2.5712591900419486209329258804444142e+00	2.9962940350363496093578585863061027e-04	1.4987040926705577107974051477845287e-02
9.6821550174788562989757883083892857e-04	-2.5127995025370551325157757373257013e+00	2.7134172492271807104013751159164722e-04	1.4262516616120157634974981599115678e-02
1.0618726396369233948380891120099905e-03	-2.4570697376211851842386819970964903e+00	2.4739251123550220975602838293704580e-04	1.3618924551136591313667667526786100e-02
1.1576573036354827093299824945643275e-03	-2.4037734722663228285160111556206719e+00	2.2691032565759479947355338854378899e-04	1.3043266475381653302609741946568466e-02
1.2553880073405218479071326041263764e-03	-2.3526606122884801876560853951997821e+00	2.0923556067950525807481879080664330e-04	1.2525213256472148061271135767027032e-02
1.3548944461679218317957960614077426e-03	-2.3035181189586924127655092725415677e+00	1.9386094986776144777444429875083099e-04	1.2056449940202364022433433936965549e-02
1.4560163385831657395645822151190062e-03	-2.2561629567998484797660699405236822e+00	1.8039081221773426500047669587916147e-04	1.1630205213069155296783105594714341e-02
1.5586024389315288388539642955686461e-03	-2.2104366513208657717146778891471153e+00	1.6851255095042414117251421840990864e-04	1.1240907291034260579048563040446183e-02
1.6625096896822541305969364273513779e-03	-2.1662010334939139252229978538433002e+00	1.5797635171946242270150475708770174e-04	1.0883928221582484320743585158793880e-02
1.7676024881020766314498953739716591e-03	-2.1233348723965988803875095024413041e+00	1.4858047927232077201725546789085047e-04	1.0555391129416090464071811189746099e-02
1.8737520477248708430643933927160721e-03	-2.0817311817477265316393413895791780e+00	1.4016046725467845072042681284100610e-04	1.0252023002517195444620093521370820e-02
1.9808358390174325050768826287483989e-03	-2.0412950441782187144287352208863483e+00	1.3258106064655594280387477862312527e-04	9.9710409139656366527739519376440638e-03
2.0887370967202349040415678075269600e-03	-2.0019418378220940392885678088707946e+00	1.2573013415518989745338038528659990e-04	9.7100631231432177776580775484251568e-03
2.1973443837198292916329849505031125e-03	-1.9635957788234635186916699832156481e+00	1.1951404886004440908035427605916529e-04	9.4670389180930207879843195757210458e-03
2.3065512031657239158825931391607519e-03	-1.9261887143075179239678651491318022e+00	1.1385406917313386031638451744232732e-04	9.2401927354473929464254450711129659e-03
2.4162556520078377616115078496917310e-03	-1.8896591156936751271972033653441859e+00	1.0868357074819921112332731547559878e-04	9.0279792713267087698971670731072993e-03
2.5263601102946671909659293754596594e-03	-1.8539512335814865007858045557786455e+00	1.0394584486774128959633631802673198e-04	8.8290471351632785051322290864171424e-03
2.6367709615061279471667337626028630e-03	-1.8190143839407147399174943281951578e+00	9.9592357224729030353591645563245264e-05	8.6422092034026472629998130510614241e-03
2.7473983399500423946944575743486092e-03	-1.7848023417685401851922438596610440e+00	9.5581356134962559418980389646935628e-05	8.4664182716548319893731473941974864e-03
2.8581559018661265703340713225537041e-03	-1.7512728232898049947101335351190302e+00	9.1876751833616429187223051216972029e-05	8.3007469297519302723287853714520183e-03
2.9689606173855083487644436112417727e-03	-1.7183870415629218528118020018625419e+00	8.8447207810879686675086790106702801e-05	8.1443708270970233263113465209225644e-03
3.0797325809098422989875155421494946e-03	-1.6861093232973044033377676602771953e+00	8.5265399284672344053441128486967727e-05	7.9965546785034649908298453640828430e-03
3.1903948378194380225835530516566854e-03	-1.6544067769938537392183905705766346e+00	8.2307404373586865576601511387631301e-05	7.8566404995265007980362296753396735e-03
3.3008732257081040176284325718619455e-03	-1.6232490043396449579696841721194098e+00	7.9552201348349012992231998021523009e-05	7.7240376665587826842465500005429112e-03
3.4110962285843287960235696690838362e-03	-1.5926078482339788382035768443180632e+00	7.6981251226893778690385023499353301e-05	7.5982144789640362955320762218567651e-03
3.5209948426824431307354986983750660e-03	-1.5624571719796484572615272934121890e+00	7.4578149448662749563418350824168572e-05	7.4786909642701516415898450682465826e-03
3.6305024527002780938203726993904786e-03	-1.5327726651042525903775596281305359e+00	7.2328333784882481541188712301491764e-05	7.3650327173458140603939017251824823e-03
3.7395547174269612938669936120928257e-03	-1.5035316720301045014463400178200235e+00	7.0218838278789169954716913681846546e-05	7.2568456038090122643274820497956244e-03
3.8480894638502400921512012215528111e-03	-1.4747130404248798721350813706271353e+00	6.8238085056701973440005346466015876e-05	7.1537711890984022079319827863070527e-03
3.9560465889406229976835280862333081e-03	-1.4462969865673040659189568717437280e+00	6.6375707450036691457019485554307833e-05	7.0554827795124167213848094539736772e-03
4.0633679684025732411492000355044219e-03	-1.4182649754751935447620428674391437e+00	6.4622399125503411241528366706020351e-05	6.9616819814747617327504939767488446e-03
4.1699973717633354881238493244037745e-03	-1.3905996138844811636178682766026947e+00	6.2969784914845757431149434233756623e-05	6.8720957013778550075955610419904945e-03
4.2758803832396743329172627850048457e-03	-1.3632845544511966441397055666129544e+00	6.1410309826017423276269749825372013e-05	6.7864735214013496279601968840101965e-03
4.3809643278834619881505566945917484e-03	-1.3363044097846057824950283497405407e+00	5.9937143349715825904114911653151409e-05	6.7045853973298181238481327606669279e-03
4.4851982025600105559104906716347409e-03	-1.3096446751174802848288854661682873e+00	5.8544096683074843693452559159044581e-05	6.6262196330907173594701615030739318e-03
4.5885326113594179690730171279874559e-03	-1.2832916585856902222076082599633683e+00	5.7225550902439213237071943933014241e-05	6.5511810938830787556219844388483129e-03
4.6909197050819215164288004071648429e-03	-1.2572324182295424682208352466520648e+00	5.5976394449869626983242764841018048e-05	6.4792896256694353762665276353997771e-03
4.7923131244741154526596927350386442e-03	-1.2314547049480216641991001654175346e+00	5.4791968569173871689820573237105438e-05	6.4103786536957693201335158865244814e-03
4.8926679469245535186274611091396388e-03	-1.2059469107379688541083406163293172e+00	5.3668019549170738653386412951550583e-05	6.3442939367753541887125782579925786e-03
4.9919406363552856687866786094246649e-03	-1.1806980216362262384464143257858063e+00	5.2600656814257415653461049561398537e-05	6.2808924574728135596167771305247567e-03
5.0900889960707489105899627425106287e-03	-1.1556975748563144070143677126254059e+00	5.1586316052807460563754139341887148e-05	6.2200414311752155838993728479017634e-03
5.1870721243475524641200869223372597e-03	-1.1309356196742873823422868660355756e+00	5.0621726698529062421862355112176020e-05	6.1616174194347793968243561610799125e-03
5.2828503725684160370095904806056920e-03	-1.1064026816726774992207389878905556e+00	4.9703883183481208882132045466496300e-05	6.1055055349913958187148451560146613e-03
5.3773853057211359237219666115004473e-03	-1.0820897299982597447082247510751609e+00	4.8830019467831755209308898598423761e-05	6.0515987275965038155193069179414746e-03
5.4706396650992241604720587794185785e-03	-1.0579881473298662185677240195978809e+00	4.7997586423740156041971444136532799e-05	5.9997971412149628503107640947884437e-03
5.5625773330550130631579270779997543e-03	-1.0340897022876099821643785358659589e+00	4.7204231711453239768223351357635054e-05	5.9500075344210128715743039811786210e-03
5.6531632996687331565757368606671100e-03	-1.0103865240454234272973535990103167e+00	4.6447781836833953083005222857031147e-05	5.9021427568632018572735186066979363e-03
5.7423636312085232967991051380017074e-03	-9.8687107893544201851562248006391742e-01	4.5726226122740979638441028786079544e-05	5.8561212755801201264725466160849027e-03
5.8301454402666624822744969954563502e-03	-9.6353614885602752740750634881255136e-01	4.5037702363279334795518502548769463e-05	5.8118667457277580539669899841642702e-03
5.9164768574666496315526941002596526e-03	-9.4037481131559645739836097057339676e-01	4.4380483961043262439256578016912393e-05	5.7693076209500861834089420465385383e-03
6.0013270046442107121409528048693127e-03	-9.1738042096229779750906659018351291e-01	4.3752968373972023366081350991679480e-05	5.7283767992035139107009758431592474e-03
6.0846659694129785522508554034703617e-03	-8.9454659246530787711601302118606033e-01	4.3153666721077145492030072951234831e-05	5.6890113003469658472269811189071172e-03
6.1664647810325541448508115536355369e-03	-8.7186718462736690998012298951287420e-01	4.2581194415688582537336565521127477e-05	5.6511519722439385325778798569386460e-03
6.2466953875029937308067113795317207e-03	-8.4933628562041758563921024535013210e-01	4.2034262711514537449774968563674772e-05	5.6147432225007343750858624758871525e-03
6.3253306338155390421470218385007841e-03	-8.2694819924703105772350429064319659e-01	4.1511671061137492954698285511133708e-05	5.5797327732942578527031427446998792e-03
6.4023442412946767301748369386428647e-03	-8.0469743213990022238417642015074210e-01	4.1012300198929223085625853799617912e-05	5.5460714370301771610773667900857685e-03
6.4777107879714284434246498906377310e-03	-7.8257868182019929493985710694319158e-01	4.0535105871054591170495505168655335e-05	5.5137129108237238075312650621121987e-03
6.5514056899321806761366138954177498e-03	-7.6058682554318594303841284394686944e-01	4.0079113144494614748005068395594222e-05	5.4826135880158636848965667816565646e-03
6.6234051835914037063177368758433098e-03	-7.3871690986617295237999764717659395e-01	3.9643411235061144702074565522717724e-05	5.4527323851312294010915572472215452e-03
6.6936863088403175543595728146087804e-03	-7.1696414088002038853950168981835629e-01	3.9227148801373522075131928164596413e-05	5.4240305828546399871818119546009056e-03
6.7622268930269718811654725009668493e-03	-6.9532387505068301792030709471389893e-01	3.8829529657869594235201057280439804e-05	5.3964716797533149928030205280603689e-03
6.8290055357263446377409593942453150e-03	-6.7379161062216655711000325266917291e-01	3.8449808865254742692159544850845278e-05	5.3700212576046408454570197434371385e-03
6.8940015942619565830618790176761967e-03	-6.5236297953656559509639025918926431e-01	3.8087289161459451806077438365841260e-05	5.3446468573068224768389642893710064e-03
6.9571951699431683461553574866393108e-03	-6.3103373983073287363597322824272236e-01	3.7741317700268946977106750199841986e-05	5.3203178644538923324920270428526112e-03
7.0185670949847940110739510913123215e-03	-6.0979976847261390855739041571207878e-01	3.7411283068384762028782972448995265e-05	5.2970054037490245326881452169245573e-03
7.0780989200779486578260323722616364e-03	-5.8865705460341636046712475226327890e-01	3.7096612554843761222944810994512472e-05	5.2746822415123592587624880448757047e-03
7.1357729025831634624702145126697979e-03	-5.6760169315460840968683559053710142e-01	3.6796769649511684922188243326378707e-05	5.2533226956128324958711287518339209e-03
7.1915719953187657736710399253222519e-03	-5.4662987881128828839667469285240352e-01	3.6511251749834249799840974329206687e-05	5.2329025522189143079306310430591521e-03
7.2454798359193465157139971720206086e-03	-5.2573790029576765673611763394288820e-01	3.6239588057210970097907917912788826e-05	5.2133989888216280224869869644460183e-03
7.2974807367408355007667911079427461e-03	-5.0492213494729074215921580157141116e-01	3.5981337646291166448635831702780702e-05	5.1947905030355743033817536924806036e-03
7.3475596752902877954885080932785592e-03	-4.8417904357569208740012529421960905e-01	3.5736087692209176086179836746300502e-05	5.1770568467306344878488661383388574e-03
7.3957022851599611808152916297419253e-03	-4.6350516556849868761546654027464391e-01	3.5503451842303469203174239979323232e-05	5.1601789650892028510025309287452844e-03
7.4418948474466450532063769679922778e-03	-4.4289711423252521379308418537058892e-01	3.5283068720225528948816827339138767e-05	5.1441389402217457907365786627568106e-03
7.4861242826384931048964705994217137e-03	-4.2235157235240983590400508665910222e-01	3.5074600551559221560273863389492579e-05	5.1289199390076880919682804056403024e-03
7.5283781429528233198993848341063770e-03	-4.0186528794980699122973256890089697e-01	3.4877731901157594827161028754758227e-05	5.1145061648595049004926691640055891e-03
7.5686446051094861044552130670395050e-03	-3.8143507022810482094687129311035603e-01	3.4692168513376965954964549569367993e-05	5.1008828131358247109667361069383772e-03
7.6069124635254710189760148990043186e-03	-3.6105778568858005447843231956533186e-01	3.4517636247261219098455632012034973e-05	5.0880360299546515331788099294339420e-03
7.6431711239174303486035523169313173e-03	-3.4073035440485175619321567376080672e-01	3.4353880099514178624166076432806096e-05	5.0759528741807832424058528566637234e-03
7.6774105972997489223913079130883403e-03	-3.2044974644335637194654172355015744e-01	3.4200663308805061063281325462624457e-05	5.0646212823823944946518290674703380e-03
7.7096214943666890224005896421957446e-03	-3.0021297841834776640184180835322867e-01	3.4057766535590391780062981536055411e-05	5.0540300365707940709683005588454321e-03
7.7397950202479913870913801859337847e-03	-2.8001711017063441052735426732679655e-01	3.3924987112213375504644193715329187e-05	5.0441687345547604021204340389340002e-03
7.7679229696281223386969360514968440e-03	-2.5985924155990778288524211518138377e-01	3.3802138358565570532545263892013888e-05	5.0350277627567855383880874115009530e-03
7.7939977222201267743467543320208785e-03	-2.3973650936109692790866505347660215e-01	3.3689048959072060313676680470184717e-05	5.0265982713531779089394129326229439e-03
7.8180122385857807019822792031122706e-03	-2.1964608425570889983382483673951716e-01	3.3585562397195665040778356294804027e-05	5.0188721516134319488182131759526536e-03
7.8399600562944384736337378813420163e-03	-1.9958516790958789684128800946367335e-01	3.3491536444053000609177558869613754e-05	5.0118420153266974198062867523786802e-03
7.8598352864136419480897655951362462e-03	-1.7955099012895114984899533362093701e-01	3.3406842698099754025648014781831231e-05	5.0055011762146895094588707461200628e-03
7.8776326103252043824504083266068768e-03	-1.5954080608694052503320967926625286e-01	3.3331366173178324714957320903792170e-05	4.9998436332410778264335263555809979e-03
7.8933472768611036115716375210437688e-03	-1.3955189361326837839031202798835220e-01	3.3265004932531504165271232214683120e-05	4.9948640557373736994565567245430318e-03
7.9069750997541195738915951003180403e-03	-1.1958155053983714998444911651648450e-01	3.3207669766674312166569162631818792e-05	4.9905577702746877023688255765916503e-03
7.9185124553987328915779971178620260e-03	-9.9627092095476857789564205874545158e-02	3.3159283913285360534567531646402706e-05	4.9869207492195326654516053592619988e-03
7.9279562809183663013256807332419522e-03	-7.9685848343175093825185150004883757e-02	3.3119782817531804588782958443828608e-05	4.9839496009201748312228370961280946e-03
7.9353040725356014430844891856704962e-03	-5.9755161653372104531117643439866619e-02	3.3089113931480482069958209301040417e-05	4.9816415614779550610563229488977904e-03
7.9405538842425419404271853053793210e-03	-3.9832384207060557392307280615966305e-02	3.3067236551474458930789073396178270e-05	4.9799944880655762642196314181945067e-03
7.9437043267690218641557600430070600e-03	-1.9914875522566916474221145731129761e-02	3.3054121692570979153089833701856758e-05	4.9790068537616417987672085166804300e-03
7.9447545668468785121679391216315874e-03	0.0000000000000000000000000000000000e+00	3.3049751999345704103323089118032686e-05	4.9786777438777885994760069203537513e-03
7.9437043267690218641557600430070600e-03	1.9914875522566916474221145731129761e-02	3.3054121692570979153089833701856758e-05	4.9790068537616417987672085166804300e-03
7.9405538842425419404271853053793210e-03	3.9832384207060557392307280615966305e-02	3.3067236551474458930789073396178270e-05	4.9799944880655762642196314181945067e-03
7.9353040725356014430844891856704962e-03	5.9755161653372104531117643439866619e-02	3.3089113931480482069958209301040417e-05	4.9816415614779550610563229488977904e-03
7.9279562809183663013256807332419522e-03	7.9685848343175093825185150004883757e-02	3.3119782817531804588782958443828608e-05	4.9839496009201748312228370961280946e-03
7.9185124553987328915779971178620260e-03	9.9627092095476857789564205874545158e-02	3.3159283913285360534567531646402706e-05	4.9869207492195326654516053592619988e-03
7.9069750997541195738915951003180403e-03	1.1958155053983714998444911651648450e-01	3.3207669766674312166569162631818792e-05	4.9905577702746877023688255765916503e-03
7.8933472768611036115716375210437688e-03	1.3955189361326837839031202798835220e-01	3.3265004932531504165271232214683120e-05	4.9948640557373736994565567245430318e-03
7.8776326103252043824504083266068768e-03	1.5954080608694052503320967926625286e-01	3.3331366173178324714957320903792170e-05	4.9998436332410778264335263555809979e-03
7.8598352864136419480897655951362462e-03	1.7955099012895114984899533362093701e-01	3.3406842698099754025648014781831231e-05	5.0055011762146895094588707461200628e-03
7.8399600562944384736337378813420163e-03	1.9958516790958789684128800946367335e-01	3.3491536444053000609177558869613754e-05	5.0118420153266974198062867523786802e-03
7.8180122385857807019822792031122706e-03	2.1964608425570889983382483673951716e-01	3.3585562397195665040778356294804027e-05	5.0188721516134319488182131759526536e-03
7.7939977222201267743467543320208785e-03	2.3973650936109692790866505347660215e-01	3.3689048959072060313676680470184717e-05	5.0265982713531779089394129326229439e-03
7.7679229696281223386969360514968440e-03	2.5985924155990778288524211518138377e-01	3.3802138358565570532545263892013888e-05	5.0350277627567855383880874115009530e-03
7.7397950202479913870913801859337847e-03	2.8001711017063441052735426732679655e-01	3.3924987112213375504644193715329187e-05	5.0441687345547604021204340389340002e-03
7.7096214943666890224005896421957446e-03	3.0021297841834776640184180835322867e-01	3.4057766535590391780062981536055411e-05	5.0540300365707940709683005588454321e-03
7.6774105972997489223913079130883403e-03	3.2044974644335637194654172355015744e-01	3.4200663308805061063281325462624457e-05	5.0646212823823944946518290674703380e-03
7.6431711239174303486035523169313173e-03	3.4073035440485175619321567376080672e-01	3.4353880099514178624166076432806096e-05	5.0759528741807832424058528566637234e-03
7.6069124635254710189760148990043186e-03	3.6105778568858005447843231956533186e-01	3.4517636247261219098455632012034973e-05	5.0880360299546515331788099294339420e-03
7.5686446051094861044552130670395050e-03	3.8143507022810482094687129311035603e-01	3.4692168513376965954964549569367993e-05	5.1008828131358247109667361069383772e-03
7.5283781429528233198993848341063770e-03	4.0186528794980699122973256890089697e-01	3.4877731901157594827161028754758227e-05	5.1145061648595049004926691640055891e-03
7.4861242826384931048964705994217137e-03	4.2235157235240983590400508665910222e-01	3.5074600551559221560273863389492579e-05	5.1289199390076880919682804056403024e-03
7.4418948474466450532063769679922778e-03	4.4289711423252521379308418537058892e-01	3.5283068720225528948816827339138767e-05	5.1441389402217457907365786627568106e-03
7.3957022851599611808152916297419253e-03	4.6350516556849868761546654027464391e-01	3.5503451842303469203174239979323232e-05	5.1601789650892028510025309287452844e-03
7.3475596752902877954885080932785592e-03	4.8417904357569208740012529421960905e-01	3.5736087692209176086179836746300502e-05	5.1770568467306344878488661383388574e-03
7.2974807367408355007667911079427461e-03	5.0492213494729074215921580157141116e-01	3.5981337646291166448635831702780702e-05	5.1947905030355743033817536924806036e-03
7.2454798359193465157139971720206086e-03	5.2573790029576765673611763394288820e-01	3.6239588057210970097907917912788826e-05	5.2133989888216280224869869644460183e-03
7.1915719953187657736710399253222519e-03	5.4662987881128828839667469285240352e-01	3.6511251749834249799840974329206687e-05	5.2329025522189143079306310430591521e-03
7.1357729025831634624702145126697979e-03	5.6760169315460840968683559053710142e-01	3.6796769649511684922188243326378707e-05	5.2533226956128324958711287518339209e-03
7.0780989200779486578260323722616364e-03	5.8865705460341636046712475226327890e-01	3.7096612554843761222944810994512472e-05	5.2746822415123592587624880448757047e-03
7.0185670949847940110739510913123215e-03	6.0979976847261390855739041571207878e-01	3.7411283068384762028782972448995265e-05	5.2970054037490245326881452169245573e-03
6.9571951699431683461553574866393108e-03	6.3103373983073287363597322824272236e-01	3.7741317700268946977106750199841986e-05	5.3203178644538923324920270428526112e-03
6.8940015942619565830618790176761967e-03	6.5236297953656559509639025918926431e-01	3.8087289161459451806077438365841260e-05	5.3446468573068224768389642893710064e-03
6.8290055357263446377409593942453150e-03	6.7379161062216655711000325266917291e-01	3.8449808865254742692159544850845278e-05	5.3700212576046408454570197434371385e-03
6.7622268930269718811654725009668493e-03	6.9532387505068301792030709471389893e-01	3.8829529657869594235201057280439804e-05	5.3964716797533149928030205280603689e-03
6.6936863088403175543595728146087804e-03	7.1696414088002038853950168981835629e-01	3.9227148801373522075131928164596413e-05	5.4240305828546399871818119546009056e-03
6.6234051835914037063177368758433098e-03	7.3871690986617295237999764717659395e-01	3.9643411235061144702074565522717724e-05	5.4527323851312294010915572472215452e-03
6.5514056899321806761366138954177498e-03	7.6058682554318594303841284394686944e-01	4.0079113144494614748005068395594222e-05	5.4826135880158636848965667816565646e-03
6.4777107879714284434246498906377310e-03	7.8257868182019929493985710694319158e-01	4.0535105871054591170495505168655335e-05	5.5137129108237238075312650621121987e-03
6.4023442412946767301748369386428647e-03	8.0469743213990022238417642015074210e-01	4.1012300198929223085625853799617912e-05	5.5460714370301771610773667900857685e-03
6.3253306338155390421470218385007841e-03	8.2694819924703105772350429064319659e-01	4.1511671061137492954698285511133708e-05	5.5797327732942578527031427446998792e-03
6.2466953875029937308067113795317207e-03	8.4933628562041758563921024535013210e-01	4.2034262711514537449774968563674772e-05	5.6147432225007343750858624758871525e-03
6.1664647810325541448508115536355369e-03	8.7186718462736690998012298951287420e-01	4.2581194415688582537336565521127477e-05	5.6511519722439385325778798569386460e-03
6.0846659694129785522508554034703617e-03	8.9454659246530787711601302118606033e-01	4.3153666721077145492030072951234831e-05	5.6890113003469658472269811189071172e-03
6.0013270046442107121409528048693127e-03	9.1738042096229779750906659018351291e-01	4.3752968373972023366081350991679480e-05	5.7283767992035139107009758431592474e-03
5.9164768574666496315526941002596526e-03	9.4037481131559645739836097057339676e-01	4.4380483961043262439256578016912393e-05	5.7693076209500861834089420465385383e-03
5.8301454402666624822744969954563502e-03	9.6353614885602752740750634881255136e-01	4.5037702363279334795518502548769463e-05	5.8118667457277580539669899841642702e-03
5.7423636312085232967991051380017074e-03	9.8687107893544201851562248006391742e-01	4.5726226122740979638441028786079544e-05	5.8561212755801201264725466160849027e-03
5.6531632996687331565757368606671100e-03	1.0103865240454234272973535990103167e+00	4.6447781836833953083005222857031147e-05	5.9021427568632018572735186066979363e-03
5.5625773330550130631579270779997543e-03	1.0340897022876099821643785358659589e+00	4.7204231711453239768223351357635054e-05	5.9500075344210128715743039811786210e-03
5.4706396650992241604720587794185785e-03	1.0579881473298662185677240195978809e+00	4.7997586423740156041971444136532799e-05	5.9997971412149628503107640947884437e-03
5.3773853057211359237219666115004473e-03	1.0820897299982597447082247510751609e+00	4.8830019467831755209308898598423761e-05	6.0515987275965038155193069179414746e-03
5.2828503725684160370095904806056920e-03	1.1064026816726774992207389878905556e+00	4.9703883183481208882132045466496300e-05	6.1055055349913958187148451560146613e-03
5.1870721243475524641200869223372597e-03	1.1309356196742873823422868660355756e+00	5.0621726698529062421862355112176020e-05	6.1616174194347793968243561610799125e-03
5.0900889960707489105899627425106287e-03	1.1556975748563144070143677126254059e+00	5.1586316052807460563754139341887148e-05	6.2200414311752155838993728479017634e-03
4.9919406363552856687866786094246649e-03	1.1806980216362262384464143257858063e+00	5.2600656814257415653461049561398537e-05	6.2808924574728135596167771305247567e-03
4.8926679469245535186274611091396388e-03	1.2059469107379688541083406163293172e+00	5.3668019549170738653386412951550583e-05	6.3442939367753541887125782579925786e-03
4.7923131244741154526596927350386442e-03	1.2314547049480216641991001654175346e+00	5.4791968569173871689820573237105438e-05	6.4103786536957693201335158865244814e-03
4.6909197050819215164288004071648429e-03	1.2572324182295424682208352466520648e+00	5.5976394449869626983242764841018048e-05	6.4792896256694353762665276353997771e-03
4.5885326113594179690730171279874559e-03	1.2832916585856902222076082599633683e+00	5.7225550902439213237071943933014241e-05	6.5511810938830787556219844388483129e-03
4.4851982025600105559104906716347409e-03	1.3096446751174802848288854661682873e+00	5.8544096683074843693452559159044581e-05	6.6262196330907173594701615030739318e-03
4.3809643278834619881505566945917484e-03	1.3363044097846057824950283497405407e+00	5.9937143349715825904114911653151409e-05	6.7045853973298181238481327606669279e-03
4.2758803832396743329172627850048457e-03	1.3632845544511966441397055666129544e+00	6.1410309826017423276269749825372013e-05	6.7864735214013496279601968840101965e-03
4.1699973717633354881238493244037745e-03	1.3905996138844811636178682766026947e+00	6.2969784914845757431149434233756623e-05	6.8720957013778550075955610419904945e-03
4.0633679684025732411492000355044219e-03	1.4182649754751935447620428674391437e+00	6.4622399125503411241528366706020351e-05	6.9616819814747617327504939767488446e-03
3.9560465889406229976835280862333081e-03	1.4462969865673040659189568717437280e+00	6.6375707450036691457019485554307833e-05	7.0554827795124167213848094539736772e-03
3.8480894638502400921512012215528111e-03	1.4747130404248798721350813706271353e+00	6.8238085056701973440005346466015876e-05	7.1537711890984022079319827863070527e-03
3.7395547174269612938669936120928257e-03	1.5035316720301045014463400178200235e+00	7.0218838278789169954716913681846546e-05	7.2568456038090122643274820497956244e-03
3.6305024527002780938203726993904786e-03	1.5327726651042525903775596281305359e+00	7.2328333784882481541188712301491764e-05	7.3650327173458140603939017251824823e-03
3.5209948426824431307354986983750660e-03	1.5624571719796484572615272934121890e+00	7.4578149448662749563418350824168572e-05	7.4786909642701516415898450682465826e-03
3.4110962285843287960235696690838362e-03	1.5926078482339788382035768443180632e+00	7.6981251226893778690385023499353301e-05	7.5982144789640362955320762218567651e-03
3.3008732257081040176284325718619455e-03	1.6232490043396449579696841721194098e+00	7.9552201348349012992231998021523009e-05	7.7240376665587826842465500005429112e-03
3.1903948378194380225835530516566854e-03	1.6544067769938537392183905705766346e+00	8.2307404373586865576601511387631301e-05	7.8566404995265007980362296753396735e-03
3.0797325809098422989875155421494946e-03	1.6861093232973044033377676602771953e+00	8.5265399284672344053441128486967727e-05	7.9965546785034649908298453640828430e-03
2.9689606173855083487644436112417727e-03	1.7183870415629218528118020018625419e+00	8.8447207810879686675086790106702801e-05	8.1443708270970233263113465209225644e-03
2.8581559018661265703340713225537041e-03	1.7512728232898049947101335351190302e+00	9.1876751833616429187223051216972029e-05	8.3007469297519302723287853714520183e-03
2.7473983399500423946944575743486092e-03	1.7848023417685401851922438596610440e+00	9.5581356134962559418980389646935628e-05	8.4664182716548319893731473941974864e-03
2.6367709615061279471667337626028630e-03	1.8190143839407147399174943281951578e+00	9.9592357224729030353591645563245264e-05	8.6422092034026472629998130510614241e-03
2.5263601102946671909659293754596594e-03	1.8539512335814865007858045557786455e+00	1.0394584486774128959633631802673198e-04	8.8290471351632785051322290864171424e-03
2.4162556520078377616115078496917310e-03	1.8896591156936751271972033653441859e+00	1.0868357074819921112332731547559878e-04	9.0279792713267087698971670731072993e-03
2.3065512031657239158825931391607519e-03	1.9261887143075179239678651491318022e+00	1.1385406917313386031638451744232732e-04	9.2401927354473929464254450711129659e-03
2.1973443837198292916329849505031125e-03	1.9635957788234635186916699832156481e+00	1.1951404886004440908035427605916529e-04	9.4670389180930207879843195757210458e-03
2.0887370967202349040415678075269600e-03	2.0019418378220940392885678088707946e+00	1.2573013415518989745338038528659990e-04	9.7100631231432177776580775484251568e-03
1.9808358390174325050768826287483989e-03	2.0412950441782187144287352208863483e+00	1.3258106064655594280387477862312527e-04	9.9710409139656366527739519376440638e-03
1.8737520477248708430643933927160721e-03	2.0817311817477265316393413895791780e+00	1.4016046725467845072042681284100610e-04	1.0252023002517195444620093521370820e-02
1.7676024881020766314498953739716591e-03	2.1233348723965988803875095024413041e+00	1.4858047927232077201725546789085047e-04	1.0555391129416090464071811189746099e-02
1.6625096896822541305969364273513779e-03	2.1662010334939139252229978538433002e+00	1.5797635171946242270150475708770174e-04	1.0883928221582484320743585158793880e-02
1.5586024389315288388539642955686461e-03	2.2104366513208657717146778891471153e+00	1.6851255095042414117251421840990864e-04	1.1240907291034260579048563040446183e-02
1.4560163385831657395645822151190062e-03	2.2561629567998484797660699405236822e+00	1.8039081221773426500047669587916147e-04	1.1630205213069155296783105594714341e-02
1.3548944461679218317957960614077426e-03	2.3035181189586924127655092725415677e+00	1.9386094986776144777444429875083099e-04	1.2056449940202364022433433936965549e-02
1.2553880073405218479071326041263764e-03	2.3526606122884801876560853951997821e+00	2.0923556067950525807481879080664330e-04	1.2525213256472148061271135767027032e-02
1.1576573036354827093299824945643275e-03	2.4037734722663228285160111556206719e+00	2.2691032565759479947355338854378899e-04	1.3043266475381653302609741946568466e-02
1.0618726396369233948380891120099905e-03	2.4570697376211851842386819970964903e+00	2.4739251123550220975602838293704580e-04	1.3618924551136591313667667526786100e-02
9.6821550174788562989757883083892857e-04	2.5127995025370551325157757373257013e+00	2.7134172492271807104013751159164722e-04	1.4262516616120157634974981599115678e-02
8.7687993058599953959439996003830735e-04	2.5712591900419486209329258804444142e+00	2.9962940350363496093578585863061027e-04	1.4987040926705577107974051477845287e-02
7.8807416271666674598589866583207542e-04	2.6328039482414512564025456707350457e+00	3.3342766897725872620907707491126795e-04	1.5809094835628164111508665901862177e-02
7.0202261683441071372563404281160232e-04	2.6978645312849499660620888930957061e+00	3.7434555659335369868361102739649263e-04	1.6750225340501776670656131436252827e-02
6.1896832760998055545992733901657404e-04	2.7669707779247645648079387740030692e+00	4.2464417562058634671689268315741887e-04	1.7838941344760314190200590093606289e-02
5.3917597216289273608336454556430660e-04	2.8407850673698452357259677827759971e+00	4.8758838032465244887737966759655474e-04	1.9113801535379421680730475063530520e-02
4.6293569789183893685828659063284985e-04	2.9201513525718722769772283681307351e+00	5.6804496251471255998626845379627105e-04	2.0628318016160499749392579836082631e-02
3.9056806107282956092029538268759625e-04	3.0061694400653730672900102172371795e+00	6.7354927348545052854502379569160625e-04	2.2459064101751591728792558237849015e-02
3.2243055079494773631217069941285027e-04	3.1003120438532763418002698069392080e+00	8.1631776403018031521919733268882981e-04	2.4719743007003697894260753085373055e-02
2.5892645639046175318412944981525958e-04	3.2046183037139318581245016474592675e+00	1.0173177296751524111812195686503680e-03	2.7587080105281338132246748092484890e-02
2.0051735101653312836833828173616877e-04	3.3220333654927177633506766594912413e+00	1.3152459647208358159741083049173382e-03	3.1352111610252344626352976697134514e-02
1.4774146292152316926970938813657621e-04	3.4570515138887057094646438136972986e+00	1.7887139464941695371808025042215150e-03	3.6531882792617235255723122103053052e-02
1.0124231710378510369147668502504432e-04	3.6170645062676169957475359766629891e+00	2.6202412516509523793984269572772750e-03	4.4145834811377333710128312772414645e-02
6.1816995267007047934072760199031999e-05	3.8156239726359374521192238898465126e+00	4.3281448229830632495381067800695679e-03	5.6537434191544651181835293685831805e-02
3.0506447222293070054590003699582807e-05	4.0822917827617649097229338147078078e+00	9.0046549299374188754327505664585635e-03	8.0654886602685995954295955459516205e-02
8.7396331365527517091389328294347694e-06	4.5074560106463308971552224487597075e+00	4.1795472754953338429903574348999903e-02	1.5316851485455382451195333901530089e-01
0.0000000000000000000000000000000000e+00	0.0000000000000000000000000000000000e+00	5.7239205088384655812768337909594533e-05	6.0974349069966878398979744611093110e-03