5.3613494460357223036877877003355459e-06	-4.6102503129577921464028530846900989e+00	4.0198968843598939864471493184633742e-02	1.5012324057817856457274228857239937e-01
1.8800550097964330229036704394591442e-05	-4.1938733416429210489649950432384367e+00	8.6145834284146914022069103012292645e-03	7.8876423758490121212030687405653930e-02
3.8244315212256459475537694440794352e-05	-3.9333054834175794067277771221938578e+00	4.1242053108705573582234327822480736e-03	5.5184764579602158913569668123441340e-02
6.2847379545724096236103649094962559e-05	-3.7396463494177460069882412387485885e+00	2.4882470214921215028308373688085967e-03	4.3017219960897110197630861115431750e-02
9.1992121276218851123008051291582621e-05	-3.5838353686554347858633302697465070e+00	1.6933991407421211982497777845106112e-03	3.5543843830609527451517304492801295e-02
1.2520498048151318860226173409270628e-04	-3.4525564964007258755747208380034286e+00	1.2416454941613756105688161111314955e-03	3.0461353584694320283124783774446325e-02
1.6210317674387113224073021349081187e-04	-3.3385492883920040512602974703810569e+00	9.5785022590476590732012826992969349e-04	2.6767999255742015832906810973679980e-02
2.0236620341807304565061162541309373e-04	-3.2374008533434316930871379102568804e+00	7.6667378727989819065695395730112958e-04	2.3955824601021653161503473816889597e-02
2.4571890062198978210970520346655560e-04	-3.1462203201423021348212228460911721e+00	6.3107149843221582165059345915081549e-04	2.1738974974979960000994261848210372e-02
2.9192059391808205645191689473768468e-04	-3.0630067311189164458851382289423666e+00	5.3099211035089616500892306565375564e-04	1.9943910032356806305483724872386404e-02
3.4075771169839773779092420858993182e-04	-2.9863153581802639286797473737868621e+00	4.5476428132248772204305414033765848e-04	1.8458999618273019928875023153006375e-02
3.9203853980057845871849566471309859e-04	-2.9150675847871784134211028062866816e+00	3.9519550621111035121809319525508341e-04	1.7209081840278933759538694112459166e-02
4.4558936152343405238701860166564594e-04	-2.8484359317253538971794439000087319e+00	3.4764446769371240710914080583208258e-04	1.6141641135357137625880134019952469e-02
5.0125153503843641552530305272073610e-04	-2.7857711107666343923412239389325976e+00	3.0900014907299329127713002304130428e-04	1.5218843862804537647682423435320904e-02
5.5887922770758721645868306768256827e-04	-2.7265538803115419160557796655093280e+00	2.7710968807159304197074023704799105e-04	1.4412722093389555073835081744567072e-02
6.1833762440009135220400280100439765e-04	-2.6703622016969808295074018076455125e+00	2.5044224122138294649497286390948165e-04	1.3702141213859252083045730197575360e-02
6.7950148639532930590179474742993145e-04	-2.6168481940201371062568548828526499e+00	2.2788345879318510439993922276599314e-04	1.3070824095363046813025042678749877e-02
7.4225397515231059800388779062326117e-04	-2.5657215673780182697415513481392463e+00	2.0860543714962102564999535420686138e-04	1.2506025173256835400081439534701440e-02
8.0648567990104491436675672280493879e-04	-2.5167374592026266169154831674871229e+00	1.9198194403666069784825361371223537e-04	1.1997617552762304768494112085321708e-02
8.7209380462855395282163731950499841e-04	-2.4696873361749963853106239233361328e+00	1.7753169506105074410349348661413947e-04	1.1537450172083611746085123775722022e-02
9.3898148150297502544225271003089256e-04	-2.4243920763061642346217619814237969e+00	1.6487951356202592029676095648473746e-04	1.1118886021240533073410183606869593e-02
1.0070571858715660155173793051192743e-03	-2.3806966310235061711585416591013312e+00	1.5372918348512134120830745327331657e-04	1.0736464474757920401325391250458458e-02
1.0762342337887992252907800641732732e-03	-2.3384658517930350138265130617349943e+00	1.4384412215174380132184697635185175e-04	1.0385650411062086570757554769183257e-02
1.1464303472899371160678072269539160e-03	-2.2975811881831928781242021243616686e+00	1.3503338979828808948302789479547942e-04	1.0062645110924294724798260145107561e-02
1.2175672757910571390412188301131289e-03	-2.2579380470573082323643658535413936e+00	1.2714140855455896875924169437605861e-04	9.7642418490374800318100253414348982e-03
1.2895704643825311245331196676398277e-03	-2.2194436596377126211890656137415907e+00	1.2004030297622683741909077737323994e-04	9.4877142959834046177324303361801788e-03
1.3623687616045389785573609771157178e-03	-2.1820153431826771950081922725009651e+00	1.1362412160766449303894242530520944e-04	9.2307293318408092921623564391373335e-03
1.4358941607001437138024225104124709e-03	-2.1455790724949859418733382202946829e+00	1.0780442711051168540484082816427310e-04	8.9912782468298305131050353833557338e-03
1.5100815694398231874981022049127114e-03	-2.1100682970458189350817262965823959e+00	1.0250689490689907940622901673634438e-04	8.7676219484258553422335275327230149e-03
1.5848686044772908414386206846092064e-03	-2.0754229545431283968495099798668418e+00	9.7668663819791559087987513652447801e-05	8.5582469497563032063083696766568999e-03
1.6601954068853508911592806022071516e-03	-2.0415886429142977486799967323286991e+00	9.3236253587294246985523317308422701e-05	8.3618297371836656404413405212356738e-03
1.7360044760732356175067887462870708e-03	-2.0085159210143345739369331442359518e+00	8.9163914048510048400758334595486144e-05	8.1772077087723825806396053509324487e-03
1.8122405197337682561412136477903354e-03	-1.9761597146812857975841647724813935e+00	8.5412306157083587233475872222594149e-05	8.0033553087450810955059600155776744e-03
1.8888503178326742975230290143776245e-03	-1.9444788095805975568781338870438535e+00	8.1947440324759789297863747771567742e-05	7.8393643028326825982321826812882302e-03
1.9657825989508284691545291759662961e-03	-1.9134354159949359130175546155209488e+00	7.8739815970483505189552175122298874e-05	7.6844273777972833198808788179537874e-03
2.0429879275365248084012886974048776e-03	-1.8829947936030798913071542697666662e+00	7.5763719608977005605920578923960246e-05	7.5378244277803448262510187376284417e-03
2.1204186008293232619275753892601412e-03	-1.8531249265530221242100164493393939e+00	7.2996648768008589916849519687587153e-05	7.3989110263093533709593070640437445e-03
2.1980285543877154806145568146740602e-03	-1.8237962409190394161347745844595256e+00	7.0418836455526783680183597641977977e-05	7.2671086870506050796991917102714656e-03
2.2757732752960967647070471382316820e-03	-1.7949813580506095417604541210079625e+00	6.8012856494217335522073269117629196e-05	7.1418965968378130352944527279897940e-03
2.3536097222473416045392006018085547e-03	-1.7666548784553287067522443925404088e+00	6.5763294289672152210999876212814117e-05	7.0228045670356862686289078150711076e-03
2.4314962517996493737362049932686774e-03	-1.7387931917708658845757587896477320e+00	6.3656470848713174797707643315953022e-05	6.9094069982439955800273353124987648e-03
2.5093925501934553068637331878334645e-03	-1.7113743091200011140631268404680625e+00	6.1680210369198645270798292054453268e-05	6.8013176919155478751547869775648977e-03
2.5872595701886714507246961185218407e-03	-1.6843777147443765834777778901401816e+00	5.9823643666213225861418663844217868e-05	6.6981853730423831795667055078041663e-03
2.6650594724464266053096034715368525e-03	-1.6577842343048810802749082787268311e+00	5.8077041217532502406953287770140882e-05	6.5996898124568261131429067296183581e-03
2.7427555710345206703837605162708794e-03	-1.6315759176414628786227763679584489e+00	5.6431670804225175651022466553375841e-05	6.5055384568601877789799102174982427e-03
2.8203122826833965315996421648825288e-03	-1.6057359341197326226381970351533657e+00	5.4879675665349747521814233672845433e-05	6.4154634904712391221433107090202456e-03
2.8976950794607139778468691873574755e-03	-1.5802484789694398404410625115951658e+00	5.3413969835456553881713033504390515e-05	6.3292192649771565525629992138426176e-03
2.9748704445685384871848418618781499e-03	-1.5550986892514397676360467993794506e+00	5.2028147932857096496573944062500700e-05	6.2465800448882045032810730323230951e-03
3.0518058309985252497567728723614037e-03	-1.5302725682835900427551298109964367e+00	5.0716407148036673223571986773603051e-05	6.1673380239234156404294138161149871e-03
3.1284696228079465616646421665618046e-03	-1.5057569175189116234302832954522808e+00	4.9473479570228201366715861861364281e-05	6.0913015750628229659813781736201469e-03
3.2048310988035325472716428779429113e-03	-1.4815392750067667484194910979193217e+00	4.8294573305381638840437065121190406e-05	6.0182937026870922266241461115695703e-03
3.2808603984413368180198761038390301e-03	-1.4576078596841522128171674104588618e+00	4.7175321095572413731474154848634859e-05	5.9481506700205962254671815162313414e-03
3.3565284897695933066532158782396094e-03	-1.4339515208430512343932068105477036e+00	4.6111735360014698595224621588630792e-05	5.8807207790840441046967749604723820e-03
3.4318071392581311523568583000195382e-03	-1.4105596922040430419747123160714406e+00	4.5100168750476578080510388006461604e-05	5.8158632836953547387851179162431565e-03
3.5066688833726442005890653309828177e-03	-1.3874223500984182971670528454937925e+00	4.4137279456284153769714807677980469e-05	5.7534474188509035627721136147287316e-03
3.5810870017652117675115622918488644e-03	-1.3645299753228478083648423731616523e+00	4.3220000611993967734149810300218131e-05	5.6933515321688914228631855651738362e-03
3.6550354919641442334928595388286710e-03	-1.3418735182838159421074609604372535e+00	4.2345513258778869041595245952270385e-05	5.6354623050594659949055761212081224e-03
3.7284890454566578678368550147003645e-03	-1.3194443670948949519644958438482106e+00	4.1511222392265599196687027399247703e-05	5.5796740529649653165952699390639515e-03
3.8014230250672204130057195146268242e-03	-1.2972343183296122478708115550926768e+00	4.0714735697916283477014769817818736e-05	5.5258880954392775606105318455066165e-03
3.8738134435427838239706091740350473e-03	-1.2752355501670748272845439700497948e+00	3.9953844632425152926133480136669978e-05	5.4740121880495786851937139196878169e-03
3.9456369432636468807134773028260701e-03	-1.2534405976974376677820969750900641e+00	3.9226507557919616185735859579180596e-05	5.4239600091209153352605888516699694e-03
4.0168707770054667914905918266142770e-03	-1.2318423301803852416651698098294163e+00	3.8530834676565570299498640670429563e-05	5.3756506952325101549323939945553416e-03
4.0874927896840511275282592783756711e-03	-1.2104339300725840087325346394629175e+00	3.7865074547747822821456471187352194e-05	5.3290084201376559878986691300908393e-03
4.1574814010200842069014133711345323e-03	-1.1892088736600201309141350550513736e+00	3.7227601999364533162872115522984334e-05	5.2839620124360288596533056963925510e-03
4.2268155890659406576506057469149838e-03	-1.1681609131486512927742068991972506e+00	3.6616907269790900836655051250301210e-05	5.2404446078943297295630456484737998e-03
4.2954748745412704924161958306629896e-03	-1.1472840600822059507332869515207229e+00	3.6031586238433093087269676758329096e-05	5.1983933328018387418468446150663685e-03
4.3634393059281547674830270442864069e-03	-1.1265725699695397747945952817941359e+00	3.5470331621088008425749120749336941e-05	5.1577490151730179283222107137446203e-03
4.4306894452803728717253567495519558e-03	-1.1060209280159483181841159273929426e+00	3.4931925022028170876697710419807165e-05	5.1184559209792053527129843438739103e-03
4.4972063547047305442214102786103258e-03	-1.0856238358634430892377584124596258e+00	3.4415229748243114116494277043987474e-05	5.0804615129136852584942549778567694e-03
4.5629715834755061484848866741376366e-03	-1.0653761992544019064400631608182348e+00	3.3919184302921952629499332446238856e-05	5.0437162294757324142187285671750489e-03
4.6279671557459118697000925449786835e-03	-1.0452731165413555905927010598129724e+00	3.3442796485334802771589012763548477e-05	5.0081732824053180513247922849288882e-03
4.6921755588230632280305185717089530e-03	-1.0253098679731025650534477712674370e+00	3.2985138032996685284073135022039179e-05	4.9737884707158699339985308021623667e-03
4.7555797319753284768908518046823927e-03	-1.0054819056939638113401076422660471e+00	3.2545339749572693874505963956487261e-05	4.9405200097619181108310262745071459e-03
4.8181630557431102987733615497859777e-03	-9.8578484439890066481857346124932091e-01	3.2122587068572890851451217728252492e-05	4.9083283739451424014233995247031841e-03
4.8799093417261146240393525725906879e-03	-9.6621445259250194666265553881253441e-01	3.1716116008629282870351596432685307e-05	4.8771761518092691801103139087178027e-03
4.9408028228220022446992908079800235e-03	-9.4676664440457861249458511204703678e-01	3.1325209481163647389514703511420944e-05	4.8470279124040147854996416271138937e-03
5.0008281438930132473460784060205245e-03	-9.2743747191934762244000506220844128e-01	3.0949193915644359331054533995912199e-05	4.8178500819130483775879578682845230e-03
5.0599703528387156375566333966257518e-03	-9.0822311797899807764781949794534769e-01	3.0587436171478165016403686467785530e-05	4.7896108296426474543511519114926123e-03
5.1182148920544699657604858597826032e-03	-8.8911988942586074587762412904175486e-01	3.0239340708961941043064126078944314e-05	4.7622799625579818244925572624280104e-03
5.1755475902565321491053369568414752e-03	-8.7012421075048974683865755940971726e-01	2.9904346994692138004112577690353845e-05	4.7358288276342009776642872695796553e-03
5.2319546546559467768081888517832621e-03	-8.5123261811574995574326609449775058e-01	2.9581927119449178428332914526035693e-05	4.7102302213609396709620598594597300e-03
5.2874226634645217766857019444555816e-03	-8.3244175372951861963133120082789018e-01	2.9271583608886325520331919565866127e-05	4.6854583058025587323290469912953583e-03
5.3419385587172303319106120057956090e-03	-8.1374836054088381561148122906488226e-01	2.8972847409396821101171409983981629e-05	4.6614885306733248412669463316558545e-03
5.3954896393963645232627272380217188e-03	-7.9514927723678132133067594203667743e-01	2.8685276033343315508655724876338713e-05	4.6382975609376070864098018943648111e-03
5.4480635548436738001319638859322366e-03	-7.7664143351787782534928074659989358e-01	2.8408451849439047932740606555622571e-05	4.6158632094907292804821851885291936e-03
5.4996482984475659068328136065235522e-03	-7.5822184563420217174876290023560499e-01	2.8141980505496193938737030534075842e-05	4.5941643745169765832519140596172179e-03
5.5502322015932336144510589544496263e-03	-7.3988761216256521517552346374302753e-01	2.7885489472025206037056926733497315e-05	4.5731809811579476901838863917080893e-03
5.5998039278643023463492501524772241e-03	-7.2163591000920856304022020901755928e-01	2.7638626696298864072089832446076370e-05	4.5528939271574382774133788057156276e-03
5.6483524674852759110995297628365338e-03	-7.0346399062239694798910586060373742e-01	2.7401059357502669866219175492037164e-05	4.5332850321787488243638761071401141e-03
5.6958671319946940481096544086594820e-03	-6.8536917640083061072601782965835007e-01	2.7172472714493572828514441739467408e-05	4.5143369905170918944665657030262297e-03
5.7423375491395099712846365017668793e-03	-6.6734885728481392844988846486473267e-01	2.6952569038494367579341925534300168e-05	4.4960333269539487334422524375123799e-03
5.7877536579817518676041979675606965e-03	-6.4940048751808444962918102670598232e-01	2.6741066623772440825799185653478227e-05	4.4783583555220732867248096130457339e-03
5.8321057042090523851950002543415987e-03	-6.3152158256909128864601813395600296e-01	2.6537698869998470513626662012454806e-05	4.4612971409696112538349345430561298e-03
5.8753842356411172840864494656368957e-03	-6.1370971620132135888554421852761246e-01	2.6342213430561615836091490461174484e-05	4.4448354627297117221160877041949039e-03
5.9175800979246611423692966914250574e-03	-5.9596251768301322008652723687862619e-01	2.6154371421640072491743819950820772e-05	4.4289597812182533044307893681745915e-03
5.9586844304097666187355824609583830e-03	-5.7827766912727769419102828219012659e-01	2.5973946687296099998966089083399194e-05	4.4136572062970576188164903773937466e-03
5.9986886622010263851520379345810508e-03	-5.6065290295426752387873271513238104e-01	2.5800725116288475579501327706397404e-05	4.3989154677533731871246608536564606e-03
6.0375845083772054025565774331072260e-03	-5.4308599946761029344122380137653462e-01	2.5634504006677833418342496521183273e-05	4.3847228876586182513245485406492711e-03
6.0753639663735175021166690443772421e-03	-5.2557478453784417384302651402262130e-01	2.5475091474645959396729894800419228e-05	4.3710683544804925671228737800164410e-03
6.1120193125209458957825602809408107e-03	-5.0811712738607890707955042343470404e-01	2.5322305904262763882064478465197968e-05	4.3579412988327137658512130376758349e-03
6.1475430987373537836516831224117135e-03	-4.9071093846154851609129779745266441e-01	2.5175975435217831472620305244098471e-05	4.3453316707558996309535190373763890e-03
6.1819281493654300449111505041158471e-03	-4.7335416740713085833134220917791625e-01	2.5035937485790233788276402628480942e-05	4.3332299184315896443009003475029322e-03
6.2151675581527973792187017195821325e-03	-4.5604480110728535086075454421608242e-01	2.4902038308563429541490111551387953e-05	4.3216269682391544089879993545345854e-03
6.2472546853698773938212070662294892e-03	-4.3878086181320670829240592027723874e-01	2.4774132576604000539434963253018910e-05	4.3105142060724490352842600982257838e-03
6.2781831550613601068290932285115254e-03	-4.2156040534031181636120098967771481e-01	2.4652082998015850299078861800846295e-05	4.2998834598395881785383552328037326e-03
6.3079468524273651759134181187332298e-03	-4.0438151933347114305293572815568866e-01	2.4535759956957255005265337453196602e-05	4.2897269830752117430870066067011406e-03
6.3365399213306098071743418388347439e-03	-3.8724232159566738482283466089058202e-01	2.4425041179368528049637098873220083e-05	4.2800374396001213271812752096996527e-03
6.3639567619261146262874089866806627e-03	-3.7014095847601418636890617386851648e-01	2.4319811421804579294317240986926820e-05	4.2708078891682433251870666216785749e-03
6.3901920284101846167361194768433936e-03	-3.5307560331329841647454835435549981e-01	2.4219962181900696357605501316277278e-05	4.2620317740455558489166830863231085e-03
6.4152406268855983050393366090481797e-03	-3.3604445493142213295705812137073534e-01	2.4125391429122682153723463579038873e-05	4.2537029064699399673172142096910282e-03
6.4390977133401254059001158121058459e-03	-3.1904573618331639055676251965127823e-01	2.4036003354565158340067115722089230e-05	4.2458154569449143718058080588883291e-03
6.4617586917356717895782495990493540e-03	-3.0207769254007967417853764422920883e-01	2.3951708138665383606962630488650899e-05	4.2383639433239165032097384044525249e-03
6.4832192122055215149505354038877989e-03	-2.8513859072226009928179328901951780e-01	2.3872421735795234696010238140571320e-05	4.2313432206452296832315000324350920e-03
6.5034751693573093608105874503914861e-03	-2.6822671737035363051471461053395892e-01	2.3798065674781864161189716322807825e-05	4.2247484716808496434792930805839512e-03
6.5225227006795143252382020502349002e-03	-2.5134037775173135351631560326601126e-01	2.3728566874488711347374464175372943e-05	4.2185751981655575769787519049555695e-03
6.5403581850494154558581952588481403e-03	-2.3447789450133813170055028887394187e-01	2.3663857473663661462614723144453528e-05	4.2128192126752410007778500187234640e-03
6.5569782413405966001702967391389034e-03	-2.1763760639362354976632251551064270e-01	2.3603874674330819832521449903781320e-05	4.2074766311260970877100581229834788e-03
6.5723797271282266753195173368016365e-03	-2.0081786714327457677785450048464791e-01	2.3548560598067137510883082476570985e-05	4.2025438658687828885372106299168331e-03
6.5865597374904772763918971514249392e-03	-1.8401704423241849621453003447575698e-01	2.3497862154565484810723819988047314e-05	4.1980176193538587950720336079918647e-03
6.5995156039045702747826779658071049e-03	-1.6723351776205491017981416387684904e-01	2.3451730921942172318126121544531491e-05	4.1938948783470202009258527660849564e-03
6.6112448932360748862361995361282606e-03	-1.5046567932555753603132744726552368e-01	2.3410123038299777659081795984828203e-05	4.1901729086746409858393955755808912e-03
6.6217454068201968762277537194614495e-03	-1.3371193090216053059914317155339044e-01	2.3372999104105830023979698639947842e-05	4.1868492504820735698348995085357019e-03
6.6310151796339224662907288127273760e-03	-1.1697068376841060671595419445843079e-01	2.3340324094994782720104524864644276e-05	4.1839217139889753567748444732027876e-03
6.6390524795579964416593638296941586e-03	-1.0024035742562561141054885267638812e-01	2.3312067284645090100940532384450983e-05	4.1813883757276711329204635543587753e-03
6.6458558067278282579081520488945990e-03	-8.3519378541452835773185123584778271e-02	2.3288202177425399422062382187825121e-05	4.1792475752522254360322991084331172e-03
6.6514238929725319100898428498102889e-03	-6.6806179903666405261792511850407690e-02	2.3268706450544150797716299622395155e-05	4.1774979123074974938572234087305427e-03
6.6557557013414152598664326810988416e-03	-5.0099199384382901516229600421893231e-02	2.3253561905475512483450583193749389e-05	4.1761382444489929547844360952007762e-03
6.6588504257173427030161532413772655e-03	-3.3396878912908103317987172854177299e-02	2.3242754428471812392642400429522508e-05	4.1751676851058197571592060759694090e-03
6.6607074905165017825804655109093568e-03	-1.6697663455455582860255597781409423e-02	2.3236273960008695789758941405459980e-05	4.1745856020805081872738835023428300e-03
6.6613265504742098865134576039743852e-03	0.0000000000000000000000000000000000e+00	2.3234114473044368893266566408524469e-05	4.1743916164808752253499259969979461e-03
6.6607074905165017825804655109093568e-03	1.6697663455455582860255597781409423e-02	2.3236273960008695789758941405459980e-05	4.1745856020805081872738835023428300e-03
6.6588504257173427030161532413772655e-03	3.3396878912908103317987172854177299e-02	2.3242754428471812392642400429522508e-05	4.1751676851058197571592060759694090e-03
6.6557557013414152598664326810988416e-03	5.0099199384382901516229600421893231e-02	2.3253561905475512483450583193749389e-05	4.1761382444489929547844360952007762e-03
6.6514238929725319100898428498102889e-03	6.6806179903666405261792511850407690e-02	2.3268706450544150797716299622395155e-05	4.1774979123074974938572234087305427e-03
6.6458558067278282579081520488945990e-03	8.3519378541452835773185123584778271e-02	2.3288202177425399422062382187825121e-05	4.1792475752522254360322991084331172e-03
6.6390524795579964416593638296941586e-03	1.0024035742562561141054885267638812e-01	2.3312067284645090100940532384450983e-05	4.1813883757276711329204635543587753e-03
6.6310151796339224662907288127273760e-03	1.1697068376841060671595419445843079e-01	2.3340324094994782720104524864644276e-05	4.1839217139889753567748444732027876e-03
6.6217454068201968762277537194614495e-03	1.3371193090216053059914317155339044e-01	2.3372999104105830023979698639947842e-05	4.1868492504820735698348995085357019e-03
6.6112448932360748862361995361282606e-03	1.5046567932555753603132744726552368e-01	2.3410123038299777659081795984828203e-05	4.1901729086746409858393955755808912e-03
6.5995156039045702747826779658071049e-03	1.6723351776205491017981416387684904e-01	2.3451730921942172318126121544531491e-05	4.1938948783470202009258527660849564e-03
6.5865597374904772763918971514249392e-03	1.8401704423241849621453003447575698e-01	2.3497862154565484810723819988047314e-05	4.1980176193538587950720336079918647e-03
6.5723797271282266753195173368016365e-03	2.0081786714327457677785450048464791e-01	2.3548560598067137510883082476570985e-05	4.2025438658687828885372106299168331e-03
6.5569782413405966001702967391389034e-03	2.1763760639362354976632251551064270e-01	2.3603874674330819832521449903781320e-05	4.2074766311260970877100581229834788e-03
6.5403581850494154558581952588481403e-03	2.3447789450133813170055028887394187e-01	2.3663857473663661462614723144453528e-05	4.2128192126752410007778500187234640e-03
6.5225227006795143252382020502349002e-03	2.5134037775173135351631560326601126e-01	2.3728566874488711347374464175372943e-05	4.2185751981655575769787519049555695e-03
6.5034751693573093608105874503914861e-03	2.6822671737035363051471461053395892e-01	2.3798065674781864161189716322807825e-05	4.2247484716808496434792930805839512e-03
6.4832192122055215149505354038877989e-03	2.8513859072226009928179328901951780e-01	2.3872421735795234696010238140571320e-05	4.2313432206452296832315000324350920e-03
6.4617586917356717895782495990493540e-03	3.0207769254007967417853764422920883e-01	2.3951708138665383606962630488650899e-05	4.2383639433239165032097384044525249e-03
6.4390977133401254059001158121058459e-03	3.1904573618331639055676251965127823e-01	2.4036003354565158340067115722089230e-05	4.2458154569449143718058080588883291e-03
6.4152406268855983050393366090481797e-03	3.3604445493142213295705812137073534e-01	2.4125391429122682153723463579038873e-05	4.2537029064699399673172142096910282e-03
6.3901920284101846167361194768433936e-03	3.5307560331329841647454835435549981e-01	2.4219962181900696357605501316277278e-05	4.2620317740455558489166830863231085e-03
6.3639567619261146262874089866806627e-03	3.7014095847601418636890617386851648e-01	2.4319811421804579294317240986926820e-05	4.2708078891682433251870666216785749e-03
6.3365399213306098071743418388347439e-03	3.8724232159566738482283466089058202e-01	2.4425041179368528049637098873220083e-05	4.2800374396001213271812752096996527e-03
6.3079468524273651759134181187332298e-03	4.0438151933347114305293572815568866e-01	2.4535759956957255005265337453196602e-05	4.2897269830752117430870066067011406e-03
6.2781831550613601068290932285115254e-03	4.2156040534031181636120098967771481e-01	2.4652082998015850299078861800846295e-05	4.2998834598395881785383552328037326e-03
6.2472546853698773938212070662294892e-03	4.3878086181320670829240592027723874e-01	2.4774132576604000539434963253018910e-05	4.3105142060724490352842600982257838e-03
6.2151675581527973792187017195821325e-03	4.5604480110728535086075454421608242e-01	2.4902038308563429541490111551387953e-05	4.3216269682391544089879993545345854e-03
6.1819281493654300449111505041158471e-03	4.7335416740713085833134220917791625e-01	2.5035937485790233788276402628480942e-05	4.3332299184315896443009003475029322e-03
6.1475430987373537836516831224117135e-03	4.9071093846154851609129779745266441e-01	2.5175975435217831472620305244098471e-05	4.3453316707558996309535190373763890e-03
6.1120193125209458957825602809408107e-03	5.0811712738607890707955042343470404e-01	2.5322305904262763882064478465197968e-05	4.3579412988327137658512130376758349e-03
6.0753639663735175021166690443772421e-03	5.2557478453784417384302651402262130e-01	2.5475091474645959396729894800419228e-05	4.3710683544804925671228737800164410e-03
6.0375845083772054025565774331072260e-03	5.4308599946761029344122380137653462e-01	2.5634504006677833418342496521183273e-05	4.3847228876586182513245485406492711e-03
5.9986886622010263851520379345810508e-03	5.6065290295426752387873271513238104e-01	2.5800725116288475579501327706397404e-05	4.3989154677533731871246608536564606e-03
5.9586844304097666187355824609583830e-03	5.7827766912727769419102828219012659e-01	2.5973946687296099998966089083399194e-05	4.4136572062970576188164903773937466e-03
5.9175800979246611423692966914250574e-03	5.9596251768301322008652723687862619e-01	2.6154371421640072491743819950820772e-05	4.4289597812182533044307893681745915e-03
5.8753842356411172840864494656368957e-03	6.1370971620132135888554421852761246e-01	2.6342213430561615836091490461174484e-05	4.4448354627297117221160877041949039e-03
5.8321057042090523851950002543415987e-03	6.3152158256909128864601813395600296e-01	2.6537698869998470513626662012454806e-05	4.4612971409696112538349345430561298e-03
5.7877536579817518676041979675606965e-03	6.4940048751808444962918102670598232e-01	2.6741066623772440825799185653478227e-05	4.4783583555220732867248096130457339e-03
5.7423375491395099712846365017668793e-03	6.6734885728481392844988846486473267e-01	2.6952569038494367579341925534300168e-05	4.4960333269539487334422524375123799e-03
5.6958671319946940481096544086594820e-03	6.8536917640083061072601782965835007e-01	2.7172472714493572828514441739467408e-05	4.5143369905170918944665657030262297e-03
5.6483524674852759110995297628365338e-03	7.0346399062239694798910586060373742e-01	2.7401059357502669866219175492037164e-05	4.5332850321787488243638761071401141e-03
5.5998039278643023463492501524772241e-03	7.2163591000920856304022020901755928e-01	2.7638626696298864072089832446076370e-05	4.5528939271574382774133788057156276e-03
5.5502322015932336144510589544496263e-03	7.3988761216256521517552346374302753e-01	2.7885489472025206037056926733497315e-05	4.5731809811579476901838863917080893e-03
5.4996482984475659068328136065235522e-03	7.5822184563420217174876290023560499e-01	2.8141980505496193938737030534075842e-05	4.5941643745169765832519140596172179e-03
5.4480635548436738001319638859322366e-03	7.7664143351787782534928074659989358e-01	2.8408451849439047932740606555622571e-05	4.6158632094907292804821851885291936e-03
5.3954896393963645232627272380217188e-03	7.9514927723678132133067594203667743e-01	2.8685276033343315508655724876338713e-05	4.6382975609376070864098018943648111e-03
5.3419385587172303319106120057956090e-03	8.1374836054088381561148122906488226e-01	2.8972847409396821101171409983981629e-05	4.6614885306733248412669463316558545e-03
5.2874226634645217766857019444555816e-03	8.3244175372951861963133120082789018e-01	2.9271583608886325520331919565866127e-05	4.6854583058025587323290469912953583e-03
5.2319546546559467768081888517832621e-03	8.5123261811574995574326609449775058e-01	2.9581927119449178428332914526035693e-05	4.7102302213609396709620598594597300e-03
5.1755475902565321491053369568414752e-03	8.7012421075048974683865755940971726e-01	2.9904346994692138004112577690353845e-05	4.7358288276342009776642872695796553e-03
5.1182148920544699657604858597826032e-03	8.8911988942586074587762412904175486e-01	3.0239340708961941043064126078944314e-05	4.7622799625579818244925572624280104e-03
5.0599703528387156375566333966257518e-03	9.0822311797899807764781949794534769e-01	3.0587436171478165016403686467785530e-05	4.7896108296426474543511519114926123e-03
5.0008281438930132473460784060205245e-03	9.2743747191934762244000506220844128e-01	3.0949193915644359331054533995912199e-05	4.8178500819130483775879578682845230e-03
4.9408028228220022446992908079800235e-03	9.4676664440457861249458511204703678e-01	3.1325209481163647389514703511420944e-05	4.8470279124040147854996416271138937e-03
4.8799093417261146240393525725906879e-03	9.6621445259250194666265553881253441e-01	3.1716116008629282870351596432685307e-05	4.8771761518092691801103139087178027e-03
4.8181630557431102987733615497859777e-03	9.8578484439890066481857346124932091e-01	3.2122587068572890851451217728252492e-05	4.9083283739451424014233995247031841e-03
4.7555797319753284768908518046823927e-03	1.0054819056939638113401076422660471e+00	3.2545339749572693874505963956487261e-05	4.9405200097619181108310262745071459e-03
4.6921755588230632280305185717089530e-03	1.0253098679731025650534477712674370e+00	3.2985138032996685284073135022039179e-05	4.9737884707158699339985308021623667e-03
4.6279671557459118697000925449786835e-03	1.0452731165413555905927010598129724e+00	3.3442796485334802771589012763548477e-05	5.0081732824053180513247922849288882e-03
4.5629715834755061484848866741376366e-03	1.0653761992544019064400631608182348e+00	3.3919184302921952629499332446238856e-05	5.0437162294757324142187285671750489e-03
4.4972063547047305442214102786103258e-03	1.0856238358634430892377584124596258e+00	3.4415229748243114116494277043987474e-05	5.0804615129136852584942549778567694e-03
4.4306894452803728717253567495519558e-03	1.1060209280159483181841159273929426e+00	3.4931925022028170876697710419807165e-05	5.1184559209792053527129843438739103e-03
4.3634393059281547674830270442864069e-03	1.1265725699695397747945952817941359e+00	3.5470331621088008425749120749336941e-05	5.1577490151730179283222107137446203e-03
4.2954748745412704924161958306629896e-03	1.1472840600822059507332869515207229e+00	3.6031586238433093087269676758329096e-05	5.1983933328018387418468446150663685e-03
4.2268155890659406576506057469149838e-03	1.1681609131486512927742068991972506e+00	3.6616907269790900836655051250301210e-05	5.2404446078943297295630456484737998e-03
4.1574814010200842069014133711345323e-03	1.1892088736600201309141350550513736e+00	3.7227601999364533162872115522984334e-05	5.2839620124360288596533056963925510e-03
4.0874927896840511275282592783756711e-03	1.2104339300725840087325346394629175e+00	3.7865074547747822821456471187352194e-05	5.3290084201376559878986691300908393e-03
4.0168707770054667914905918266142770e-03	1.2318423301803852416651698098294163e+00	3.8530834676565570299498640670429563e-05	5.3756506952325101549323939945553416e-03
3.9456369432636468807134773028260701e-03	1.2534405976974376677820969750900641e+00	3.9226507557919616185735859579180596e-05	5.4239600091209153352605888516699694e-03
3.8738134435427838239706091740350473e-03	1.2752355501670748272845439700497948e+00	3.9953844632425152926133480136669978e-05	5.4740121880495786851937139196878169e-03
3.8014230250672204130057195146268242e-03	1.2972343183296122478708115550926768e+00	4.0714735697916283477014769817818736e-05	5.5258880954392775606105318455066165e-03
3.7284890454566578678368550147003645e-03	1.3194443670948949519644958438482106e+00	4.1511222392265599196687027399247703e-05	5.5796740529649653165952699390639515e-03
3.6550354919641442334928595388286710e-03	1.3418735182838159421074609604372535e+00	4.2345513258778869041595245952270385e-05	5.6354623050594659949055761212081224e-03
3.5810870017652117675115622918488644e-03	1.3645299753228478083648423731616523e+00	4.3220000611993967734149810300218131e-05	5.6933515321688914228631855651738362e-03
3.5066688833726442005890653309828177e-03	1.3874223500984182971670528454937925e+00	4.4137279456284153769714807677980469e-05	5.7534474188509035627721136147287316e-03
3.4318071392581311523568583000195382e-03	1.4105596922040430419747123160714406e+00	4.5100168750476578080510388006461604e-05	5.8158632836953547387851179162431565e-03
3.3565284897695933066532158782396094e-03	1.4339515208430512343932068105477036e+00	4.6111735360014698595224621588630792e-05	5.8807207790840441046967749604723820e-03
3.2808603984413368180198761038390301e-03	1.4576078596841522128171674104588618e+00	4.7175321095572413731474154848634859e-05	5.9481506700205962254671815162313414e-03
3.2048310988035325472716428779429113e-03	1.4815392750067667484194910979193217e+00	4.8294573305381638840437065121190406e-05	6.0182937026870922266241461115695703e-03
3.1284696228079465616646421665618046e-03	1.5057569175189116234302832954522808e+00	4.9473479570228201366715861861364281e-05	6.0913015750628229659813781736201469e-03
3.0518058309985252497567728723614037e-03	1.5302725682835900427551298109964367e+00	5.0716407148036673223571986773603051e-05	6.1673380239234156404294138161149871e-03
2.9748704445685384871848418618781499e-03	1.5550986892514397676360467993794506e+00	5.2028147932857096496573944062500700e-05	6.2465800448882045032810730323230951e-03
2.8976950794607139778468691873574755e-03	1.5802484789694398404410625115951658e+00	5.3413969835456553881713033504390515e-05	6.3292192649771565525629992138426176e-03
2.8203122826833965315996421648825288e-03	1.6057359341197326226381970351533657e+00	5.4879675665349747521814233672845433e-05	6.4154634904712391221433107090202456e-03
2.7427555710345206703837605162708794e-03	1.6315759176414628786227763679584489e+00	5.6431670804225175651022466553375841e-05	6.5055384568601877789799102174982427e-03
2.6650594724464266053096034715368525e-03	1.6577842343048810802749082787268311e+00	5.8077041217532502406953287770140882e-05	6.5996898124568261131429067296183581e-03
2.5872595701886714507246961185218407e-03	1.6843777147443765834777778901401816e+00	5.9823643666213225861418663844217868e-05	6.6981853730423831795667055078041663e-03
2.5093925501934553068637331878334645e-03	1.7113743091200011140631268404680625e+00	6.1680210369198645270798292054453268e-05	6.8013176919155478751547869775648977e-03
2.4314962517996493737362049932686774e-03	1.7387931917708658845757587896477320e+00	6.3656470848713174797707643315953022e-05	6.9094069982439955800273353124987648e-03
2.3536097222473416045392006018085547e-03	1.7666548784553287067522443925404088e+00	6.5763294289672152210999876212814117e-05	7.0228045670356862686289078150711076e-03
2.2757732752960967647070471382316820e-03	1.7949813580506095417604541210079625e+00	6.8012856494217335522073269117629196e-05	7.1418965968378130352944527279897940e-03
2.1980285543877154806145568146740602e-03	1.8237962409190394161347745844595256e+00	7.0418836455526783680183597641977977e-05	7.2671086870506050796991917102714656e-03
2.1204186008293232619275753892601412e-03	1.8531249265530221242100164493393939e+00	7.2996648768008589916849519687587153e-05	7.3989110263093533709593070640437445e-03
2.0429879275365248084012886974048776e-03	1.8829947936030798913071542697666662e+00	7.5763719608977005605920578923960246e-05	7.5378244277803448262510187376284417e-03
1.9657825989508284691545291759662961e-03	1.9134354159949359130175546155209488e+00	7.8739815970483505189552175122298874e-05	7.6844273777972833198808788179537874e-03
1.8888503178326742975230290143776245e-03	1.9444788095805975568781338870438535e+00	8.1947440324759789297863747771567742e-05	7.8393643028326825982321826812882302e-03
1.8122405197337682561412136477903354e-03	1.9761597146812857975841647724813935e+00	8.5412306157083587233475872222594149e-05	8.0033553087450810955059600155776744e-03
1.7360044760732356175067887462870708e-03	2.0085159210143345739369331442359518e+00	8.9163914048510048400758334595486144e-05	8.1772077087723825806396053509324487e-03
1.6601954068853508911592806022071516e-03	2.0415886429142977486799967323286991e+00	9.3236253587294246985523317308422701e-05	8.3618297371836656404413405212356738e-03
1.5848686044772908414386206846092064e-03	2.0754229545431283968495099798668418e+00	9.7668663819791559087987513652447801e-05	8.5582469497563032063083696766568999e-03
1.5100815694398231874981022049127114e-03	2.1100682970458189350817262965823959e+00	1.0250689490689907940622901673634438e-04	8.7676219484258553422335275327230149e-03
1.4358941607001437138024225104124709e-03	2.1455790724949859418733382202946829e+00	1.0780442711051168540484082816427310e-04	8.9912782468298305131050353833557338e-03
1.3623687616045389785573609771157178e-03	2.1820153431826771950081922725009651e+00	1.1362412160766449303894242530520944e-04	9.2307293318408092921623564391373335e-03
1.2895704643825311245331196676398277e-03	2.2194436596377126211890656137415907e+00	1.2004030297622683741909077737323994e-04	9.4877142959834046177324303361801788e-03
1.2175672757910571390412188301131289e-03	2.2579380470573082323643658535413936e+00	1.2714140855455896875924169437605861e-04	9.7642418490374800318100253414348982e-03
1.1464303472899371160678072269539160e-03	2.2975811881831928781242021243616686e+00	1.3503338979828808948302789479547942e-04	1.0062645110924294724798260145107561e-02
1.0762342337887992252907800641732732e-03	2.3384658517930350138265130617349943e+00	1.4384412215174380132184697635185175e-04	1.0385650411062086570757554769183257e-02
1.0070571858715660155173793051192743e-03	2.3806966310235061711585416591013312e+00	1.5372918348512134120830745327331657e-04	1.0736464474757920401325391250458458e-02
9.3898148150297502544225271003089256e-04	2.4243920763061642346217619814237969e+00	1.6487951356202592029676095648473746e-04	1.1118886021240533073410183606869593e-02
8.7209380462855395282163731950499841e-04	2.4696873361749963853106239233361328e+00	1.7753169506105074410349348661413947e-04	1.1537450172083611746085123775722022e-02
8.0648567990104491436675672280493879e-04	2.5167374592026266169154831674871229e+00	1.9198194403666069784825361371223537e-04	1.1997617552762304768494112085321708e-02
7.4225397515231059800388779062326117e-04	2.5657215673780182697415513481392463e+00	2.0860543714962102564999535420686138e-04	1.2506025173256835400081439534701440e-02
6.7950148639532930590179474742993145e-04	2.6168481940201371062568548828526499e+00	2.2788345879318510439993922276599314e-04	1.3070824095363046813025042678749877e-02
6.1833762440009135220400280100439765e-04	2.6703622016969808295074018076455125e+00	2.5044224122138294649497286390948165e-04	1.3702141213859252083045730197575360e-02
5.5887922770758721645868306768256827e-04	2.7265538803115419160557796655093280e+00	2.7710968807159304197074023704799105e-04	1.4412722093389555073835081744567072e-02
5.0125153503843641552530305272073610e-04	2.7857711107666343923412239389325976e+00	3.0900014907299329127713002304130428e-04	1.5218843862804537647682423435320904e-02
4.4558936152343405238701860166564594e-04	2.8484359317253538971794439000087319e+00	3.4764446769371240710914080583208258e-04	1.6141641135357137625880134019952469e-02
3.9203853980057845871849566471309859e-04	2.9150675847871784134211028062866816e+00	3.9519550621111035121809319525508341e-04	1.7209081840278933759538694112459166e-02
3.4075771169839773779092420858993182e-04	2.9863153581802639286797473737868621e+00	4.5476428132248772204305414033765848e-04	1.8458999618273019928875023153006375e-02
2.9192059391808205645191689473768468e-04	3.0630067311189164458851382289423666e+00	5.3099211035089616500892306565375564e-04	1.9943910032356806305483724872386404e-02
2.4571890062198978210970520346655560e-04	3.1462203201423021348212228460911721e+00	6.3107149843221582165059345915081549e-04	2.1738974974979960000994261848210372e-02
2.0236620341807304565061162541309373e-04	3.2374008533434316930871379102568804e+00	7.6667378727989819065695395730112958e-04	2.3955824601021653161503473816889597e-02
1.6210317674387113224073021349081187e-04	3.3385492883920040512602974703810569e+00	9.5785022590476590732012826992969349e-04	2.6767999255742015832906810973679980e-02
1.2520498048151318860226173409270628e-04	3.4525564964007258755747208380034286e+00	1.2416454941613756105688161111314955e-03	3.0461353584694320283124783774446325e-02
9.1992121276218851123008051291582621e-05	3.5838353686554347858633302697465070e+00	1.6933991407421211982497777845106112e-03	3.5543843830609527451517304492801295e-02
6.2847379545724096236103649094962559e-05	3.7396463494177460069882412387485885e+00	2.4882470214921215028308373688085967e-03	4.3017219960897110197630861115431750e-02
3.8244315212256459475537694440794352e-05	3.9333054834175794067277771221938578e+00	4.1242053108705573582234327822480736e-03	5.5184764579602158913569668123441340e-02
1.8800550097964330229036704394591442e-05	4.1938733416429210489649950432384367e+00	8.6145834284146914022069103012292645e-03	7.8876423758490121212030687405653930e-02
5.3613494460357223036877877003355459e-06	4.6102503129577921464028530846900989e+00	4.0198968843598939864471493184633742e-02	1.5012324057817856457274228857239937e-01
0.0000000000000000000000000000000000e+00	0.0000000000000000000000000000000000e+00	4.0240147896096064426850436451869668e-05	5.1124578742012648299170043642668981e-03