4.9799044364625170831186949115292703e-06	-4.6255919885702595729913975832640371e+00	3.9968283709835250721472612342324672e-02	1.4967863749445231043944633391162219e-01
1.7474538446077487770036313929475452e-05	-4.2104962695088365551827350889342212e+00	8.5585442954000938710738890920520895e-03	7.8617699461491319313311195574830323e-02
3.5566690345650822293509049528544969e-05	-3.9508146047220722361032879503121870e+00	4.0950332027027551699536330632376153e-03	5.4988587148455363849078038201981927e-02
5.8475466622954937293506776974953916e-05	-3.7578652896806498542807554149891824e+00	2.4694359164466527315136375551564496e-03	4.2853973417595442792329932871859582e-02
8.5630027043315319462118102661131545e-05	-3.6026614166598352795577940050078442e+00	1.6798601870804772673734010039421603e-03	3.5401272340548787583750032161697949e-02
1.1659259954194151500329769415235152e-04	-3.4719215476976854507719778304866954e+00	1.2312225506118252065453999681635931e-03	3.0333101631158051677262039223753138e-02
1.5100927331022111217271871228897531e-04	-3.3584045219624551212918445177303977e+00	9.4945247978953192570356751090847506e-04	2.6650309051325470428264123081227303e-02
1.8858366888125540026820731800432670e-04	-3.2577093971067801946527262721144442e+00	7.5968196285451873185572313557837973e-04	2.3846272909376934740898355147090741e-02
2.2906130189381916946602859059295279e-04	-3.1669532672392348275616268824482261e+00	6.2510416718071584846526249829373317e-04	2.1635899320002812549795097873088409e-02
2.7221954946385180482273690251728549e-04	-3.0841407762908425202526999784198078e+00	5.2579959562511099796844221978943313e-04	1.9846115528500746059597023291795049e-02
3.1786082987398077167086572049870943e-04	-3.0078313003980934193057956285930860e+00	4.5017523747087857887342967735295985e-04	1.8365595700996670745114359794506301e-02
3.6580775653538535837110735740587966e-04	-2.9369493293468861439968905298895219e+00	3.9108781261024897008767374757016226e-04	1.7119385125664281558177034310582448e-02
4.1589957176159348191612521591408612e-04	-2.8706697977822077824804815111108843e+00	3.4392835136871823524737053770373493e-04	1.6055114513051458736548958419279810e-02
4.6798944652118787173392465542764087e-04	-2.8083453346953755205073025204291588e+00	3.0560789097570602242851988897454327e-04	1.5135056642406670094018203457234003e-02
5.2194238706550945814074701633392263e-04	-2.7494582495907559337769136735946824e+00	2.7398907641459861666456502994784206e-04	1.4331322986204370393451994045259894e-02
5.7763357946480056694350198356362918e-04	-2.6935877786686760377236448425781012e+00	2.4755225838931492348677605608701265e-04	1.3622839460009927750396849098314821e-02
6.3494705804390720650185951640641534e-04	-2.6403871032699074296459673360432528e+00	2.2519135281051492826288670207535649e-04	1.2993375938746916149850341875285761e-02
6.9377461852757544603732940141297190e-04	-2.5895668292356071542021090416967344e+00	2.0608468071769048500261147597648343e-04	1.2430223951708803113094529246071615e-02
7.5401491949983478315027368693707657e-04	-2.5408828573762476513759087673209247e+00	1.8961077936676959119072238787539892e-04	1.1923286294953799718910317776846306e-02
8.1557273113295001036057345665376090e-04	-2.4941273111118832867482673453198313e+00	1.7529207533005270464869300544168351e-04	1.1464435971677405024794698768315022e-02
8.7835830073823255778476384954985613e-04	-2.4491216382575798256605098960842667e+00	1.6275631903437517600881355671169661e-04	1.1047055696155375718875549645486078e-02
9.4228681216695560322550660867563807e-04	-2.4057112884203687243311443518793441e+00	1.5170963170398186940349581245775874e-04	1.0665701172118288068045967840380893e-02
1.0072779214667341762050783159822341e-03	-2.3637615516725032921782179043324009e+00	1.4191731774234725549411080398068736e-04	1.0315850919086609164001156494062360e-02
1.0732553551336279017188659078399139e-03	-2.3231542662116080214707007109272223e+00	1.3318997635029600860425848637797949e-04	9.9937177068272239808211514128753717e-03
1.1401465602248024524316421807078652e-03	-2.2837851852760086496451181937552768e+00	1.2537329624585321430538944712532083e-04	9.6961045586022398437985540502363804e-03
1.2078823978010036699861343074613458e-03	-2.2455618504841399268063830060173241e+00	1.1834045315311397778041053605342497e-04	9.4202934730340697028427298998513126e-03
1.2763968728510392722900256806382175e-03	-2.2084018586556875244971834519823730e+00	1.1198637472272769120969311551335565e-04	9.1639584889721840530896201609777759e-03
1.3456268951503483912444322064246464e-03	-2.1722314375714718597736368982635484e+00	1.0622336403891476719832434125059467e-04	8.9250970854336941566863398112023783e-03
1.4155120665205386460166886118118277e-03	-2.1369842666371010089969231301706630e+00	1.0097772422596110208573782126402865e-04	8.7019755482351036995612238168428152e-03
1.4859944907568317806279192590635141e-03	-2.1026004934191401551672194109455395e+00	9.6187129477965087871880490814771701e-05	8.4930850871412119219754711901145366e-03
1.5570186031268701785983354377431460e-03	-2.0690259081320599100162862690756053e+00	9.1798558727817798196547623128199468e-05	8.2971063081775020476644499140032474e-03
1.6285310168550029521421841222369954e-03	-2.0362112464722972569505632258734445e+00	8.7766657738392292779298081790497369e-05	8.1128802379022596730927508244393625e-03
1.7004803844190815081067882384816269e-03	-2.0041115974884252746186852284127750e+00	8.4052430505090992470430487413576707e-05	7.9393845286373508560419273183122512e-03
1.7728172718230978403334949598488163e-03	-1.9726858979828249610315606926111731e+00	8.0622186022909415568676418352745005e-05	7.7757137925625733311292140078528882e-03
1.8454940442847713868018238818030349e-03	-1.9418964986444908106140551807262646e+00	7.7446684711403185086417756477203741e-05	7.6210632502845802786021120994774909e-03
1.9184647620047665609603347363387148e-03	-1.9117087899914591895009356616477135e+00	7.4500442151303801026577080947179651e-05	7.4747150583601292942269951984343017e-03
1.9916850848731470980768025398911010e-03	-1.8820908784563929750401907163987030e+00	7.1761157668802359262638777376772246e-05	7.3360268160492494025647329556284744e-03
2.0651121851263893607706417306404649e-03	-1.8530133047283495353614107944273497e+00	6.9209242680635575586872242821243097e-05	7.2044218555327327429523548634832315e-03
2.1387046671006348128246153222871893e-03	-1.8244487978777780761573677850386805e+00	6.6827429267934455501668732170186457e-05	7.0793810000414068329633918350310686e-03
2.2124224933384919130798474668949947e-03	-1.7963720599227826453001930010467151e+00	6.4600443663687319065549656294750491e-05	6.9604355366954552981444052348547178e-03
2.2862269164012884142982855657293457e-03	-1.7687595764049129578434076465182186e+00	6.2514732564595798812232593118971214e-05	6.8471611996580892097347394805317350e-03
2.3600804158191838521339143140065252e-03	-1.7415894492795982384797570257083634e+00	6.0558232663953549949193649880491796e-05	6.7391729976648194944646579105896687e-03
2.4339466396803640551336301474076024e-03	-1.7148412490261582563175722111116789e+00	5.8720175730976591265965037907446128e-05	6.6361207504821945418086516732578462e-03
2.5077903504195893541814049958880721e-03	-1.6884958833731699824814087678489427e+00	5.6990923068399348421387321034824632e-05	6.5376852231715362985326293977669958e-03
2.5815773744172332944288765073215241e-03	-1.6625354804386483189907096897271821e+00	5.5361824363954021041948109395304102e-05	6.4435747665425170365135952190553874e-03
2.6552745550639219057341255454309544e-03	-1.6369432844180755342389771212954125e+00	5.3825096887156933321841506297922017e-05	6.3535223879147457149455948313083004e-03
2.7288497089840296797229326517547535e-03	-1.6117035622302114322668344970870831e+00	5.2373721726755645911998073868241026e-05	6.2672831890587094970580584736109061e-03
2.8022715851444882033003893266706038e-03	-1.5868015197614596399249547159519262e+00	5.1001354358762863296110712609413388e-05	6.1846321185754190929575050950151900e-03
2.8755098266043488860145653781534193e-03	-1.5622232265428091552354201016215504e+00	4.9702247312639404337756297697303085e-05	6.1053619944750174648114881998422315e-03
2.9485349346859231933359404326865973e-03	-1.5379555478557769179980149301171715e+00	4.8471183088765446034726891359021324e-05	6.0292817597022236472872459117268755e-03
3.0213182353706139887729804066547002e-03	-1.5139860834007826208102592816295540e+00	4.7303415793057727331374889203484845e-05	5.9562149391246552399278313920498076e-03
3.0938318477421803650158674785016592e-03	-1.4903031117773817467879468241801008e+00	4.6194620209354477349498884719165727e-05	5.8859982712810332781360220765206984e-03
3.1660486543175089830440138705334291e-03	-1.4668955401243290835613285358254351e+00	4.5140847238631194630706255938045962e-05	5.8184804921644676652469377581947413e-03
3.2379422731203051571583835377304562e-03	-1.4437528583514454818642899259278242e+00	4.4138484805354089275374644731837194e-05	5.7535212516386497000006494805449720e-03
3.3094870313667282616223725354968283e-03	-1.4208650974670907003746748782794691e+00	4.3184223472518307545815180181270505e-05	5.6909901458698569053948527306236141e-03
3.3806579406441014995736058465349496e-03	-1.3982227915666562912411544024209120e+00	4.2275026123854229930070350562062822e-05	5.6307658515002423211106236785809053e-03
3.4514306734746164138897311171558638e-03	-1.3758169431004941050762528267035000e+00	4.1408101168852808399045299940688564e-05	5.5727353492647946840273527204931786e-03
3.5217815411655913732627860605307342e-03	-1.3536389910854204508521037990293401e+00	4.0580878807285653507756880535562302e-05	5.5167932264280289919917286601848128e-03
3.5916874728564714253995873439288606e-03	-1.3316807819634900639435527326685474e+00	3.9790989957687823104590846273888903e-05	5.4628410488377779302201064258077293e-03
3.6611259956804958402388808280320643e-03	-1.3099345428460404734067501303585503e+00	3.9036247511176914654719238325575128e-05	5.4107867946040382976801096236886049e-03
3.7300752159659144454901646280760101e-03	-1.2883928569108377965136809221427703e+00	3.8314629619899476080210336864380440e-05	5.3605443424448772751609704308180285e-03
3.7985138014078956158734500564892906e-03	-1.2670486407461568888786971675341883e+00	3.7624264769866948613925181386599816e-05	5.3120330086271035681063114387260927e-03
3.8664209641479167497676268131197816e-03	-1.2458951234583470586810954207248459e+00	3.6963418422225512735927996614089928e-05	5.2651771271900644906112752769643448e-03
3.9337764447025313073079982247637153e-03	-1.2249258273793291871963791123670818e+00	3.6330481036125897260633813307170888e-05	5.2199056687958790215446983321795106e-03
4.0005604966880253155506688775667902e-03	-1.2041345502279304719496159711722705e+00	3.5723957311164850845829273119307773e-05	5.1761518941147533757291728484308921e-03
4.0667538722916634831692744987739159e-03	-1.1835153485943196703516922574320148e+00	3.5142456508555092453096472791310331e-05	5.1338530381431865320495941610908286e-03
4.1323378084440270492339996433539752e-03	-1.1630625226303400223691279581262440e+00	3.4584683728319874414492157237260825e-05	5.0929500222771096008715584436690988e-03
4.1972940136504029628940828261654527e-03	-1.1427706018404890707707655415105698e+00	3.4049432035378176658201847956943657e-05	5.0533871913307628779956906576645488e-03
4.2616046554423328516200374400154548e-03	-1.1226343318788697889961286747759417e+00	3.3535575340783031659059698786632199e-05	5.0151120730133537185797854872669567e-03
4.3252523484133021757320896810623496e-03	-1.1026486622668119335605652380121307e+00	3.3042061955928750151961292044429713e-05	4.9780751576559742500038184074950963e-03
4.3882201428051730158934141258447050e-03	-1.0828087349541877970205436290009153e+00	3.2567908747528954325379901821334727e-05	4.9422296962265767584997396373486206e-03
4.4504915136143629356170456439567053e-03	-1.0631098736548530275597663312253128e+00	3.2112195829817786948579975571773545e-05	4.9075315148858320928975917036843898e-03
4.5120503501889693511941742925927234e-03	-1.0435475738932435729351743131088122e+00	3.1674061737936016732451671112229321e-05	4.8739388445255380922679225407858071e-03
4.5728809462900534337814644928451370e-03	-1.0241174937050516027513962744063419e+00	3.1252699032995973984244246848974878e-05	4.8414121638974018399209394012483134e-03
4.6329679905921472280612844862872623e-03	-1.0048154449401710174003696050154557e+00	3.0847350295012859691805284215677947e-05	4.8099140550864838615406976359169923e-03
4.6922965575997479822781428377451569e-03	-9.8563738512082033761700006750863287e-01	3.0457304464862300379475499932359183e-05	4.7794090702129276359288693520027563e-03
4.7508520989581285720322008901953011e-03	-9.6657940981198135625596551631598115e-01	3.0081893500774667295657809121301981e-05	4.7498636083600046973178759816006507e-03
4.8086204351382348301648479233503622e-03	-9.4763774546509172794795507472441166e-01	2.9720489318690382742893906981482677e-05	4.7212458018278775309736972458793387e-03
4.8655877474767707415975052572212641e-03	-9.2880874269934744407410628423612399e-01	2.9372500989149460081143848760198311e-05	4.6935254109024516665834969241186067e-03
4.9217405705538008568241624667259070e-03	-9.1008886998804959208822916526744737e-01	2.9037372166334620165147720071207828e-05	4.6666737264086648640554354895392586e-03
4.9770657848913349399986283144482364e-03	-8.9147470772020638380109883560492685e-01	2.8714578727483379678696337064500397e-05	4.6406634793887654529911981456551017e-03
5.0315506099574109172653256981357267e-03	-8.7296294261010906455368366713479700e-01	2.8403626603175897568219316284969143e-05	4.6154687573096220091474501827765304e-03
5.0851825974611659488518258879996843e-03	-8.5455036242986794583094767299457911e-01	2.8104049781031115861284274164810371e-05	4.5910649262598020309346419395707492e-03
5.1379496249252885233315537108489734e-03	-8.3623385104194796801348960796919294e-01	2.7815408467137458346051191151151245e-05	4.5674285586478583084011427583894921e-03
5.1898398895230828384255869273940506e-03	-8.1801038371060443876664802095771648e-01	2.7537287391135072337429512377801758e-05	4.5445373659586659204863534420486650e-03
5.2408419021681557968672634779708242e-03	-7.9987702267280883885262794009413237e-01	2.7269294242279408073310159197921099e-05	4.5223701361653695710491042109242546e-03
5.2909444818454616083246994407083783e-03	-7.8183091295078949383839906533884137e-01	2.7011058225072565669898022982489149e-05	4.5009066754310633298253741785376142e-03
5.3401367501731136952626470606159811e-03	-7.6386927838970813402330729222794772e-01	2.6762228724168166632195966629577142e-05	4.4801277537671998715467690531594606e-03
5.3884081261850023909083895850307201e-03	-7.4598941790526481214736711747626456e-01	2.6522474069253926223987913045008711e-05	4.4600150543453239516809320770606387e-03
5.4357483213248434646263662183090771e-03	-7.2818870192718268771451894200682691e-01	2.6291480391507896103289442330796729e-05	4.4405511261854054758434082604196226e-03
5.4821473346428301588760990423639050e-03	-7.1046456902558183413027318497435614e-01	2.6068950564021970264730194168905504e-05	4.4217193399681283577274362737278481e-03
5.5275954481865732216592321351322329e-03	-6.9281452270821730469908621248169317e-01	2.5854603219300584024997144149857845e-05	4.4035038467402521275979325851501105e-03
5.5720832225784921515915081535941449e-03	-6.7523612837743997880842006375668904e-01	2.5648171837583107709569138694447126e-05	4.3858895393018509255290065024410994e-03
5.6156014927722690816870595005633985e-03	-6.5772701043654704425516116731595597e-01	2.5449403900313588500498489921402285e-05	4.3688620160820674740174310159593193e-03
5.6581413639813967377087196730530715e-03	-6.4028484953592937749680471607617190e-01	2.5258060103598549323826814734899076e-05	4.3524075473261912449914830557249922e-03
5.6996942077732458463001084722021869e-03	-6.2290737995010185408014085637665098e-01	2.5073913626958949879233024454506793e-05	4.3365130434315517759940554975864486e-03
5.7402516583224471881762322507932085e-03	-6.0559238707732540376237132795907737e-01	2.4896749453101818063185245139286039e-05	4.3211660252830621844173189513765189e-03
5.7798056088177309825364071947138634e-03	-5.8833770505410149183193852580271308e-01	2.4726363734815464580634086439957070e-05	4.3063545964513897218156324608647873e-03
5.8183482080166930947151596022552588e-03	-5.7114121447734522196516680268288995e-01	2.4562563205434008032336484985148763e-05	4.2920674171277901873358927020258009e-03
5.8558718569432651915194870790864554e-03	-5.5400084022752652369107402732633678e-01	2.4405164629626058888965077770444869e-05	4.2782936796797285738124489276418545e-03
5.8923692057229558189210293140053461e-03	-5.3691454938651361040348500454001678e-01	2.4253994291542287390530228388996858e-05	4.2650230857206152976195039825144415e-03
5.9278331505512027264853141432398446e-03	-5.1988034924426241064917946496166488e-01	2.4108887517610289099238987851258208e-05	4.2522458245954014096148707502703853e-03
5.9622568307904347941689714020520752e-03	-5.0289628538887300086680919510377689e-01	2.3969688231495374991515736747427428e-05	4.2399525531914739248379406611453996e-03
5.9956336261916857211560687270914375e-03	-4.8596043987488192648323773769300357e-01	2.3836248538955060704893850052959666e-05	4.2281343769913424817416149855444149e-03
6.0279571542368322217321629665441448e-03	-4.6907092946498015489883837491319212e-01	2.3708428340505256084591077075011624e-05	4.2167828322900725065110970759565273e-03
6.0592212675977477728045225478601055e-03	-4.5222590394064248967671250217483917e-01	2.3586094969989371597463209525240337e-05	4.2058898695063531902634471628689028e-03
6.0894200517088698356407310279425293e-03	-4.3542354447742761180810005153656564e-01	2.3469122857299466167959524417034381e-05	4.1954478375215405803842680176133308e-03
6.1185478224498747318273626983413973e-03	-4.1866206208096033428162697360803074e-01	2.3357393213642683005000776519036104e-05	4.1854494689860316711988316478541075e-03
6.1465991239353407339127929201493031e-03	-4.0193969607984082350920347422942613e-01	2.3250793737877916483094585681795564e-05	4.1758878665369448631332631737006435e-03
6.1735687264084571256381154141635307e-03	-3.8525471267194096546609577287884617e-01	2.3149218342568142135422449553789784e-05	4.1667564898753419145270978469142254e-03
6.1994516242360056378792293306423086e-03	-3.6860540352074710741474088606268290e-01	2.3052566898504215203336753507913355e-05	4.1580491436551593944523637195574192e-03
6.2242430340020013731617202693205548e-03	-3.5199008439859233452481489256275673e-01	2.2960744996557181060441488189366148e-05	4.1497599661396533804783382031878142e-03
6.2479383926975336522708930632976042e-03	-3.3540709387379137815287965609347176e-01	2.2873663725809124099193327061025867e-05	4.1418834185845266528511651336473844e-03
6.2705333560044936725289686357924741e-03	-3.1885479203884823003150319700999813e-01	2.2791239466998103171848990890439720e-05	4.1344142753100273318063834368823289e-03
6.2920237966710159463923487271666007e-03	-3.0233155927705149209649397891450524e-01	2.2713393700391495992213407009273931e-05	4.1273476144272039626775947218493013e-03
6.3124058029765946478019777251248516e-03	-2.8583579506490627851787456296998039e-01	2.2640052827274747014882016471968424e-05	4.1206788091861946433735843063137453e-03
6.3316756772849646605073505698742115e-03	-2.6936591680797488106420584175440413e-01	2.2571148004309666281463851190661574e-05	4.1144035199169352838806570378523063e-03
6.3498299346829606997299845254482545e-03	-2.5292035870781211739278210436436970e-01	2.2506614990078588510349690344184682e-05	4.1085176865350112521207077639323836e-03
6.3668653017036867446381941995784213e-03	-2.3649757065778594628712587147984299e-01	2.2446394003188351184648008913878242e-05	4.1030175215875628178995092463362366e-03
6.3827787151324425310651445198344957e-03	-2.2009601716567013767799974802679810e-01	2.2390429591361622735845597259586485e-05	4.0978995038162019888072831076432934e-03
6.3975673208939643487821011141535206e-03	-2.0371417630098405814618720679935956e-01	2.2338670510993003386476175519955465e-05	4.0931603722158194144106013091210703e-03
6.4112284730196441844182320900701850e-03	-1.8735053866513545479481217434507385e-01	2.2291069616693893419104584102984063e-05	4.0887971205699668584014903286807822e-03
6.4237597326934946523061994651697354e-03	-1.7100360638249592671203203199436480e-01	2.2247583760393707377860117853072142e-05	4.0848069924452042172216962268731937e-03
6.4351588673757274486689932491624690e-03	-1.5467189211060595657484063103792378e-01	2.2208173699605911389199274952177185e-05	4.0811874766284102856769759973058074e-03
6.4454238500029105236183703897619225e-03	-1.3835391806776728928737755905831005e-01	2.2172804014505853510293843372642114e-05	4.0779363029925827852501207343198061e-03
6.4545528582637640521177700100601866e-03	-1.2204821507633540786535733255022446e-01	2.2141443033503701349640510744411650e-05	4.0750514387781042730155275044995929e-03
6.4625442739497478500463774826207759e-03	-1.0575332162007415345543355702582864e-01	2.2114062767030235717470248697714509e-05	4.0725310852778345499460579765993511e-03
6.4693966823796833655779210769337105e-03	-8.9467782913978419408699046440450673e-02	2.2090638849285995589330146580950965e-05	4.0703736749157146844127871310030131e-03
6.4751088718977420112564055455961503e-03	-7.3190149985009542246172249010322093e-02	2.2071150487735535398338311997217112e-05	4.0685778687098399053169064231007535e-03
6.4796798334442186126482826481851075e-03	-5.6918978762221710927586254446615757e-02	2.2055580420158535070842338241543147e-05	4.0671425541121851507058130013966691e-03
6.4831087601985943527334627945297058e-03	-4.0652829174786589530008700132220904e-02	2.2043914879098379774492465972577175e-05	4.0660668432183543921198688577008660e-03
6.4853950472944779988812327463193775e-03	-2.4390264256447541689631749585740474e-02	2.2036143563576774204173439896277306e-05	4.0653500713418791114409255630565834e-03
6.4865382916060976180160487080113182e-03	-8.1298492549544784205258937953413897e-03	2.2032259617970141719995488825688027e-05	4.0649917959487183606330542436129187e-03
6.4865382916060976180160487080113182e-03	8.1298492549544784205258937953413897e-03	2.2032259617970141719995488825688027e-05	4.0649917959487183606330542436129187e-03
6.4853950472944779988812327463193775e-03	2.4390264256447541689631749585740474e-02	2.2036143563576774204173439896277306e-05	4.0653500713418791114409255630565834e-03
6.4831087601985943527334627945297058e-03	4.0652829174786589530008700132220904e-02	2.2043914879098379774492465972577175e-05	4.0660668432183543921198688577008660e-03
6.4796798334442186126482826481851075e-03	5.6918978762221710927586254446615757e-02	2.2055580420158535070842338241543147e-05	4.0671425541121851507058130013966691e-03
6.4751088718977420112564055455961503e-03	7.3190149985009542246172249010322093e-02	2.2071150487735535398338311997217112e-05	4.0685778687098399053169064231007535e-03
6.4693966823796833655779210769337105e-03	8.9467782913978419408699046440450673e-02	2.2090638849285995589330146580950965e-05	4.0703736749157146844127871310030131e-03
6.4625442739497478500463774826207759e-03	1.0575332162007415345543355702582864e-01	2.2114062767030235717470248697714509e-05	4.0725310852778345499460579765993511e-03
6.4545528582637640521177700100601866e-03	1.2204821507633540786535733255022446e-01	2.2141443033503701349640510744411650e-05	4.0750514387781042730155275044995929e-03
6.4454238500029105236183703897619225e-03	1.3835391806776728928737755905831005e-01	2.2172804014505853510293843372642114e-05	4.0779363029925827852501207343198061e-03
6.4351588673757274486689932491624690e-03	1.5467189211060595657484063103792378e-01	2.2208173699605911389199274952177185e-05	4.0811874766284102856769759973058074e-03
6.4237597326934946523061994651697354e-03	1.7100360638249592671203203199436480e-01	2.2247583760393707377860117853072142e-05	4.0848069924452042172216962268731937e-03
6.4112284730196441844182320900701850e-03	1.8735053866513545479481217434507385e-01	2.2291069616693893419104584102984063e-05	4.0887971205699668584014903286807822e-03
6.3975673208939643487821011141535206e-03	2.0371417630098405814618720679935956e-01	2.2338670510993003386476175519955465e-05	4.0931603722158194144106013091210703e-03
6.3827787151324425310651445198344957e-03	2.2009601716567013767799974802679810e-01	2.2390429591361622735845597259586485e-05	4.0978995038162019888072831076432934e-03
6.3668653017036867446381941995784213e-03	2.3649757065778594628712587147984299e-01	2.2446394003188351184648008913878242e-05	4.1030175215875628178995092463362366e-03
6.3498299346829606997299845254482545e-03	2.5292035870781211739278210436436970e-01	2.2506614990078588510349690344184682e-05	4.1085176865350112521207077639323836e-03
6.3316756772849646605073505698742115e-03	2.6936591680797488106420584175440413e-01	2.2571148004309666281463851190661574e-05	4.1144035199169352838806570378523063e-03
6.3124058029765946478019777251248516e-03	2.8583579506490627851787456296998039e-01	2.2640052827274747014882016471968424e-05	4.1206788091861946433735843063137453e-03
6.2920237966710159463923487271666007e-03	3.0233155927705149209649397891450524e-01	2.2713393700391495992213407009273931e-05	4.1273476144272039626775947218493013e-03
6.2705333560044936725289686357924741e-03	3.1885479203884823003150319700999813e-01	2.2791239466998103171848990890439720e-05	4.1344142753100273318063834368823289e-03
6.2479383926975336522708930632976042e-03	3.3540709387379137815287965609347176e-01	2.2873663725809124099193327061025867e-05	4.1418834185845266528511651336473844e-03
6.2242430340020013731617202693205548e-03	3.5199008439859233452481489256275673e-01	2.2960744996557181060441488189366148e-05	4.1497599661396533804783382031878142e-03
6.1994516242360056378792293306423086e-03	3.6860540352074710741474088606268290e-01	2.3052566898504215203336753507913355e-05	4.1580491436551593944523637195574192e-03
6.1735687264084571256381154141635307e-03	3.8525471267194096546609577287884617e-01	2.3149218342568142135422449553789784e-05	4.1667564898753419145270978469142254e-03
6.1465991239353407339127929201493031e-03	4.0193969607984082350920347422942613e-01	2.3250793737877916483094585681795564e-05	4.1758878665369448631332631737006435e-03
6.1185478224498747318273626983413973e-03	4.1866206208096033428162697360803074e-01	2.3357393213642683005000776519036104e-05	4.1854494689860316711988316478541075e-03
6.0894200517088698356407310279425293e-03	4.3542354447742761180810005153656564e-01	2.3469122857299466167959524417034381e-05	4.1954478375215405803842680176133308e-03
6.0592212675977477728045225478601055e-03	4.5222590394064248967671250217483917e-01	2.3586094969989371597463209525240337e-05	4.2058898695063531902634471628689028e-03
6.0279571542368322217321629665441448e-03	4.6907092946498015489883837491319212e-01	2.3708428340505256084591077075011624e-05	4.2167828322900725065110970759565273e-03
5.9956336261916857211560687270914375e-03	4.8596043987488192648323773769300357e-01	2.3836248538955060704893850052959666e-05	4.2281343769913424817416149855444149e-03
5.9622568307904347941689714020520752e-03	5.0289628538887300086680919510377689e-01	2.3969688231495374991515736747427428e-05	4.2399525531914739248379406611453996e-03
5.9278331505512027264853141432398446e-03	5.1988034924426241064917946496166488e-01	2.4108887517610289099238987851258208e-05	4.2522458245954014096148707502703853e-03
5.8923692057229558189210293140053461e-03	5.3691454938651361040348500454001678e-01	2.4253994291542287390530228388996858e-05	4.2650230857206152976195039825144415e-03
5.8558718569432651915194870790864554e-03	5.5400084022752652369107402732633678e-01	2.4405164629626058888965077770444869e-05	4.2782936796797285738124489276418545e-03
5.8183482080166930947151596022552588e-03	5.7114121447734522196516680268288995e-01	2.4562563205434008032336484985148763e-05	4.2920674171277901873358927020258009e-03
5.7798056088177309825364071947138634e-03	5.8833770505410149183193852580271308e-01	2.4726363734815464580634086439957070e-05	4.3063545964513897218156324608647873e-03
5.7402516583224471881762322507932085e-03	6.0559238707732540376237132795907737e-01	2.4896749453101818063185245139286039e-05	4.3211660252830621844173189513765189e-03
5.6996942077732458463001084722021869e-03	6.2290737995010185408014085637665098e-01	2.5073913626958949879233024454506793e-05	4.3365130434315517759940554975864486e-03
5.6581413639813967377087196730530715e-03	6.4028484953592937749680471607617190e-01	2.5258060103598549323826814734899076e-05	4.3524075473261912449914830557249922e-03
5.6156014927722690816870595005633985e-03	6.5772701043654704425516116731595597e-01	2.5449403900313588500498489921402285e-05	4.3688620160820674740174310159593193e-03
5.5720832225784921515915081535941449e-03	6.7523612837743997880842006375668904e-01	2.5648171837583107709569138694447126e-05	4.3858895393018509255290065024410994e-03
5.5275954481865732216592321351322329e-03	6.9281452270821730469908621248169317e-01	2.5854603219300584024997144149857845e-05	4.4035038467402521275979325851501105e-03
5.4821473346428301588760990423639050e-03	7.1046456902558183413027318497435614e-01	2.6068950564021970264730194168905504e-05	4.4217193399681283577274362737278481e-03
5.4357483213248434646263662183090771e-03	7.2818870192718268771451894200682691e-01	2.6291480391507896103289442330796729e-05	4.4405511261854054758434082604196226e-03
5.3884081261850023909083895850307201e-03	7.4598941790526481214736711747626456e-01	2.6522474069253926223987913045008711e-05	4.4600150543453239516809320770606387e-03
5.3401367501731136952626470606159811e-03	7.6386927838970813402330729222794772e-01	2.6762228724168166632195966629577142e-05	4.4801277537671998715467690531594606e-03
5.2909444818454616083246994407083783e-03	7.8183091295078949383839906533884137e-01	2.7011058225072565669898022982489149e-05	4.5009066754310633298253741785376142e-03
5.2408419021681557968672634779708242e-03	7.9987702267280883885262794009413237e-01	2.7269294242279408073310159197921099e-05	4.5223701361653695710491042109242546e-03
5.1898398895230828384255869273940506e-03	8.1801038371060443876664802095771648e-01	2.7537287391135072337429512377801758e-05	4.5445373659586659204863534420486650e-03
5.1379496249252885233315537108489734e-03	8.3623385104194796801348960796919294e-01	2.7815408467137458346051191151151245e-05	4.5674285586478583084011427583894921e-03
5.0851825974611659488518258879996843e-03	8.5455036242986794583094767299457911e-01	2.8104049781031115861284274164810371e-05	4.5910649262598020309346419395707492e-03
5.0315506099574109172653256981357267e-03	8.7296294261010906455368366713479700e-01	2.8403626603175897568219316284969143e-05	4.6154687573096220091474501827765304e-03
4.9770657848913349399986283144482364e-03	8.9147470772020638380109883560492685e-01	2.8714578727483379678696337064500397e-05	4.6406634793887654529911981456551017e-03
4.9217405705538008568241624667259070e-03	9.1008886998804959208822916526744737e-01	2.9037372166334620165147720071207828e-05	4.6666737264086648640554354895392586e-03
4.8655877474767707415975052572212641e-03	9.2880874269934744407410628423612399e-01	2.9372500989149460081143848760198311e-05	4.6935254109024516665834969241186067e-03
4.8086204351382348301648479233503622e-03	9.4763774546509172794795507472441166e-01	2.9720489318690382742893906981482677e-05	4.7212458018278775309736972458793387e-03
4.7508520989581285720322008901953011e-03	9.6657940981198135625596551631598115e-01	3.0081893500774667295657809121301981e-05	4.7498636083600046973178759816006507e-03
4.6922965575997479822781428377451569e-03	9.8563738512082033761700006750863287e-01	3.0457304464862300379475499932359183e-05	4.7794090702129276359288693520027563e-03
4.6329679905921472280612844862872623e-03	1.0048154449401710174003696050154557e+00	3.0847350295012859691805284215677947e-05	4.8099140550864838615406976359169923e-03
4.5728809462900534337814644928451370e-03	1.0241174937050516027513962744063419e+00	3.1252699032995973984244246848974878e-05	4.8414121638974018399209394012483134e-03
4.5120503501889693511941742925927234e-03	1.0435475738932435729351743131088122e+00	3.1674061737936016732451671112229321e-05	4.8739388445255380922679225407858071e-03
4.4504915136143629356170456439567053e-03	1.0631098736548530275597663312253128e+00	3.2112195829817786948579975571773545e-05	4.9075315148858320928975917036843898e-03
4.3882201428051730158934141258447050e-03	1.0828087349541877970205436290009153e+00	3.2567908747528954325379901821334727e-05	4.9422296962265767584997396373486206e-03
4.3252523484133021757320896810623496e-03	1.1026486622668119335605652380121307e+00	3.3042061955928750151961292044429713e-05	4.9780751576559742500038184074950963e-03
4.2616046554423328516200374400154548e-03	1.1226343318788697889961286747759417e+00	3.3535575340783031659059698786632199e-05	5.0151120730133537185797854872669567e-03
4.1972940136504029628940828261654527e-03	1.1427706018404890707707655415105698e+00	3.4049432035378176658201847956943657e-05	5.0533871913307628779956906576645488e-03
4.1323378084440270492339996433539752e-03	1.1630625226303400223691279581262440e+00	3.4584683728319874414492157237260825e-05	5.0929500222771096008715584436690988e-03
4.0667538722916634831692744987739159e-03	1.1835153485943196703516922574320148e+00	3.5142456508555092453096472791310331e-05	5.1338530381431865320495941610908286e-03
4.0005604966880253155506688775667902e-03	1.2041345502279304719496159711722705e+00	3.5723957311164850845829273119307773e-05	5.1761518941147533757291728484308921e-03
3.9337764447025313073079982247637153e-03	1.2249258273793291871963791123670818e+00	3.6330481036125897260633813307170888e-05	5.2199056687958790215446983321795106e-03
3.8664209641479167497676268131197816e-03	1.2458951234583470586810954207248459e+00	3.6963418422225512735927996614089928e-05	5.2651771271900644906112752769643448e-03
3.7985138014078956158734500564892906e-03	1.2670486407461568888786971675341883e+00	3.7624264769866948613925181386599816e-05	5.3120330086271035681063114387260927e-03
3.7300752159659144454901646280760101e-03	1.2883928569108377965136809221427703e+00	3.8314629619899476080210336864380440e-05	5.3605443424448772751609704308180285e-03
3.6611259956804958402388808280320643e-03	1.3099345428460404734067501303585503e+00	3.9036247511176914654719238325575128e-05	5.4107867946040382976801096236886049e-03
3.5916874728564714253995873439288606e-03	1.3316807819634900639435527326685474e+00	3.9790989957687823104590846273888903e-05	5.4628410488377779302201064258077293e-03
3.5217815411655913732627860605307342e-03	1.3536389910854204508521037990293401e+00	4.0580878807285653507756880535562302e-05	5.5167932264280289919917286601848128e-03
3.4514306734746164138897311171558638e-03	1.3758169431004941050762528267035000e+00	4.1408101168852808399045299940688564e-05	5.5727353492647946840273527204931786e-03
3.3806579406441014995736058465349496e-03	1.3982227915666562912411544024209120e+00	4.2275026123854229930070350562062822e-05	5.6307658515002423211106236785809053e-03
3.3094870313667282616223725354968283e-03	1.4208650974670907003746748782794691e+00	4.3184223472518307545815180181270505e-05	5.6909901458698569053948527306236141e-03
3.2379422731203051571583835377304562e-03	1.4437528583514454818642899259278242e+00	4.4138484805354089275374644731837194e-05	5.7535212516386497000006494805449720e-03
3.1660486543175089830440138705334291e-03	1.4668955401243290835613285358254351e+00	4.5140847238631194630706255938045962e-05	5.8184804921644676652469377581947413e-03
3.0938318477421803650158674785016592e-03	1.4903031117773817467879468241801008e+00	4.6194620209354477349498884719165727e-05	5.8859982712810332781360220765206984e-03
3.0213182353706139887729804066547002e-03	1.5139860834007826208102592816295540e+00	4.7303415793057727331374889203484845e-05	5.9562149391246552399278313920498076e-03
2.9485349346859231933359404326865973e-03	1.5379555478557769179980149301171715e+00	4.8471183088765446034726891359021324e-05	6.0292817597022236472872459117268755e-03
2.8755098266043488860145653781534193e-03	1.5622232265428091552354201016215504e+00	4.9702247312639404337756297697303085e-05	6.1053619944750174648114881998422315e-03
2.8022715851444882033003893266706038e-03	1.5868015197614596399249547159519262e+00	5.1001354358762863296110712609413388e-05	6.1846321185754190929575050950151900e-03
2.7288497089840296797229326517547535e-03	1.6117035622302114322668344970870831e+00	5.2373721726755645911998073868241026e-05	6.2672831890587094970580584736109061e-03
2.6552745550639219057341255454309544e-03	1.6369432844180755342389771212954125e+00	5.3825096887156933321841506297922017e-05	6.3535223879147457149455948313083004e-03
2.5815773744172332944288765073215241e-03	1.6625354804386483189907096897271821e+00	5.5361824363954021041948109395304102e-05	6.4435747665425170365135952190553874e-03
2.5077903504195893541814049958880721e-03	1.6884958833731699824814087678489427e+00	5.6990923068399348421387321034824632e-05	6.5376852231715362985326293977669958e-03
2.4339466396803640551336301474076024e-03	1.7148412490261582563175722111116789e+00	5.8720175730976591265965037907446128e-05	6.6361207504821945418086516732578462e-03
2.3600804158191838521339143140065252e-03	1.7415894492795982384797570257083634e+00	6.0558232663953549949193649880491796e-05	6.7391729976648194944646579105896687e-03
2.2862269164012884142982855657293457e-03	1.7687595764049129578434076465182186e+00	6.2514732564595798812232593118971214e-05	6.8471611996580892097347394805317350e-03
2.2124224933384919130798474668949947e-03	1.7963720599227826453001930010467151e+00	6.4600443663687319065549656294750491e-05	6.9604355366954552981444052348547178e-03
2.1387046671006348128246153222871893e-03	1.8244487978777780761573677850386805e+00	6.6827429267934455501668732170186457e-05	7.0793810000414068329633918350310686e-03
2.0651121851263893607706417306404649e-03	1.8530133047283495353614107944273497e+00	6.9209242680635575586872242821243097e-05	7.2044218555327327429523548634832315e-03
1.9916850848731470980768025398911010e-03	1.8820908784563929750401907163987030e+00	7.1761157668802359262638777376772246e-05	7.3360268160492494025647329556284744e-03
1.9184647620047665609603347363387148e-03	1.9117087899914591895009356616477135e+00	7.4500442151303801026577080947179651e-05	7.4747150583601292942269951984343017e-03
1.8454940442847713868018238818030349e-03	1.9418964986444908106140551807262646e+00	7.7446684711403185086417756477203741e-05	7.6210632502845802786021120994774909e-03
1.7728172718230978403334949598488163e-03	1.9726858979828249610315606926111731e+00	8.0622186022909415568676418352745005e-05	7.7757137925625733311292140078528882e-03
1.7004803844190815081067882384816269e-03	2.0041115974884252746186852284127750e+00	8.4052430505090992470430487413576707e-05	7.9393845286373508560419273183122512e-03
1.6285310168550029521421841222369954e-03	2.0362112464722972569505632258734445e+00	8.7766657738392292779298081790497369e-05	8.1128802379022596730927508244393625e-03
1.5570186031268701785983354377431460e-03	2.0690259081320599100162862690756053e+00	9.1798558727817798196547623128199468e-05	8.2971063081775020476644499140032474e-03
1.4859944907568317806279192590635141e-03	2.1026004934191401551672194109455395e+00	9.6187129477965087871880490814771701e-05	8.4930850871412119219754711901145366e-03
1.4155120665205386460166886118118277e-03	2.1369842666371010089969231301706630e+00	1.0097772422596110208573782126402865e-04	8.7019755482351036995612238168428152e-03
1.3456268951503483912444322064246464e-03	2.1722314375714718597736368982635484e+00	1.0622336403891476719832434125059467e-04	8.9250970854336941566863398112023783e-03
1.2763968728510392722900256806382175e-03	2.2084018586556875244971834519823730e+00	1.1198637472272769120969311551335565e-04	9.1639584889721840530896201609777759e-03
1.2078823978010036699861343074613458e-03	2.2455618504841399268063830060173241e+00	1.1834045315311397778041053605342497e-04	9.4202934730340697028427298998513126e-03
1.1401465602248024524316421807078652e-03	2.2837851852760086496451181937552768e+00	1.2537329624585321430538944712532083e-04	9.6961045586022398437985540502363804e-03
1.0732553551336279017188659078399139e-03	2.3231542662116080214707007109272223e+00	1.3318997635029600860425848637797949e-04	9.9937177068272239808211514128753717e-03
1.0072779214667341762050783159822341e-03	2.3637615516725032921782179043324009e+00	1.4191731774234725549411080398068736e-04	1.0315850919086609164001156494062360e-02
9.4228681216695560322550660867563807e-04	2.4057112884203687243311443518793441e+00	1.5170963170398186940349581245775874e-04	1.0665701172118288068045967840380893e-02
8.7835830073823255778476384954985613e-04	2.4491216382575798256605098960842667e+00	1.6275631903437517600881355671169661e-04	1.1047055696155375718875549645486078e-02
8.1557273113295001036057345665376090e-04	2.4941273111118832867482673453198313e+00	1.7529207533005270464869300544168351e-04	1.1464435971677405024794698768315022e-02
7.5401491949983478315027368693707657e-04	2.5408828573762476513759087673209247e+00	1.8961077936676959119072238787539892e-04	1.1923286294953799718910317776846306e-02
6.9377461852757544603732940141297190e-04	2.5895668292356071542021090416967344e+00	2.0608468071769048500261147597648343e-04	1.2430223951708803113094529246071615e-02
6.3494705804390720650185951640641534e-04	2.6403871032699074296459673360432528e+00	2.2519135281051492826288670207535649e-04	1.2993375938746916149850341875285761e-02
5.7763357946480056694350198356362918e-04	2.6935877786686760377236448425781012e+00	2.4755225838931492348677605608701265e-04	1.3622839460009927750396849098314821e-02
5.2194238706550945814074701633392263e-04	2.7494582495907559337769136735946824e+00	2.7398907641459861666456502994784206e-04	1.4331322986204370393451994045259894e-02
4.6798944652118787173392465542764087e-04	2.8083453346953755205073025204291588e+00	3.0560789097570602242851988897454327e-04	1.5135056642406670094018203457234003e-02
4.1589957176159348191612521591408612e-04	2.8706697977822077824804815111108843e+00	3.4392835136871823524737053770373493e-04	1.6055114513051458736548958419279810e-02
3.6580775653538535837110735740587966e-04	2.9369493293468861439968905298895219e+00	3.9108781261024897008767374757016226e-04	1.7119385125664281558177034310582448e-02
3.1786082987398077167086572049870943e-04	3.0078313003980934193057956285930860e+00	4.5017523747087857887342967735295985e-04	1.8365595700996670745114359794506301e-02
2.7221954946385180482273690251728549e-04	3.0841407762908425202526999784198078e+00	5.2579959562511099796844221978943313e-04	1.9846115528500746059597023291795049e-02
2.2906130189381916946602859059295279e-04	3.1669532672392348275616268824482261e+00	6.2510416718071584846526249829373317e-04	2.1635899320002812549795097873088409e-02
1.8858366888125540026820731800432670e-04	3.2577093971067801946527262721144442e+00	7.5968196285451873185572313557837973e-04	2.3846272909376934740898355147090741e-02
1.5100927331022111217271871228897531e-04	3.3584045219624551212918445177303977e+00	9.4945247978953192570356751090847506e-04	2.6650309051325470428264123081227303e-02
1.1659259954194151500329769415235152e-04	3.4719215476976854507719778304866954e+00	1.2312225506118252065453999681635931e-03	3.0333101631158051677262039223753138e-02
8.5630027043315319462118102661131545e-05	3.6026614166598352795577940050078442e+00	1.6798601870804772673734010039421603e-03	3.5401272340548787583750032161697949e-02
5.8475466622954937293506776974953916e-05	3.7578652896806498542807554149891824e+00	2.4694359164466527315136375551564496e-03	4.2853973417595442792329932871859582e-02
3.5566690345650822293509049528544969e-05	3.9508146047220722361032879503121870e+00	4.0950332027027551699536330632376153e-03	5.4988587148455363849078038201981927e-02
1.7474538446077487770036313929475452e-05	4.2104962695088365551827350889342212e+00	8.5585442954000938710738890920520895e-03	7.8617699461491319313311195574830323e-02
4.9799044364625170831186949115292703e-06	4.6255919885702595729913975832640371e+00	3.9968283709835250721472612342324672e-02	1.4967863749445231043944633391162219e-01
0.0000000000000000000000000000000000e+00	0.0000000000000000000000000000000000e+00	3.8157854846604172734335074003312032e-05	4.9784238382834441871488990969701574e-03