2.0512615906755072120006292983584408e-03	-3.1627008361387517107648979893640640e+00	7.4809680894612371496440335748061249e-02	2.0728966743639756789040832187003359e-01
6.4924504405472987161339006333101697e-03	-2.5776373938215673662764868864044514e+00	1.8009924998845373280301068427738961e-02	1.1442874860493361855483413982123052e-01
1.2033297183719617484199376812445700e-02	-2.1920050045246742474521614559736497e+00	9.4842862586491427285181504192565327e-03	8.3843437928259271114449461430802699e-02
1.8127214481045460076925093375685070e-02	-1.8919448508079178507006215571486219e+00	6.2480509656749785427234564673046541e-03	6.8252752709919483923192510222549922e-02
2.4402604101076248972998185148825686e-02	-1.6399049698909012424482354250048561e+00	4.6258656734424788723314739842351018e-03	5.8801874827631717037828395547734186e-02
3.0590467885312013289895304523783449e-02	-1.4185048354195622651081894023723613e+00	3.6837675047777619913025805601368447e-03	5.2507203803125003775410600291929777e-02
3.6486649064016454280887299110133815e-02	-1.2181468629321081541684499927111094e+00	3.0853917662808309384816409246007191e-03	4.8071280929997737763016118229204556e-02
4.1932098157899040418225004605081280e-02	-1.0328971866994466929885115105806408e+00	2.6830469577761109856976777110638609e-03	4.4837447605247666555005835871201488e-02
4.6801382110528340164058965055473692e-02	-8.5877542048274915237823267187915710e-01	2.4029286191768670363932467804470533e-03	4.2438377671720708497905380112733882e-02
5.0995486758065182395588440002401449e-02	-6.9293375016745584010394680592845695e-01	2.2047052866233022838951830272164094e-03	4.0654086765175609564269675061277315e-02
5.4437088255184096570925068528420144e-02	-5.3321905138693468243637457211673891e-01	2.0649446466126414025221928339349275e-03	3.9346866185481876511666877031122136e-02
5.7067360930013700311530198108640660e-02	-3.7791877985702944404244599358598294e-01	1.9695339369918774494303247673471234e-03	3.8428664048644479574618813606384463e-02
5.8843809310021347625912383222234460e-02	-2.2560201671500377901087401118472060e-01	1.9099358424670525691855033917631980e-03	3.7843699685796523918047251300589435e-02
5.9738829731895692480720151575205985e-02	-7.5012160728937718396546076457297604e-02	1.8812556710559914640617106037924652e-03	3.7558923093189175846561783052796602e-02
5.9738829731895692480720151575205985e-02	7.5012160728937718396546076457297604e-02	1.8812556710559914640617106037924652e-03	3.7558923093189175846561783052796602e-02
5.8843809310021347625912383222234460e-02	2.2560201671500377901087401118472060e-01	1.9099358424670525691855033917631980e-03	3.7843699685796523918047251300589435e-02
5.7067360930013700311530198108640660e-02	3.7791877985702944404244599358598294e-01	1.9695339369918774494303247673471234e-03	3.8428664048644479574618813606384463e-02
5.4437088255184096570925068528420144e-02	5.3321905138693468243637457211673891e-01	2.0649446466126414025221928339349275e-03	3.9346866185481876511666877031122136e-02
5.0995486758065182395588440002401449e-02	6.9293375016745584010394680592845695e-01	2.2047052866233022838951830272164094e-03	4.0654086765175609564269675061277315e-02
4.6801382110528340164058965055473692e-02	8.5877542048274915237823267187915710e-01	2.4029286191768670363932467804470533e-03	4.2438377671720708497905380112733882e-02
4.1932098157899040418225004605081280e-02	1.0328971866994466929885115105806408e+00	2.6830469577761109856976777110638609e-03	4.4837447605247666555005835871201488e-02
3.6486649064016454280887299110133815e-02	1.2181468629321081541684499927111094e+00	3.0853917662808309384816409246007191e-03	4.8071280929997737763016118229204556e-02
3.0590467885312013289895304523783449e-02	1.4185048354195622651081894023723613e+00	3.6837675047777619913025805601368447e-03	5.2507203803125003775410600291929777e-02
2.4402604101076248972998185148825686e-02	1.6399049698909012424482354250048561e+00	4.6258656734424788723314739842351018e-03	5.8801874827631717037828395547734186e-02
1.8127214481045460076925093375685070e-02	1.8919448508079178507006215571486219e+00	6.2480509656749785427234564673046541e-03	6.8252752709919483923192510222549922e-02
1.2033297183719617484199376812445700e-02	2.1920050045246742474521614559736497e+00	9.4842862586491427285181504192565327e-03	8.3843437928259271114449461430802699e-02
6.4924504405472987161339006333101697e-03	2.5776373938215673662764868864044514e+00	1.8009924998845373280301068427738961e-02	1.1442874860493361855483413982123052e-01
2.0512615906755072120006292983584408e-03	3.1627008361387517107648979893640640e+00	7.4809680894612371496440335748061249e-02	2.0728966743639756789040832187003359e-01
0.0000000000000000000000000000000000e+00	0.0000000000000000000000000000000000e+00	3.2457809825484237546553526432011669e-03	4.5908790241575942136799078473078199e-02