3.6013548953135952473700375736784290e-06	-4.6924104687238823006685668938815610e+00	3.8985574771149911945829236429472766e-02	1.4777122841761676795014979885865614e-01
1.2672939918007249026974093685924193e-05	-4.2828067345091296106610289259432955e+00	8.3207313902790313769477645816037070e-03	7.7510377344074732929595615373714601e-02
2.5854711926043494186549595726716125e-05	-4.0269144990498741769266447863411778e+00	3.9715885679662516185550188812790612e-03	5.4150669523282269301767582061082693e-02
4.2595045000153412070598723942532383e-05	-3.8369945134480598802853947446084513e+00	2.3900278286118193284054996513392788e-03	4.2157937360837069366107075081750775e-02
6.2489923453835038196249300018063658e-05	-3.6843772535552828839507091724520691e+00	1.6228308007741505279072153161149989e-03	3.4794344149139217861671793383434907e-02
8.5229269556214935766918163823042377e-05	-3.5559303529570518204129979234305030e+00	1.1874049454381372629217128913409984e-03	2.9787916901086207508546157345176228e-02
1.1056223524346835512171153598973457e-04	-3.4444956978286814010858220547680635e+00	9.1421329368158438618399594370815655e-04	2.6150690378504559913571722426997538e-02
1.3827861630590739550388442121969458e-04	-3.3457237949692943487736107244977059e+00	7.3039293770097684762882249781117129e-04	2.3381789817217953056596797854652608e-02
1.6819781124959125929336273296757628e-04	-3.2567660276158647835728127152168956e+00	6.0014772471379124848301705535867703e-04	2.1199397159706471281758853082834846e-02
2.0016173465841361801512542187987535e-04	-3.1756511486687450914579413473496904e+00	5.0411764507525607125324918665764518e-04	1.9432452956238204433313279955976707e-02
2.3402999921251950297588943545458330e-04	-3.1009561947174102268731030910599339e+00	4.3104212199377091024172100836649235e-04	1.7970941601718242531575999413456639e-02
2.6967649184198481316563549737138836e-04	-3.0316190188688988435017215422729698e+00	3.7398666686428531069061179799305205e-04	1.6740800329475667217874354677081756e-02
3.0698685375993073109623150416152128e-04	-2.9668249374624207978071639415954398e+00	3.2847944224421734199330986951700997e-04	1.5690289547822606871122348422604681e-02
3.4585657218085918627789998852398849e-04	-2.9059348228881165120871283332376194e+00	2.9152493244915804939480415338227295e-04	1.4782140147176934541799708247845152e-02
3.8618950075452695943553854263668090e-04	-2.8484376518116659255433491476355610e+00	2.6105145889023020439856044330511981e-04	1.3988805393699186525059534824006869e-02
4.2789668938350774802332667741700284e-04	-2.7939181383420448729199893428947675e+00	2.3558676060426133234590980042888926e-04	1.3289471751243752902886536534422667e-02
4.7089544289792847600771242530634636e-04	-2.7420340263920796089672897147908788e+00	2.1405972952486338967290174373765976e-04	1.2668111423039789147083625539411921e-02
5.1510855264891319084633699956716314e-04	-2.6924997675931050000785742994747425e+00	1.9567501566655192258639870585497027e-04	1.2112175611363844618798177174740281e-02
5.6046366118052083239616755163917392e-04	-2.6450745387037707891301425619731308e+00	1.7983132239660008056840850221415903e-04	1.1611694921718462857360757268905031e-02
6.0689273098229426405027591761613287e-04	-2.5995532799894096213001138764432884e+00	1.6606676091227822135739606335567851e-04	1.1158645954125977817242987355052011e-02
6.5433159580959684300900266648580231e-04	-2.5557598818198224787124283442997737e+00	1.5402144876958292297464277174912926e-04	1.0746496339094390715690562217915320e-02
7.0271957833993458659960550220293680e-04	-2.5135419279619465073760793079667413e+00	1.4341137899548076146175832731212529e-04	1.0369872086711822122998179729740954e-02
7.5199916173211878684798367135720555e-04	-2.4727665861158674394951085815376767e+00	1.3400982375135549884814301671440758e-04	1.0024310455886873878615454878313245e-02
8.0211570543510160034542454678161631e-04	-2.4333173568710798388930425365266899e+00	1.2563387814396641346727438736646170e-04	9.7060736958987839717881616272710987e-03
8.5301719765963521942581953175307637e-04	-2.3950914738532578596689847004427743e+00	1.1813457553459322989538252752538364e-04	9.4120068214911663408042846825390589e-03
9.0465403848349253259799381449246265e-04	-2.3579978040640421599875621322061180e+00	1.1138952603864632307598683705589936e-04	9.1394277115391420705726684530442140e-03
9.5697884875017578802580766520291478e-04	-2.3219551368340260827028856646164660e+00	1.0529736486388512639624753466637342e-04	8.8860412552710184397022197885213070e-03
1.0099463008396033930150972099315049e-03	-2.2868907778713210855398825113281911e+00	9.9773516982451366523391997129530560e-05	8.6498716099083314973699866667675362e-03
1.0635129681064080781468407255660433e-03	-2.2527393851513922111525989394372465e+00	9.4746931513719648648873355157375629e-05	8.4292082537908178542676721035532991e-03
1.1176371903468973670252998707433179e-03	-2.2194419982176611347188052534692560e+00	9.0157538941797553448450848245120841e-05	8.2225626576070869619502881859280695e-03
1.1722789531055817177504181906089446e-03	-2.1869452234380334245575533500573170e+00	8.5954253055122874557361780703321989e-05	8.0286332074019931360985119159236011e-03
1.2273997789931050513619359817540738e-03	-2.1552005459798887904666963586001106e+00	8.2093387563479077484571755785667658e-05	7.8462765981030069177455517650604074e-03
1.2829626294792625635451999374287639e-03	-2.1241637454822185662194679085087627e+00	7.8537391384643723925770756399561379e-05	7.6744843433222711924999626465068132e-03
1.3389318158625033362173316394278876e-03	-2.0937943971512898902305026522917013e+00	7.5253830985158365218603833055091166e-05	7.5123633622530439831185709425124559e-03
1.3952729183122500362284410307298612e-03	-2.0640554436650193340949325697102168e+00	7.2214565836789438594316021979506875e-05	7.3591198393086034034914210275774311e-03
1.4519527120412404868235677359930613e-03	-2.0349128261146373708111305733958019e+00	6.9395075995425026608032935935540744e-05	7.2140457288472874986452622722321398e-03
1.5089390997986502732945169787197386e-03	-2.0063351644393810822668597333102673e+00	6.6773910382368915660016418429393773e-05	7.0765074114670089462895073143410512e-03
1.5662010499862523082665842381969443e-03	-1.9782934795673514823228984153240799e+00	6.4332231492961858223615177690898360e-05	6.9459361110387535558755550692885008e-03
1.6237085397934425941962575114152773e-03	-1.9507609508720659344827888882324339e+00	6.2053437636421589185215648313094774e-05	6.8218197608760613710249561500026094e-03
1.6814325028258832783084032784509585e-03	-1.9237127036710760063086051395037656e+00	5.9922847893385945955516395413227323e-05	6.7036960690194571452864007086266464e-03
1.7393447807693914279917369150227703e-03	-1.8971256223918166061310101726830804e+00	5.7927438100235152005314492967269134e-05	6.5911465808168885848404494881147751e-03
1.7974180786876249028176398245761566e-03	-1.8709781857574186953625547776527293e+00	5.6055618575039459561076905410278290e-05	6.4837915749606587135816000186481177e-03
1.8556259236007710530421034464608607e-03	-1.8452503209374506528968320139034024e+00	5.4297046166296229100478094067664708e-05	6.3812856592540459432122894366764882e-03
1.9139426260341970770083926155544285e-03	-1.8199232740931682898358163753402787e+00	5.2642464662942206177532412025818299e-05	6.2833139563984481165485384613941107e-03
1.9723432442619877140635106602117868e-03	-1.7949794951453931419190049798911640e+00	5.1083568749167635087675231779107708e-05	6.1895887893565327806802562295379475e-03
2.0308035510013903770103601363402515e-03	-1.7704025349224531597264981565042269e+00	4.9612887592562362240254764838362599e-05	6.0998467913822651100914568491847523e-03
2.0893000023411624429173141494079299e-03	-1.7461769531189683314036172773241414e+00	4.8223684873441712766580545995074905e-05	6.0138463784009149778892513709626891e-03
2.1478097087102928953516977116204893e-03	-1.7222882357241391003943681258521192e+00	4.6909872638002068329671093683053710e-05	5.9313655316786476325846793174068401e-03
2.2063104077140682804295641171974876e-03	-1.6987227207689469438062981048043178e+00	4.5665936819631944636905403631930906e-05	5.8521998471142772121416711163101561e-03
2.2647804386824027919392712486507808e-03	-1.6754675314019822315768590869160755e+00	4.4486872645334611614052163030273973e-05	5.7761608143843900793372041447319783e-03
2.3231987187911159990445759895201919e-03	-1.6525105154388424438001103289285022e+00	4.3368128446386425417819260555490839e-05	5.7030742948675475832784293985049463e-03
2.3815447206307235275675404529917849e-03	-1.6298401906445293499036417172939664e+00	4.2305556638483742727917931723587623e-05	5.6327791719930023818064981720655637e-03
2.4397984511095627294631248154197501e-03	-1.6074456951055341962060901250037649e+00	4.1295370837974872715099461152063391e-05	5.5651261515864598211404055509809387e-03
2.4979404315889245801205254593126124e-03	-1.5853167421312014289142247213523080e+00	4.0334108246159666042779544368153475e-05	5.4999766930652490727237900590546322e-03
2.5559516791574896400611682995814732e-03	-1.5634435791948492330528510147707368e+00	3.9418596570026875336673539067445894e-05	5.4372020550843778727599218921123384e-03
2.6138136889609275796276699053293483e-03	-1.5418169504859259124672269067168024e+00	3.8545924860700254427268480526752465e-05	5.3766824415471757646881538844432651e-03
2.6715084175101513586747825940524585e-03	-1.5204280626967838637682841942000481e+00	3.7713417744664417498694851619349537e-05	5.3183062358454762595016885578103016e-03
2.7290182668985343816341254696523610e-03	-1.4992685537127729308596150512462617e+00	3.6918612601046147644631793218667084e-05	5.2619693128461730179216446640389466e-03
2.7863260698645013610406372418961988e-03	-1.4783304639133849381736051399790302e+00	3.6159239303649689276259592120515354e-05	5.2075744195437451212935686226562186e-03
2.8434150756413771078485449545510383e-03	-1.4576062098260320176320345893207309e+00	3.5433202201353102565376212738622939e-05	5.1550306164930890239038000674383464e-03
2.9002689365412963243210894869812526e-03	-1.4370885599034747260159122836540639e+00	3.4738564056701667118382797469922550e-05	5.1042527731574799818147002203356629e-03
2.9568716952244061453854491837831049e-03	-1.4167706122215710170299372762698730e+00	3.4073531701573684285747727508426144e-05	5.0551611111805373079220424528754782e-03
3.0132077726085876855464528011908754e-03	-1.3966457739164317638842206449547177e+00	3.3436443201858511435459324993006441e-05	5.0076807903416946728993126336450361e-03
3.0692619563785320322719736561162118e-03	-1.3767077421996967421921930520590516e+00	3.2825756351169931520746196382521178e-05	4.9617415326009686283392393772171146e-03
3.1250193900562726409912717910586837e-03	-1.3569504868078711133806505671838302e+00	3.2240038337535670413814711733653391e-05	4.9172772801966638674308112966188122e-03
3.1804655625982372796670414825134875e-03	-1.3373682337568127437117090660468611e+00	3.1677956447427769289229869238711318e-05	4.8742258842423166583980830576508942e-03
3.2355862984865713127147946940366641e-03	-1.3179554502858128379314679912945821e+00	3.1138269688983599127421342732409988e-05	4.8325288206877646580142253086154831e-03
3.2903677482849290189490361891211989e-03	-1.2987068308875033234187868756528121e+00	3.0619821231273530822838147579508196e-05	4.7921309308730679857439982939836647e-03
3.3447963796311561931837308138975479e-03	-1.2796172843302569139720201803552991e+00	3.0121531569380987894935297392046283e-05	4.7529801842209459085871215815970817e-03
3.3988589686413178975943786410633182e-03	-1.2606819215889936653092488403109212e+00	2.9642392336192550224510265299163698e-05	4.7150274608900659582606130665974108e-03
3.4525425917013797295099495870443314e-03	-1.2418960446085205536450374543913601e+00	2.9181460691416414539895264166759065e-05	4.6782263524535402386358432418251272e-03
3.5058346176245469220965080360054808e-03	-1.2232551358308369250032079679613353e+00	2.8737854226680225899043918526870665e-05	4.6425329788791100206087476561275037e-03
3.5587227001538185862186499910911594e-03	-1.2047548484243497606671893436278033e+00	2.8310746332791821133351863920995742e-05	4.6079058202737863644780496852427630e-03
3.6111947707907383016833781328689713e-03	-1.1863909971587547978172296975753715e+00	2.7899361981536976655876969566602476e-05	4.5743055620196166607443287154486032e-03
3.6632390319326294255212361649882223e-03	-1.1681595498745360683525099999209853e+00	2.7502973879870475553235791162306759e-05	4.5416949520717178189704282142834900e-03
3.7148439503018049243113337810041660e-03	-1.1500566195006898722063703787950183e+00	2.7120898959143874822790472518654954e-05	4.5100386693172861175258942628887084e-03
3.7659982506513471052910718939591041e-03	-1.1320784565784527056264117159760157e+00	2.6752495166201323356766836946080376e-05	4.4793032020071332195975359584905626e-03
3.8166909097330711320122759701512952e-03	-1.1142214422525612824088078959725134e+00	2.6397158526845377113524766641374724e-05	4.4494567353712759458542135722937265e-03
3.8669111505142255663571612129804157e-03	-1.0964820816949446391566895959401096e+00	2.6054320455397658877512895268805440e-05	4.4204690476188347650994632808087575e-03
3.9166484366303504734275849226035507e-03	-1.0788569979287855374519244840253344e+00	2.5723445286913955235505384585494295e-05	4.3923114136013639494551618399422671e-03
3.9658924670625152364452087413278568e-03	-1.0613429260236279211834111230110008e+00	2.5404028011110914909518896730391003e-05	4.3649565154889491243059053937647244e-03
4.0146331710278998966337896025487691e-03	-1.0439367076346815248806313577786380e+00	2.5095592189265654683130103451423308e-05	4.3383783598710097178969045069755552e-03
4.0628607030733707338571044901730709e-03	-1.0266352858617124338574987859669225e+00	2.4797688037297900907665961554251458e-05	4.3125522007496417145570713490623112e-03
4.1105654383623376096896283015466136e-03	-1.0094357004049346587993212791331247e+00	2.4509890659969193238004861816179137e-05	4.2874544679433196246017922618553447e-03
4.1577379681457715285735664044228744e-03	-9.9233508299715484657716003520713623e-01	2.4231798422663113465397589918007723e-05	4.2630627004635340064377605418755462e-03
4.2043690954088097565774753905091181e-03	-9.7533065309308977270257782870679991e-01	2.3963031448568652314286816447889233e-05	4.2393554844670733295863601080240779e-03
4.2504498306848861340433756453267457e-03	-9.5841971379829166688479993045037310e-01	2.3703230230296632588957888756489705e-05	4.2163123954226923037971223671039748e-03
4.2959713880297990697881456323697842e-03	-9.4159964802149516037915637277055192e-01	2.3452054346034740003730976837418501e-05	4.1939139441633037809003275863412245e-03
4.3409251811485719640471802321365238e-03	-9.2486791483545543417586372486074279e-01	2.3209181271305968920461660843042993e-05	4.1721415265239923332317117807236122e-03
4.3853028196683730697973414359774576e-03	-9.0822204603249219589219292800928725e-01	2.2974305278251921956189209959669069e-05	4.1509773762924300580015440647490009e-03
4.4290961055511464296166898242214735e-03	-8.9165964286199929172579409303907306e-01	2.2747136415128404059704459413958701e-05	4.1304045212219919422843812680797412e-03
4.4722970296399646705560431588564915e-03	-8.7517837293813476394598015169979845e-01	2.2527399559386600047553394678992605e-05	4.1104067418792950986578125325886296e-03
4.5148977683334500665942946769699056e-03	-8.5877596730677965319086822676515879e-01	2.2314833538327985626117351905771789e-05	4.0909685331172668935098090138889987e-03
4.5568906803829241807985664301157128e-03	-8.4245021766165356123529331726300355e-01	2.2109190311873026814937326128724208e-05	4.0720750679823967690808359123599651e-03
4.5982683038072402171325573070593946e-03	-8.2619897370020786629618177985742075e-01	2.1910234212479718929384842418614614e-05	4.0537121638807360533248025277079147e-03
4.6390233529205274456318140538180628e-03	-8.1002014061058973364127788938838444e-01	2.1717741237694297194902595047221763e-05	4.0358662508416482802342439135271807e-03
4.6791487154683350890987238086027907e-03	-7.9391167668158726648637643844568099e-01	2.1531498391218467087673692332341220e-05	4.0185243417314295552276552075905201e-03
4.7186374498679051350927598701865987e-03	-7.7787159102803330720826337411477137e-01	2.1351303068740056998104375987231013e-05	4.0016740042808476723971482166004650e-03
4.7574827825485308207426988320450210e-03	-7.6189794142466703470669022905634221e-01	2.1176962485101327708174889069547074e-05	3.9853033348015087315471370075116751e-03
4.7956781053881710926449485880988713e-03	-7.4598883224193266997888158819037438e-01	2.1008293139675028261943742917033533e-05	3.9694009334758566981154220197962344e-03
4.8332169732426921471618389284091564e-03	-7.3014241247763695856427726450166742e-01	2.0845120317085980484297771315108362e-05	3.9539558811146390816409601268399689e-03
4.8700931015642961072876097965882100e-03	-7.1435687387879494856601732643403827e-01	2.0687277620658441109757460124451270e-05	3.9389577172839149896117645380055045e-03
4.9063003641058748195030985095538707e-03	-6.9863044914836991059595658508606787e-01	2.0534606536189336090491842067083988e-05	3.9243964197112156453742202145257443e-03
4.9418327907081944216505970882590797e-03	-6.8296141023196074994542390728076992e-01	2.0386956023846999751801664791261529e-05	3.9102623848873595532133316093171690e-03
4.9766845651669744458018098964949845e-03	-6.6734806667981138458765113489740403e-01	2.0244182136176339427869604292859956e-05	3.8965464097867353662666096461963367e-03
5.0108500231770744294654613221714462e-03	-6.5178876407981351898366434723567083e-01	2.0106147660356215746975675116374215e-05	3.8832396746346494679255654840996694e-03
5.0443236503511419161416197352922339e-03	-6.3628188255744904091168600436150712e-01	1.9972721783004912539363030796927138e-05	3.8703337266556410984337889326346878e-03
5.0771000803102088889767498370683603e-03	-6.2082583533887272943044870175164881e-01	1.9843779775966325388332895578495469e-05	3.8578204647415394165793441242474503e-03
5.1091740928438496146521588491110130e-03	-6.0541906737357174286708503620744873e-01	1.9719202701634225768994074666961848e-05	3.8456921249825136764419216644017872e-03
5.1405406121376320563902734401385489e-03	-5.9006005401325696265937208169613108e-01	1.9598877136485822660987983911463978e-05	3.8339412670084853129061313395534822e-03
5.1711947050657078881607991593758622e-03	-5.7474729974384407302261427505049512e-01	1.9482694911599887790286201451679270e-05	3.8225607610920612744266661572588999e-03
5.2011315795464931180678014524992793e-03	-5.5947933696757050674720260528271539e-01	1.9370552869029868479588723801536040e-05	3.8115437759676404104937045639088556e-03
5.2303465829594927895333512298000861e-03	-5.4425472483246922269236590700128541e-01	1.9262352632989521709358843398898487e-05	3.8008837673245653214837576386738569e-03
5.2588352006214195294420040434947277e-03	-5.2907204810658273973507942562921384e-01	1.9158000394888417315980128570518577e-05	3.7905744669351645221199418038810508e-03
5.2865930543198471833530329742475849e-03	-5.1392991609445188380260009432334355e-01	1.9057406711327854231227829732242219e-05	3.7806098723812755320067497385391086e-03
5.3136159009027277269751355580122455e-03	-4.9882696159355417611186597914547708e-01	1.8960486314234920580488318098627667e-05	3.7709842373453780561671762124772858e-03
5.3398996309221823571531530044307223e-03	-4.8376183988849749462360097354228753e-01	1.8867157932374155238197624092749139e-05	3.7616920624348154213031970247717180e-03
5.3654402673310564121766640896036984e-03	-4.6873322778089630240949999080797537e-01	1.8777344123533030144303859853885454e-05	3.7527280865097579354947946165481354e-03
5.3902339642308028000478887853047202e-03	-4.5373982265297102034286362240568143e-01	1.8690971116729716229402251132124718e-05	3.7440872784875784283617898514828888e-03
5.4142770056693301578065832713096322e-03	-4.3878034156301663580520049077394024e-01	1.8607968663839725033614964471643681e-05	3.7357648295981811807657822676041987e-03
5.4375658044875202433375914906670780e-03	-4.2385352037098494182055654320169642e-01	1.8528269900082398342783929547338082e-05	3.7277561460665628603361878116738286e-03
5.4600969012131842775491840084878021e-03	-4.0895811289251640386526654858949382e-01	1.8451811212849180173697948116815353e-05	3.7200568422004989668712002444722075e-03
5.4818669630012903007733483565255154e-03	-3.9409289007984302410092401824917357e-01	1.8378532118393449013278021090870097e-05	3.7126627338627517223074855931050782e-03
5.5028727826193532621500899544488289e-03	-3.7925663922806314601956025960825282e-01	1.8308375145936685352260387140126544e-05	3.7055698323085945058661419437721002e-03
5.5231112774769366930489012069013577e-03	-3.6444816320536331238719454056779950e-01	1.8241285728778147281741414004759169e-05	3.6987743383707522422640838826303310e-03
5.5425794886982695835020836462207246e-03	-3.4966627970583141966931241330125903e-01	1.8177212102025249829144455161945271e-05	3.6922726369750742944652577783340144e-03
5.5612745802370346330128562440230095e-03	-3.3490982052356983709941568618188081e-01	1.8116105206589696201906845225250809e-05	3.6860612919713934436908166468752573e-03
5.5791938380324345240878037369625820e-03	-3.2017763084687718547508065164654657e-01	1.8057918599120277418942026190716425e-05	3.6801370412650879269402062975255434e-03
5.5963346692056914005108470013260869e-03	-3.0546856857132338210473765265260660e-01	1.8002608367567310818650866671962818e-05	3.6744967922358591868517342951285701e-03
5.6126946012961814473648717064374506e-03	-2.9078150363059461376694748890823670e-01	1.7950133052096082775323560002853176e-05	3.6691376174311714327378240280744298e-03
5.6282712815364514838775222063802872e-03	-2.7611531734403333780316726552199627e-01	1.7900453571087538484917100553349611e-05	3.6640567505226753438105623454890243e-03
5.6430624761654079047207195887448393e-03	-2.6146890177984345195417983211194628e-01	1.7853533151983951768933533008473506e-05	3.6592515825147619015295304154152365e-03
5.6570660697790102459559278956080735e-03	-2.4684115913297261786510114554790437e-01	1.7809337266755529560231414897052013e-05	3.6547196581951676966854480368869711e-03
5.6702800647178422084917178509059341e-03	-2.3223100111672255646429008640118949e-01	1.7767833571780968401122059563613681e-05	3.6504586728182840740163670153261719e-03
5.6827025804909722398049105522323400e-03	-2.1763734836717412558371033411382945e-01	1.7728991851950984436839099950392665e-05	3.6464664690125128154743184131194441e-03
5.6943318532355538442566243439463316e-03	-2.0305912985954729704084423443384987e-01	1.7692783968818876635381025409315911e-05	3.6427410339036641197219233030945586e-03
5.7051662352116527498477678763233329e-03	-1.8849528233564691465747270858773032e-01	1.7659183812636340772372736297446549e-05	3.6392804964470115664371974866408497e-03
5.7152041943318239870380471038356716e-03	-1.7394474974157346688049872276300498e-01	1.7628167258126108115702527129936077e-05	3.6360831249612064981789396327354221e-03
5.7244443137249969120480224866771728e-03	-1.5940648267490416697456138088502890e-01	1.7599712123855610965892461148272603e-05	3.6331473248578135516927471013932732e-03
5.7328852913342603083432962840484021e-03	-1.4487943784057350875199254420449687e-01	1.7573798135087845285075480894475004e-05	3.6304716365607624886933051100078415e-03
5.7405259395481729982346506611950941e-03	-1.3036257751470425514067099082878388e-01	1.7550406889996971939603685502823715e-05	3.6280547336105214173155064819141465e-03
5.7473651848652579614606886380470722e-03	-1.1585486901565960989131922716065065e-01	1.7529521829147031766608004719310129e-05	3.6258954209482852196749729835454433e-03
5.7534020675913698565191229639814674e-03	-1.0135528418160519994342953672240720e-01	1.7511128208142501198833651789453026e-05	3.6239926333759426395095329673136936e-03
5.7586357415696571384158327986735706e-03	-8.6862798853885529665190163560386560e-02	1.7495213073369336671739876905744734e-05	3.6223454341880380528739526620469683e-03
5.7630654739428707264414101441725475e-03	-7.2376392365533822764393839324377994e-02	1.7481765240754696682956872545508150e-05	3.6209530139723813584391917709530425e-03
5.7666906449478014588149592092710625e-03	-5.7895047034246700070033955942394139e-02	1.7470775277482736786347354576448377e-05	3.6198146895763835062114018036885743e-03
5.7695107477416584372345586530206529e-03	-4.3417747659166001409648041780677660e-02	1.7462235486612789340644584255016750e-05	3.6189299032366076798727312441159560e-03
5.7715253882602298718544229124125480e-03	-2.8943481020819290415843003656311919e-02	1.7456139894554908915743652218849527e-05	3.6182982218694287359123972678601918e-03
5.7727342851076972431089651391346896e-03	-1.4471235383578218657522663569844976e-02	1.7452484241366226660975315187783640e-05	3.6179193365210878018712908104541476e-03
5.7731372694780025572795344166749256e-03	0.0000000000000000000000000000000000e+00	1.7451265973839852062521772128758210e-05	3.6177930619758165177923821790268293e-03
5.7727342851076972431089651391346896e-03	1.4471235383578218657522663569844976e-02	1.7452484241366226660975315187783640e-05	3.6179193365210878018712908104541476e-03
5.7715253882602298718544229124125480e-03	2.8943481020819290415843003656311919e-02	1.7456139894554908915743652218849527e-05	3.6182982218694287359123972678601918e-03
5.7695107477416584372345586530206529e-03	4.3417747659166001409648041780677660e-02	1.7462235486612789340644584255016750e-05	3.6189299032366076798727312441159560e-03
5.7666906449478014588149592092710625e-03	5.7895047034246700070033955942394139e-02	1.7470775277482736786347354576448377e-05	3.6198146895763835062114018036885743e-03
5.7630654739428707264414101441725475e-03	7.2376392365533822764393839324377994e-02	1.7481765240754696682956872545508150e-05	3.6209530139723813584391917709530425e-03
5.7586357415696571384158327986735706e-03	8.6862798853885529665190163560386560e-02	1.7495213073369336671739876905744734e-05	3.6223454341880380528739526620469683e-03
5.7534020675913698565191229639814674e-03	1.0135528418160519994342953672240720e-01	1.7511128208142501198833651789453026e-05	3.6239926333759426395095329673136936e-03
5.7473651848652579614606886380470722e-03	1.1585486901565960989131922716065065e-01	1.7529521829147031766608004719310129e-05	3.6258954209482852196749729835454433e-03
5.7405259395481729982346506611950941e-03	1.3036257751470425514067099082878388e-01	1.7550406889996971939603685502823715e-05	3.6280547336105214173155064819141465e-03
5.7328852913342603083432962840484021e-03	1.4487943784057350875199254420449687e-01	1.7573798135087845285075480894475004e-05	3.6304716365607624886933051100078415e-03
5.7244443137249969120480224866771728e-03	1.5940648267490416697456138088502890e-01	1.7599712123855610965892461148272603e-05	3.6331473248578135516927471013932732e-03
5.7152041943318239870380471038356716e-03	1.7394474974157346688049872276300498e-01	1.7628167258126108115702527129936077e-05	3.6360831249612064981789396327354221e-03
5.7051662352116527498477678763233329e-03	1.8849528233564691465747270858773032e-01	1.7659183812636340772372736297446549e-05	3.6392804964470115664371974866408497e-03
5.6943318532355538442566243439463316e-03	2.0305912985954729704084423443384987e-01	1.7692783968818876635381025409315911e-05	3.6427410339036641197219233030945586e-03
5.6827025804909722398049105522323400e-03	2.1763734836717412558371033411382945e-01	1.7728991851950984436839099950392665e-05	3.6464664690125128154743184131194441e-03
5.6702800647178422084917178509059341e-03	2.3223100111672255646429008640118949e-01	1.7767833571780968401122059563613681e-05	3.6504586728182840740163670153261719e-03
5.6570660697790102459559278956080735e-03	2.4684115913297261786510114554790437e-01	1.7809337266755529560231414897052013e-05	3.6547196581951676966854480368869711e-03
5.6430624761654079047207195887448393e-03	2.6146890177984345195417983211194628e-01	1.7853533151983951768933533008473506e-05	3.6592515825147619015295304154152365e-03
5.6282712815364514838775222063802872e-03	2.7611531734403333780316726552199627e-01	1.7900453571087538484917100553349611e-05	3.6640567505226753438105623454890243e-03
5.6126946012961814473648717064374506e-03	2.9078150363059461376694748890823670e-01	1.7950133052096082775323560002853176e-05	3.6691376174311714327378240280744298e-03
5.5963346692056914005108470013260869e-03	3.0546856857132338210473765265260660e-01	1.8002608367567310818650866671962818e-05	3.6744967922358591868517342951285701e-03
5.5791938380324345240878037369625820e-03	3.2017763084687718547508065164654657e-01	1.8057918599120277418942026190716425e-05	3.6801370412650879269402062975255434e-03
5.5612745802370346330128562440230095e-03	3.3490982052356983709941568618188081e-01	1.8116105206589696201906845225250809e-05	3.6860612919713934436908166468752573e-03
5.5425794886982695835020836462207246e-03	3.4966627970583141966931241330125903e-01	1.8177212102025249829144455161945271e-05	3.6922726369750742944652577783340144e-03
5.5231112774769366930489012069013577e-03	3.6444816320536331238719454056779950e-01	1.8241285728778147281741414004759169e-05	3.6987743383707522422640838826303310e-03
5.5028727826193532621500899544488289e-03	3.7925663922806314601956025960825282e-01	1.8308375145936685352260387140126544e-05	3.7055698323085945058661419437721002e-03
5.4818669630012903007733483565255154e-03	3.9409289007984302410092401824917357e-01	1.8378532118393449013278021090870097e-05	3.7126627338627517223074855931050782e-03
5.4600969012131842775491840084878021e-03	4.0895811289251640386526654858949382e-01	1.8451811212849180173697948116815353e-05	3.7200568422004989668712002444722075e-03
5.4375658044875202433375914906670780e-03	4.2385352037098494182055654320169642e-01	1.8528269900082398342783929547338082e-05	3.7277561460665628603361878116738286e-03
5.4142770056693301578065832713096322e-03	4.3878034156301663580520049077394024e-01	1.8607968663839725033614964471643681e-05	3.7357648295981811807657822676041987e-03
5.3902339642308028000478887853047202e-03	4.5373982265297102034286362240568143e-01	1.8690971116729716229402251132124718e-05	3.7440872784875784283617898514828888e-03
5.3654402673310564121766640896036984e-03	4.6873322778089630240949999080797537e-01	1.8777344123533030144303859853885454e-05	3.7527280865097579354947946165481354e-03
5.3398996309221823571531530044307223e-03	4.8376183988849749462360097354228753e-01	1.8867157932374155238197624092749139e-05	3.7616920624348154213031970247717180e-03
5.3136159009027277269751355580122455e-03	4.9882696159355417611186597914547708e-01	1.8960486314234920580488318098627667e-05	3.7709842373453780561671762124772858e-03
5.2865930543198471833530329742475849e-03	5.1392991609445188380260009432334355e-01	1.9057406711327854231227829732242219e-05	3.7806098723812755320067497385391086e-03
5.2588352006214195294420040434947277e-03	5.2907204810658273973507942562921384e-01	1.9158000394888417315980128570518577e-05	3.7905744669351645221199418038810508e-03
5.2303465829594927895333512298000861e-03	5.4425472483246922269236590700128541e-01	1.9262352632989521709358843398898487e-05	3.8008837673245653214837576386738569e-03
5.2011315795464931180678014524992793e-03	5.5947933696757050674720260528271539e-01	1.9370552869029868479588723801536040e-05	3.8115437759676404104937045639088556e-03
5.1711947050657078881607991593758622e-03	5.7474729974384407302261427505049512e-01	1.9482694911599887790286201451679270e-05	3.8225607610920612744266661572588999e-03
5.1405406121376320563902734401385489e-03	5.9006005401325696265937208169613108e-01	1.9598877136485822660987983911463978e-05	3.8339412670084853129061313395534822e-03
5.1091740928438496146521588491110130e-03	6.0541906737357174286708503620744873e-01	1.9719202701634225768994074666961848e-05	3.8456921249825136764419216644017872e-03
5.0771000803102088889767498370683603e-03	6.2082583533887272943044870175164881e-01	1.9843779775966325388332895578495469e-05	3.8578204647415394165793441242474503e-03
5.0443236503511419161416197352922339e-03	6.3628188255744904091168600436150712e-01	1.9972721783004912539363030796927138e-05	3.8703337266556410984337889326346878e-03
5.0108500231770744294654613221714462e-03	6.5178876407981351898366434723567083e-01	2.0106147660356215746975675116374215e-05	3.8832396746346494679255654840996694e-03
4.9766845651669744458018098964949845e-03	6.6734806667981138458765113489740403e-01	2.0244182136176339427869604292859956e-05	3.8965464097867353662666096461963367e-03
4.9418327907081944216505970882590797e-03	6.8296141023196074994542390728076992e-01	2.0386956023846999751801664791261529e-05	3.9102623848873595532133316093171690e-03
4.9063003641058748195030985095538707e-03	6.9863044914836991059595658508606787e-01	2.0534606536189336090491842067083988e-05	3.9243964197112156453742202145257443e-03
4.8700931015642961072876097965882100e-03	7.1435687387879494856601732643403827e-01	2.0687277620658441109757460124451270e-05	3.9389577172839149896117645380055045e-03
4.8332169732426921471618389284091564e-03	7.3014241247763695856427726450166742e-01	2.0845120317085980484297771315108362e-05	3.9539558811146390816409601268399689e-03
4.7956781053881710926449485880988713e-03	7.4598883224193266997888158819037438e-01	2.1008293139675028261943742917033533e-05	3.9694009334758566981154220197962344e-03
4.7574827825485308207426988320450210e-03	7.6189794142466703470669022905634221e-01	2.1176962485101327708174889069547074e-05	3.9853033348015087315471370075116751e-03
4.7186374498679051350927598701865987e-03	7.7787159102803330720826337411477137e-01	2.1351303068740056998104375987231013e-05	4.0016740042808476723971482166004650e-03
4.6791487154683350890987238086027907e-03	7.9391167668158726648637643844568099e-01	2.1531498391218467087673692332341220e-05	4.0185243417314295552276552075905201e-03
4.6390233529205274456318140538180628e-03	8.1002014061058973364127788938838444e-01	2.1717741237694297194902595047221763e-05	4.0358662508416482802342439135271807e-03
4.5982683038072402171325573070593946e-03	8.2619897370020786629618177985742075e-01	2.1910234212479718929384842418614614e-05	4.0537121638807360533248025277079147e-03
4.5568906803829241807985664301157128e-03	8.4245021766165356123529331726300355e-01	2.2109190311873026814937326128724208e-05	4.0720750679823967690808359123599651e-03
4.5148977683334500665942946769699056e-03	8.5877596730677965319086822676515879e-01	2.2314833538327985626117351905771789e-05	4.0909685331172668935098090138889987e-03
4.4722970296399646705560431588564915e-03	8.7517837293813476394598015169979845e-01	2.2527399559386600047553394678992605e-05	4.1104067418792950986578125325886296e-03
4.4290961055511464296166898242214735e-03	8.9165964286199929172579409303907306e-01	2.2747136415128404059704459413958701e-05	4.1304045212219919422843812680797412e-03
4.3853028196683730697973414359774576e-03	9.0822204603249219589219292800928725e-01	2.2974305278251921956189209959669069e-05	4.1509773762924300580015440647490009e-03
4.3409251811485719640471802321365238e-03	9.2486791483545543417586372486074279e-01	2.3209181271305968920461660843042993e-05	4.1721415265239923332317117807236122e-03
4.2959713880297990697881456323697842e-03	9.4159964802149516037915637277055192e-01	2.3452054346034740003730976837418501e-05	4.1939139441633037809003275863412245e-03
4.2504498306848861340433756453267457e-03	9.5841971379829166688479993045037310e-01	2.3703230230296632588957888756489705e-05	4.2163123954226923037971223671039748e-03
4.2043690954088097565774753905091181e-03	9.7533065309308977270257782870679991e-01	2.3963031448568652314286816447889233e-05	4.2393554844670733295863601080240779e-03
4.1577379681457715285735664044228744e-03	9.9233508299715484657716003520713623e-01	2.4231798422663113465397589918007723e-05	4.2630627004635340064377605418755462e-03
4.1105654383623376096896283015466136e-03	1.0094357004049346587993212791331247e+00	2.4509890659969193238004861816179137e-05	4.2874544679433196246017922618553447e-03
4.0628607030733707338571044901730709e-03	1.0266352858617124338574987859669225e+00	2.4797688037297900907665961554251458e-05	4.3125522007496417145570713490623112e-03
4.0146331710278998966337896025487691e-03	1.0439367076346815248806313577786380e+00	2.5095592189265654683130103451423308e-05	4.3383783598710097178969045069755552e-03
3.9658924670625152364452087413278568e-03	1.0613429260236279211834111230110008e+00	2.5404028011110914909518896730391003e-05	4.3649565154889491243059053937647244e-03
3.9166484366303504734275849226035507e-03	1.0788569979287855374519244840253344e+00	2.5723445286913955235505384585494295e-05	4.3923114136013639494551618399422671e-03
3.8669111505142255663571612129804157e-03	1.0964820816949446391566895959401096e+00	2.6054320455397658877512895268805440e-05	4.4204690476188347650994632808087575e-03
3.8166909097330711320122759701512952e-03	1.1142214422525612824088078959725134e+00	2.6397158526845377113524766641374724e-05	4.4494567353712759458542135722937265e-03
3.7659982506513471052910718939591041e-03	1.1320784565784527056264117159760157e+00	2.6752495166201323356766836946080376e-05	4.4793032020071332195975359584905626e-03
3.7148439503018049243113337810041660e-03	1.1500566195006898722063703787950183e+00	2.7120898959143874822790472518654954e-05	4.5100386693172861175258942628887084e-03
3.6632390319326294255212361649882223e-03	1.1681595498745360683525099999209853e+00	2.7502973879870475553235791162306759e-05	4.5416949520717178189704282142834900e-03
3.6111947707907383016833781328689713e-03	1.1863909971587547978172296975753715e+00	2.7899361981536976655876969566602476e-05	4.5743055620196166607443287154486032e-03
3.5587227001538185862186499910911594e-03	1.2047548484243497606671893436278033e+00	2.8310746332791821133351863920995742e-05	4.6079058202737863644780496852427630e-03
3.5058346176245469220965080360054808e-03	1.2232551358308369250032079679613353e+00	2.8737854226680225899043918526870665e-05	4.6425329788791100206087476561275037e-03
3.4525425917013797295099495870443314e-03	1.2418960446085205536450374543913601e+00	2.9181460691416414539895264166759065e-05	4.6782263524535402386358432418251272e-03
3.3988589686413178975943786410633182e-03	1.2606819215889936653092488403109212e+00	2.9642392336192550224510265299163698e-05	4.7150274608900659582606130665974108e-03
3.3447963796311561931837308138975479e-03	1.2796172843302569139720201803552991e+00	3.0121531569380987894935297392046283e-05	4.7529801842209459085871215815970817e-03
3.2903677482849290189490361891211989e-03	1.2987068308875033234187868756528121e+00	3.0619821231273530822838147579508196e-05	4.7921309308730679857439982939836647e-03
3.2355862984865713127147946940366641e-03	1.3179554502858128379314679912945821e+00	3.1138269688983599127421342732409988e-05	4.8325288206877646580142253086154831e-03
3.1804655625982372796670414825134875e-03	1.3373682337568127437117090660468611e+00	3.1677956447427769289229869238711318e-05	4.8742258842423166583980830576508942e-03
3.1250193900562726409912717910586837e-03	1.3569504868078711133806505671838302e+00	3.2240038337535670413814711733653391e-05	4.9172772801966638674308112966188122e-03
3.0692619563785320322719736561162118e-03	1.3767077421996967421921930520590516e+00	3.2825756351169931520746196382521178e-05	4.9617415326009686283392393772171146e-03
3.0132077726085876855464528011908754e-03	1.3966457739164317638842206449547177e+00	3.3436443201858511435459324993006441e-05	5.0076807903416946728993126336450361e-03
2.9568716952244061453854491837831049e-03	1.4167706122215710170299372762698730e+00	3.4073531701573684285747727508426144e-05	5.0551611111805373079220424528754782e-03
2.9002689365412963243210894869812526e-03	1.4370885599034747260159122836540639e+00	3.4738564056701667118382797469922550e-05	5.1042527731574799818147002203356629e-03
2.8434150756413771078485449545510383e-03	1.4576062098260320176320345893207309e+00	3.5433202201353102565376212738622939e-05	5.1550306164930890239038000674383464e-03
2.7863260698645013610406372418961988e-03	1.4783304639133849381736051399790302e+00	3.6159239303649689276259592120515354e-05	5.2075744195437451212935686226562186e-03
2.7290182668985343816341254696523610e-03	1.4992685537127729308596150512462617e+00	3.6918612601046147644631793218667084e-05	5.2619693128461730179216446640389466e-03
2.6715084175101513586747825940524585e-03	1.5204280626967838637682841942000481e+00	3.7713417744664417498694851619349537e-05	5.3183062358454762595016885578103016e-03
2.6138136889609275796276699053293483e-03	1.5418169504859259124672269067168024e+00	3.8545924860700254427268480526752465e-05	5.3766824415471757646881538844432651e-03
2.5559516791574896400611682995814732e-03	1.5634435791948492330528510147707368e+00	3.9418596570026875336673539067445894e-05	5.4372020550843778727599218921123384e-03
2.4979404315889245801205254593126124e-03	1.5853167421312014289142247213523080e+00	4.0334108246159666042779544368153475e-05	5.4999766930652490727237900590546322e-03
2.4397984511095627294631248154197501e-03	1.6074456951055341962060901250037649e+00	4.1295370837974872715099461152063391e-05	5.5651261515864598211404055509809387e-03
2.3815447206307235275675404529917849e-03	1.6298401906445293499036417172939664e+00	4.2305556638483742727917931723587623e-05	5.6327791719930023818064981720655637e-03
2.3231987187911159990445759895201919e-03	1.6525105154388424438001103289285022e+00	4.3368128446386425417819260555490839e-05	5.7030742948675475832784293985049463e-03
2.2647804386824027919392712486507808e-03	1.6754675314019822315768590869160755e+00	4.4486872645334611614052163030273973e-05	5.7761608143843900793372041447319783e-03
2.2063104077140682804295641171974876e-03	1.6987227207689469438062981048043178e+00	4.5665936819631944636905403631930906e-05	5.8521998471142772121416711163101561e-03
2.1478097087102928953516977116204893e-03	1.7222882357241391003943681258521192e+00	4.6909872638002068329671093683053710e-05	5.9313655316786476325846793174068401e-03
2.0893000023411624429173141494079299e-03	1.7461769531189683314036172773241414e+00	4.8223684873441712766580545995074905e-05	6.0138463784009149778892513709626891e-03
2.0308035510013903770103601363402515e-03	1.7704025349224531597264981565042269e+00	4.9612887592562362240254764838362599e-05	6.0998467913822651100914568491847523e-03
1.9723432442619877140635106602117868e-03	1.7949794951453931419190049798911640e+00	5.1083568749167635087675231779107708e-05	6.1895887893565327806802562295379475e-03
1.9139426260341970770083926155544285e-03	1.8199232740931682898358163753402787e+00	5.2642464662942206177532412025818299e-05	6.2833139563984481165485384613941107e-03
1.8556259236007710530421034464608607e-03	1.8452503209374506528968320139034024e+00	5.4297046166296229100478094067664708e-05	6.3812856592540459432122894366764882e-03
1.7974180786876249028176398245761566e-03	1.8709781857574186953625547776527293e+00	5.6055618575039459561076905410278290e-05	6.4837915749606587135816000186481177e-03
1.7393447807693914279917369150227703e-03	1.8971256223918166061310101726830804e+00	5.7927438100235152005314492967269134e-05	6.5911465808168885848404494881147751e-03
1.6814325028258832783084032784509585e-03	1.9237127036710760063086051395037656e+00	5.9922847893385945955516395413227323e-05	6.7036960690194571452864007086266464e-03
1.6237085397934425941962575114152773e-03	1.9507609508720659344827888882324339e+00	6.2053437636421589185215648313094774e-05	6.8218197608760613710249561500026094e-03
1.5662010499862523082665842381969443e-03	1.9782934795673514823228984153240799e+00	6.4332231492961858223615177690898360e-05	6.9459361110387535558755550692885008e-03
1.5089390997986502732945169787197386e-03	2.0063351644393810822668597333102673e+00	6.6773910382368915660016418429393773e-05	7.0765074114670089462895073143410512e-03
1.4519527120412404868235677359930613e-03	2.0349128261146373708111305733958019e+00	6.9395075995425026608032935935540744e-05	7.2140457288472874986452622722321398e-03
1.3952729183122500362284410307298612e-03	2.0640554436650193340949325697102168e+00	7.2214565836789438594316021979506875e-05	7.3591198393086034034914210275774311e-03
1.3389318158625033362173316394278876e-03	2.0937943971512898902305026522917013e+00	7.5253830985158365218603833055091166e-05	7.5123633622530439831185709425124559e-03
1.2829626294792625635451999374287639e-03	2.1241637454822185662194679085087627e+00	7.8537391384643723925770756399561379e-05	7.6744843433222711924999626465068132e-03
1.2273997789931050513619359817540738e-03	2.1552005459798887904666963586001106e+00	8.2093387563479077484571755785667658e-05	7.8462765981030069177455517650604074e-03
1.1722789531055817177504181906089446e-03	2.1869452234380334245575533500573170e+00	8.5954253055122874557361780703321989e-05	8.0286332074019931360985119159236011e-03
1.1176371903468973670252998707433179e-03	2.2194419982176611347188052534692560e+00	9.0157538941797553448450848245120841e-05	8.2225626576070869619502881859280695e-03
1.0635129681064080781468407255660433e-03	2.2527393851513922111525989394372465e+00	9.4746931513719648648873355157375629e-05	8.4292082537908178542676721035532991e-03
1.0099463008396033930150972099315049e-03	2.2868907778713210855398825113281911e+00	9.9773516982451366523391997129530560e-05	8.6498716099083314973699866667675362e-03
9.5697884875017578802580766520291478e-04	2.3219551368340260827028856646164660e+00	1.0529736486388512639624753466637342e-04	8.8860412552710184397022197885213070e-03
9.0465403848349253259799381449246265e-04	2.3579978040640421599875621322061180e+00	1.1138952603864632307598683705589936e-04	9.1394277115391420705726684530442140e-03
8.5301719765963521942581953175307637e-04	2.3950914738532578596689847004427743e+00	1.1813457553459322989538252752538364e-04	9.4120068214911663408042846825390589e-03
8.0211570543510160034542454678161631e-04	2.4333173568710798388930425365266899e+00	1.2563387814396641346727438736646170e-04	9.7060736958987839717881616272710987e-03
7.5199916173211878684798367135720555e-04	2.4727665861158674394951085815376767e+00	1.3400982375135549884814301671440758e-04	1.0024310455886873878615454878313245e-02
7.0271957833993458659960550220293680e-04	2.5135419279619465073760793079667413e+00	1.4341137899548076146175832731212529e-04	1.0369872086711822122998179729740954e-02
6.5433159580959684300900266648580231e-04	2.5557598818198224787124283442997737e+00	1.5402144876958292297464277174912926e-04	1.0746496339094390715690562217915320e-02
6.0689273098229426405027591761613287e-04	2.5995532799894096213001138764432884e+00	1.6606676091227822135739606335567851e-04	1.1158645954125977817242987355052011e-02
5.6046366118052083239616755163917392e-04	2.6450745387037707891301425619731308e+00	1.7983132239660008056840850221415903e-04	1.1611694921718462857360757268905031e-02
5.1510855264891319084633699956716314e-04	2.6924997675931050000785742994747425e+00	1.9567501566655192258639870585497027e-04	1.2112175611363844618798177174740281e-02
4.7089544289792847600771242530634636e-04	2.7420340263920796089672897147908788e+00	2.1405972952486338967290174373765976e-04	1.2668111423039789147083625539411921e-02
4.2789668938350774802332667741700284e-04	2.7939181383420448729199893428947675e+00	2.3558676060426133234590980042888926e-04	1.3289471751243752902886536534422667e-02
3.8618950075452695943553854263668090e-04	2.8484376518116659255433491476355610e+00	2.6105145889023020439856044330511981e-04	1.3988805393699186525059534824006869e-02
3.4585657218085918627789998852398849e-04	2.9059348228881165120871283332376194e+00	2.9152493244915804939480415338227295e-04	1.4782140147176934541799708247845152e-02
3.0698685375993073109623150416152128e-04	2.9668249374624207978071639415954398e+00	3.2847944224421734199330986951700997e-04	1.5690289547822606871122348422604681e-02
2.6967649184198481316563549737138836e-04	3.0316190188688988435017215422729698e+00	3.7398666686428531069061179799305205e-04	1.6740800329475667217874354677081756e-02
2.3402999921251950297588943545458330e-04	3.1009561947174102268731030910599339e+00	4.3104212199377091024172100836649235e-04	1.7970941601718242531575999413456639e-02
2.0016173465841361801512542187987535e-04	3.1756511486687450914579413473496904e+00	5.0411764507525607125324918665764518e-04	1.9432452956238204433313279955976707e-02
1.6819781124959125929336273296757628e-04	3.2567660276158647835728127152168956e+00	6.0014772471379124848301705535867703e-04	2.1199397159706471281758853082834846e-02
1.3827861630590739550388442121969458e-04	3.3457237949692943487736107244977059e+00	7.3039293770097684762882249781117129e-04	2.3381789817217953056596797854652608e-02
1.1056223524346835512171153598973457e-04	3.4444956978286814010858220547680635e+00	9.1421329368158438618399594370815655e-04	2.6150690378504559913571722426997538e-02
8.5229269556214935766918163823042377e-05	3.5559303529570518204129979234305030e+00	1.1874049454381372629217128913409984e-03	2.9787916901086207508546157345176228e-02
6.2489923453835038196249300018063658e-05	3.6843772535552828839507091724520691e+00	1.6228308007741505279072153161149989e-03	3.4794344149139217861671793383434907e-02
4.2595045000153412070598723942532383e-05	3.8369945134480598802853947446084513e+00	2.3900278286118193284054996513392788e-03	4.2157937360837069366107075081750775e-02
2.5854711926043494186549595726716125e-05	4.0269144990498741769266447863411778e+00	3.9715885679662516185550188812790612e-03	5.4150669523282269301767582061082693e-02
1.2672939918007249026974093685924193e-05	4.2828067345091296106610289259432955e+00	8.3207313902790313769477645816037070e-03	7.7510377344074732929595615373714601e-02
3.6013548953135952473700375736784290e-06	4.6924104687238823006685668938815610e+00	3.8985574771149911945829236429472766e-02	1.4777122841761676795014979885865614e-01
0.0000000000000000000000000000000000e+00	0.0000000000000000000000000000000000e+00	3.0224943449309587926072535502333419e-05	4.4308019994919024050193968025206132e-03