3.3168325995229033758213629688463462e-06	-4.7092375852805040307403087014810259e+00	3.8743610211119641091139852013323117e-02	1.4729818502112978825252734066563782e-01
1.1679836233120618490861693143621869e-05	-4.3009946914441662022729986139561068e+00	8.2624025275143327682627770227195963e-03	7.7236415740236584212627940960433526e-02
2.3842424455097985798042333643106538e-05	-4.0460391459570032786420903016911266e+00	3.9413981334575202298815496882202062e-03	5.3943785115423411920057157786604046e-02
3.9299535387807585014352047869282650e-05	-3.8568664998195949578894776354712353e+00	2.3706547342131015905218836946313240e-03	4.1986387586005717554768813551756563e-02
5.7681081141128710473700527638784465e-05	-3.7048862797844696456948152932123356e+00	1.6089476274557124909293327028837790e-03	3.4644992498204726154712103652202660e-02
7.8702969717658885576230687083637177e-05	-3.5770032399347277697846540945482745e+00	1.1767591759748598527682666070261999e-03	2.9653952451168968387807132926552981e-02
1.0213533778688260620180687767328169e-04	-3.4660799414992512058958104272179492e+00	9.0566747425905496980856168554816405e-04	2.6028087177864033061955109728070232e-02
1.2778553657433253933803783320063516e-04	-3.3677796971412620867630657439974386e+00	7.2330239883940415762947485371698301e-04	2.3267952520349356185705180810695900e-02
1.5548802354652257986322274809833406e-04	-3.2792624230081973193810701276411375e+00	5.9411600875128002634438788791038283e-04	2.1092545828721921103594777796254065e-02
1.8509787412369285625087299270997212e-04	-3.1985628703125217166674920519911916e+00	4.9888560751771512503326267466725438e-04	1.9331308760164054272703884263836167e-02
2.1648637030054520276723749758952361e-04	-3.1242624686253997817113977704387774e+00	4.2643215639835495103165345447888510e-04	1.7874551798308878579001392489351029e-02
2.4953786562942876818528226023076455e-04	-3.0553023943919300025747712177410674e+00	3.6987234890993541006807274867687700e-04	1.6648434147816025087305389361704122e-02
2.8414747775703817423969409461704664e-04	-2.9908705451676207620408371855577774e+00	3.2476794538073944596888429962366132e-04	1.5601372915258073805053725515121468e-02
3.2021934101202425531503694359758136e-04	-2.9303298423813069190676850745423135e+00	2.8814631324873081758423858093816201e-04	1.4696212984543691825682931600212395e-02
3.5766525152991896895038423507148327e-04	-2.8731709194690751398174688592767032e+00	2.5795184886331771409441002085101503e-04	1.3905492667997754355053476742650354e-02
3.9640359566075927299924783169566955e-04	-2.8189798513632246474238428655406864e+00	2.3272388469199340537196030788871541e-04	1.3208463257871808923065238328814263e-02
4.3635848793126011799978187079962784e-04	-2.7674155150254111139658207330177591e+00	2.1139986572213691561313465205984224e-04	1.2589147298804468063039328682383134e-02
4.7745906734444367053582811472352923e-04	-2.7181933167739970443467808010850596e+00	1.9319087778472863322537671480687390e-04	1.2035035721157283408497740870191530e-02
5.1963891553838213741965226326817712e-04	-2.6710732462578451759120962455534902e+00	1.7750055165810560649932151445608155e-04	1.1536190930859332205800765456613874e-02
5.6283557025261239639120306860679190e-04	-2.6258509423903636889480245985989717e+00	1.6387082947796859553016386666640438e-04	1.1084615304626022423973623593560480e-02
6.0699011440399923878007876565609543e-04	-2.5823509010492549525749738275321117e+00	1.5194484834418087860956226185026674e-04	1.0673797602494968061727425697894470e-02
6.5204682590914211318182328778483608e-04	-2.5404212347634054872157265744824703e+00	1.4144101072848705924200979439695503e-04	1.0298381329816157143195253802237031e-02
6.9795287686853862705774857068005432e-04	-2.4999295761509665272801779235345788e+00	1.3213453285853047552029729750955212e-04	9.9539183636078536418801928729716467e-03
7.4465807327315523175194663268380148e-04	-2.4607598371482713408140018260164298e+00	1.2384409427897663690918951954959948e-04	9.6366832681177827696378817572956365e-03
7.9211462828607081598901125850009267e-04	-2.4228096174225437159547343830970146e+00	1.1642203158019214813008791299886319e-04	9.3435315107387743120654810830535429e-03
8.4027696357807699643248991883418885e-04	-2.3859881114272280365732337916614439e+00	1.0974703583475211744826512407570355e-04	9.0717899032011502397532989359898391e-03
8.8910153428502403949473555255288049e-04	-2.3502144028591950257851064929398651e+00	1.0371864577626379264055937410421589e-04	8.8191710168080340001386288353078827e-03
9.3854667399581381357442108221113810e-04	-2.3154160632553593558244252065225801e+00	9.8253046973054733916854538956494372e-05	8.5837056534424932320167606524976732e-03
9.8857245683662441649970730564062985e-04	-2.2815279916686531795101365200515186e+00	9.3279833034039124560157319359295154e-05	8.3636890694643866700469042118603540e-03
1.0391405742347064784588027248596936e-03	-2.2484914471423316103551172942698777e+00	8.8739483880158095829807427933331322e-05	8.1576377847709046074421479776350849e-03
1.0902142243570293463660775427785996e-03	-2.2162532366439342472667411628910379e+00	8.4581384356972374816272931122968609e-05	7.9642546179136831317192772481578164e-03
1.1417580125495671673014973738701600e-03	-2.1847650293125527333781928580407377e+00	8.0762254164705940674636275115448104e-05	7.7824001714751912698381948719283357e-03
1.1937378613702720199192965951478808e-03	-2.1539827740701595401789664883158484e+00	7.7244893857110250280877663641063190e-05	7.6110694176304342623896662007334072e-03
1.2461209290264649744407339944121905e-03	-2.1238662023808417114817679910688559e+00	7.3997175863865818761873959305138309e-05	7.4493723479255425622177968671252711e-03
1.2988755352058879164972472402870989e-03	-2.0943784015892815006786630427598382e+00	7.0991227030484807708189396929951600e-05	7.2965178854184038139112545874586779e-03
1.3519710934379797227718816346508647e-03	-2.0654854471044019887120650495896479e+00	6.8202762013255260666749594968350362e-05	7.1518004334813830471138723202061864e-03
1.4053780492442453867774458469907241e-03	-2.0371560839143130979289094823278642e+00	6.5610536364370673716110609695157347e-05	7.0145885692937791400654408939615825e-03
1.4590678234386929315057658802593402e-03	-2.0093614496705953909805499735514936e+00	6.3195895230571353408600213343420207e-05	6.8843154924212035213112658278490733e-03
1.5130127600250060332180646596880631e-03	-1.9820748329719683307201730354106007e+00	6.0942398924575439894398493246280835e-05	6.7604709178613593372466776335604026e-03
1.5671860782093963880228642077085177e-03	-1.9552714615907092195423269092700485e+00	5.8835510678331699188218602928207443e-05	6.6425941643263918892995308963595918e-03
1.6215618281093261675893053501838405e-03	-1.9289283162811409823331215052559317e+00	5.6862334984455085936918675477696498e-05	6.5302682365838263172099597426242307e-03
1.6761148497904214069702855522861488e-03	-1.9030239665347632184060483824468322e+00	5.5011397318401978117116877557495373e-05	6.4231147385387441495652897539962218e-03
1.7308207353084555631308754902285432e-03	-1.8775384252369465874910585501081290e+00	5.3272457884990225422916792745534412e-05	6.3207894837580511659538787283644298e-03
1.7856557934715208949522115451530277e-03	-1.8524530196631759383001774772038300e+00	5.1636353478202420169863770629394824e-05	6.2229786940797034071975771925380383e-03
1.8405970170704447844498044523975608e-03	-1.8277502766500885430267037507192562e+00	5.0094862678781825480153090752475795e-05	6.1293956961535445079902033645937657e-03
1.8956220523539854894915976282718684e-03	-1.8034138201048082117591264916262564e+00	4.8640590511610007356687639189390795e-05	6.0397780412465612218780034931070726e-03
1.9507091705500462880133178452763961e-03	-1.7794282792885416903216733281622198e+00	4.7266869398161931316270645625187470e-05	5.9538849861975609092410207381262095e-03
2.0058372412556487588095654452707837e-03	-1.7557792065375408012845697774697285e+00	4.5967673809308911243993355737006038e-05	5.8714952836300697860654961812915194e-03
2.0609857075371788929218949418432708e-03	-1.7324530032746653669368139354151182e+00	4.4737546481519048449855300607148987e-05	5.7924052378983793656163824405620597e-03
2.1161345625988592610769812679585347e-03	-1.7094368533245651386685969635705475e+00	4.3571534428974687894043291290535016e-05	5.7164269901181644411813188984226660e-03
2.1712643278918378691362175535376451e-03	-1.6867186626802847765787681810896043e+00	4.2465133283719549876887597780745807e-05	5.6433870013092764119090386752392400e-03
2.2263560325489982450984271979731856e-03	-1.6642870049832060341962345425282999e+00	4.1414238739969607261925336860408663e-05	5.5731247073828109004558662728916423e-03
2.2813911940418209165819395993783979e-03	-1.6421310720751818995211605898725459e+00	4.0415104078333555828349119247903163e-05	5.5054913236189384443600145066868666e-03
2.3363517999655629924665725525073162e-03	-1.6202406290643455319824629708432424e+00	3.9464302909645884353168046554033930e-05	5.4403487795511777168810271238440814e-03
2.3912202908678393972276082858149105e-03	-1.5986059734167301720192575568310884e+00	3.8558696413319396040075247419862911e-05	5.3775687679129551012990639711657933e-03
2.4459795440435308191350912170224655e-03	-1.5772178976464353434201906034655895e+00	3.7695404457040708703491532205568012e-05	5.3170318936069819652709709010836888e-03
2.5006128582259331357121348192465155e-03	-1.5560676552292035157474861073147218e+00	3.6871780077611123235897974384333086e-05	5.2586269106028438065147736304782659e-03
2.5551039391103069346167685665506841e-03	-1.5351469294092410399744734479595663e+00	3.6085386880252344005624303974279271e-05	5.2022500363146625787323456202153850e-03
2.6094368856515749247191861669830350e-03	-1.5144478046080167650747587917324171e+00	3.5333978978541770646838654720689070e-05	5.1478043344088411202581853199505847e-03
2.6635961770829281890724965250091679e-03	-1.4939627401775091714978467874880594e+00	3.4615483151563841401007791900552577e-05	5.0951991581827027905998278029394975e-03
2.7175666606066074145551570604082800e-03	-1.4736845462697074112164457105512127e+00	3.3927982940681313094900452713526637e-05	5.0443496476719522760741449132496116e-03
2.7713335397121814589395883261249325e-03	-1.4536063616197403692125091676883864e+00	3.3269704447020823248994892755128452e-05	4.9951762745160395005334187338826251e-03
2.8248823630813041980279124101961266e-03	-1.4337216330623468851320983653073202e+00	3.2639003623534890687309398229360235e-05	4.9476044293586426699083469042881440e-03
2.8781990140412362553052071036152709e-03	-1.4140240966209621335690750201622550e+00	3.2034354883332818271405915209457511e-05	4.9015640472046269527912488181413270e-03
2.9312697005324100223220523033861966e-03	-1.3945077600258629341218461086679397e+00	3.1454340869674399377317402365970223e-05	4.8569892667108191383676152912264484e-03
2.9840809455580285351233680730054165e-03	-1.3751668865329136267007742883758881e+00	3.0897643253258843193877477022913212e-05	4.8138181198689870825403123407381412e-03
3.0366195780861512934455070468545330e-03	-1.3559959799277608757837564240292068e+00	3.0363034439767111134968865677135816e-05	4.7719922489565960950760304370268014e-03
3.0888727243769593847720105122205106e-03	-1.3369897706120765431355681780636151e+00	2.9849370085484857703108728906792090e-05	4.7314566479935283628841666969431124e-03
3.1408277997099315556378933787641178e-03	-1.3181432026788446464454650483824261e+00	2.9355582331624396348610571530218735e-05	4.6921594262588233549245688554822108e-03
3.1924725004875226837327200256419951e-03	-1.2994514218929046797594361516789683e+00	2.8880673678993512391413599466641645e-05	4.6540515916972354684770983677606426e-03
3.2437947966936346012429433702498297e-03	-1.2809097645011481619287721022909691e+00	2.8423711434190646099187013297466286e-05	4.6170868522866040514269913272137446e-03
3.2947829246867224899313759637021952e-03	-1.2625137468040465346577202660751326e+00	2.7983822666761374236748203060136959e-05	4.5812214336484376902890453021477716e-03
3.3454253803088023927295368991948251e-03	-1.2442590554266772665988920361201807e+00	2.7560189623916312848521505584712984e-05	4.5464139113697678746459120618295693e-03
3.3957109122929294647281844648637008e-03	-1.2261415382332071280066527296436504e+00	2.7152045555642349079304858285593696e-05	4.5126250566676706621994973561754240e-03
3.4456285159529137308152230060735807e-03	-1.2081571958339702374142226951278570e+00	2.6758670908469940899522460872580668e-05	4.4798176941718322102106188712142809e-03
3.4951674271401404211697852529680878e-03	-1.1903021736389159040866695788185247e+00	2.6379389850901261227349303623004723e-05	4.4479565707276664009725410613998307e-03
3.5443171164533744394169692696817058e-03	-1.1725727544153604074865058819178047e+00	2.6013567097652405910630301630011012e-05	4.4170082342349448408454591763425867e-03
3.5930672836883612548899474142354013e-03	-1.1549653513117125452413237552844412e+00	2.5660605003498720307883066192530184e-05	4.3869409216365334347884634129260364e-03
3.6414078525148967371969931640028590e-03	-1.1374765013122030044377201264603452e+00	2.5319940900704576852212311936537653e-05	4.3577244552602508669284288793495759e-03
3.6893289653698326650578308226672384e-03	-1.1201028590906743586822068147798815e+00	2.4991044656826656015880577292668615e-05	4.3293301467954593434149180097582928e-03
3.7368209785552186829699101194376943e-03	-1.1028411912342185953441595902505037e+00	2.4673416432153464466163653981050356e-05	4.3017307082559670391370373915905199e-03
3.7838744575314606069990781300122293e-03	-1.0856883708099148927071478356485244e+00	2.4366584618226812655769616531736029e-05	4.2749001693432055329299155253898156e-03
3.8304801723960039351987378782739774e-03	-1.0686413722501503737922430216662979e+00	2.4070103940820534988972819618729151e-05	4.2488138006793482082344361837818210e-03
3.8766290935386344779053022793920499e-03	-1.0516972665340258665431826662692972e+00	2.3783553712459969336112508882237092e-05	4.2234480424298439705875639987801681e-03
3.9223123874650290560965550073023284e-03	-1.0348532166441794638819514732371921e+00	2.3506536221080322600847106096868330e-05	4.1987804378794406755835291550363702e-03
3.9675214127806917223596717230359015e-03	-1.0181064732800225022238146034026429e+00	2.3238675242766988559677367450175970e-05	4.1747895715657634600762839698520600e-03
4.0122477163278781103951426892939477e-03	-1.0014543708098928221317117888640104e+00	2.2979614667716901337827327540014884e-05	4.1514550116104187997246485462913812e-03
4.0564830294685451926590954344061752e-03	-9.8489432344600423611372769015436023e-01	2.2729017229625105998666403898522189e-05	4.1287572559198747777119621579946803e-03
4.1002192645067685350522428587438747e-03	-9.6842382162732268139778183510158796e-01	2.2486563329650555359866221615892907e-05	4.1066776819574247396773563228686159e-03
4.1434485112444464588208461296004992e-03	-9.5204042859664074364626269202064853e-01	2.2251949946963323883296726472867719e-05	4.0851984998137294509543261387047794e-03
4.1861630336644625162711568201765569e-03	-9.3574177715916393524201196715611495e-01	2.2024889628633847115415921462151151e-05	4.0643027083270638874337117654222466e-03
4.2283552667358063299129899068860972e-03	-9.1952556661087396195787511156564752e-01	2.1805109552303827198918059798706504e-05	4.0439740540257437868742475386279629e-03
4.2700178133354599327469154931392575e-03	-9.0338955982580484414183276653892641e-01	2.1592350655687171032274349430232908e-05	4.0241969926845167739089516096259743e-03
4.3111434412821439230897858029381249e-03	-8.8733158049216488966776579516438228e-01	2.1386366827495703094372704174954653e-05	4.0049566533041878384027305280663498e-03
4.3517250804772865121541443878278000e-03	-8.7134951048796805473494471885023952e-01	2.1186924154875400530699996895016004e-05	3.9862388043395991815952756039967888e-03
4.3917558201488302706531331211174180e-03	-8.5544128738750836844055826129284656e-01	2.0993800222880668293945471950124213e-05	3.9680298220154683832699169391941127e-03
4.4312289061937273306822449277817091e-03	-8.3960490209062639633283825711091129e-01	2.0806783461912105439952154093699238e-05	3.9503166605826560116903719892277916e-03
4.4701377386151951251203221404979264e-03	-8.2383839656728217136345555255456831e-01	2.0625672539402067546786665375919652e-05	3.9330868243793171069285630123034434e-03
4.5084758690510125079757134348688058e-03	-8.0813986171046912068319834444618454e-01	2.0450275792356302904123795161524466e-05	3.9163283415722087092567770112757725e-03
4.5462369983893312684616014887134491e-03	-7.9250743529098230974665154578518800e-01	2.0280410697652741359320099965930799e-05	3.9000297394632831890918287784334513e-03
4.5834149744686615237304350474713628e-03	-7.7693930000799545908610033925204043e-01	2.0115903377263426884937810834913804e-05	3.8841800212556886116934005651804764e-03
4.6200037898588620734245451190957476e-03	-7.6143368162980795617987197495855057e-01	1.9956588135805516023671514682483964e-05	3.8687686441815067481152799710456740e-03
4.6559975797201292818348318452404791e-03	-7.4598884721949845956371780029558116e-01	1.9802307028044793885748738833578418e-05	3.8537854989010617541591088875296426e-03
4.6913906197371311195929544915405584e-03	-7.3060310344056836482235226010234181e-01	1.9652909454172578298200157603143566e-05	3.8392208900904952477928321278969781e-03
4.7261773241255772914870297389980094e-03	-7.1527479493797880770121426383953436e-01	1.9508251780856228208751934971038642e-05	3.8250655181405868160750411456149132e-03
4.7603522437086524958400662425097894e-03	-7.0000230279028122517168631768004569e-01	1.9368196986226558164485885314370821e-05	3.8113104618955569777989222602045448e-03
4.7939100640608683544347984289582739e-03	-6.8478404302881578261702493294106195e-01	1.9232614327113903119606750772273006e-05	3.7979471623658709180417352626267090e-03
4.8268456037170109294128685359258236e-03	-6.6961846522020602177144950284961450e-01	1.9101379026979819419811620900042095e-05	3.7849674073539095992804106755244212e-03
4.8591538124439754762987345814679427e-03	-6.5450405110861354115955545508040142e-01	1.8974371983114737129152054154586663e-05	3.7723633169358294822596008352901813e-03
4.8908297695733886070095837033163999e-03	-6.3943931331443489067361597894597856e-01	1.8851479491784448281415664409875141e-05	3.7601273297470285095044804045576892e-03
4.9218686823930207583238471475142883e-03	-6.2442279408632551203192056883905146e-01	1.8732592990111156840296529940511736e-05	3.7482521900224061929246991327696919e-03
4.9522658845950891555158129763754402e-03	-6.0945306410362373307132865428597168e-01	1.8617608813568853766413123782232782e-05	3.7367309353460784775429620817843974e-03
4.9820168347796436766321076362004698e-03	-5.9452872132642266222773541889200630e-01	1.8506427968058844154575227713777945e-05	3.7255568850684096216015860567076460e-03
5.0111171150113154844480602172816767e-03	-5.7964838989070036694738217385408112e-01	1.8398955915610087921079370311820814e-05	3.7147236293511772471155273043878661e-03
5.0395624294277913020830757891106520e-03	-5.6481071904606990308269277193909338e-01	1.8295102372821290741926027752726338e-05	3.7042250188044143521381532510833625e-03
5.0673486028984550452845827261972598e-03	-5.5001438213385145707724295430946084e-01	1.8194781121228000579017118612731389e-05	3.6940551546809928130674681653748728e-03
5.0944715797317134509913570913329529e-03	-5.3525807560329986062768649083305743e-01	1.8097909828838870096314074357425764e-05	3.6842083795973443210921515880762432e-03
5.1209274224295936017160248444186652e-03	-5.2054051806394276321009902383478571e-01	1.8004409882141226088458088996857461e-05	3.6746792687508727540135552959221068e-03
5.1467123104882680659524942119651079e-03	-5.0586044937209846518350611318943775e-01	1.7914206227927585536195225816483039e-05	3.6654626216066111914554376479540708e-03
5.1718225392432279685393611971681064e-03	-4.9121662974974843159020889832398102e-01	1.7827227224342173202024008264965645e-05	3.6565534540275303362325588727279163e-03
5.1962545187578858700864328506402390e-03	-4.7660783893403838233863857769583306e-01	1.7743404500590188706805682879402434e-05	3.6479469908246250248972630808579604e-03
5.2200047727544490567194816622703543e-03	-4.6203287535577410036625955109609148e-01	1.7662672824792868456268011806748932e-05	3.6396386587045027483615528280460522e-03
5.2430699375859598941426283598321476e-03	-4.4749055534536418598225079092434988e-01	1.7584969979508585567095880112467659e-05	3.6316240795936826491832041158796013e-03
5.2654467612484534459811642162420903e-03	-4.3297971236474234504347987079096869e-01	1.7510236644474597446752163448925219e-05	3.6238990643201944365165075168916539e-03
5.2871321024322337479945850422218070e-03	-4.1849919626387682820705073884021425e-01	1.7438416286155829498416608205754764e-05	3.6164596066343523976561982672649692e-03
5.3081229296113191100640473664485731e-03	-4.0404787256054470362769553297213709e-01	1.7369455053716495856158910000061408e-05	3.6093018775517778099167521738410068e-03
5.3284163201701537211622009405461573e-03	-3.8962462174211408235086277969718914e-01	1.7303301681057605353430664233860706e-05	3.6024222200028605473779384736929166e-03
5.3480094595667277850302414744157932e-03	-3.7522833858813853379152435782205105e-01	1.7239907394588666274981813490680258e-05	3.5958171437738939290238233345692026e-03
5.3668996405312915347575231904103406e-03	-3.6085793151262501308419196381861388e-01	1.7179225826425353743661308044642835e-05	3.5894833207260917338101116353984435e-03
5.3850842622998898746896696760407451e-03	-3.4651232192488993525916976248463252e-01	1.7121212932726691072513167525354029e-05	3.5834175802796081996660187366517111e-03
5.4025608298819841834625135237062586e-03	-3.3219044360796781501033233414609443e-01	1.7065826916905560042857081531927313e-05	3.5776169051505356767691851143036037e-03
5.4193269533614660818967220345009944e-03	-3.1789124211358336814865366502266525e-01	1.7013028157465221860687283436020081e-05	3.5720784273296549739912755232315331e-03
5.4353803472304048178976308884291617e-03	-3.0361367417274134708269876771378642e-01	1.6962779140232116698541394790615781e-05	3.5667994242924645147319580714932497e-03
5.4507188297549054361777921712225955e-03	-2.8935670712102884712547595584171644e-01	1.6915044394771621680978469947290068e-05	3.5617773154307200709196929364482685e-03
5.4653403223724891676081310098883543e-03	-2.7511931833776254753088145900986626e-01	1.6869790434788782519244064589355330e-05	3.5570096586963806408960476336699508e-03
5.4792428491204405709697710350973169e-03	-2.6090049469814850162249063928155593e-01	1.6826985702330382356181171426507933e-05	3.5524941474494812769738586887290952e-03
5.4924245360945979644205064485882921e-03	-2.4669923203765481220978798357828984e-01	1.6786600515618155130807414452699083e-05	3.5482286075020434045471859543931188e-03
5.5048836109380946669444248657058505e-03	-2.3251453462782795795430689563026845e-01	1.6748607020355565760020732935966340e-05	3.5442109943506902360224514587267400e-03
5.5166184023595885997792110820678719e-03	-2.1834541466281179881080850876243304e-01	1.6712979144362435594755439128154697e-05	3.5404393905911618955436647528600697e-03
5.5276273396805469394588581461075093e-03	-2.0419089175585449936014476003385876e-01	1.6679692555402853522119280616278453e-05	3.5369120035084242757550088709981280e-03
5.5379089524111808298502637239207799e-03	-1.9004999244511287358222738692701981e-01	1.6648724622082340499518833991542832e-05	3.5336271628365397191141212087620659e-03
5.5474618698546527098481838752374313e-03	-1.7592174970808607041847950689800162e-01	1.6620054377700183597351240109653019e-05	3.5305833186829184746489883292633426e-03
5.5562848207392056531578335384981443e-03	-1.6180520248403117517004046578711494e-01	1.6593662486952276224281509987786223e-05	3.5277790396119995095415710606335081e-03
5.5643766328778903014633799237477240e-03	-1.4769939520373227852125877572358115e-01	1.6569531215388741987208606756870457e-05	3.5252130108838195114771744770187920e-03
5.5717362328555905547649737027060839e-03	-1.3360337732601193671743385343166083e-01	1.6547644401539125268585447653551450e-05	3.5228840328433215472609274667529233e-03
5.5783626457430742133478180376575184e-03	-1.1951620288038978033996020515012107e-01	1.6527987431626043882402689409708485e-05	3.5207910194566314888075745552746413e-03
5.5842549948378192935490161151878091e-03	-1.0543693001530738600510887548507647e-01	1.6510547216795957315856550559770501e-05	3.5189329969908925306760117322724677e-03
5.5894125014313908114460128929862942e-03	-9.1364620551351459921347166204602174e-02	1.6495312172803144995319009541429737e-05	3.5173091028345973731990639352848740e-03
5.5938344846031664906062037931683065e-03	-7.7298339538918943603802115594224578e-02	1.6482272202090147607366602402565504e-05	3.5159185844556953281439785253248153e-03
5.5975203610402331466309356998877053e-03	-6.3237154819777883741176548838034258e-02	1.6471418678214833826742614438397328e-05	3.5147607984950790510886444216992741e-03
5.6004696448832984757820778152689483e-03	-4.9180136591986848610076320999394066e-02	1.6462744432580946337611847751219101e-05	3.5138352099933740906601009644515652e-03
5.6026819475984856698815933983519734e-03	-3.5126356977643355909339706033085709e-02	1.6456243743435484891046552671000005e-05	3.5131413917492651941724676925668836e-03
5.6041569778749007364473774914457534e-03	-2.1074889592938230007066729719354401e-02	1.6451912327102629249964990120342262e-05	3.5126790238078975041063825499124383e-03
5.6048945415478846624632074318415976e-03	-7.0248091199980542666238898131985789e-03	1.6449747331430119169645647838372385e-05	3.5124478930781895664178662429750032e-03
5.6048945415478846624632074318415976e-03	7.0248091199980542666238898131985789e-03	1.6449747331430119169645647838372385e-05	3.5124478930781895664178662429750032e-03
5.6041569778749007364473774914457534e-03	2.1074889592938230007066729719354401e-02	1.6451912327102629249964990120342262e-05	3.5126790238078975041063825499124383e-03
5.6026819475984856698815933983519734e-03	3.5126356977643355909339706033085709e-02	1.6456243743435484891046552671000005e-05	3.5131413917492651941724676925668836e-03
5.6004696448832984757820778152689483e-03	4.9180136591986848610076320999394066e-02	1.6462744432580946337611847751219101e-05	3.5138352099933740906601009644515652e-03
5.5975203610402331466309356998877053e-03	6.3237154819777883741176548838034258e-02	1.6471418678214833826742614438397328e-05	3.5147607984950790510886444216992741e-03
5.5938344846031664906062037931683065e-03	7.7298339538918943603802115594224578e-02	1.6482272202090147607366602402565504e-05	3.5159185844556953281439785253248153e-03
5.5894125014313908114460128929862942e-03	9.1364620551351459921347166204602174e-02	1.6495312172803144995319009541429737e-05	3.5173091028345973731990639352848740e-03
5.5842549948378192935490161151878091e-03	1.0543693001530738600510887548507647e-01	1.6510547216795957315856550559770501e-05	3.5189329969908925306760117322724677e-03
5.5783626457430742133478180376575184e-03	1.1951620288038978033996020515012107e-01	1.6527987431626043882402689409708485e-05	3.5207910194566314888075745552746413e-03
5.5717362328555905547649737027060839e-03	1.3360337732601193671743385343166083e-01	1.6547644401539125268585447653551450e-05	3.5228840328433215472609274667529233e-03
5.5643766328778903014633799237477240e-03	1.4769939520373227852125877572358115e-01	1.6569531215388741987208606756870457e-05	3.5252130108838195114771744770187920e-03
5.5562848207392056531578335384981443e-03	1.6180520248403117517004046578711494e-01	1.6593662486952276224281509987786223e-05	3.5277790396119995095415710606335081e-03
5.5474618698546527098481838752374313e-03	1.7592174970808607041847950689800162e-01	1.6620054377700183597351240109653019e-05	3.5305833186829184746489883292633426e-03
5.5379089524111808298502637239207799e-03	1.9004999244511287358222738692701981e-01	1.6648724622082340499518833991542832e-05	3.5336271628365397191141212087620659e-03
5.5276273396805469394588581461075093e-03	2.0419089175585449936014476003385876e-01	1.6679692555402853522119280616278453e-05	3.5369120035084242757550088709981280e-03
5.5166184023595885997792110820678719e-03	2.1834541466281179881080850876243304e-01	1.6712979144362435594755439128154697e-05	3.5404393905911618955436647528600697e-03
5.5048836109380946669444248657058505e-03	2.3251453462782795795430689563026845e-01	1.6748607020355565760020732935966340e-05	3.5442109943506902360224514587267400e-03
5.4924245360945979644205064485882921e-03	2.4669923203765481220978798357828984e-01	1.6786600515618155130807414452699083e-05	3.5482286075020434045471859543931188e-03
5.4792428491204405709697710350973169e-03	2.6090049469814850162249063928155593e-01	1.6826985702330382356181171426507933e-05	3.5524941474494812769738586887290952e-03
5.4653403223724891676081310098883543e-03	2.7511931833776254753088145900986626e-01	1.6869790434788782519244064589355330e-05	3.5570096586963806408960476336699508e-03
5.4507188297549054361777921712225955e-03	2.8935670712102884712547595584171644e-01	1.6915044394771621680978469947290068e-05	3.5617773154307200709196929364482685e-03
5.4353803472304048178976308884291617e-03	3.0361367417274134708269876771378642e-01	1.6962779140232116698541394790615781e-05	3.5667994242924645147319580714932497e-03
5.4193269533614660818967220345009944e-03	3.1789124211358336814865366502266525e-01	1.7013028157465221860687283436020081e-05	3.5720784273296549739912755232315331e-03
5.4025608298819841834625135237062586e-03	3.3219044360796781501033233414609443e-01	1.7065826916905560042857081531927313e-05	3.5776169051505356767691851143036037e-03
5.3850842622998898746896696760407451e-03	3.4651232192488993525916976248463252e-01	1.7121212932726691072513167525354029e-05	3.5834175802796081996660187366517111e-03
5.3668996405312915347575231904103406e-03	3.6085793151262501308419196381861388e-01	1.7179225826425353743661308044642835e-05	3.5894833207260917338101116353984435e-03
5.3480094595667277850302414744157932e-03	3.7522833858813853379152435782205105e-01	1.7239907394588666274981813490680258e-05	3.5958171437738939290238233345692026e-03
5.3284163201701537211622009405461573e-03	3.8962462174211408235086277969718914e-01	1.7303301681057605353430664233860706e-05	3.6024222200028605473779384736929166e-03
5.3081229296113191100640473664485731e-03	4.0404787256054470362769553297213709e-01	1.7369455053716495856158910000061408e-05	3.6093018775517778099167521738410068e-03
5.2871321024322337479945850422218070e-03	4.1849919626387682820705073884021425e-01	1.7438416286155829498416608205754764e-05	3.6164596066343523976561982672649692e-03
5.2654467612484534459811642162420903e-03	4.3297971236474234504347987079096869e-01	1.7510236644474597446752163448925219e-05	3.6238990643201944365165075168916539e-03
5.2430699375859598941426283598321476e-03	4.4749055534536418598225079092434988e-01	1.7584969979508585567095880112467659e-05	3.6316240795936826491832041158796013e-03
5.2200047727544490567194816622703543e-03	4.6203287535577410036625955109609148e-01	1.7662672824792868456268011806748932e-05	3.6396386587045027483615528280460522e-03
5.1962545187578858700864328506402390e-03	4.7660783893403838233863857769583306e-01	1.7743404500590188706805682879402434e-05	3.6479469908246250248972630808579604e-03
5.1718225392432279685393611971681064e-03	4.9121662974974843159020889832398102e-01	1.7827227224342173202024008264965645e-05	3.6565534540275303362325588727279163e-03
5.1467123104882680659524942119651079e-03	5.0586044937209846518350611318943775e-01	1.7914206227927585536195225816483039e-05	3.6654626216066111914554376479540708e-03
5.1209274224295936017160248444186652e-03	5.2054051806394276321009902383478571e-01	1.8004409882141226088458088996857461e-05	3.6746792687508727540135552959221068e-03
5.0944715797317134509913570913329529e-03	5.3525807560329986062768649083305743e-01	1.8097909828838870096314074357425764e-05	3.6842083795973443210921515880762432e-03
5.0673486028984550452845827261972598e-03	5.5001438213385145707724295430946084e-01	1.8194781121228000579017118612731389e-05	3.6940551546809928130674681653748728e-03
5.0395624294277913020830757891106520e-03	5.6481071904606990308269277193909338e-01	1.8295102372821290741926027752726338e-05	3.7042250188044143521381532510833625e-03
5.0111171150113154844480602172816767e-03	5.7964838989070036694738217385408112e-01	1.8398955915610087921079370311820814e-05	3.7147236293511772471155273043878661e-03
4.9820168347796436766321076362004698e-03	5.9452872132642266222773541889200630e-01	1.8506427968058844154575227713777945e-05	3.7255568850684096216015860567076460e-03
4.9522658845950891555158129763754402e-03	6.0945306410362373307132865428597168e-01	1.8617608813568853766413123782232782e-05	3.7367309353460784775429620817843974e-03
4.9218686823930207583238471475142883e-03	6.2442279408632551203192056883905146e-01	1.8732592990111156840296529940511736e-05	3.7482521900224061929246991327696919e-03
4.8908297695733886070095837033163999e-03	6.3943931331443489067361597894597856e-01	1.8851479491784448281415664409875141e-05	3.7601273297470285095044804045576892e-03
4.8591538124439754762987345814679427e-03	6.5450405110861354115955545508040142e-01	1.8974371983114737129152054154586663e-05	3.7723633169358294822596008352901813e-03
4.8268456037170109294128685359258236e-03	6.6961846522020602177144950284961450e-01	1.9101379026979819419811620900042095e-05	3.7849674073539095992804106755244212e-03
4.7939100640608683544347984289582739e-03	6.8478404302881578261702493294106195e-01	1.9232614327113903119606750772273006e-05	3.7979471623658709180417352626267090e-03
4.7603522437086524958400662425097894e-03	7.0000230279028122517168631768004569e-01	1.9368196986226558164485885314370821e-05	3.8113104618955569777989222602045448e-03
4.7261773241255772914870297389980094e-03	7.1527479493797880770121426383953436e-01	1.9508251780856228208751934971038642e-05	3.8250655181405868160750411456149132e-03
4.6913906197371311195929544915405584e-03	7.3060310344056836482235226010234181e-01	1.9652909454172578298200157603143566e-05	3.8392208900904952477928321278969781e-03
4.6559975797201292818348318452404791e-03	7.4598884721949845956371780029558116e-01	1.9802307028044793885748738833578418e-05	3.8537854989010617541591088875296426e-03
4.6200037898588620734245451190957476e-03	7.6143368162980795617987197495855057e-01	1.9956588135805516023671514682483964e-05	3.8687686441815067481152799710456740e-03
4.5834149744686615237304350474713628e-03	7.7693930000799545908610033925204043e-01	2.0115903377263426884937810834913804e-05	3.8841800212556886116934005651804764e-03
4.5462369983893312684616014887134491e-03	7.9250743529098230974665154578518800e-01	2.0280410697652741359320099965930799e-05	3.9000297394632831890918287784334513e-03
4.5084758690510125079757134348688058e-03	8.0813986171046912068319834444618454e-01	2.0450275792356302904123795161524466e-05	3.9163283415722087092567770112757725e-03
4.4701377386151951251203221404979264e-03	8.2383839656728217136345555255456831e-01	2.0625672539402067546786665375919652e-05	3.9330868243793171069285630123034434e-03
4.4312289061937273306822449277817091e-03	8.3960490209062639633283825711091129e-01	2.0806783461912105439952154093699238e-05	3.9503166605826560116903719892277916e-03
4.3917558201488302706531331211174180e-03	8.5544128738750836844055826129284656e-01	2.0993800222880668293945471950124213e-05	3.9680298220154683832699169391941127e-03
4.3517250804772865121541443878278000e-03	8.7134951048796805473494471885023952e-01	2.1186924154875400530699996895016004e-05	3.9862388043395991815952756039967888e-03
4.3111434412821439230897858029381249e-03	8.8733158049216488966776579516438228e-01	2.1386366827495703094372704174954653e-05	4.0049566533041878384027305280663498e-03
4.2700178133354599327469154931392575e-03	9.0338955982580484414183276653892641e-01	2.1592350655687171032274349430232908e-05	4.0241969926845167739089516096259743e-03
4.2283552667358063299129899068860972e-03	9.1952556661087396195787511156564752e-01	2.1805109552303827198918059798706504e-05	4.0439740540257437868742475386279629e-03
4.1861630336644625162711568201765569e-03	9.3574177715916393524201196715611495e-01	2.2024889628633847115415921462151151e-05	4.0643027083270638874337117654222466e-03
4.1434485112444464588208461296004992e-03	9.5204042859664074364626269202064853e-01	2.2251949946963323883296726472867719e-05	4.0851984998137294509543261387047794e-03
4.1002192645067685350522428587438747e-03	9.6842382162732268139778183510158796e-01	2.2486563329650555359866221615892907e-05	4.1066776819574247396773563228686159e-03
4.0564830294685451926590954344061752e-03	9.8489432344600423611372769015436023e-01	2.2729017229625105998666403898522189e-05	4.1287572559198747777119621579946803e-03
4.0122477163278781103951426892939477e-03	1.0014543708098928221317117888640104e+00	2.2979614667716901337827327540014884e-05	4.1514550116104187997246485462913812e-03
3.9675214127806917223596717230359015e-03	1.0181064732800225022238146034026429e+00	2.3238675242766988559677367450175970e-05	4.1747895715657634600762839698520600e-03
3.9223123874650290560965550073023284e-03	1.0348532166441794638819514732371921e+00	2.3506536221080322600847106096868330e-05	4.1987804378794406755835291550363702e-03
3.8766290935386344779053022793920499e-03	1.0516972665340258665431826662692972e+00	2.3783553712459969336112508882237092e-05	4.2234480424298439705875639987801681e-03
3.8304801723960039351987378782739774e-03	1.0686413722501503737922430216662979e+00	2.4070103940820534988972819618729151e-05	4.2488138006793482082344361837818210e-03
3.7838744575314606069990781300122293e-03	1.0856883708099148927071478356485244e+00	2.4366584618226812655769616531736029e-05	4.2749001693432055329299155253898156e-03
3.7368209785552186829699101194376943e-03	1.1028411912342185953441595902505037e+00	2.4673416432153464466163653981050356e-05	4.3017307082559670391370373915905199e-03
3.6893289653698326650578308226672384e-03	1.1201028590906743586822068147798815e+00	2.4991044656826656015880577292668615e-05	4.3293301467954593434149180097582928e-03
3.6414078525148967371969931640028590e-03	1.1374765013122030044377201264603452e+00	2.5319940900704576852212311936537653e-05	4.3577244552602508669284288793495759e-03
3.5930672836883612548899474142354013e-03	1.1549653513117125452413237552844412e+00	2.5660605003498720307883066192530184e-05	4.3869409216365334347884634129260364e-03
3.5443171164533744394169692696817058e-03	1.1725727544153604074865058819178047e+00	2.6013567097652405910630301630011012e-05	4.4170082342349448408454591763425867e-03
3.4951674271401404211697852529680878e-03	1.1903021736389159040866695788185247e+00	2.6379389850901261227349303623004723e-05	4.4479565707276664009725410613998307e-03
3.4456285159529137308152230060735807e-03	1.2081571958339702374142226951278570e+00	2.6758670908469940899522460872580668e-05	4.4798176941718322102106188712142809e-03
3.3957109122929294647281844648637008e-03	1.2261415382332071280066527296436504e+00	2.7152045555642349079304858285593696e-05	4.5126250566676706621994973561754240e-03
3.3454253803088023927295368991948251e-03	1.2442590554266772665988920361201807e+00	2.7560189623916312848521505584712984e-05	4.5464139113697678746459120618295693e-03
3.2947829246867224899313759637021952e-03	1.2625137468040465346577202660751326e+00	2.7983822666761374236748203060136959e-05	4.5812214336484376902890453021477716e-03
3.2437947966936346012429433702498297e-03	1.2809097645011481619287721022909691e+00	2.8423711434190646099187013297466286e-05	4.6170868522866040514269913272137446e-03
3.1924725004875226837327200256419951e-03	1.2994514218929046797594361516789683e+00	2.8880673678993512391413599466641645e-05	4.6540515916972354684770983677606426e-03
3.1408277997099315556378933787641178e-03	1.3181432026788446464454650483824261e+00	2.9355582331624396348610571530218735e-05	4.6921594262588233549245688554822108e-03
3.0888727243769593847720105122205106e-03	1.3369897706120765431355681780636151e+00	2.9849370085484857703108728906792090e-05	4.7314566479935283628841666969431124e-03
3.0366195780861512934455070468545330e-03	1.3559959799277608757837564240292068e+00	3.0363034439767111134968865677135816e-05	4.7719922489565960950760304370268014e-03
2.9840809455580285351233680730054165e-03	1.3751668865329136267007742883758881e+00	3.0897643253258843193877477022913212e-05	4.8138181198689870825403123407381412e-03
2.9312697005324100223220523033861966e-03	1.3945077600258629341218461086679397e+00	3.1454340869674399377317402365970223e-05	4.8569892667108191383676152912264484e-03
2.8781990140412362553052071036152709e-03	1.4140240966209621335690750201622550e+00	3.2034354883332818271405915209457511e-05	4.9015640472046269527912488181413270e-03
2.8248823630813041980279124101961266e-03	1.4337216330623468851320983653073202e+00	3.2639003623534890687309398229360235e-05	4.9476044293586426699083469042881440e-03
2.7713335397121814589395883261249325e-03	1.4536063616197403692125091676883864e+00	3.3269704447020823248994892755128452e-05	4.9951762745160395005334187338826251e-03
2.7175666606066074145551570604082800e-03	1.4736845462697074112164457105512127e+00	3.3927982940681313094900452713526637e-05	5.0443496476719522760741449132496116e-03
2.6635961770829281890724965250091679e-03	1.4939627401775091714978467874880594e+00	3.4615483151563841401007791900552577e-05	5.0951991581827027905998278029394975e-03
2.6094368856515749247191861669830350e-03	1.5144478046080167650747587917324171e+00	3.5333978978541770646838654720689070e-05	5.1478043344088411202581853199505847e-03
2.5551039391103069346167685665506841e-03	1.5351469294092410399744734479595663e+00	3.6085386880252344005624303974279271e-05	5.2022500363146625787323456202153850e-03
2.5006128582259331357121348192465155e-03	1.5560676552292035157474861073147218e+00	3.6871780077611123235897974384333086e-05	5.2586269106028438065147736304782659e-03
2.4459795440435308191350912170224655e-03	1.5772178976464353434201906034655895e+00	3.7695404457040708703491532205568012e-05	5.3170318936069819652709709010836888e-03
2.3912202908678393972276082858149105e-03	1.5986059734167301720192575568310884e+00	3.8558696413319396040075247419862911e-05	5.3775687679129551012990639711657933e-03
2.3363517999655629924665725525073162e-03	1.6202406290643455319824629708432424e+00	3.9464302909645884353168046554033930e-05	5.4403487795511777168810271238440814e-03
2.2813911940418209165819395993783979e-03	1.6421310720751818995211605898725459e+00	4.0415104078333555828349119247903163e-05	5.5054913236189384443600145066868666e-03
2.2263560325489982450984271979731856e-03	1.6642870049832060341962345425282999e+00	4.1414238739969607261925336860408663e-05	5.5731247073828109004558662728916423e-03
2.1712643278918378691362175535376451e-03	1.6867186626802847765787681810896043e+00	4.2465133283719549876887597780745807e-05	5.6433870013092764119090386752392400e-03
2.1161345625988592610769812679585347e-03	1.7094368533245651386685969635705475e+00	4.3571534428974687894043291290535016e-05	5.7164269901181644411813188984226660e-03
2.0609857075371788929218949418432708e-03	1.7324530032746653669368139354151182e+00	4.4737546481519048449855300607148987e-05	5.7924052378983793656163824405620597e-03
2.0058372412556487588095654452707837e-03	1.7557792065375408012845697774697285e+00	4.5967673809308911243993355737006038e-05	5.8714952836300697860654961812915194e-03
1.9507091705500462880133178452763961e-03	1.7794282792885416903216733281622198e+00	4.7266869398161931316270645625187470e-05	5.9538849861975609092410207381262095e-03
1.8956220523539854894915976282718684e-03	1.8034138201048082117591264916262564e+00	4.8640590511610007356687639189390795e-05	6.0397780412465612218780034931070726e-03
1.8405970170704447844498044523975608e-03	1.8277502766500885430267037507192562e+00	5.0094862678781825480153090752475795e-05	6.1293956961535445079902033645937657e-03
1.7856557934715208949522115451530277e-03	1.8524530196631759383001774772038300e+00	5.1636353478202420169863770629394824e-05	6.2229786940797034071975771925380383e-03
1.7308207353084555631308754902285432e-03	1.8775384252369465874910585501081290e+00	5.3272457884990225422916792745534412e-05	6.3207894837580511659538787283644298e-03
1.6761148497904214069702855522861488e-03	1.9030239665347632184060483824468322e+00	5.5011397318401978117116877557495373e-05	6.4231147385387441495652897539962218e-03
1.6215618281093261675893053501838405e-03	1.9289283162811409823331215052559317e+00	5.6862334984455085936918675477696498e-05	6.5302682365838263172099597426242307e-03
1.5671860782093963880228642077085177e-03	1.9552714615907092195423269092700485e+00	5.8835510678331699188218602928207443e-05	6.6425941643263918892995308963595918e-03
1.5130127600250060332180646596880631e-03	1.9820748329719683307201730354106007e+00	6.0942398924575439894398493246280835e-05	6.7604709178613593372466776335604026e-03
1.4590678234386929315057658802593402e-03	2.0093614496705953909805499735514936e+00	6.3195895230571353408600213343420207e-05	6.8843154924212035213112658278490733e-03
1.4053780492442453867774458469907241e-03	2.0371560839143130979289094823278642e+00	6.5610536364370673716110609695157347e-05	7.0145885692937791400654408939615825e-03
1.3519710934379797227718816346508647e-03	2.0654854471044019887120650495896479e+00	6.8202762013255260666749594968350362e-05	7.1518004334813830471138723202061864e-03
1.2988755352058879164972472402870989e-03	2.0943784015892815006786630427598382e+00	7.0991227030484807708189396929951600e-05	7.2965178854184038139112545874586779e-03
1.2461209290264649744407339944121905e-03	2.1238662023808417114817679910688559e+00	7.3997175863865818761873959305138309e-05	7.4493723479255425622177968671252711e-03
1.1937378613702720199192965951478808e-03	2.1539827740701595401789664883158484e+00	7.7244893857110250280877663641063190e-05	7.6110694176304342623896662007334072e-03
1.1417580125495671673014973738701600e-03	2.1847650293125527333781928580407377e+00	8.0762254164705940674636275115448104e-05	7.7824001714751912698381948719283357e-03
1.0902142243570293463660775427785996e-03	2.2162532366439342472667411628910379e+00	8.4581384356972374816272931122968609e-05	7.9642546179136831317192772481578164e-03
1.0391405742347064784588027248596936e-03	2.2484914471423316103551172942698777e+00	8.8739483880158095829807427933331322e-05	8.1576377847709046074421479776350849e-03
9.8857245683662441649970730564062985e-04	2.2815279916686531795101365200515186e+00	9.3279833034039124560157319359295154e-05	8.3636890694643866700469042118603540e-03
9.3854667399581381357442108221113810e-04	2.3154160632553593558244252065225801e+00	9.8253046973054733916854538956494372e-05	8.5837056534424932320167606524976732e-03
8.8910153428502403949473555255288049e-04	2.3502144028591950257851064929398651e+00	1.0371864577626379264055937410421589e-04	8.8191710168080340001386288353078827e-03
8.4027696357807699643248991883418885e-04	2.3859881114272280365732337916614439e+00	1.0974703583475211744826512407570355e-04	9.0717899032011502397532989359898391e-03
7.9211462828607081598901125850009267e-04	2.4228096174225437159547343830970146e+00	1.1642203158019214813008791299886319e-04	9.3435315107387743120654810830535429e-03
7.4465807327315523175194663268380148e-04	2.4607598371482713408140018260164298e+00	1.2384409427897663690918951954959948e-04	9.6366832681177827696378817572956365e-03
6.9795287686853862705774857068005432e-04	2.4999295761509665272801779235345788e+00	1.3213453285853047552029729750955212e-04	9.9539183636078536418801928729716467e-03
6.5204682590914211318182328778483608e-04	2.5404212347634054872157265744824703e+00	1.4144101072848705924200979439695503e-04	1.0298381329816157143195253802237031e-02
6.0699011440399923878007876565609543e-04	2.5823509010492549525749738275321117e+00	1.5194484834418087860956226185026674e-04	1.0673797602494968061727425697894470e-02
5.6283557025261239639120306860679190e-04	2.6258509423903636889480245985989717e+00	1.6387082947796859553016386666640438e-04	1.1084615304626022423973623593560480e-02
5.1963891553838213741965226326817712e-04	2.6710732462578451759120962455534902e+00	1.7750055165810560649932151445608155e-04	1.1536190930859332205800765456613874e-02
4.7745906734444367053582811472352923e-04	2.7181933167739970443467808010850596e+00	1.9319087778472863322537671480687390e-04	1.2035035721157283408497740870191530e-02
4.3635848793126011799978187079962784e-04	2.7674155150254111139658207330177591e+00	2.1139986572213691561313465205984224e-04	1.2589147298804468063039328682383134e-02
3.9640359566075927299924783169566955e-04	2.8189798513632246474238428655406864e+00	2.3272388469199340537196030788871541e-04	1.3208463257871808923065238328814263e-02
3.5766525152991896895038423507148327e-04	2.8731709194690751398174688592767032e+00	2.5795184886331771409441002085101503e-04	1.3905492667997754355053476742650354e-02
3.2021934101202425531503694359758136e-04	2.9303298423813069190676850745423135e+00	2.8814631324873081758423858093816201e-04	1.4696212984543691825682931600212395e-02
2.8414747775703817423969409461704664e-04	2.9908705451676207620408371855577774e+00	3.2476794538073944596888429962366132e-04	1.5601372915258073805053725515121468e-02
2.4953786562942876818528226023076455e-04	3.0553023943919300025747712177410674e+00	3.6987234890993541006807274867687700e-04	1.6648434147816025087305389361704122e-02
2.1648637030054520276723749758952361e-04	3.1242624686253997817113977704387774e+00	4.2643215639835495103165345447888510e-04	1.7874551798308878579001392489351029e-02
1.8509787412369285625087299270997212e-04	3.1985628703125217166674920519911916e+00	4.9888560751771512503326267466725438e-04	1.9331308760164054272703884263836167e-02
1.5548802354652257986322274809833406e-04	3.2792624230081973193810701276411375e+00	5.9411600875128002634438788791038283e-04	2.1092545828721921103594777796254065e-02
1.2778553657433253933803783320063516e-04	3.3677796971412620867630657439974386e+00	7.2330239883940415762947485371698301e-04	2.3267952520349356185705180810695900e-02
1.0213533778688260620180687767328169e-04	3.4660799414992512058958104272179492e+00	9.0566747425905496980856168554816405e-04	2.6028087177864033061955109728070232e-02
7.8702969717658885576230687083637177e-05	3.5770032399347277697846540945482745e+00	1.1767591759748598527682666070261999e-03	2.9653952451168968387807132926552981e-02
5.7681081141128710473700527638784465e-05	3.7048862797844696456948152932123356e+00	1.6089476274557124909293327028837790e-03	3.4644992498204726154712103652202660e-02
3.9299535387807585014352047869282650e-05	3.8568664998195949578894776354712353e+00	2.3706547342131015905218836946313240e-03	4.1986387586005717554768813551756563e-02
2.3842424455097985798042333643106538e-05	4.0460391459570032786420903016911266e+00	3.9413981334575202298815496882202062e-03	5.3943785115423411920057157786604046e-02
1.1679836233120618490861693143621869e-05	4.3009946914441662022729986139561068e+00	8.2624025275143327682627770227195963e-03	7.7236415740236584212627940960433526e-02
3.3168325995229033758213629688463462e-06	4.7092375852805040307403087014810259e+00	3.8743610211119641091139852013323117e-02	1.4729818502112978825252734066563782e-01
0.0000000000000000000000000000000000e+00	0.0000000000000000000000000000000000e+00	2.8489942441311647641584279658701934e-05	4.3017513594933564458437693230090403e-03