2.0069545339867212048928111207565503e-06	-4.8107684389846628436841960971128225e+00	3.7328770414427216832316181303396196e-02	1.4450434154292954789458264868805005e-01
7.0959851418556124211377801612029505e-06	-4.4105532792673726702837078550485794e+00	7.9231146271672682461824552308739496e-03	7.5623624698327069588353188137544188e-02
1.4534114808797442607275257102622495e-05	-4.1611052059205055123220365134741795e+00	3.7664644038118551303320574243505099e-03	5.2729234427635682888856047263853644e-02
2.4026355749827787537613311674353685e-05	-3.9763151215426741940867015411045629e+00	2.2587672046473806807583953206786499e-03	4.0981666878716097711825644608696565e-02
3.5355941204166343179245764805951318e-05	-3.8280621497897254240832629729615534e+00	1.5289985227449784839801557942506900e-03	3.3772128747193562830237875545183023e-02
4.8356295183234171312584194239704512e-05	-3.7034714810566921601463752381077865e+00	1.1156145716382477126752496652095840e-03	2.8872524837454516452017167884726508e-02
6.2892515025073369561401109459715525e-05	-3.5955284145881805016153875833370944e+00	8.5670363054634415459821214508794174e-04	2.5314207636794141133054430609921070e-02
7.8851442486100897515903726866704122e-05	-3.4999722629816750208541670258933910e+00	6.8276955929220512962976096934526601e-04	2.2606224899330423992265859303323756e-02
9.6135761838361622719615774059971434e-05	-3.4140135690135519613111785931558900e+00	5.5971060129960098201188091988880185e-04	2.0472413584891065776914734907570819e-02
1.1466021029707348370395121193847957e-04	-3.3357226626795950137838300184320520e+00	4.6910337958503648116536558973069425e-04	1.8745189161192040585565558623044593e-02
1.3434900081771089231752067481027075e-04	-3.2637070231897556605487306795954464e+00	4.0024310102248827647712228179806401e-04	1.7316797049006377440897976290678453e-02
1.5513399016248397178039001431104369e-04	-3.1969275282833230580007414399103358e+00	3.4654391306905025400796459382052687e-04	1.6114713432245431161060452897436996e-02
1.7695333028424417010556403805679337e-04	-3.1345873729274205191390375486141439e+00	3.0376269112122616658418364485241135e-04	1.5088285028149505670176170387531056e-02
1.9975044685963445372136653724120593e-04	-3.0760616183170857760853779136020918e+00	2.6905960089620109657381494136778208e-04	1.4201032922610776712508516869986595e-02
2.2347324715764584134302335742368274e-04	-3.0208507104046706104481064201291588e+00	2.4047226519472874547416979876524142e-04	1.3425999875081633549379189980850090e-02
2.4807349343729416778557019293593634e-04	-2.9685487810056796681473224533807695e+00	2.1660721020010860388212001335700905e-04	1.2742821677692452339930346213494845e-02
2.7350629880968132506737248849056804e-04	-2.9188214128526318006505336842714270e+00	1.9645142335546112742947364351731743e-04	1.2135819435432111235484951057850768e-02
2.9972971564443577317128027113791468e-04	-2.8713896600927617775863513083801752e+00	1.7925324778084761252020666896647039e-04	1.1592719684717811504575530867267011e-02
3.2670439520799929559464134060092359e-04	-2.8260183191819638617692195769906470e+00	1.6444482367163208844590121358166095e-04	1.1103773417915364264125690092902361e-02
3.5439330301927952293141556740299455e-04	-2.7825071582687921115523045718950799e+00	1.5159024687589796584082506698750638e-04	1.0661135874080711323559048794653591e-02
3.8276147841143166855920179807786297e-04	-2.7406842500552284024188989042636267e+00	1.4035010723506020472192726720747600e-04	1.0258421117719549482934754307859124e-02
4.1177582961333396330619007907131048e-04	-2.7004008287124355733152987953393935e+00	1.3045672688855384012206585751963429e-04	9.8903764091310650749353728132053925e-03
4.4140495769644187995860849376410732e-04	-2.6615272698296778906290713006820760e+00	1.2169654795068554265578193345513570e-04	9.5526403215463374707742468020568003e-03
4.7161900422003586584410015234416680e-04	-2.6239499105557361984676927680279859e+00	1.1389739510369601738720076448821710e-04	9.2415604611680075822668248107533589e-03
5.0238951851350013616608207813710742e-04	-2.5875685070206456914462919338647358e+00	1.0691912373943929277357738693517011e-04	8.9540542974461373007313425812558035e-03
5.3368934136776674062023330067473597e-04	-2.5522941812040770958069776477319257e+00	1.0064665878013336491545276957899117e-04	8.6875016355431791103906178254520894e-03
5.6549250254447623760190927734510968e-04	-2.5180477480212595543238931692689004e+00	9.4984747491635869328962410181379192e-05	8.4396606268044458350238409550891153e-03
5.9777413000303615118659164994440163e-04	-2.4847583408776669668734175402398026e+00	8.9853958353456994490158986820426544e-05	8.2086015049508041218509792036170232e-03
6.3051036912961683937777582644803378e-04	-2.4523622737847181790327137568522231e+00	8.5187597460943313005449471918579198e-05	7.9926538225361311318103391421446908e-03
6.6367831055479452711894548412327960e-04	-2.4208020926421115359192237487500801e+00	8.0929308570835760276429318631827748e-05	7.7903640772063833954215642169272410e-03
6.9725592538737854895778753301595392e-04	-2.3900257790371310590032836241221312e+00	7.7031188116064635010271338010813218e-05	7.6004614114909823255858285353350546e-03
7.3122200688519594857963333417274335e-04	-2.3599860779549402051716112858577811e+00	7.3452292085262198918163380929513463e-05	7.4218296427167835116738388260110369e-03
7.6555611773986999660625081984698863e-04	-2.3306399268780339750800534372138494e+00	7.0157443918270470671748021927299084e-05	7.2534842976993334948009222074085546e-03
8.0023854227991495392090018391582839e-04	-2.3019479683994642111712165046030546e+00	6.7116275676305927032854926382419983e-05	7.0945536352976981870606292713121336e-03
8.3525024300085636295473523366600677e-04	-2.2738741320548948887103054083039398e+00	6.4302451485339687569492989926220508e-05	6.9442628697868665245002303088188751e-03
8.7057282091723850656419806244636015e-04	-2.2463852738607924946294475133970662e+00	6.1693034505786419379910192288771482e-05	6.8019209809494187778696572257761687e-03
9.0618847930290785272253846700106992e-04	-2.2194508642251214122395256507683347e+00	5.9267967740928300050721950699910064e-05	6.6669096280717174341829757473873757e-03
9.4207999044567886575371036225637807e-04	-2.1930427166162157456596162200749372e+00	5.7009645755630097705502007902455414e-05	6.5386737855215019817681298749895289e-03
9.7823066509260935533696181168352852e-04	-2.1671347507415050157916860855178718e+00	5.4902559463688699818731393728585729e-05	6.4167137951118778842112915597404746e-03
1.0146243243043880203343128388143581e-03	-2.1417027850802150937125943993621953e+00	5.2933000001724787608989260314728373e-05	6.3005785907130430377654091836909829e-03
1.0512452734731625686977065100022948e-03	-2.1167243544932560443222766543943249e+00	5.1088810658576241860781168855408241e-05	6.1898598977339565532294857371076853e-03
1.0880782782886317146839934087361757e-03	-2.0921785493450665211356806828820215e+00	4.9359178102037658667625101053711858e-05	6.0841872472523636760086036289542973e-03
1.1251085424632910077835030618304160e-03	-2.0680458731513405916226949999695287e+00	4.7734455907467195798779843994382358e-05	5.9832236740294006526176883950920746e-03
1.1623216870500929204478469034978008e-03	-2.0443081162404406841955867458497288e+00	4.6206014768750020776905577816524264e-05	5.8866619911385855268331735161994956e-03
1.1997037312050529206023927292136878e-03	-2.0209482433059802488589564298791964e+00	4.4766114852898657824519083237842190e-05	5.7942215527819385725226871432757178e-03
1.2372410742639947079987183244836942e-03	-1.9979502930500292911231966520018916e+00	4.3407796613536801672175847350236636e-05	5.7056454320602143274352262505377863e-03
1.2749204790170824119754932262200042e-03	-1.9752992883836280193414923550507479e+00	4.2124787057064487072470530273217679e-05	5.6206979527790776349533419219027619e-03
1.3127290560773687823214571884580842e-03	-1.9529811558740542214823345947855304e+00	4.0911418997370390005845602236991009e-05	5.5391625244029413377827387467864562e-03
1.3506542492505733622857758654146467e-03	-1.9309826533147465786362210646866107e+00	3.9762561270215757811114243851995683e-05	5.4608397374751596970772782411127886e-03
1.3886838218229245641834175680118158e-03	-1.9092913044504715255700467130188744e+00	3.8673558229622993010323539546063064e-05	5.3855456835685679069765489955698309e-03
1.4268058436923482293144843610169282e-03	-1.8878953400224861512897343726219290e+00	3.7640177133319200318042585008568305e-05	5.3131104693979268870185410142213053e-03
1.4650086792757256074679674452412570e-03	-1.8667836444103343649487573182309157e+00	3.6658562256135062258409120920707896e-05	5.2433768993400529315936974575609333e-03
1.5032809761315133030061840467513557e-03	-1.8459457072419581910723542519110957e+00	3.5725194759870608971144293204577238e-05	5.1761993044464783090506380878129378e-03
1.5416116542428331400178431040426107e-03	-1.8253715794248135677466989019072324e+00	3.4836857503846395425862681678242213e-05	5.1114424992395987367479142983879274e-03
1.5799898959113001515433795967020095e-03	-1.8050518331199438172639019409711980e+00	3.3990604108729804459976982216998846e-05	5.0489808502704121322474690791169502e-03
1.6184051362164464636118618298445927e-03	-1.7849775252403680716876013385487441e+00	3.3183731692463120563834736920493640e-05	4.9886974426759315712226086231185062e-03
1.6568470539996899751659694589162769e-03	-1.7651401641062400596341783608841765e+00	3.2413756785360559494564610834510977e-05	4.9304833328813907710535588449644381e-03
1.6953055633354514177520609337764262e-03	-1.7455316789333108232349656091779631e+00	3.1678394004991956140084175840586306e-05	4.8742368772067213866780933194877441e-03
1.7337708054552949495213383646447775e-03	-1.7261443918693554089822579454494140e+00	3.0975537132984490079536573663311077e-05	4.8198631275075959119381628303256866e-03
1.7722331410939019145322103156541397e-03	-1.7069709923262888013200209454959613e+00	3.0303242287488430795514054678393971e-05	4.7672732861487963286712326412748414e-03
1.8106831432283245909895117192109777e-03	-1.6880045133844450081193434210155748e+00	2.9659712928497690203966951284701183e-05	4.7163842136047986319950777268340196e-03
1.8491115901843411899220380185650842e-03	-1.6692383100705500061448380136639906e+00	2.9043286469895148875538672407973570e-05	4.6671179828364624627943204999906966e-03
1.8875094590858750716022170754633179e-03	-1.6506660393328099611542210759137650e+00	2.8452422303150644546562513191212664e-05	4.6194014753260798432707498375294922e-03
1.9258679196253762879346560692143882e-03	-1.6322816415557045075564499572445398e+00	2.7885691063972123197314957460769066e-05	4.5731660142844310939240662711081049e-03
1.9641783281348149947591079916754370e-03	-1.6140793234738965331014787541305120e+00	2.7341764995665857475240741899962282e-05	4.5283470310884522459758863707885249e-03
2.0024322219385240235356740527681485e-03	-1.5960535423594637045468752292934551e+00	2.6819409282132280977143794212736140e-05	4.4848837614796034321024096217816604e-03
2.0406213139705695195424311518162787e-03	-1.5781989913696942552606204980429722e+00	2.6317474239832285048204817859647366e-05	4.4427189684618985285939588410980904e-03
2.0787374876406394860825105943759197e-03	-1.5605105859542018940989157794178233e+00	2.5834888272137640754894379957254178e-05	4.4017986891939287474281967730152342e-03
2.1167727919336339275147359266972549e-03	-1.5429834512303001758947390421475684e+00	2.5370651501588280607883775239535482e-05	4.3620720034787625932575054899891237e-03
2.1547194367292290700836988331541248e-03	-1.5256129102446051679680448909894435e+00	2.4923830006018336871558326751626907e-05	4.3234908217258118521027898824841975e-03
2.1925697883286824831369822787621881e-03	-1.5083944730468527699639160752135541e+00	2.4493550593532695300303013704541657e-05	4.2860096904951033190535980019335879e-03
2.2303163651770552393115220575365921e-03	-1.4913238265090493945001936648503866e+00	2.4078996059126422434186176421650902e-05	4.2495856139415435612364459316804027e-03
2.2679518337698598986178881304425845e-03	-1.4743968248294305148999887986784380e+00	2.3679400872517261210203930554184113e-05	4.2141778896586688324530701797666523e-03
2.3054690047339065106510134287270265e-03	-1.4576094806663748256841403799706478e+00	2.3294047252655162295680313977377737e-05	4.1797479575814107143497546044742557e-03
2.3428608290728196222821072155791419e-03	-1.4409579568524939448168039248435983e+00	2.2922261589508116231132643822545135e-05	4.1462592607484658522276280837530901e-03
2.3801203945683433626348492156093049e-03	-1.4244385586436595317453045869838732e+00	2.2563411178206702074379617349743219e-05	4.1136771168494071156318625547638101e-03
2.4172409223291443323262964024791541e-03	-1.4080477264618030569688066517912998e+00	2.2216901234551004536360251579942110e-05	4.0819685995918355860015809298972055e-03
2.4542157634793679752883237703593047e-03	-1.3917820290939820179865257700196524e+00	2.1882172164319622895878039684925728e-05	4.0511024290214733919539748652033669e-03
2.4910383959797075949536859910441212e-03	-1.3756381573134971530058299773294113e+00	2.1558697061836827283534019811430834e-05	4.0210488700147101754783671169765635e-03
2.5277024215742099949950017568862187e-03	-1.3596129178918093066019623283746186e+00	2.1245979415906405350574503595183170e-05	3.9917796382401001032328959850912540e-03
2.5642015628564712969608968418646213e-03	-1.3437032279726781405757282973097605e+00	2.0943551003557236475072529745642590e-05	3.9632678129538381813771042534238352e-03
2.6005296604492738909482416960782082e-03	-1.3279061097823595661365711591039809e+00	2.0650969954107181881529581028217412e-05	3.9354877560553441964417232571641818e-03
2.6366806702920834856026633064024562e-03	-1.3122186856518825043867260318024250e+00	2.0367818967873773590673519968168603e-05	3.9084150368836359711027780177395414e-03
2.6726486610311663449760853480060361e-03	-1.2966381733294029580192294588261516e+00	2.0093703675472813517897745297920212e-05	3.8820263622839519227303576410460196e-03
2.7084278115074032960088290021683422e-03	-1.2811618815624261147813568256627738e+00	1.9828251125075580085423729357514248e-05	3.8562995115177584147734633809482269e-03
2.7440124083371710104833793993772619e-03	-1.2657872059313145058471680688187376e+00	1.9571108386264553602543660616553911e-05	3.8312132756284371854795974925492486e-03
2.7793968435819342656844168371152175e-03	-1.2505116249169791163174931206811023e+00	1.9321941260256046933922380241558504e-05	3.8067474009101057827152890284771630e-03
2.8145756125024470528673527037677479e-03	-1.2353326961869958740075015298845701e+00	1.9080433087262898190186702387921117e-05	3.7828825361586293960306806524174370e-03
2.8495433113936970616387172957249136e-03	-1.2202480530856155235249888217853847e+00	1.8846283642666250642566748982084203e-05	3.7596001834123306376637204699287999e-03
2.8842946354969486123827943158843057e-03	-1.2052554013142524413825752989144316e+00	1.8619208114465298419099830570404061e-05	3.7368826519155417573704675702248490e-03
2.9188243769854448040657458745308493e-03	-1.1903525157900580778006182673273672e+00	1.8398936155188951286121736491710587e-05	3.7147130150612770009257787938951643e-03
2.9531274230205216449319207092414345e-03	-1.1755372376711168876325244576983126e+00	1.8185211002093481298783902706915637e-05	3.6930750700902006765706639351833979e-03
2.9871987538750662913645565350986519e-03	-1.1608074715376552897558910468224183e+00	1.7977788660043942148140394040931838e-05	3.6719533003419667624266987424245848e-03
3.0210334411214191967493047873365839e-03	-1.1461611827194349301603587533056650e+00	1.7776437141992018470664654033573893e-05	3.6513328398721187963348467525118557e-03
3.0546266458809768462566202894501032e-03	-1.1315963947602170863507204803794219e+00	1.7580935762425564773012214839558046e-05	3.6311994402632504548376040449360355e-03
3.0879736171328986291037953565366342e-03	-1.1171111870108415060573152805810880e+00	1.7391074479581228801573084338670025e-05	3.6115394394732026465035907903767233e-03
3.1210696900794590135351097692335161e-03	-1.1027036923430657661976743570919441e+00	1.7206653282586322731467231521197523e-05	3.5923397325758585824106615641975991e-03
3.1539102845657152166689487077465939e-03	-1.0883720949768652607520530198176797e+00	1.7027481620034001675922300672073133e-05	3.5735877442617243281549991037061545e-03
3.1864909035512816211108873163865026e-03	-1.0741146284144035795808592286827666e+00	1.6853377866800798068911422500322023e-05	3.5552714029760646472289769780876350e-03
3.2188071316321158519319673828431611e-03	-1.0599295734743522875871350506896088e+00	1.6684168826191145843210246718324860e-05	3.5373791165820057541906012608150689e-03
3.2508546336103282144576009340376856e-03	-1.0458152564206715282824903689369944e+00	1.6519689264742809320643469075648673e-05	3.5198997494448100125126831760827108e-03
3.2826291531101265867113718722778956e-03	-1.0317700471803616827939132676947529e+00	1.6359781477252853697985983015620969e-05	3.5028226008415549051980108582606872e-03
3.3141265112381033036444845480672794e-03	-1.0177923576450644284760901811694160e+00	1.6204294879788391814379042182034452e-05	3.4861373846077833449777180249117588e-03
3.3453426052861594720730552224726099e-03	-1.0038806400517315959284656108493183e+00	1.6053085628631977674729803038571222e-05	3.4698342099394004389578106169127617e-03
3.3762734074754458924705070519438160e-03	-9.9003338543789460527800029127297167e-01	1.5906016263280113274456764551163594e-05	3.4539035632742322115322921391848163e-03
3.4069149637397786843993398233662527e-03	-9.7624912216735813431088976149565510e-01	1.5762955371766602692080006614206951e-05	3.4383362911832874852678530288584650e-03
3.4372633925470621379216021220003807e-03	-9.6252641452241099384339027421125252e-01	1.5623777276721951001018941285092490e-05	3.4231235842069226969887695170426816e-03
3.4673148837573215410791407777205887e-03	-9.4886386135889674057357592573763547e-01	1.5488361740707025676175322548208626e-05	3.4082569615758436625648546698881110e-03
3.4970656975160150385697192091911319e-03	-9.3526009482071796316399148201676058e-01	1.5356593689474989856228790882548378e-05	3.3937282567612267019434911472281334e-03
3.5265121631813562138051820733617840e-03	-9.2171377911056290588045715123106006e-01	1.5228362951921166452470011771022332e-05	3.3795296038022387868058336401387731e-03
3.5556506782844382916981460795655356e-03	-9.0822360931384248637391226133033308e-01	1.5103564015576972074101901560917125e-05	3.3656534243629137643662004524581689e-03
3.5844777075210068517185630909661697e-03	-8.9478831027301104184027007607192733e-01	1.4982095796592241366902349862147042e-05	3.3520924154737274876487095328912695e-03
3.6129897817737809231731143462837410e-03	-8.8140663550961641512039241277677045e-01	1.4863861423230927147196435089123781e-05	3.3388395379163343684941262354229075e-03
3.6411834971642724959836437960747003e-03	-8.6807736619158528649884654247556627e-01	1.4748768031979011340392504575972721e-05	3.3258880052128045500125943477885606e-03
3.6690555141331019958364551503271368e-03	-8.5479931014339889734908359854880684e-01	1.4636726575431126840756208194174514e-05	3.3132312731833554697792396231564992e-03
3.6966025565478523055210113007643368e-03	-8.4157130089695334809367375175068593e-01	1.4527651641184438334783539057202592e-05	3.3008630300390229915781021965190499e-03
3.7238214108375466163319398609131877e-03	-8.2839219678102826279571583804719244e-01	1.4421461281025271755734938413533002e-05	3.2887771869779826973808667657980595e-03
3.7507089251528759058867793163806571e-03	-8.1526088004740850820625371995534038e-01	1.4318076849746277837185643200904695e-05	3.2769678692563269431982598935202767e-03
3.7772620085513402932882847601552224e-03	-8.0217625603181648895195607272108095e-01	1.4217422852979980635883173931025977e-05	3.2654294077060420567861536999771470e-03
3.8034776302065050420044727921796209e-03	-7.8913725234791791141755033980402798e-01	1.4119426803478772025098455146410460e-05	3.2541563306747254712291226345644218e-03
3.8293528186406066796910601957773897e-03	-7.7614281811276236627063845137165991e-01	1.4024019085312107056830665004861097e-05	3.2431433563632463667421344745042896e-03
3.8548846609797776893652430331347528e-03	-7.6319192320211212826021938560020754e-01	1.3931132825489139444989239802705204e-05	3.2323853855390962084334102725000976e-03
3.8800703022311895977357409709452538e-03	-7.5028355753419867589378147051231213e-01	1.3840703772549588900719772812820782e-05	3.2218774946046071504032042378796188e-03
3.9049069445814441374539757596718048e-03	-7.3741673038052701968527787874061697e-01	1.3752670181697504262257413650754094e-05	3.2116149290005455024964631605527300e-03
3.9293918467155705778788802244778808e-03	-7.2459046970242338876645881442773191e-01	1.3666972706082006486848917694759757e-05	3.2015930969268224285574077719515044e-03
3.9535223231560143853378506425218327e-03	-7.1180382151209252368237445584155213e-01	1.3583554293856270719114737638548523e-05	3.1918075633632121675626845038693146e-03
3.9772957436210281653089124152970448e-03	-6.9905584925701709174588206982805352e-01	1.3502360090671124950879393849738761e-05	3.1822540443740361106242256485252103e-03
4.0007095324019004271022884346356104e-03	-6.8634563322659388810193489926447248e-01	1.3423337347282875273296210209652641e-05	3.1729284016817652212559209555664626e-03
4.0237611677584811636522986425100239e-03	-6.7367226997995979463832202257496554e-01	1.3346435331976469999934086938965022e-05	3.1638266374954192248579248453526506e-03
4.0464481813324856179393879018790268e-03	-6.6103487179401520234676816577892553e-01	1.3271605247525028692335969084068725e-05	3.1549448895805039129136787282176426e-03
4.0687681575780789724629900416284562e-03	-6.4843256613070400305173798137428677e-01	1.3198800152425216450593544413487396e-05	3.1462794265580325732878095575107002e-03
4.0907187332092651045837561131653284e-03	-6.3586449512265754768854249256282804e-01	1.3127974886165056469382170465247449e-05	3.1378266434209283430559178404466393e-03
4.1122975966636220505912608562563564e-03	-6.2332981507635535787032508203066674e-01	1.3059085998296652240424102269082720e-05	3.1295830572568051998302398418633861e-03
4.1335024875819454640417250633838866e-03	-6.1082769599199805728137259815645292e-01	1.2992091681101033019836648278252795e-05	3.1215453031667800511890298365057652e-03
4.1543311963033791853418150052193664e-03	-5.9835732109932813726558328430575251e-01	1.2926951705646031939518513068314695e-05	3.1137101303705803421822851911519151e-03
4.1747815633756291030997947707651653e-03	-5.8591788640867195161986873185210461e-01	1.2863627361050837429510526885123699e-05	3.1060743984887838995605630644430090e-03
4.1948514790798728242557292803556794e-03	-5.7350860027651190184721366463977917e-01	1.2802081396782700482153988531949945e-05	3.0986350739935632424692772179984633e-03
4.2145388829699933178997339329203946e-03	-5.6112868298493126773221028905670475e-01	1.2742277967822301460601861914874243e-05	3.0913892268198079608515011276894497e-03
4.2338417634257796932401999839400977e-03	-5.4877736633430569066193057396722466e-01	1.2684182582544543623311222297511215e-05	3.0843340271289684359323246200656971e-03
4.2527581572197526495739667635657456e-03	-5.3645389324864505083659384386853888e-01	1.2627762053171104068837862080994809e-05	3.0774667422184044039704368949975385e-03
4.2712861490972859275869639474742864e-03	-5.2415751739301750795206489656816721e-01	1.2572984448659989413467357925296353e-05	3.0707847335694347238218109502539546e-03
4.2894238713697083273198561395078233e-03	-5.1188750280251390365214955093369431e-01	1.2519819049905661879310202878723789e-05	3.0642854540276721209739740184549644e-03
4.3071695035200835674219559571832618e-03	-4.9964312352223565122087602439722884e-01	1.2468236307131066326717526109205784e-05	3.0579664451095904203542054228557563e-03
4.3245212718213774700603396151504559e-03	-4.8742366325781275496411053867921521e-01	1.2418207799360141246545935307723803e-05	3.0518253344296134887804361445611404e-03
4.3414774489667336917419451396565669e-03	-4.7522841503598079355047182087560540e-01	1.2369706195866174683812890065169549e-05	3.0458598332423363043865884835849325e-03
4.3580363537115905066508843564699898e-03	-4.6305668087476664743119932026466196e-01	1.2322705219497704343322368507012909e-05	3.0400677340947906612877401514923723e-03
4.3741963505273820089095931622952272e-03	-4.5090777146285252410909586499295823e-01	1.2277179611789591837156741462695875e-05	3.0344469085839523064576466456703652e-03
4.3899558492665775552328266615269113e-03	-4.3878100584770650522976332594305709e-01	1.2233105099772453774326937302479894e-05	3.0289953052149540006449625017089905e-03
4.4053133048388233404099459342556339e-03	-4.2667571113208547032026565335786872e-01	1.2190458364398834472227327107979810e-05	3.0237109473557212172203642119533200e-03
4.4202672168979597045067756918628336e-03	-4.1459122217853290327662272340607996e-01	1.2149217010509381696976635100172229e-05	3.0185919312839849828522259690210382e-03
4.4348161295396971312046834516027572e-03	-4.0252688132150981516539393854783103e-01	1.2109359538266861302299781731996235e-05	3.0136364243228506886212157546208615e-03
4.4489586310097429289326018903150463e-03	-3.9048203808681187259091759577030198e-01	1.2070865315990140460214846165868381e-05	3.0088426630613134582524196836949102e-03
4.4626933534221793071568386063748743e-03	-3.7845604891793985335659767930646474e-01	1.2033714554324302272799678015667523e-05	3.0042089516563106874480296334735959e-03
4.4760189724879019853056825243321384e-03	-3.6644827690910380575831240325071142e-01	1.1997888281686845353276273668690335e-05	2.9997336602130914428648342216171242e-03
4.4889342072529366164766453032775693e-03	-3.5445809154455380692943305661064555e-01	1.1963368320933487538338613727492825e-05	2.9954152232408612557625079250119633e-03
4.5014378198464581867307094438074834e-03	-3.4248486844394203875050084295753681e-01	1.1930137267190449066498076103256338e-05	2.9912521381808301391931669901003892e-03
4.5135286152383461771634670079810436e-03	-3.3052798911343206387341159179322010e-01	1.1898178466803252008188813979202181e-05	2.9872429640039520288304177743284042e-03
4.5252054410061156631590931734377930e-03	-3.1858684070228172388635566231252906e-01	1.1867475997355053089104453218863441e-05	2.9833863198757958842406388411396794e-03
4.5364671871110716857790736805965094e-03	-3.0666081576463602878451883291135822e-01	1.1838014648710338968320307091163877e-05	2.9796808838861329389629110952396618e-03
4.5473127856835411760477880753688649e-03	-2.9474931202627579181066247634185568e-01	1.1809779905042468287847918429884541e-05	2.9761253918409615678201525459111151e-03
4.5577412108170434553755896049126731e-03	-2.8285173215607661449982665066989178e-01	1.1782757927806054353698480837323006e-05	2.9727186361148214290470629333052419e-03
4.5677514783712668854138041609334355e-03	-2.7096748354194116965381172756386892e-01	1.1756935539617556342000138080892853e-05	2.9694594645613723872046541288989982e-03
4.5773426457837256087057064145580395e-03	-2.5909597807097558949095037030870801e-01	1.1732300209009694957632848312027389e-05	2.9663467794803316523959243734729838e-03
4.5865138118899765175865843719643620e-03	-2.4723663191368816523734979086531078e-01	1.1708840036027439381791897823503131e-05	2.9633795366389749779164832648891471e-03
4.5952641167522826224885813634383033e-03	-2.3538886531199552428490094754677032e-01	1.1686543738635334418633537410043392e-05	2.9605567443465150140438321983470941e-03
4.6035927414966148713328357960823670e-03	-2.2355210237082799163422950768666713e-01	1.1665400639907857741634135911008050e-05	2.9578774625797723698688247475334344e-03
4.6114989081578902078945458681973899e-03	-2.1172577085313198220571032660143933e-01	1.1645400655976324304939412203521066e-05	2.9553408021586529170912275184425695e-03
4.6189818795333492574226528072637492e-03	-1.9990930197807302699872853539553951e-01	1.1626534284707595126694721081158052e-05	2.9529459239700386898197586060687201e-03
4.6260409590439825005883694793733419e-03	-1.8810213022224842506296892346002693e-01	1.1608792595091507155446649085423157e-05	2.9506920382387896854810645512195847e-03
4.6326754906039191499371561963623308e-03	-1.7630369312372354973141402477784056e-01	1.1592167217315525799102299203350178e-05	2.9485784038446402307302657667443033e-03
4.6388848584976981840662142964077108e-03	-1.6451343108871053539171146461371605e-01	1.1576650333506637578807212149908470e-05	2.9466043276838566047546185634200579e-03
4.6446684872653461311303145795381558e-03	-1.5273078720071244305918354239950446e-01	1.1562234669121952595300369196348544e-05	2.9447691640746025589564180408309868e-03
4.6500258415951912321440907935664434e-03	-1.4095520703196006101146671525172045e-01	1.1548913484970880095655700723418917e-05	2.9430723142050364725869824048762343e-03
4.6549564262243485628325624604498990e-03	-1.2918613845697225168181946647927000e-01	1.1536680569853080167086190568961283e-05	2.9415132256232383629280586502453855e-03
4.6594597858468155572164399552967964e-03	-1.1742303146807421793933142198089375e-01	1.1525530233797684979107554057568474e-05	2.9400913917681370400573580876409462e-03
4.6635355050291221632525489244401659e-03	-1.0566533799271124002700530724856331e-01	1.1515457301890528339654811874222086e-05	2.9388063515406775645166286669750316e-03
4.6671832081334845770606406100180318e-03	-9.3912511712398337200412657771406913e-02	1.1506457108677326715738806762706616e-05	2.9376576889145370270636362506384663e-03
4.6704025592484161537791173993797564e-03	-8.2164007883148943160921049379860439e-02	1.1498525493131922202711646485927638e-05	2.9366450325857627110064746194525765e-03
4.6731932621267536859862353371546604e-03	-7.0419283157228058621962168896710948e-02	1.1491658794179831951186879691386895e-05	2.9357680556607711001709361028951462e-03
4.6755550601310617808555732848282830e-03	-5.8677795406077463987970057077315674e-02	1.1485853846768452872799585636050211e-05	2.9350264753822091337658436352550233e-03
4.6774877361863825606267168479410310e-03	-4.6939003544262445680886162360349183e-02	1.1481107978476348510176993516973007e-05	2.9344200528922407520620685904318094e-03
4.6789911127403023633051822685574909e-03	-3.5202367354291115971075964109969184e-02	1.1477419006655100122590115819698409e-05	2.9339485930328822876839367046774956e-03
4.6800650517303115374124551571861993e-03	-2.3467347312158792464473412724876032e-02	1.1474785236098239556705870955226619e-05	2.9336119441830697958889902579102967e-03
4.6807094545584378116646846203154242e-03	-1.1733404413471053241954078653861105e-02	1.1473205457232800506145058294931398e-05	2.9334099981322001392353091927876133e-03
4.6809242620731380831803637420944580e-03	0.0000000000000000000000000000000000e+00	1.1472678944830030407195546262107678e-05	2.9333426899899457001493044199851083e-03
4.6807094545584378116646846203154242e-03	1.1733404413471053241954078653861105e-02	1.1473205457232800506145058294931398e-05	2.9334099981322001392353091927876133e-03
4.6800650517303115374124551571861993e-03	2.3467347312158792464473412724876032e-02	1.1474785236098239556705870955226619e-05	2.9336119441830697958889902579102967e-03
4.6789911127403023633051822685574909e-03	3.5202367354291115971075964109969184e-02	1.1477419006655100122590115819698409e-05	2.9339485930328822876839367046774956e-03
4.6774877361863825606267168479410310e-03	4.6939003544262445680886162360349183e-02	1.1481107978476348510176993516973007e-05	2.9344200528922407520620685904318094e-03
4.6755550601310617808555732848282830e-03	5.8677795406077463987970057077315674e-02	1.1485853846768452872799585636050211e-05	2.9350264753822091337658436352550233e-03
4.6731932621267536859862353371546604e-03	7.0419283157228058621962168896710948e-02	1.1491658794179831951186879691386895e-05	2.9357680556607711001709361028951462e-03
4.6704025592484161537791173993797564e-03	8.2164007883148943160921049379860439e-02	1.1498525493131922202711646485927638e-05	2.9366450325857627110064746194525765e-03
4.6671832081334845770606406100180318e-03	9.3912511712398337200412657771406913e-02	1.1506457108677326715738806762706616e-05	2.9376576889145370270636362506384663e-03
4.6635355050291221632525489244401659e-03	1.0566533799271124002700530724856331e-01	1.1515457301890528339654811874222086e-05	2.9388063515406775645166286669750316e-03
4.6594597858468155572164399552967964e-03	1.1742303146807421793933142198089375e-01	1.1525530233797684979107554057568474e-05	2.9400913917681370400573580876409462e-03
4.6549564262243485628325624604498990e-03	1.2918613845697225168181946647927000e-01	1.1536680569853080167086190568961283e-05	2.9415132256232383629280586502453855e-03
4.6500258415951912321440907935664434e-03	1.4095520703196006101146671525172045e-01	1.1548913484970880095655700723418917e-05	2.9430723142050364725869824048762343e-03
4.6446684872653461311303145795381558e-03	1.5273078720071244305918354239950446e-01	1.1562234669121952595300369196348544e-05	2.9447691640746025589564180408309868e-03
4.6388848584976981840662142964077108e-03	1.6451343108871053539171146461371605e-01	1.1576650333506637578807212149908470e-05	2.9466043276838566047546185634200579e-03
4.6326754906039191499371561963623308e-03	1.7630369312372354973141402477784056e-01	1.1592167217315525799102299203350178e-05	2.9485784038446402307302657667443033e-03
4.6260409590439825005883694793733419e-03	1.8810213022224842506296892346002693e-01	1.1608792595091507155446649085423157e-05	2.9506920382387896854810645512195847e-03
4.6189818795333492574226528072637492e-03	1.9990930197807302699872853539553951e-01	1.1626534284707595126694721081158052e-05	2.9529459239700386898197586060687201e-03
4.6114989081578902078945458681973899e-03	2.1172577085313198220571032660143933e-01	1.1645400655976324304939412203521066e-05	2.9553408021586529170912275184425695e-03
4.6035927414966148713328357960823670e-03	2.2355210237082799163422950768666713e-01	1.1665400639907857741634135911008050e-05	2.9578774625797723698688247475334344e-03
4.5952641167522826224885813634383033e-03	2.3538886531199552428490094754677032e-01	1.1686543738635334418633537410043392e-05	2.9605567443465150140438321983470941e-03
4.5865138118899765175865843719643620e-03	2.4723663191368816523734979086531078e-01	1.1708840036027439381791897823503131e-05	2.9633795366389749779164832648891471e-03
4.5773426457837256087057064145580395e-03	2.5909597807097558949095037030870801e-01	1.1732300209009694957632848312027389e-05	2.9663467794803316523959243734729838e-03
4.5677514783712668854138041609334355e-03	2.7096748354194116965381172756386892e-01	1.1756935539617556342000138080892853e-05	2.9694594645613723872046541288989982e-03
4.5577412108170434553755896049126731e-03	2.8285173215607661449982665066989178e-01	1.1782757927806054353698480837323006e-05	2.9727186361148214290470629333052419e-03
4.5473127856835411760477880753688649e-03	2.9474931202627579181066247634185568e-01	1.1809779905042468287847918429884541e-05	2.9761253918409615678201525459111151e-03
4.5364671871110716857790736805965094e-03	3.0666081576463602878451883291135822e-01	1.1838014648710338968320307091163877e-05	2.9796808838861329389629110952396618e-03
4.5252054410061156631590931734377930e-03	3.1858684070228172388635566231252906e-01	1.1867475997355053089104453218863441e-05	2.9833863198757958842406388411396794e-03
4.5135286152383461771634670079810436e-03	3.3052798911343206387341159179322010e-01	1.1898178466803252008188813979202181e-05	2.9872429640039520288304177743284042e-03
4.5014378198464581867307094438074834e-03	3.4248486844394203875050084295753681e-01	1.1930137267190449066498076103256338e-05	2.9912521381808301391931669901003892e-03
4.4889342072529366164766453032775693e-03	3.5445809154455380692943305661064555e-01	1.1963368320933487538338613727492825e-05	2.9954152232408612557625079250119633e-03
4.4760189724879019853056825243321384e-03	3.6644827690910380575831240325071142e-01	1.1997888281686845353276273668690335e-05	2.9997336602130914428648342216171242e-03
4.4626933534221793071568386063748743e-03	3.7845604891793985335659767930646474e-01	1.2033714554324302272799678015667523e-05	3.0042089516563106874480296334735959e-03
4.4489586310097429289326018903150463e-03	3.9048203808681187259091759577030198e-01	1.2070865315990140460214846165868381e-05	3.0088426630613134582524196836949102e-03
4.4348161295396971312046834516027572e-03	4.0252688132150981516539393854783103e-01	1.2109359538266861302299781731996235e-05	3.0136364243228506886212157546208615e-03
4.4202672168979597045067756918628336e-03	4.1459122217853290327662272340607996e-01	1.2149217010509381696976635100172229e-05	3.0185919312839849828522259690210382e-03
4.4053133048388233404099459342556339e-03	4.2667571113208547032026565335786872e-01	1.2190458364398834472227327107979810e-05	3.0237109473557212172203642119533200e-03
4.3899558492665775552328266615269113e-03	4.3878100584770650522976332594305709e-01	1.2233105099772453774326937302479894e-05	3.0289953052149540006449625017089905e-03
4.3741963505273820089095931622952272e-03	4.5090777146285252410909586499295823e-01	1.2277179611789591837156741462695875e-05	3.0344469085839523064576466456703652e-03
4.3580363537115905066508843564699898e-03	4.6305668087476664743119932026466196e-01	1.2322705219497704343322368507012909e-05	3.0400677340947906612877401514923723e-03
4.3414774489667336917419451396565669e-03	4.7522841503598079355047182087560540e-01	1.2369706195866174683812890065169549e-05	3.0458598332423363043865884835849325e-03
4.3245212718213774700603396151504559e-03	4.8742366325781275496411053867921521e-01	1.2418207799360141246545935307723803e-05	3.0518253344296134887804361445611404e-03
4.3071695035200835674219559571832618e-03	4.9964312352223565122087602439722884e-01	1.2468236307131066326717526109205784e-05	3.0579664451095904203542054228557563e-03
4.2894238713697083273198561395078233e-03	5.1188750280251390365214955093369431e-01	1.2519819049905661879310202878723789e-05	3.0642854540276721209739740184549644e-03
4.2712861490972859275869639474742864e-03	5.2415751739301750795206489656816721e-01	1.2572984448659989413467357925296353e-05	3.0707847335694347238218109502539546e-03
4.2527581572197526495739667635657456e-03	5.3645389324864505083659384386853888e-01	1.2627762053171104068837862080994809e-05	3.0774667422184044039704368949975385e-03
4.2338417634257796932401999839400977e-03	5.4877736633430569066193057396722466e-01	1.2684182582544543623311222297511215e-05	3.0843340271289684359323246200656971e-03
4.2145388829699933178997339329203946e-03	5.6112868298493126773221028905670475e-01	1.2742277967822301460601861914874243e-05	3.0913892268198079608515011276894497e-03
4.1948514790798728242557292803556794e-03	5.7350860027651190184721366463977917e-01	1.2802081396782700482153988531949945e-05	3.0986350739935632424692772179984633e-03
4.1747815633756291030997947707651653e-03	5.8591788640867195161986873185210461e-01	1.2863627361050837429510526885123699e-05	3.1060743984887838995605630644430090e-03
4.1543311963033791853418150052193664e-03	5.9835732109932813726558328430575251e-01	1.2926951705646031939518513068314695e-05	3.1137101303705803421822851911519151e-03
4.1335024875819454640417250633838866e-03	6.1082769599199805728137259815645292e-01	1.2992091681101033019836648278252795e-05	3.1215453031667800511890298365057652e-03
4.1122975966636220505912608562563564e-03	6.2332981507635535787032508203066674e-01	1.3059085998296652240424102269082720e-05	3.1295830572568051998302398418633861e-03
4.0907187332092651045837561131653284e-03	6.3586449512265754768854249256282804e-01	1.3127974886165056469382170465247449e-05	3.1378266434209283430559178404466393e-03
4.0687681575780789724629900416284562e-03	6.4843256613070400305173798137428677e-01	1.3198800152425216450593544413487396e-05	3.1462794265580325732878095575107002e-03
4.0464481813324856179393879018790268e-03	6.6103487179401520234676816577892553e-01	1.3271605247525028692335969084068725e-05	3.1549448895805039129136787282176426e-03
4.0237611677584811636522986425100239e-03	6.7367226997995979463832202257496554e-01	1.3346435331976469999934086938965022e-05	3.1638266374954192248579248453526506e-03
4.0007095324019004271022884346356104e-03	6.8634563322659388810193489926447248e-01	1.3423337347282875273296210209652641e-05	3.1729284016817652212559209555664626e-03
3.9772957436210281653089124152970448e-03	6.9905584925701709174588206982805352e-01	1.3502360090671124950879393849738761e-05	3.1822540443740361106242256485252103e-03
3.9535223231560143853378506425218327e-03	7.1180382151209252368237445584155213e-01	1.3583554293856270719114737638548523e-05	3.1918075633632121675626845038693146e-03
3.9293918467155705778788802244778808e-03	7.2459046970242338876645881442773191e-01	1.3666972706082006486848917694759757e-05	3.2015930969268224285574077719515044e-03
3.9049069445814441374539757596718048e-03	7.3741673038052701968527787874061697e-01	1.3752670181697504262257413650754094e-05	3.2116149290005455024964631605527300e-03
3.8800703022311895977357409709452538e-03	7.5028355753419867589378147051231213e-01	1.3840703772549588900719772812820782e-05	3.2218774946046071504032042378796188e-03
3.8548846609797776893652430331347528e-03	7.6319192320211212826021938560020754e-01	1.3931132825489139444989239802705204e-05	3.2323853855390962084334102725000976e-03
3.8293528186406066796910601957773897e-03	7.7614281811276236627063845137165991e-01	1.4024019085312107056830665004861097e-05	3.2431433563632463667421344745042896e-03
3.8034776302065050420044727921796209e-03	7.8913725234791791141755033980402798e-01	1.4119426803478772025098455146410460e-05	3.2541563306747254712291226345644218e-03
3.7772620085513402932882847601552224e-03	8.0217625603181648895195607272108095e-01	1.4217422852979980635883173931025977e-05	3.2654294077060420567861536999771470e-03
3.7507089251528759058867793163806571e-03	8.1526088004740850820625371995534038e-01	1.4318076849746277837185643200904695e-05	3.2769678692563269431982598935202767e-03
3.7238214108375466163319398609131877e-03	8.2839219678102826279571583804719244e-01	1.4421461281025271755734938413533002e-05	3.2887771869779826973808667657980595e-03
3.6966025565478523055210113007643368e-03	8.4157130089695334809367375175068593e-01	1.4527651641184438334783539057202592e-05	3.3008630300390229915781021965190499e-03
3.6690555141331019958364551503271368e-03	8.5479931014339889734908359854880684e-01	1.4636726575431126840756208194174514e-05	3.3132312731833554697792396231564992e-03
3.6411834971642724959836437960747003e-03	8.6807736619158528649884654247556627e-01	1.4748768031979011340392504575972721e-05	3.3258880052128045500125943477885606e-03
3.6129897817737809231731143462837410e-03	8.8140663550961641512039241277677045e-01	1.4863861423230927147196435089123781e-05	3.3388395379163343684941262354229075e-03
3.5844777075210068517185630909661697e-03	8.9478831027301104184027007607192733e-01	1.4982095796592241366902349862147042e-05	3.3520924154737274876487095328912695e-03
3.5556506782844382916981460795655356e-03	9.0822360931384248637391226133033308e-01	1.5103564015576972074101901560917125e-05	3.3656534243629137643662004524581689e-03
3.5265121631813562138051820733617840e-03	9.2171377911056290588045715123106006e-01	1.5228362951921166452470011771022332e-05	3.3795296038022387868058336401387731e-03
3.4970656975160150385697192091911319e-03	9.3526009482071796316399148201676058e-01	1.5356593689474989856228790882548378e-05	3.3937282567612267019434911472281334e-03
3.4673148837573215410791407777205887e-03	9.4886386135889674057357592573763547e-01	1.5488361740707025676175322548208626e-05	3.4082569615758436625648546698881110e-03
3.4372633925470621379216021220003807e-03	9.6252641452241099384339027421125252e-01	1.5623777276721951001018941285092490e-05	3.4231235842069226969887695170426816e-03
3.4069149637397786843993398233662527e-03	9.7624912216735813431088976149565510e-01	1.5762955371766602692080006614206951e-05	3.4383362911832874852678530288584650e-03
3.3762734074754458924705070519438160e-03	9.9003338543789460527800029127297167e-01	1.5906016263280113274456764551163594e-05	3.4539035632742322115322921391848163e-03
3.3453426052861594720730552224726099e-03	1.0038806400517315959284656108493183e+00	1.6053085628631977674729803038571222e-05	3.4698342099394004389578106169127617e-03
3.3141265112381033036444845480672794e-03	1.0177923576450644284760901811694160e+00	1.6204294879788391814379042182034452e-05	3.4861373846077833449777180249117588e-03
3.2826291531101265867113718722778956e-03	1.0317700471803616827939132676947529e+00	1.6359781477252853697985983015620969e-05	3.5028226008415549051980108582606872e-03
3.2508546336103282144576009340376856e-03	1.0458152564206715282824903689369944e+00	1.6519689264742809320643469075648673e-05	3.5198997494448100125126831760827108e-03
3.2188071316321158519319673828431611e-03	1.0599295734743522875871350506896088e+00	1.6684168826191145843210246718324860e-05	3.5373791165820057541906012608150689e-03
3.1864909035512816211108873163865026e-03	1.0741146284144035795808592286827666e+00	1.6853377866800798068911422500322023e-05	3.5552714029760646472289769780876350e-03
3.1539102845657152166689487077465939e-03	1.0883720949768652607520530198176797e+00	1.7027481620034001675922300672073133e-05	3.5735877442617243281549991037061545e-03
3.1210696900794590135351097692335161e-03	1.1027036923430657661976743570919441e+00	1.7206653282586322731467231521197523e-05	3.5923397325758585824106615641975991e-03
3.0879736171328986291037953565366342e-03	1.1171111870108415060573152805810880e+00	1.7391074479581228801573084338670025e-05	3.6115394394732026465035907903767233e-03
3.0546266458809768462566202894501032e-03	1.1315963947602170863507204803794219e+00	1.7580935762425564773012214839558046e-05	3.6311994402632504548376040449360355e-03
3.0210334411214191967493047873365839e-03	1.1461611827194349301603587533056650e+00	1.7776437141992018470664654033573893e-05	3.6513328398721187963348467525118557e-03
2.9871987538750662913645565350986519e-03	1.1608074715376552897558910468224183e+00	1.7977788660043942148140394040931838e-05	3.6719533003419667624266987424245848e-03
2.9531274230205216449319207092414345e-03	1.1755372376711168876325244576983126e+00	1.8185211002093481298783902706915637e-05	3.6930750700902006765706639351833979e-03
2.9188243769854448040657458745308493e-03	1.1903525157900580778006182673273672e+00	1.8398936155188951286121736491710587e-05	3.7147130150612770009257787938951643e-03
2.8842946354969486123827943158843057e-03	1.2052554013142524413825752989144316e+00	1.8619208114465298419099830570404061e-05	3.7368826519155417573704675702248490e-03
2.8495433113936970616387172957249136e-03	1.2202480530856155235249888217853847e+00	1.8846283642666250642566748982084203e-05	3.7596001834123306376637204699287999e-03
2.8145756125024470528673527037677479e-03	1.2353326961869958740075015298845701e+00	1.9080433087262898190186702387921117e-05	3.7828825361586293960306806524174370e-03
2.7793968435819342656844168371152175e-03	1.2505116249169791163174931206811023e+00	1.9321941260256046933922380241558504e-05	3.8067474009101057827152890284771630e-03
2.7440124083371710104833793993772619e-03	1.2657872059313145058471680688187376e+00	1.9571108386264553602543660616553911e-05	3.8312132756284371854795974925492486e-03
2.7084278115074032960088290021683422e-03	1.2811618815624261147813568256627738e+00	1.9828251125075580085423729357514248e-05	3.8562995115177584147734633809482269e-03
2.6726486610311663449760853480060361e-03	1.2966381733294029580192294588261516e+00	2.0093703675472813517897745297920212e-05	3.8820263622839519227303576410460196e-03
2.6366806702920834856026633064024562e-03	1.3122186856518825043867260318024250e+00	2.0367818967873773590673519968168603e-05	3.9084150368836359711027780177395414e-03
2.6005296604492738909482416960782082e-03	1.3279061097823595661365711591039809e+00	2.0650969954107181881529581028217412e-05	3.9354877560553441964417232571641818e-03
2.5642015628564712969608968418646213e-03	1.3437032279726781405757282973097605e+00	2.0943551003557236475072529745642590e-05	3.9632678129538381813771042534238352e-03
2.5277024215742099949950017568862187e-03	1.3596129178918093066019623283746186e+00	2.1245979415906405350574503595183170e-05	3.9917796382401001032328959850912540e-03
2.4910383959797075949536859910441212e-03	1.3756381573134971530058299773294113e+00	2.1558697061836827283534019811430834e-05	4.0210488700147101754783671169765635e-03
2.4542157634793679752883237703593047e-03	1.3917820290939820179865257700196524e+00	2.1882172164319622895878039684925728e-05	4.0511024290214733919539748652033669e-03
2.4172409223291443323262964024791541e-03	1.4080477264618030569688066517912998e+00	2.2216901234551004536360251579942110e-05	4.0819685995918355860015809298972055e-03
2.3801203945683433626348492156093049e-03	1.4244385586436595317453045869838732e+00	2.2563411178206702074379617349743219e-05	4.1136771168494071156318625547638101e-03
2.3428608290728196222821072155791419e-03	1.4409579568524939448168039248435983e+00	2.2922261589508116231132643822545135e-05	4.1462592607484658522276280837530901e-03
2.3054690047339065106510134287270265e-03	1.4576094806663748256841403799706478e+00	2.3294047252655162295680313977377737e-05	4.1797479575814107143497546044742557e-03
2.2679518337698598986178881304425845e-03	1.4743968248294305148999887986784380e+00	2.3679400872517261210203930554184113e-05	4.2141778896586688324530701797666523e-03
2.2303163651770552393115220575365921e-03	1.4913238265090493945001936648503866e+00	2.4078996059126422434186176421650902e-05	4.2495856139415435612364459316804027e-03
2.1925697883286824831369822787621881e-03	1.5083944730468527699639160752135541e+00	2.4493550593532695300303013704541657e-05	4.2860096904951033190535980019335879e-03
2.1547194367292290700836988331541248e-03	1.5256129102446051679680448909894435e+00	2.4923830006018336871558326751626907e-05	4.3234908217258118521027898824841975e-03
2.1167727919336339275147359266972549e-03	1.5429834512303001758947390421475684e+00	2.5370651501588280607883775239535482e-05	4.3620720034787625932575054899891237e-03
2.0787374876406394860825105943759197e-03	1.5605105859542018940989157794178233e+00	2.5834888272137640754894379957254178e-05	4.4017986891939287474281967730152342e-03
2.0406213139705695195424311518162787e-03	1.5781989913696942552606204980429722e+00	2.6317474239832285048204817859647366e-05	4.4427189684618985285939588410980904e-03
2.0024322219385240235356740527681485e-03	1.5960535423594637045468752292934551e+00	2.6819409282132280977143794212736140e-05	4.4848837614796034321024096217816604e-03
1.9641783281348149947591079916754370e-03	1.6140793234738965331014787541305120e+00	2.7341764995665857475240741899962282e-05	4.5283470310884522459758863707885249e-03
1.9258679196253762879346560692143882e-03	1.6322816415557045075564499572445398e+00	2.7885691063972123197314957460769066e-05	4.5731660142844310939240662711081049e-03
1.8875094590858750716022170754633179e-03	1.6506660393328099611542210759137650e+00	2.8452422303150644546562513191212664e-05	4.6194014753260798432707498375294922e-03
1.8491115901843411899220380185650842e-03	1.6692383100705500061448380136639906e+00	2.9043286469895148875538672407973570e-05	4.6671179828364624627943204999906966e-03
1.8106831432283245909895117192109777e-03	1.6880045133844450081193434210155748e+00	2.9659712928497690203966951284701183e-05	4.7163842136047986319950777268340196e-03
1.7722331410939019145322103156541397e-03	1.7069709923262888013200209454959613e+00	3.0303242287488430795514054678393971e-05	4.7672732861487963286712326412748414e-03
1.7337708054552949495213383646447775e-03	1.7261443918693554089822579454494140e+00	3.0975537132984490079536573663311077e-05	4.8198631275075959119381628303256866e-03
1.6953055633354514177520609337764262e-03	1.7455316789333108232349656091779631e+00	3.1678394004991956140084175840586306e-05	4.8742368772067213866780933194877441e-03
1.6568470539996899751659694589162769e-03	1.7651401641062400596341783608841765e+00	3.2413756785360559494564610834510977e-05	4.9304833328813907710535588449644381e-03
1.6184051362164464636118618298445927e-03	1.7849775252403680716876013385487441e+00	3.3183731692463120563834736920493640e-05	4.9886974426759315712226086231185062e-03
1.5799898959113001515433795967020095e-03	1.8050518331199438172639019409711980e+00	3.3990604108729804459976982216998846e-05	5.0489808502704121322474690791169502e-03
1.5416116542428331400178431040426107e-03	1.8253715794248135677466989019072324e+00	3.4836857503846395425862681678242213e-05	5.1114424992395987367479142983879274e-03
1.5032809761315133030061840467513557e-03	1.8459457072419581910723542519110957e+00	3.5725194759870608971144293204577238e-05	5.1761993044464783090506380878129378e-03
1.4650086792757256074679674452412570e-03	1.8667836444103343649487573182309157e+00	3.6658562256135062258409120920707896e-05	5.2433768993400529315936974575609333e-03
1.4268058436923482293144843610169282e-03	1.8878953400224861512897343726219290e+00	3.7640177133319200318042585008568305e-05	5.3131104693979268870185410142213053e-03
1.3886838218229245641834175680118158e-03	1.9092913044504715255700467130188744e+00	3.8673558229622993010323539546063064e-05	5.3855456835685679069765489955698309e-03
1.3506542492505733622857758654146467e-03	1.9309826533147465786362210646866107e+00	3.9762561270215757811114243851995683e-05	5.4608397374751596970772782411127886e-03
1.3127290560773687823214571884580842e-03	1.9529811558740542214823345947855304e+00	4.0911418997370390005845602236991009e-05	5.5391625244029413377827387467864562e-03
1.2749204790170824119754932262200042e-03	1.9752992883836280193414923550507479e+00	4.2124787057064487072470530273217679e-05	5.6206979527790776349533419219027619e-03
1.2372410742639947079987183244836942e-03	1.9979502930500292911231966520018916e+00	4.3407796613536801672175847350236636e-05	5.7056454320602143274352262505377863e-03
1.1997037312050529206023927292136878e-03	2.0209482433059802488589564298791964e+00	4.4766114852898657824519083237842190e-05	5.7942215527819385725226871432757178e-03
1.1623216870500929204478469034978008e-03	2.0443081162404406841955867458497288e+00	4.6206014768750020776905577816524264e-05	5.8866619911385855268331735161994956e-03
1.1251085424632910077835030618304160e-03	2.0680458731513405916226949999695287e+00	4.7734455907467195798779843994382358e-05	5.9832236740294006526176883950920746e-03
1.0880782782886317146839934087361757e-03	2.0921785493450665211356806828820215e+00	4.9359178102037658667625101053711858e-05	6.0841872472523636760086036289542973e-03
1.0512452734731625686977065100022948e-03	2.1167243544932560443222766543943249e+00	5.1088810658576241860781168855408241e-05	6.1898598977339565532294857371076853e-03
1.0146243243043880203343128388143581e-03	2.1417027850802150937125943993621953e+00	5.2933000001724787608989260314728373e-05	6.3005785907130430377654091836909829e-03
9.7823066509260935533696181168352852e-04	2.1671347507415050157916860855178718e+00	5.4902559463688699818731393728585729e-05	6.4167137951118778842112915597404746e-03
9.4207999044567886575371036225637807e-04	2.1930427166162157456596162200749372e+00	5.7009645755630097705502007902455414e-05	6.5386737855215019817681298749895289e-03
9.0618847930290785272253846700106992e-04	2.2194508642251214122395256507683347e+00	5.9267967740928300050721950699910064e-05	6.6669096280717174341829757473873757e-03
8.7057282091723850656419806244636015e-04	2.2463852738607924946294475133970662e+00	6.1693034505786419379910192288771482e-05	6.8019209809494187778696572257761687e-03
8.3525024300085636295473523366600677e-04	2.2738741320548948887103054083039398e+00	6.4302451485339687569492989926220508e-05	6.9442628697868665245002303088188751e-03
8.0023854227991495392090018391582839e-04	2.3019479683994642111712165046030546e+00	6.7116275676305927032854926382419983e-05	7.0945536352976981870606292713121336e-03
7.6555611773986999660625081984698863e-04	2.3306399268780339750800534372138494e+00	7.0157443918270470671748021927299084e-05	7.2534842976993334948009222074085546e-03
7.3122200688519594857963333417274335e-04	2.3599860779549402051716112858577811e+00	7.3452292085262198918163380929513463e-05	7.4218296427167835116738388260110369e-03
6.9725592538737854895778753301595392e-04	2.3900257790371310590032836241221312e+00	7.7031188116064635010271338010813218e-05	7.6004614114909823255858285353350546e-03
6.6367831055479452711894548412327960e-04	2.4208020926421115359192237487500801e+00	8.0929308570835760276429318631827748e-05	7.7903640772063833954215642169272410e-03
6.3051036912961683937777582644803378e-04	2.4523622737847181790327137568522231e+00	8.5187597460943313005449471918579198e-05	7.9926538225361311318103391421446908e-03
5.9777413000303615118659164994440163e-04	2.4847583408776669668734175402398026e+00	8.9853958353456994490158986820426544e-05	8.2086015049508041218509792036170232e-03
5.6549250254447623760190927734510968e-04	2.5180477480212595543238931692689004e+00	9.4984747491635869328962410181379192e-05	8.4396606268044458350238409550891153e-03
5.3368934136776674062023330067473597e-04	2.5522941812040770958069776477319257e+00	1.0064665878013336491545276957899117e-04	8.6875016355431791103906178254520894e-03
5.0238951851350013616608207813710742e-04	2.5875685070206456914462919338647358e+00	1.0691912373943929277357738693517011e-04	8.9540542974461373007313425812558035e-03
4.7161900422003586584410015234416680e-04	2.6239499105557361984676927680279859e+00	1.1389739510369601738720076448821710e-04	9.2415604611680075822668248107533589e-03
4.4140495769644187995860849376410732e-04	2.6615272698296778906290713006820760e+00	1.2169654795068554265578193345513570e-04	9.5526403215463374707742468020568003e-03
4.1177582961333396330619007907131048e-04	2.7004008287124355733152987953393935e+00	1.3045672688855384012206585751963429e-04	9.8903764091310650749353728132053925e-03
3.8276147841143166855920179807786297e-04	2.7406842500552284024188989042636267e+00	1.4035010723506020472192726720747600e-04	1.0258421117719549482934754307859124e-02
3.5439330301927952293141556740299455e-04	2.7825071582687921115523045718950799e+00	1.5159024687589796584082506698750638e-04	1.0661135874080711323559048794653591e-02
3.2670439520799929559464134060092359e-04	2.8260183191819638617692195769906470e+00	1.6444482367163208844590121358166095e-04	1.1103773417915364264125690092902361e-02
2.9972971564443577317128027113791468e-04	2.8713896600927617775863513083801752e+00	1.7925324778084761252020666896647039e-04	1.1592719684717811504575530867267011e-02
2.7350629880968132506737248849056804e-04	2.9188214128526318006505336842714270e+00	1.9645142335546112742947364351731743e-04	1.2135819435432111235484951057850768e-02
2.4807349343729416778557019293593634e-04	2.9685487810056796681473224533807695e+00	2.1660721020010860388212001335700905e-04	1.2742821677692452339930346213494845e-02
2.2347324715764584134302335742368274e-04	3.0208507104046706104481064201291588e+00	2.4047226519472874547416979876524142e-04	1.3425999875081633549379189980850090e-02
1.9975044685963445372136653724120593e-04	3.0760616183170857760853779136020918e+00	2.6905960089620109657381494136778208e-04	1.4201032922610776712508516869986595e-02
1.7695333028424417010556403805679337e-04	3.1345873729274205191390375486141439e+00	3.0376269112122616658418364485241135e-04	1.5088285028149505670176170387531056e-02
1.5513399016248397178039001431104369e-04	3.1969275282833230580007414399103358e+00	3.4654391306905025400796459382052687e-04	1.6114713432245431161060452897436996e-02
1.3434900081771089231752067481027075e-04	3.2637070231897556605487306795954464e+00	4.0024310102248827647712228179806401e-04	1.7316797049006377440897976290678453e-02
1.1466021029707348370395121193847957e-04	3.3357226626795950137838300184320520e+00	4.6910337958503648116536558973069425e-04	1.8745189161192040585565558623044593e-02
9.6135761838361622719615774059971434e-05	3.4140135690135519613111785931558900e+00	5.5971060129960098201188091988880185e-04	2.0472413584891065776914734907570819e-02
7.8851442486100897515903726866704122e-05	3.4999722629816750208541670258933910e+00	6.8276955929220512962976096934526601e-04	2.2606224899330423992265859303323756e-02
6.2892515025073369561401109459715525e-05	3.5955284145881805016153875833370944e+00	8.5670363054634415459821214508794174e-04	2.5314207636794141133054430609921070e-02
4.8356295183234171312584194239704512e-05	3.7034714810566921601463752381077865e+00	1.1156145716382477126752496652095840e-03	2.8872524837454516452017167884726508e-02
3.5355941204166343179245764805951318e-05	3.8280621497897254240832629729615534e+00	1.5289985227449784839801557942506900e-03	3.3772128747193562830237875545183023e-02
2.4026355749827787537613311674353685e-05	3.9763151215426741940867015411045629e+00	2.2587672046473806807583953206786499e-03	4.0981666878716097711825644608696565e-02
1.4534114808797442607275257102622495e-05	4.1611052059205055123220365134741795e+00	3.7664644038118551303320574243505099e-03	5.2729234427635682888856047263853644e-02
7.0959851418556124211377801612029505e-06	4.4105532792673726702837078550485794e+00	7.9231146271672682461824552308739496e-03	7.5623624698327069588353188137544188e-02
2.0069545339867212048928111207565503e-06	4.8107684389846628436841960971128225e+00	3.7328770414427216832316181303396196e-02	1.4450434154292954789458264868805005e-01
0.0000000000000000000000000000000000e+00	0.0000000000000000000000000000000000e+00	1.9870516295350349588734106513077799e-05	3.5925567600877125610059033442644257e-03