1.4761001811436352145071652660798456e-06	-4.8718825072310840675359278817659659e+00	3.6512966441080277275742311234268637e-02	1.4287107825697744712744465928460887e-01
5.2312450702669351583071936799199671e-06	-4.4763528399499599496750820624636941e+00	7.7288540760555498726220281251389743e-03	7.4684903072058072407670901711447482e-02
1.0735403431556539534131804195133893e-05	-4.2301051257018925694757632519333446e+00	3.6668252504321171696486020681138204e-03	5.2024918632383104071927685857329084e-02
1.7776150349237936252691651963049129e-05	-4.0478527475370091531909705866343872e+00	2.1953174285886571977662384368996261e-03	4.0400879130485192381872115030149860e-02
2.6197128010214694713645536572135805e-05	-3.9017514775194048629729051243667495e+00	1.4838362214371654101924651434537145e-03	3.3268983854627299608484801482299035e-02
3.5878110412490795273925167850317567e-05	-3.7790563061347262204108596021920894e+00	1.0811962656923883498705484138763102e-03	2.8423241518295866507031299117986672e-02
4.6721682843548110277152888519501653e-05	-3.6728247728500370004430136200654262e+00	8.2923161529168989747110126733208401e-04	2.4904735534629908345931641868200949e-02
5.8646094688924510140626816051227920e-05	-3.5788409034845287425474635060479886e+00	6.6009731735187878119036641872117580e-04	2.2227511143785890961631967310525779e-02
7.1581009752388959091489942160993755e-05	-3.4943450146720995895667260023947147e+00	5.4052137889273752988865238501754056e-04	2.0118252910680864572797911051345488e-02
8.5464777026373846832369540792244614e-05	-3.4174283528332621924093259664700244e+00	4.5253847492427642684028881251801039e-04	1.8411125756577765175812753944097098e-02
1.0024257432166283918928580142206029e-04	-3.3467137060069434236803764609820915e+00	3.8571526808701387522571079813074288e-04	1.6999513192953291058422057723720490e-02
1.1586508855008508744909611884570925e-04	-3.2811735258300472880522286550493049e+00	3.3363598415293377300637689252273065e-04	1.5811665889540240908465460685384231e-02
1.3228754407938303158761389461187887e-04	-3.2200199907680916183945081811424974e+00	2.9216894880964284639021983775438461e-04	1.4797477157864089104849120806100975e-02
1.4946896671801461140289865857332492e-04	-3.1626352885134738716575641293563433e+00	2.5855011015540990315293274081090639e-04	1.3920865618968938591783097317008504e-02
1.6737161289510864828862300031205268e-04	-3.1085256230996956552023368105702944e+00	2.3087024325396870972883203267145939e-04	1.3155170553658583200769589558716294e-02
1.8596051808477831955367987564660890e-04	-3.0572898522714897197462856486351480e+00	2.0777415122485997721439081707963121e-04	1.2480253741438211843889063214541078e-02
2.0520313345856762685364014688169019e-04	-3.0085974904645089455596524254227185e+00	1.8827702021394291124998682165322179e-04	1.1880611745814070583995259036068324e-02
2.2506902921527036441063837927344427e-04	-2.9621729017080800027772908891465742e+00	1.7164838288107847422581536790776719e-04	1.1344109552289354096487437158668368e-02
2.4552964923605572153462557841578418e-04	-2.9177836980638905003075311418078142e+00	1.5733658152956256752394645436308679e-04	1.0861108964179385343575491072748112e-02
2.6655810588861642246240542688885006e-04	-2.8752320651011474501088051749401266e+00	1.4491829302313142865734887193775651e-04	1.0423855035543527688770204036401974e-02
2.8812900668739692048416665958969194e-04	-2.8343481683283218540787212151665540e+00	1.3406401166711669356707936805137793e-04	1.0026035451440774395303906571000762e-02
3.1021830655164880749889760263730572e-04	-2.7949850672533356742956833843852823e+00	1.2451395375509433588502418227943940e-04	9.6624584306163460099714238547708118e-03
3.3280318086686913856071833399153805e-04	-2.7570147402944305567893092505406848e+00	1.1606092374890733079364332875778313e-04	9.3288134825145851765128215762658979e-03
3.5586191562661035240863431725132489e-04	-2.7203249407125766433798358110092433e+00	1.0853792617807675583995074262480464e-04	9.0214911284129862935941359415309273e-03
3.7937381172815174612291287993325274e-04	-2.6848166828264178901896790727731094e+00	1.0180907256334534877482866057372927e-04	8.7374452682241918519093199042622938e-03
4.0331910109600988248300275944649180e-04	-2.6504022122683278523006746916545884e+00	9.5762814546644916022093909809269548e-05	8.4740868466799988430867690856310956e-03
4.2767887276578869579160032334506170e-04	-2.6170033522353785832245540260011303e+00	9.0306844406161805479742581776203599e-05	8.2292008011908216898674162605523849e-03
4.5243500741509292098160277559984981e-04	-2.5845501448764426345352639947726589e+00	8.5364207472725565432062475462071995e-05	8.0008805414210388352037125234154453e-03
4.7757011910481268267570402226199618e-04	-2.5529797265851299099749015737114293e+00	8.0870306732335572566205394904113263e-05	7.7874757806466853215875008310372330e-03
5.0306750321218074840748768975646793e-04	-2.5222353903253961509303148757850225e+00	7.6770572044472805129994651520995353e-05	7.5875506420987868389134666322904562e-03
5.2891108971054242814111396237043425e-04	-2.4922657987451609435620168711561171e+00	7.3018629891690289257183961615471854e-05	7.3998497492065642441672471674398022e-03
5.5508540109002782897929139772107236e-04	-2.4630243197895488809945886707194330e+00	6.9574853929169322953258787729964948e-05	7.2232705753692979605625111218111063e-03
5.8157551432592666612884100877979057e-04	-2.4344684625431145096992510365752996e+00	6.6405207991881703503052212599735349e-05	7.0568407424467961603302332942068457e-03
6.0836702639329688024037096303346374e-04	-2.4065593956259185077318493446249248e+00	6.3480315699311914437153786024031927e-05	6.8996992622540723952801153295875195e-03
6.3544602290156938612573908246317275e-04	-2.3792615340093461647240629316528419e+00	6.0774707081866082881248606461718930e-05	6.7510809427174378958434581886891476e-03
6.6279904948500279837643383161712557e-04	-2.3525421828690495442931944751252333e+00	5.8266204571932564755117273013601837e-05	6.6103033514115381010516313367867052e-03
6.9041308563639450232392120870593638e-04	-2.3263712292472722051798846119245532e+00	5.5935419512213645754938281054473113e-05	6.4767558590437989799420190166750817e-03
7.1827552071449661604664963181312426e-04	-2.3007208739969574154859571636392191e+00	5.3765336905687084825831726363519388e-05	6.3498903848405858851733081654225961e-03
7.4637413189171165331469326005450320e-04	-2.2755653978307656173270069549985105e+00	5.1740971076499000594444551626606356e-05	6.2292135424628140278934934083984548e-03
7.7469706383911507938041843952550529e-04	-2.2508809563783038543649200599628329e+00	4.9849078662420243870238752700675433e-05	6.1142799446684557980689987481810325e-03
8.0323280997167604717675322304604316e-04	-2.2266454000240525629840864594720136e+00	4.8077918227335129236583738791358864e-05	6.0046864715766569532481229857651398e-03
8.3197019509852972755681459280267564e-04	-2.2028381150019847248796160029127067e+00	4.6417047990676606584719467426978469e-05	5.9000673441304451650011688105405758e-03
8.6089835934194518645460743511270533e-04	-2.1794398827954547429091802580951942e+00	4.4857154883158930871011400380404494e-05	5.8000898734835453922326065605545468e-03
8.9000674320475928102525003268519720e-04	-2.1564327553594147786645204928263846e+00	4.3389909474705045329945604468038147e-05	5.7044507802669206490930122594653737e-03
9.1928507367993978065323173358047629e-04	-2.1337999440672427761383702813888279e+00	4.2007842370134083238676887776337743e-05	5.6128729963215885643709982853124141e-03
9.4872335130795251168435918536978169e-04	-2.1115257206027441986433381126720449e+00	4.0704238497426649682363185376329415e-05	5.5251028765070057031500546463838450e-03
9.7831183809802822248694701879065135e-04	-2.0895953282820475226774787124872041e+00	3.9473046372203142526540512588129812e-05	5.4409077603697315892559308447003429e-03
1.0080410462384953874703938642477332e-03	-2.0679949025103032785934000659289217e+00	3.8308799948277935993161249616684309e-05	5.3600738333730623260913111878900778e-03
1.0379017275292650327392204182810060e-03	-2.0467113992623946301173193399522766e+00	3.7206551086631770812031157801423012e-05	5.2824042455018152047092473582475628e-03
1.0678848634764895436847209861132041e-03	-2.0257325306317335846417136471472805e+00	3.6161811015993922227838343814370283e-05	5.2077174517246801681888153414897405e-03
1.0979816559955089565794946298301005e-03	-2.0050467066218426191850595032687207e+00	3.5170499434506681822530915576095723e-05	5.1358457443003315638638181225574802e-03
1.1281835186735629007829131529551312e-03	-1.9846429824659993996984755446368610e+00	3.4228900126894154547138259904638620e-05	5.0666339514746952658796411283143858e-03
1.1584820685484833011940469359750941e-03	-1.9645110108541535615722072729835409e+00	3.3333622155500308138535482239331692e-05	4.9999382809115972242917517610503603e-03
1.1888691183637761712275455010425766e-03	-1.9446409985263804206317649860086787e+00	3.2481565834593289615123685586959357e-05	4.9356252893680852928986492319300469e-03
1.2193366692642217241481784072523083e-03	-1.9250236667605843613641943761474099e+00	3.1669892821833665990385513763317320e-05	4.8735709627817327279569353426855329e-03
1.2498769038994314910348490938337567e-03	-1.9056502153408670754219980544110968e+00	3.0895999763824569868355484912942604e-05	4.8136598931709575687077388769266524e-03
1.2804821799057512391292247276519365e-03	-1.8865122896434687495225459614071199e+00	3.0157495018219539846031470768029932e-05	4.7557845406342166318841965404033643e-03
1.3111450237395339194949569743846018e-03	-1.8676019505207450311189643622347017e+00	2.9452178046169167620419469496945066e-05	4.6998445703294431678870337931060308e-03
1.3418581248371660859404782610654996e-03	-1.8489116467013151430579847288968657e+00	2.8778021128516073567439921358529666e-05	4.6457462556698642843955115483405957e-03
1.3726143300793473918464727541406777e-03	-1.8304341894571870658688088821804395e+00	2.8133153109174224217785881107128756e-05	4.5934019401260994624716466016236681e-03
1.4034066385390245873322927817764877e-03	-1.8121627293170703319150959772320300e+00	2.7515844911231486171115123927202968e-05	4.5427295510098405548105207949241508e-03
1.4342281964940937986209588248465434e-03	-1.7940907346298431976412574310413590e+00	2.6924496606856208997981237701492153e-05	4.4936521594583413487834487918305401e-03
1.4650722926875294187783454714268519e-03	-1.7762119718037684323117309934486452e+00	2.6357625852179934077422544989821806e-05	4.4460975815636401228498331169934026e-03
1.4959323538189935392417198161946910e-03	-1.7585204870659892833300519250877835e+00	2.5813857523877089974884983564516809e-05	4.3999980162143511390328465715032348e-03
1.5268019402532429855192327480934392e-03	-1.7410105896034556006018708754715023e+00	2.5291914415913888161949304741771638e-05	4.3552897157563449070733341240902164e-03
1.5576747419317961183134887919317957e-03	-1.7236768359610447426520708804539788e+00	2.4790608873506039403109675767556841e-05	4.3119126860445096563527855079741388e-03
1.5885445744753612851989073999075959e-03	-1.7065140155855209345083551199625292e+00	2.4308835257215051369708473516077479e-05	4.2698104128617790390776052716885825e-03
1.6194053754654742918394841691398879e-03	-1.6895171374153490448206917372939817e+00	2.3845563143745522999979609878339266e-05	4.2289296120327341438124391998924357e-03
1.6502512008946533157382256091544027e-03	-1.6726814174264400582077372067537551e+00	2.3399831181729849561866735379308636e-05	4.1892200008649280281928957748488153e-03
1.6810762217751649704374770319947191e-03	-1.6560022670528237078470449949985987e+00	2.2970741530892805523120459211787330e-05	4.1506340888180430859230566567083532e-03
1.7118747208972124045820275961272504e-03	-1.6394752824091630948702823781450656e+00	2.2557454821719538937016854764744014e-05	4.1131269855344969914964407311720350e-03
1.7426410897280121768556839681992393e-03	-1.6230962342490709654299998411503844e+00	2.2159185580310195614789821129361899e-05	4.0766562245697621315106612692305464e-03
1.7733698254438272110311215279382824e-03	-1.6068610585994649770061055876819410e+00	2.1775198069663770600448546151055054e-05	4.0411816013403696921770804266410933e-03
1.8040555280875737646003546898168652e-03	-1.5907658480168026380274691928701987e+00	2.1404802504336973435908988319181100e-05	4.0066650239656697549630590119426044e-03
1.8346928978451258138139528771635842e-03	-1.5748068434160461823151697875871013e+00	2.1047351600392597907422146995542183e-05	3.9730703758187646566249808374270117e-03
1.8652767324339048272517759523515465e-03	-1.5589804264276934153256430875102187e+00	2.0702237426889136142345416005111421e-05	3.9403633887250672379849768241473762e-03
1.8958019245977703762278942000834915e-03	-1.5432831122422334607366870902678317e+00	2.0368888528956596327352894503421163e-05	3.9085115258557553560490237781322117e-03
1.9262634597026208209272942206653181e-03	-1.5277115429049994803378007885153561e+00	2.0046767295827026983531792136870682e-05	3.8774838734598030344841178444112049e-03
1.9566564134274764708066623016188222e-03	-1.5122624810276402735429026068699663e+00	1.9735367550105496644186892511033966e-05	3.8472510406638218483572169402640000e-03
1.9869759495461528887615482345172343e-03	-1.4969328038853598393593113074898427e+00	1.9434212337132365196468456549213961e-05	3.8177850666449866835788880954970673e-03
2.0172173177949418562931937584504640e-03	-1.4817194978717141586317972047461729e+00	1.9142851895546956880532721512994725e-05	3.7890593345500102471217129068779943e-03
2.0473758518220041609992428881749713e-03	-1.4666196532851389528358499739649085e+00	1.8860861792155958985054795952532558e-05	3.7610484915934784949191223999033952e-03
2.0774469672144438091603985118933610e-03	-1.4516304594235385644536494430948039e+00	1.8587841205971193307788187821189833e-05	3.7337283748227400054904981429688678e-03
2.1074261595992793113111327387840704e-03	-1.4367491999652186822817890044629196e+00	1.8323411347840264759454120240070014e-05	3.7070759420847181760542866445121478e-03
2.1373090028147559701372431186161618e-03	-1.4219732486162158560487561972117486e+00	1.8067214003475371606733980292113567e-05	3.6810692077731501784376094607809872e-03
2.1670911471486550954139822938703616e-03	-1.4073000650056835783396332166296739e+00	1.7818910188912210887285651322615806e-05	3.6556871829734309343259221045246388e-03
2.1967683176404531188435648717619370e-03	-1.3927271908124549575284051880068068e+00	1.7578178908521435192602965038067885e-05	3.6309098196569613425626073732258644e-03
2.2263363124443668971836811959003488e-03	-1.3782522461072305626516408058170041e+00	1.7344716006665999827765508566299130e-05	3.6067179586081121696419381278303283e-03
2.2557910012504921781654193796626188e-03	-1.3638729258960501233073188764854312e+00	1.7118233104963308917029823053811571e-05	3.5830932807950085190115227913932190e-03
2.2851283237614012635034171261541995e-03	-1.3495869968518101849275503625634260e+00	1.6898456617883795866675543245293299e-05	3.5600182619206575095354765827173361e-03
2.3143442882217142499561732216248242e-03	-1.3353922942215970353607098782185158e+00	1.6685126840108330442565917122767362e-05	3.5374761299137855428275103791181951e-03
2.3434349699982966950564583942705324e-03	-1.3212867188985245821036248693252229e+00	1.6477997099685126370475272657216571e-05	3.5154508251393873981861980410946563e-03
2.3723965102088658979506182398117667e-03	-1.3072682346476087200966972694625266e+00	1.6276832971580934293958068317146705e-05	3.4939269631276522621599220786053589e-03
2.4012251143969089010294009058966402e-03	-1.2933348654759805534993928622779379e+00	1.6081411546718519595262544618169326e-05	3.4728897996368293476784279207019976e-03
2.4299170512509284384486340524547015e-03	-1.2794846931384473053691494439323058e+00	1.5891520752039124732655877848205964e-05	3.4523251978809118366035326100995302e-03
2.4584686513661389631369013816000791e-03	-1.2657158547700578582379224279867493e+00	1.5706958717530408104797912826967919e-05	3.4322195977669154739721307791327541e-03
2.4868763060468341056338099009203123e-03	-1.2520265406379249934723043709161649e+00	1.5527533186522168902698284588233376e-05	3.4125599869991519292094250748128622e-03
2.5151364661477399430742426795118792e-03	-1.2384149920051033696131960720079532e+00	1.5353060965878356037226697979529591e-05	3.3933338739193756114169821932176793e-03
2.5432456409527557317133141773215313e-03	-1.2248794990998254459194750460983716e+00	1.5183367413008253359859973715579680e-05	3.3745292619621304228724492031663641e-03
2.5712003970895656920348564910078643e-03	-1.2114183991838608312314059408763943e+00	1.5018285956885720377818304036311632e-05	3.3561346256141419292973599093613326e-03
2.5989973574786824090479651753806784e-03	-1.1980300747141914488631659328990163e+00	1.4857657650505943904039436386088659e-05	3.3381388877752815898689812437807153e-03
2.6266332003155547690545025182726988e-03	-1.1847129515925886404235639142828917e+00	1.4701330752426975550725448832785911e-05	3.3205313984265542803303237022734803e-03
2.6541046580844414177077491934359739e-03	-1.1714654974980417627564214493651929e+00	1.4549160335240746301965024192958866e-05	3.3033019145178010204552720291258638e-03
2.6814085166028147872786928613662979e-03	-1.1582862202973235650629660985249169e+00	1.4401007918997352429246781140462539e-05	3.2864405809944306328052004632937448e-03
2.7085416140951210755439946191435342e-03	-1.1451736665292880238357547562816717e+00	1.4256741127769054601321564308094737e-05	3.2699379128885553144280181873978712e-03
2.7355008402947784155676591554676792e-03	-1.1321264199587834966964302597880021e+00	1.4116233367688277762276336973218881e-05	3.2537847784054581065630590972561951e-03
2.7622831355733490867300358019973414e-03	-1.1191431001963299694668182260178352e+00	1.3979363524928416668183019884682475e-05	3.2379723829414119836959444999527252e-03
2.7888854900958721970490133826277188e-03	-1.1062223613799555724699836958888262e+00	1.3846015682218755336218348982159151e-05	3.2224922539735429976931169855121921e-03
2.8153049430013910135158303149336954e-03	-1.0933628909158160304808664655075981e+00	1.3716078852596471981533470755408811e-05	3.2073362267667216286955979909172286e-03
2.8415385816077542145313504198443462e-03	-1.0805634082744327398713626028321522e+00	1.3589446729200573836531837876974947e-05	3.1924964308464114701714146971174380e-03
2.8675835406398129568105616323531207e-03	-1.0678226638395820601218525871825429e+00	1.3466017450005627915523080875626465e-05	3.1779652771900335074504665110535294e-03
2.8934370014801759461894915181772276e-03	-1.0551394378070513713675829611107528e+00	1.3345693376478165918629294973912863e-05	3.1637354460927454288804116605226499e-03
2.9190961914417228241206273708237104e-03	-1.0425125391306475853192760607620366e+00	1.3228380885216398885574793554832078e-05	3.1497998756666138396629452439992771e-03
2.9445583830611122653282555925814299e-03	-1.0299408045130021081646171942593949e+00	1.3113990171705057580693006331288205e-05	3.1361517509349957257013252259048047e-03
2.9698208934125553535405086600077714e-03	-1.0174230974388636585802409217129223e+00	1.3002435065382386919013866123879993e-05	3.1227844934865646747315900425695190e-03
2.9948810834411571789843444066625882e-03	-1.0049583072487076808414171158168117e+00	1.2893632855276114860493336745358048e-05	3.1096917516558359033752393224675908e-03
3.0197363573151602928174936777518565e-03	-9.9254534825061913005379146504023582e-01	1.2787504125520081379833350921086774e-05	3.0968673911992790196901890912143847e-03
3.0443841617964527617354632792010495e-03	-9.8018315886852484696217596311896414e-01	1.2683972600113595931997769585519398e-05	3.0843054864381740642938352484409020e-03
3.0688219856287311855326056841014913e-03	-9.6787070082496322813852499993619749e-01	1.2582964996331893321498958254291469e-05	3.0720003118412787034330383480154562e-03
3.0930473589427352598876745674874576e-03	-9.5560695835668302479592873733274615e-01	1.2484410886238640153745904970485959e-05	3.0599463340221452096068096351645719e-03
3.1170578526779953686184779994327341e-03	-9.4339093746146041267780842817870039e-01	1.2388242565790634341928385262889336e-05	3.0481382041275666302542733655438783e-03
3.1408510780205583511435141675741292e-03	-9.3122166517461446491973967105388334e-01	1.2294394931060934457654841516074715e-05	3.0365707505951528505246259610785510e-03
3.1644246858561790838496676338390491e-03	-9.1909818887378628771866966921559373e-01	1.2202805361139922008936666826021586e-05	3.0252389722594487072059610883018604e-03
3.1877763662384869057306529506705188e-03	-9.0701957561062676661761855265462862e-01	1.2113413607304480793257795094244879e-05	3.0141380317873166689793018801257871e-03
3.2109038478716562718997249763952254e-03	-8.9498491146811250728353084187038642e-01	1.2026161688073793469673354771413190e-05	3.0032632494245238615189225499867755e-03
3.2338048976071303922102516192437441e-03	-8.8299330094227949630097094592138567e-01	1.1940993789796406232510090553345522e-05	2.9926100970366046916148496251773937e-03
3.2564773199539650612978793607510593e-03	-8.7104386634722958425535924203494907e-01	1.1857856172437379435388483059209298e-05	2.9821741924281226930049190132019603e-03
3.2789189566023774624562947480783214e-03	-8.5913574724232640920512720925954251e-01	1.1776697080256690179119432813011478e-05	2.9719512939254345902539433510935237e-03
3.3011276859601014791997016559842812e-03	-8.4726809988055511411537807117750695e-01	1.1697466657090732317403210243697932e-05	2.9619372952089715522002734184548841e-03
3.3231014227011670204584859824195796e-03	-8.3544009667707442609041933489300092e-01	1.1620116865967906682223389472748339e-05	2.9521282203819023109020699972295059e-03
3.3448381173267361006046084029546308e-03	-8.2365092569704059780193417063279831e-01	1.1544601412807034072048099621739426e-05	2.9425202192628349572032957560380760e-03
3.3663357557376429538038648010277177e-03	-8.1189979016183058385175651117513336e-01	1.1470875673963769183825540189936447e-05	2.9331095628909531037899982624500188e-03
3.3875923588182993410058597583021394e-03	-8.0018590797283684188669347440686603e-01	1.1398896627405448770042438753884619e-05	2.9238926392326716916188398891858997e-03
3.4086059820316394624065489967721519e-03	-7.8850851125204849986471446176683008e-01	1.1328622787308966431089165681476923e-05	2.9148659490795416448151491571414191e-03
3.4293747150247915515377448164251656e-03	-7.7686684589867349276696014071069397e-01	1.1260014141889416020967420470881532e-05	2.9060261021277341980874964028674384e-03
3.4498966812451753303682635926775072e-03	-7.6526017116109380723226258201319219e-01	1.1193032094279464663596560446339502e-05	2.8973698132299981071634709045171038e-03
3.4701700375667360772191115623151376e-03	-7.5368775922348133222159730879779657e-01	1.1127639406290777145771246871380105e-05	2.8888938988115089399751921518492881e-03
3.4901929739260371284602225551354546e-03	-7.4214889480643513818306755575896046e-01	1.1063800144899382170362984520589201e-05	2.8805952734415218441266861815224006e-03
3.5099637129679432268249683098598947e-03	-7.3064287478103242654492472648773558e-01	1.1001479631306708274861147600707803e-05	2.8724709465532000000441050067751215e-03
3.5294805097006372682081360951299760e-03	-7.1916900779571502673522309416070270e-01	1.0940644392437178758003930112737488e-05	2.8645180193044226176578415378409121e-03
3.5487416511597227080587174676577197e-03	-7.0772661391546128180734407911788610e-01	1.0881262114741791732635935531280417e-05	2.8567336815727808648052133411895191e-03
3.5677454560811731896846225556258694e-03	-6.9631502427271956076658662048022735e-01	1.0823301600185070275950001563000786e-05	2.8491152090783494182226684718940107e-03
3.5864902745828998704687259893237449e-03	-6.8493358072960456320134248205293172e-01	1.0766732724300191607053131810294027e-05	2.8416599606281771496494195398679101e-03
3.6049744878547154675213332239946016e-03	-6.7358163555088113046238318574271144e-01	1.0711526396204032837530064907033517e-05	2.8343653754767744148834087890036560e-03
3.6231965078564822399531413172161819e-03	-6.6225855108728253183276419967737837e-01	1.0657654520470340490938634367879434e-05	2.8272289707971879961929576979361078e-03
3.6411547770242389880255535851413773e-03	-6.5096369946873123256838371365272341e-01	1.0605089960765275150888406718137600e-05	2.8202483392575493406221909784605316e-03
3.6588477679841096962557721661612763e-03	-6.3969646230705004672382807678290386e-01	1.0553806505155232104253268275161784e-05	2.8134211466982586185179700218783067e-03
3.6762739832738036935684967738232343e-03	-6.2845623040777039973945642333449919e-01	1.0503778833002122103111570709330665e-05	2.8067451299052274841056050490051806e-03
3.6934319550715241634070675277955941e-03	-6.1724240349066223771533922023414859e-01	1.0454982483366239566096332984992087e-05	2.8002180944748483526852255328026579e-03
3.7103202449321085241749201599705602e-03	-6.0605438991862698176132520462445012e-01	1.0407393824841472836806859027857145e-05	2.7938379127665885368887364018547558e-03
3.7269374435302306285688749573381665e-03	-5.9489160643461089248569386531565156e-01	1.0360990026751944813643326349522258e-05	2.7876025219393246539277355745739194e-03
3.7432821704105009116942238229822712e-03	-5.8375347790621133361475758193736985e-01	1.0315749031643232956594467807744455e-05	2.7815099220677372057405931886720212e-03
3.7593530737443065640739972757246001e-03	-5.7263943707766275358109785349838387e-01	1.0271649529005124392731572629669782e-05	2.7755581743352779609048037096371872e-03
3.7751488300932395279271232695223236e-03	-5.6154892432890278518869361472720470e-01	1.0228670930166432178447174815338638e-05	2.7697453993004044900608309468864771e-03
3.7906681441789656239643413206509728e-03	-5.5048138744143173874121095983633927e-01	1.0186793344305749009464774408452235e-05	2.7640697752329476312085639254165269e-03
3.8059097486593934214684659889249349e-03	-5.3943628137069097316395581623357828e-01	1.0145997555525159864585079093843016e-05	2.7585295365176394443264296520122731e-03
3.8208724039110065761102141125426034e-03	-5.2841306802469720998453389450257718e-01	1.0106265000936889177563539373822894e-05	2.7531229721219819677156286785303450e-03
3.8355548978172282868468704503187339e-03	-5.1741121604868084152594410714503554e-01	1.0067577749715634080516872755953884e-05	2.7478484241257813807477839858305117e-03
3.8499560455626912739521645466681989e-03	-5.0643020061548671007353600141378934e-01	1.0029918483071945036062488698817225e-05	2.7427042863098085399673004338152595e-03
3.8640746894332912629005762710720929e-03	-4.9546950322150572981918472041967680e-01	9.9932704751044698900305540899454724e-06	2.7376890028011757825482121092153072e-03
3.8779096986219063812461357412238682e-03	-4.8452861148791511686585358867188412e-01	9.9576175744911873482091214411552973e-06	2.7328010667731418444717706542021472e-03
3.8914599690396691451853665916986708e-03	-4.7360701896701391151353617609385336e-01	9.9229441869819306880582890910085976e-06	2.7280390191971721512308627395329450e-03
3.9047244231326818362110626185465208e-03	-4.6270422495344894679850166126146222e-01	9.8892352586565510586009046915972654e-06	2.7234014476451910086042637687361815e-03
3.9177020097040700528470060478751934e-03	-4.5181973430013446162180303182042705e-01	9.8564762599150002703716046232195110e-06	2.7188869851400657258486333926101400e-03
3.9303917037412730742856290276573331e-03	-4.4095305723867619812693876958246740e-01	9.8246531701674332249113087956811922e-06	2.7144943090524607947641096569073124e-03
3.9427925062484733979141070093623607e-03	-4.3010370920411808225851858270385246e-01	9.7937524631941472375813678690931246e-06	2.7102221400422932539683850980262794e-03
3.9549034440840714170103711635842516e-03	-4.1927121066383648337099311868152613e-01	9.7637610931467961321067639251503935e-06	2.7060692410431085956981208371407103e-03
3.9667235698031146938535399951730942e-03	-4.0845508695041360188674207486778400e-01	9.7346664811638473372240558189441327e-06	2.7020344162877803102534877258820827e-03
3.9782519615045946624062467765340840e-03	-3.9765486809832776074007289746964893e-01	9.7064565025746960798013013406667209e-06	2.6981165103740156802876411403654116e-03
3.9894877226835268686346697352190279e-03	-3.8687008868430429305848948370814292e-01	9.6791194746682175388674537336053543e-06	2.6943144073682259860512919469858178e-03
4.0004299820877340302567765228713769e-03	-3.7610028767117634061734682418521550e-01	9.6526441450028305336881448852408232e-06	2.6906270299463911002162503548937787e-03
4.0110778935792542758594579961523446e-03	-3.6534500825511021953374242850473469e-01	9.6270196802363696642425156166285579e-06	2.6870533385706167591577574847527867e-03
4.0214306360002999103097271955937324e-03	-3.5460379771605508505437200309121557e-01	9.6022356554552211921610239121605645e-06	2.6835923307001478050869711640523444e-03
4.0314874130436949534237408343184833e-03	-3.4387620727128144894595953217621824e-01	9.5782820439832754452446018040611201e-06	2.6802430400356625960298737647248052e-03
4.0412474531277225159911259426024235e-03	-3.3316179193187768296224167886606336e-01	9.5551492076522889839248442733403424e-06	2.6770045357957327623881617889120193e-03
4.0507100092753158153532267517593250e-03	-3.2246011036207799147096989761699496e-01	9.5328278875162367716672088042679236e-06	2.6738759220243887227512879030185084e-03
4.0598743589975292955152309902666855e-03	-3.1177072474129946623914842588847188e-01	9.5113091949931715029547316946944320e-06	2.6708563369287850205928089788903983e-03
4.0687398041812289077958745259302983e-03	-3.0109320062876975662390678837022163e-01	9.4905846034189972096849044795219230e-06	2.6679449522460107607942288435238322e-03
4.0773056709809431307044895191786624e-03	-2.9042710683063060843391536913269392e-01	9.4706459399984102404760633632240844e-06	2.6651409726381393550449229567602037e-03
4.0855713097148187653691584693333396e-03	-2.7977201526940605338497456492004749e-01	9.4514853781390654559889453357424750e-06	2.6624436351146585642588252921872270e-03
4.0935360947646279385804580008044468e-03	-2.6912750085572737671708487757487872e-01	9.4330954301557916061472928444397494e-06	2.6598522084814665827270436905272171e-03
4.1011994244797750824018337291143823e-03	-2.5849314136221016101323512474852711e-01	9.4154689403324097942750597603372879e-06	2.6573659928156627641261032729492884e-03
4.1085607210852549402562408213959730e-03	-2.4786851729938170693483943030324019e-01	9.3985990783294049851406230176446592e-06	2.6549843189654026583875603617502937e-03
4.1156194305935148772490341848033971e-03	-2.3725321179355997339169110878786556e-01	9.3824793329263648400146352240365572e-06	2.6527065480741264192564489735594633e-03
4.1223750227201769499485558973273383e-03	-2.2664681046658786709991621947881371e-01	9.3671035060887347980108959894232450e-06	2.6505320711285074577887968561917044e-03
4.1288269908035773205432650697945843e-03	-2.1604890131732925065441392714824586e-01	9.3524657073490451887852643967102515e-06	2.6484603085295045543433480303569971e-03
4.1349748517280826847634156575839849e-03	-2.0545907460483543487843363260639732e-01	9.3385603484933470688716885671837522e-06	2.6464907096859355930810510023672252e-03
4.1408181458511454246483403011579485e-03	-1.9487692273309318067841213980712192e-01	9.3253821385441501343400980079171503e-06	2.6446227526300247362103491957042848e-03
4.1463564369340611985308247361125017e-03	-1.8430204013726736295148163065115788e-01	9.3129260790316900952775241166608103e-06	2.6428559436544072934893569944546364e-03
4.1515893120763946437975195736206988e-03	-1.7373402317135344896571063700655598e-01	9.3011874595458658363085124606337898e-06	2.6411898169701078450787252270926191e-03
4.1565163816540407952992961580733246e-03	-1.6317246999715682044924903607959335e-01	9.2901618535616799861735281796226046e-06	2.6396239343850374182610589922850073e-03
4.1611372792608917158935983660739372e-03	-1.5261698047451772647912449691367195e-01	9.2798451145314915591823896146892280e-06	2.6381578850025847728751921546719413e-03
4.1654516616540796976073314974219305e-03	-1.4206715605270229696672227730847271e-01	9.2702333722378474254190025477923054e-06	2.6367912849399051854259121996121874e-03
4.1694592087027702243623710924080376e-03	-1.3152259966288157763875874629721381e-01	9.2613230294011017658120454101207069e-06	2.6355237770655376036323052789842020e-03
4.1731596233404796921025492103693371e-03	-1.2098291561162197019553481946563961e-01	9.2531107585364605661559720441926105e-06	2.6343550307560077348514211691331275e-03
4.1765526315208946614484158262119149e-03	-1.1044770947531177883052915825617921e-01	9.2455934990555027417474341740806635e-06	2.6332847416711005940264104823329335e-03
4.1796379821771711735865097065231793e-03	-9.9916587995449779317094409995532508e-02	9.2387684546076317541326080991368568e-06	2.6323126315475113279208689843159784e-03
4.1824154471846943938340614039320121e-03	-8.9389158974722841980147462397655732e-02	9.2326330906573026321315502162012991e-06	2.6314384480106078086640574751269188e-03
4.1848848213272805610305829241028860e-03	-7.8865031173800657423220743495097651e-02	9.2271851322932501493358970728587294e-06	2.6306619644040626053707191484051907e-03
4.1870459222668049163824144077551664e-03	-6.8343814208776536010257655757915146e-02	9.2224225622663155118949972757825098e-06	2.6299829796371355503938612582298052e-03
4.1888985905162409643811044271404756e-03	-5.7825118449184080736191310803065907e-02	9.2183436192528322131565301264602001e-06	2.6294013180494112676228714582555230e-03
4.1904426894160980826591044010720461e-03	-4.7308554916520269988622596291659237e-02	9.2149467963408876259159955138312449e-06	2.6289168292928187737445663822988510e-03
4.1916781051142461488388257852364443e-03	-3.6793735183206133337002366601530931e-02	9.2122308397371263130282690091717962e-06	2.6285293882307826478789290883472767e-03
4.1926047465491174922533588940425560e-03	-2.6280271271916761226734279209751427e-02	9.2101947476921048045670467845407648e-06	2.6282388948543773377203212439255221e-03
4.1932225454362781085292862322485281e-03	-1.5767775555212859457690293183766716e-02	9.2088377696425465565318248119645936e-06	2.6280452742153779775407212662615741e-03
4.1935314562583616970676084351138010e-03	-5.2558606554064425604679515853682324e-03	9.2081594055691807975487748739327567e-06	2.6279484763761226806154841517008647e-03
4.1935314562583616970676084351138010e-03	5.2558606554064425604679515853682324e-03	9.2081594055691807975487748739327567e-06	2.6279484763761226806154841517008647e-03
4.1932225454362781085292862322485281e-03	1.5767775555212859457690293183766716e-02	9.2088377696425465565318248119645936e-06	2.6280452742153779775407212662615741e-03
4.1926047465491174922533588940425560e-03	2.6280271271916761226734279209751427e-02	9.2101947476921048045670467845407648e-06	2.6282388948543773377203212439255221e-03
4.1916781051142461488388257852364443e-03	3.6793735183206133337002366601530931e-02	9.2122308397371263130282690091717962e-06	2.6285293882307826478789290883472767e-03
4.1904426894160980826591044010720461e-03	4.7308554916520269988622596291659237e-02	9.2149467963408876259159955138312449e-06	2.6289168292928187737445663822988510e-03
4.1888985905162409643811044271404756e-03	5.7825118449184080736191310803065907e-02	9.2183436192528322131565301264602001e-06	2.6294013180494112676228714582555230e-03
4.1870459222668049163824144077551664e-03	6.8343814208776536010257655757915146e-02	9.2224225622663155118949972757825098e-06	2.6299829796371355503938612582298052e-03
4.1848848213272805610305829241028860e-03	7.8865031173800657423220743495097651e-02	9.2271851322932501493358970728587294e-06	2.6306619644040626053707191484051907e-03
4.1824154471846943938340614039320121e-03	8.9389158974722841980147462397655732e-02	9.2326330906573026321315502162012991e-06	2.6314384480106078086640574751269188e-03
4.1796379821771711735865097065231793e-03	9.9916587995449779317094409995532508e-02	9.2387684546076317541326080991368568e-06	2.6323126315475113279208689843159784e-03
4.1765526315208946614484158262119149e-03	1.1044770947531177883052915825617921e-01	9.2455934990555027417474341740806635e-06	2.6332847416711005940264104823329335e-03
4.1731596233404796921025492103693371e-03	1.2098291561162197019553481946563961e-01	9.2531107585364605661559720441926105e-06	2.6343550307560077348514211691331275e-03
4.1694592087027702243623710924080376e-03	1.3152259966288157763875874629721381e-01	9.2613230294011017658120454101207069e-06	2.6355237770655376036323052789842020e-03
4.1654516616540796976073314974219305e-03	1.4206715605270229696672227730847271e-01	9.2702333722378474254190025477923054e-06	2.6367912849399051854259121996121874e-03
4.1611372792608917158935983660739372e-03	1.5261698047451772647912449691367195e-01	9.2798451145314915591823896146892280e-06	2.6381578850025847728751921546719413e-03
4.1565163816540407952992961580733246e-03	1.6317246999715682044924903607959335e-01	9.2901618535616799861735281796226046e-06	2.6396239343850374182610589922850073e-03
4.1515893120763946437975195736206988e-03	1.7373402317135344896571063700655598e-01	9.3011874595458658363085124606337898e-06	2.6411898169701078450787252270926191e-03
4.1463564369340611985308247361125017e-03	1.8430204013726736295148163065115788e-01	9.3129260790316900952775241166608103e-06	2.6428559436544072934893569944546364e-03
4.1408181458511454246483403011579485e-03	1.9487692273309318067841213980712192e-01	9.3253821385441501343400980079171503e-06	2.6446227526300247362103491957042848e-03
4.1349748517280826847634156575839849e-03	2.0545907460483543487843363260639732e-01	9.3385603484933470688716885671837522e-06	2.6464907096859355930810510023672252e-03
4.1288269908035773205432650697945843e-03	2.1604890131732925065441392714824586e-01	9.3524657073490451887852643967102515e-06	2.6484603085295045543433480303569971e-03
4.1223750227201769499485558973273383e-03	2.2664681046658786709991621947881371e-01	9.3671035060887347980108959894232450e-06	2.6505320711285074577887968561917044e-03
4.1156194305935148772490341848033971e-03	2.3725321179355997339169110878786556e-01	9.3824793329263648400146352240365572e-06	2.6527065480741264192564489735594633e-03
4.1085607210852549402562408213959730e-03	2.4786851729938170693483943030324019e-01	9.3985990783294049851406230176446592e-06	2.6549843189654026583875603617502937e-03
4.1011994244797750824018337291143823e-03	2.5849314136221016101323512474852711e-01	9.4154689403324097942750597603372879e-06	2.6573659928156627641261032729492884e-03
4.0935360947646279385804580008044468e-03	2.6912750085572737671708487757487872e-01	9.4330954301557916061472928444397494e-06	2.6598522084814665827270436905272171e-03
4.0855713097148187653691584693333396e-03	2.7977201526940605338497456492004749e-01	9.4514853781390654559889453357424750e-06	2.6624436351146585642588252921872270e-03
4.0773056709809431307044895191786624e-03	2.9042710683063060843391536913269392e-01	9.4706459399984102404760633632240844e-06	2.6651409726381393550449229567602037e-03
4.0687398041812289077958745259302983e-03	3.0109320062876975662390678837022163e-01	9.4905846034189972096849044795219230e-06	2.6679449522460107607942288435238322e-03
4.0598743589975292955152309902666855e-03	3.1177072474129946623914842588847188e-01	9.5113091949931715029547316946944320e-06	2.6708563369287850205928089788903983e-03
4.0507100092753158153532267517593250e-03	3.2246011036207799147096989761699496e-01	9.5328278875162367716672088042679236e-06	2.6738759220243887227512879030185084e-03
4.0412474531277225159911259426024235e-03	3.3316179193187768296224167886606336e-01	9.5551492076522889839248442733403424e-06	2.6770045357957327623881617889120193e-03
4.0314874130436949534237408343184833e-03	3.4387620727128144894595953217621824e-01	9.5782820439832754452446018040611201e-06	2.6802430400356625960298737647248052e-03
4.0214306360002999103097271955937324e-03	3.5460379771605508505437200309121557e-01	9.6022356554552211921610239121605645e-06	2.6835923307001478050869711640523444e-03
4.0110778935792542758594579961523446e-03	3.6534500825511021953374242850473469e-01	9.6270196802363696642425156166285579e-06	2.6870533385706167591577574847527867e-03
4.0004299820877340302567765228713769e-03	3.7610028767117634061734682418521550e-01	9.6526441450028305336881448852408232e-06	2.6906270299463911002162503548937787e-03
3.9894877226835268686346697352190279e-03	3.8687008868430429305848948370814292e-01	9.6791194746682175388674537336053543e-06	2.6943144073682259860512919469858178e-03
3.9782519615045946624062467765340840e-03	3.9765486809832776074007289746964893e-01	9.7064565025746960798013013406667209e-06	2.6981165103740156802876411403654116e-03
3.9667235698031146938535399951730942e-03	4.0845508695041360188674207486778400e-01	9.7346664811638473372240558189441327e-06	2.7020344162877803102534877258820827e-03
3.9549034440840714170103711635842516e-03	4.1927121066383648337099311868152613e-01	9.7637610931467961321067639251503935e-06	2.7060692410431085956981208371407103e-03
3.9427925062484733979141070093623607e-03	4.3010370920411808225851858270385246e-01	9.7937524631941472375813678690931246e-06	2.7102221400422932539683850980262794e-03
3.9303917037412730742856290276573331e-03	4.4095305723867619812693876958246740e-01	9.8246531701674332249113087956811922e-06	2.7144943090524607947641096569073124e-03
3.9177020097040700528470060478751934e-03	4.5181973430013446162180303182042705e-01	9.8564762599150002703716046232195110e-06	2.7188869851400657258486333926101400e-03
3.9047244231326818362110626185465208e-03	4.6270422495344894679850166126146222e-01	9.8892352586565510586009046915972654e-06	2.7234014476451910086042637687361815e-03
3.8914599690396691451853665916986708e-03	4.7360701896701391151353617609385336e-01	9.9229441869819306880582890910085976e-06	2.7280390191971721512308627395329450e-03
3.8779096986219063812461357412238682e-03	4.8452861148791511686585358867188412e-01	9.9576175744911873482091214411552973e-06	2.7328010667731418444717706542021472e-03
3.8640746894332912629005762710720929e-03	4.9546950322150572981918472041967680e-01	9.9932704751044698900305540899454724e-06	2.7376890028011757825482121092153072e-03
3.8499560455626912739521645466681989e-03	5.0643020061548671007353600141378934e-01	1.0029918483071945036062488698817225e-05	2.7427042863098085399673004338152595e-03
3.8355548978172282868468704503187339e-03	5.1741121604868084152594410714503554e-01	1.0067577749715634080516872755953884e-05	2.7478484241257813807477839858305117e-03
3.8208724039110065761102141125426034e-03	5.2841306802469720998453389450257718e-01	1.0106265000936889177563539373822894e-05	2.7531229721219819677156286785303450e-03
3.8059097486593934214684659889249349e-03	5.3943628137069097316395581623357828e-01	1.0145997555525159864585079093843016e-05	2.7585295365176394443264296520122731e-03
3.7906681441789656239643413206509728e-03	5.5048138744143173874121095983633927e-01	1.0186793344305749009464774408452235e-05	2.7640697752329476312085639254165269e-03
3.7751488300932395279271232695223236e-03	5.6154892432890278518869361472720470e-01	1.0228670930166432178447174815338638e-05	2.7697453993004044900608309468864771e-03
3.7593530737443065640739972757246001e-03	5.7263943707766275358109785349838387e-01	1.0271649529005124392731572629669782e-05	2.7755581743352779609048037096371872e-03
3.7432821704105009116942238229822712e-03	5.8375347790621133361475758193736985e-01	1.0315749031643232956594467807744455e-05	2.7815099220677372057405931886720212e-03
3.7269374435302306285688749573381665e-03	5.9489160643461089248569386531565156e-01	1.0360990026751944813643326349522258e-05	2.7876025219393246539277355745739194e-03
3.7103202449321085241749201599705602e-03	6.0605438991862698176132520462445012e-01	1.0407393824841472836806859027857145e-05	2.7938379127665885368887364018547558e-03
3.6934319550715241634070675277955941e-03	6.1724240349066223771533922023414859e-01	1.0454982483366239566096332984992087e-05	2.8002180944748483526852255328026579e-03
3.6762739832738036935684967738232343e-03	6.2845623040777039973945642333449919e-01	1.0503778833002122103111570709330665e-05	2.8067451299052274841056050490051806e-03
3.6588477679841096962557721661612763e-03	6.3969646230705004672382807678290386e-01	1.0553806505155232104253268275161784e-05	2.8134211466982586185179700218783067e-03
3.6411547770242389880255535851413773e-03	6.5096369946873123256838371365272341e-01	1.0605089960765275150888406718137600e-05	2.8202483392575493406221909784605316e-03
3.6231965078564822399531413172161819e-03	6.6225855108728253183276419967737837e-01	1.0657654520470340490938634367879434e-05	2.8272289707971879961929576979361078e-03
3.6049744878547154675213332239946016e-03	6.7358163555088113046238318574271144e-01	1.0711526396204032837530064907033517e-05	2.8343653754767744148834087890036560e-03
3.5864902745828998704687259893237449e-03	6.8493358072960456320134248205293172e-01	1.0766732724300191607053131810294027e-05	2.8416599606281771496494195398679101e-03
3.5677454560811731896846225556258694e-03	6.9631502427271956076658662048022735e-01	1.0823301600185070275950001563000786e-05	2.8491152090783494182226684718940107e-03
3.5487416511597227080587174676577197e-03	7.0772661391546128180734407911788610e-01	1.0881262114741791732635935531280417e-05	2.8567336815727808648052133411895191e-03
3.5294805097006372682081360951299760e-03	7.1916900779571502673522309416070270e-01	1.0940644392437178758003930112737488e-05	2.8645180193044226176578415378409121e-03
3.5099637129679432268249683098598947e-03	7.3064287478103242654492472648773558e-01	1.1001479631306708274861147600707803e-05	2.8724709465532000000441050067751215e-03
3.4901929739260371284602225551354546e-03	7.4214889480643513818306755575896046e-01	1.1063800144899382170362984520589201e-05	2.8805952734415218441266861815224006e-03
3.4701700375667360772191115623151376e-03	7.5368775922348133222159730879779657e-01	1.1127639406290777145771246871380105e-05	2.8888938988115089399751921518492881e-03
3.4498966812451753303682635926775072e-03	7.6526017116109380723226258201319219e-01	1.1193032094279464663596560446339502e-05	2.8973698132299981071634709045171038e-03
3.4293747150247915515377448164251656e-03	7.7686684589867349276696014071069397e-01	1.1260014141889416020967420470881532e-05	2.9060261021277341980874964028674384e-03
3.4086059820316394624065489967721519e-03	7.8850851125204849986471446176683008e-01	1.1328622787308966431089165681476923e-05	2.9148659490795416448151491571414191e-03
3.3875923588182993410058597583021394e-03	8.0018590797283684188669347440686603e-01	1.1398896627405448770042438753884619e-05	2.9238926392326716916188398891858997e-03
3.3663357557376429538038648010277177e-03	8.1189979016183058385175651117513336e-01	1.1470875673963769183825540189936447e-05	2.9331095628909531037899982624500188e-03
3.3448381173267361006046084029546308e-03	8.2365092569704059780193417063279831e-01	1.1544601412807034072048099621739426e-05	2.9425202192628349572032957560380760e-03
3.3231014227011670204584859824195796e-03	8.3544009667707442609041933489300092e-01	1.1620116865967906682223389472748339e-05	2.9521282203819023109020699972295059e-03
3.3011276859601014791997016559842812e-03	8.4726809988055511411537807117750695e-01	1.1697466657090732317403210243697932e-05	2.9619372952089715522002734184548841e-03
3.2789189566023774624562947480783214e-03	8.5913574724232640920512720925954251e-01	1.1776697080256690179119432813011478e-05	2.9719512939254345902539433510935237e-03
3.2564773199539650612978793607510593e-03	8.7104386634722958425535924203494907e-01	1.1857856172437379435388483059209298e-05	2.9821741924281226930049190132019603e-03
3.2338048976071303922102516192437441e-03	8.8299330094227949630097094592138567e-01	1.1940993789796406232510090553345522e-05	2.9926100970366046916148496251773937e-03
3.2109038478716562718997249763952254e-03	8.9498491146811250728353084187038642e-01	1.2026161688073793469673354771413190e-05	3.0032632494245238615189225499867755e-03
3.1877763662384869057306529506705188e-03	9.0701957561062676661761855265462862e-01	1.2113413607304480793257795094244879e-05	3.0141380317873166689793018801257871e-03
3.1644246858561790838496676338390491e-03	9.1909818887378628771866966921559373e-01	1.2202805361139922008936666826021586e-05	3.0252389722594487072059610883018604e-03
3.1408510780205583511435141675741292e-03	9.3122166517461446491973967105388334e-01	1.2294394931060934457654841516074715e-05	3.0365707505951528505246259610785510e-03
3.1170578526779953686184779994327341e-03	9.4339093746146041267780842817870039e-01	1.2388242565790634341928385262889336e-05	3.0481382041275666302542733655438783e-03
3.0930473589427352598876745674874576e-03	9.5560695835668302479592873733274615e-01	1.2484410886238640153745904970485959e-05	3.0599463340221452096068096351645719e-03
3.0688219856287311855326056841014913e-03	9.6787070082496322813852499993619749e-01	1.2582964996331893321498958254291469e-05	3.0720003118412787034330383480154562e-03
3.0443841617964527617354632792010495e-03	9.8018315886852484696217596311896414e-01	1.2683972600113595931997769585519398e-05	3.0843054864381740642938352484409020e-03
3.0197363573151602928174936777518565e-03	9.9254534825061913005379146504023582e-01	1.2787504125520081379833350921086774e-05	3.0968673911992790196901890912143847e-03
2.9948810834411571789843444066625882e-03	1.0049583072487076808414171158168117e+00	1.2893632855276114860493336745358048e-05	3.1096917516558359033752393224675908e-03
2.9698208934125553535405086600077714e-03	1.0174230974388636585802409217129223e+00	1.3002435065382386919013866123879993e-05	3.1227844934865646747315900425695190e-03
2.9445583830611122653282555925814299e-03	1.0299408045130021081646171942593949e+00	1.3113990171705057580693006331288205e-05	3.1361517509349957257013252259048047e-03
2.9190961914417228241206273708237104e-03	1.0425125391306475853192760607620366e+00	1.3228380885216398885574793554832078e-05	3.1497998756666138396629452439992771e-03
2.8934370014801759461894915181772276e-03	1.0551394378070513713675829611107528e+00	1.3345693376478165918629294973912863e-05	3.1637354460927454288804116605226499e-03
2.8675835406398129568105616323531207e-03	1.0678226638395820601218525871825429e+00	1.3466017450005627915523080875626465e-05	3.1779652771900335074504665110535294e-03
2.8415385816077542145313504198443462e-03	1.0805634082744327398713626028321522e+00	1.3589446729200573836531837876974947e-05	3.1924964308464114701714146971174380e-03
2.8153049430013910135158303149336954e-03	1.0933628909158160304808664655075981e+00	1.3716078852596471981533470755408811e-05	3.2073362267667216286955979909172286e-03
2.7888854900958721970490133826277188e-03	1.1062223613799555724699836958888262e+00	1.3846015682218755336218348982159151e-05	3.2224922539735429976931169855121921e-03
2.7622831355733490867300358019973414e-03	1.1191431001963299694668182260178352e+00	1.3979363524928416668183019884682475e-05	3.2379723829414119836959444999527252e-03
2.7355008402947784155676591554676792e-03	1.1321264199587834966964302597880021e+00	1.4116233367688277762276336973218881e-05	3.2537847784054581065630590972561951e-03
2.7085416140951210755439946191435342e-03	1.1451736665292880238357547562816717e+00	1.4256741127769054601321564308094737e-05	3.2699379128885553144280181873978712e-03
2.6814085166028147872786928613662979e-03	1.1582862202973235650629660985249169e+00	1.4401007918997352429246781140462539e-05	3.2864405809944306328052004632937448e-03
2.6541046580844414177077491934359739e-03	1.1714654974980417627564214493651929e+00	1.4549160335240746301965024192958866e-05	3.3033019145178010204552720291258638e-03
2.6266332003155547690545025182726988e-03	1.1847129515925886404235639142828917e+00	1.4701330752426975550725448832785911e-05	3.3205313984265542803303237022734803e-03
2.5989973574786824090479651753806784e-03	1.1980300747141914488631659328990163e+00	1.4857657650505943904039436386088659e-05	3.3381388877752815898689812437807153e-03
2.5712003970895656920348564910078643e-03	1.2114183991838608312314059408763943e+00	1.5018285956885720377818304036311632e-05	3.3561346256141419292973599093613326e-03
2.5432456409527557317133141773215313e-03	1.2248794990998254459194750460983716e+00	1.5183367413008253359859973715579680e-05	3.3745292619621304228724492031663641e-03
2.5151364661477399430742426795118792e-03	1.2384149920051033696131960720079532e+00	1.5353060965878356037226697979529591e-05	3.3933338739193756114169821932176793e-03
2.4868763060468341056338099009203123e-03	1.2520265406379249934723043709161649e+00	1.5527533186522168902698284588233376e-05	3.4125599869991519292094250748128622e-03
2.4584686513661389631369013816000791e-03	1.2657158547700578582379224279867493e+00	1.5706958717530408104797912826967919e-05	3.4322195977669154739721307791327541e-03
2.4299170512509284384486340524547015e-03	1.2794846931384473053691494439323058e+00	1.5891520752039124732655877848205964e-05	3.4523251978809118366035326100995302e-03
2.4012251143969089010294009058966402e-03	1.2933348654759805534993928622779379e+00	1.6081411546718519595262544618169326e-05	3.4728897996368293476784279207019976e-03
2.3723965102088658979506182398117667e-03	1.3072682346476087200966972694625266e+00	1.6276832971580934293958068317146705e-05	3.4939269631276522621599220786053589e-03
2.3434349699982966950564583942705324e-03	1.3212867188985245821036248693252229e+00	1.6477997099685126370475272657216571e-05	3.5154508251393873981861980410946563e-03
2.3143442882217142499561732216248242e-03	1.3353922942215970353607098782185158e+00	1.6685126840108330442565917122767362e-05	3.5374761299137855428275103791181951e-03
2.2851283237614012635034171261541995e-03	1.3495869968518101849275503625634260e+00	1.6898456617883795866675543245293299e-05	3.5600182619206575095354765827173361e-03
2.2557910012504921781654193796626188e-03	1.3638729258960501233073188764854312e+00	1.7118233104963308917029823053811571e-05	3.5830932807950085190115227913932190e-03
2.2263363124443668971836811959003488e-03	1.3782522461072305626516408058170041e+00	1.7344716006665999827765508566299130e-05	3.6067179586081121696419381278303283e-03
2.1967683176404531188435648717619370e-03	1.3927271908124549575284051880068068e+00	1.7578178908521435192602965038067885e-05	3.6309098196569613425626073732258644e-03
2.1670911471486550954139822938703616e-03	1.4073000650056835783396332166296739e+00	1.7818910188912210887285651322615806e-05	3.6556871829734309343259221045246388e-03
2.1373090028147559701372431186161618e-03	1.4219732486162158560487561972117486e+00	1.8067214003475371606733980292113567e-05	3.6810692077731501784376094607809872e-03
2.1074261595992793113111327387840704e-03	1.4367491999652186822817890044629196e+00	1.8323411347840264759454120240070014e-05	3.7070759420847181760542866445121478e-03
2.0774469672144438091603985118933610e-03	1.4516304594235385644536494430948039e+00	1.8587841205971193307788187821189833e-05	3.7337283748227400054904981429688678e-03
2.0473758518220041609992428881749713e-03	1.4666196532851389528358499739649085e+00	1.8860861792155958985054795952532558e-05	3.7610484915934784949191223999033952e-03
2.0172173177949418562931937584504640e-03	1.4817194978717141586317972047461729e+00	1.9142851895546956880532721512994725e-05	3.7890593345500102471217129068779943e-03
1.9869759495461528887615482345172343e-03	1.4969328038853598393593113074898427e+00	1.9434212337132365196468456549213961e-05	3.8177850666449866835788880954970673e-03
1.9566564134274764708066623016188222e-03	1.5122624810276402735429026068699663e+00	1.9735367550105496644186892511033966e-05	3.8472510406638218483572169402640000e-03
1.9262634597026208209272942206653181e-03	1.5277115429049994803378007885153561e+00	2.0046767295827026983531792136870682e-05	3.8774838734598030344841178444112049e-03
1.8958019245977703762278942000834915e-03	1.5432831122422334607366870902678317e+00	2.0368888528956596327352894503421163e-05	3.9085115258557553560490237781322117e-03
1.8652767324339048272517759523515465e-03	1.5589804264276934153256430875102187e+00	2.0702237426889136142345416005111421e-05	3.9403633887250672379849768241473762e-03
1.8346928978451258138139528771635842e-03	1.5748068434160461823151697875871013e+00	2.1047351600392597907422146995542183e-05	3.9730703758187646566249808374270117e-03
1.8040555280875737646003546898168652e-03	1.5907658480168026380274691928701987e+00	2.1404802504336973435908988319181100e-05	4.0066650239656697549630590119426044e-03
1.7733698254438272110311215279382824e-03	1.6068610585994649770061055876819410e+00	2.1775198069663770600448546151055054e-05	4.0411816013403696921770804266410933e-03
1.7426410897280121768556839681992393e-03	1.6230962342490709654299998411503844e+00	2.2159185580310195614789821129361899e-05	4.0766562245697621315106612692305464e-03
1.7118747208972124045820275961272504e-03	1.6394752824091630948702823781450656e+00	2.2557454821719538937016854764744014e-05	4.1131269855344969914964407311720350e-03
1.6810762217751649704374770319947191e-03	1.6560022670528237078470449949985987e+00	2.2970741530892805523120459211787330e-05	4.1506340888180430859230566567083532e-03
1.6502512008946533157382256091544027e-03	1.6726814174264400582077372067537551e+00	2.3399831181729849561866735379308636e-05	4.1892200008649280281928957748488153e-03
1.6194053754654742918394841691398879e-03	1.6895171374153490448206917372939817e+00	2.3845563143745522999979609878339266e-05	4.2289296120327341438124391998924357e-03
1.5885445744753612851989073999075959e-03	1.7065140155855209345083551199625292e+00	2.4308835257215051369708473516077479e-05	4.2698104128617790390776052716885825e-03
1.5576747419317961183134887919317957e-03	1.7236768359610447426520708804539788e+00	2.4790608873506039403109675767556841e-05	4.3119126860445096563527855079741388e-03
1.5268019402532429855192327480934392e-03	1.7410105896034556006018708754715023e+00	2.5291914415913888161949304741771638e-05	4.3552897157563449070733341240902164e-03
1.4959323538189935392417198161946910e-03	1.7585204870659892833300519250877835e+00	2.5813857523877089974884983564516809e-05	4.3999980162143511390328465715032348e-03
1.4650722926875294187783454714268519e-03	1.7762119718037684323117309934486452e+00	2.6357625852179934077422544989821806e-05	4.4460975815636401228498331169934026e-03
1.4342281964940937986209588248465434e-03	1.7940907346298431976412574310413590e+00	2.6924496606856208997981237701492153e-05	4.4936521594583413487834487918305401e-03
1.4034066385390245873322927817764877e-03	1.8121627293170703319150959772320300e+00	2.7515844911231486171115123927202968e-05	4.5427295510098405548105207949241508e-03
1.3726143300793473918464727541406777e-03	1.8304341894571870658688088821804395e+00	2.8133153109174224217785881107128756e-05	4.5934019401260994624716466016236681e-03
1.3418581248371660859404782610654996e-03	1.8489116467013151430579847288968657e+00	2.8778021128516073567439921358529666e-05	4.6457462556698642843955115483405957e-03
1.3111450237395339194949569743846018e-03	1.8676019505207450311189643622347017e+00	2.9452178046169167620419469496945066e-05	4.6998445703294431678870337931060308e-03
1.2804821799057512391292247276519365e-03	1.8865122896434687495225459614071199e+00	3.0157495018219539846031470768029932e-05	4.7557845406342166318841965404033643e-03
1.2498769038994314910348490938337567e-03	1.9056502153408670754219980544110968e+00	3.0895999763824569868355484912942604e-05	4.8136598931709575687077388769266524e-03
1.2193366692642217241481784072523083e-03	1.9250236667605843613641943761474099e+00	3.1669892821833665990385513763317320e-05	4.8735709627817327279569353426855329e-03
1.1888691183637761712275455010425766e-03	1.9446409985263804206317649860086787e+00	3.2481565834593289615123685586959357e-05	4.9356252893680852928986492319300469e-03
1.1584820685484833011940469359750941e-03	1.9645110108541535615722072729835409e+00	3.3333622155500308138535482239331692e-05	4.9999382809115972242917517610503603e-03
1.1281835186735629007829131529551312e-03	1.9846429824659993996984755446368610e+00	3.4228900126894154547138259904638620e-05	5.0666339514746952658796411283143858e-03
1.0979816559955089565794946298301005e-03	2.0050467066218426191850595032687207e+00	3.5170499434506681822530915576095723e-05	5.1358457443003315638638181225574802e-03
1.0678848634764895436847209861132041e-03	2.0257325306317335846417136471472805e+00	3.6161811015993922227838343814370283e-05	5.2077174517246801681888153414897405e-03
1.0379017275292650327392204182810060e-03	2.0467113992623946301173193399522766e+00	3.7206551086631770812031157801423012e-05	5.2824042455018152047092473582475628e-03
1.0080410462384953874703938642477332e-03	2.0679949025103032785934000659289217e+00	3.8308799948277935993161249616684309e-05	5.3600738333730623260913111878900778e-03
9.7831183809802822248694701879065135e-04	2.0895953282820475226774787124872041e+00	3.9473046372203142526540512588129812e-05	5.4409077603697315892559308447003429e-03
9.4872335130795251168435918536978169e-04	2.1115257206027441986433381126720449e+00	4.0704238497426649682363185376329415e-05	5.5251028765070057031500546463838450e-03
9.1928507367993978065323173358047629e-04	2.1337999440672427761383702813888279e+00	4.2007842370134083238676887776337743e-05	5.6128729963215885643709982853124141e-03
8.9000674320475928102525003268519720e-04	2.1564327553594147786645204928263846e+00	4.3389909474705045329945604468038147e-05	5.7044507802669206490930122594653737e-03
8.6089835934194518645460743511270533e-04	2.1794398827954547429091802580951942e+00	4.4857154883158930871011400380404494e-05	5.8000898734835453922326065605545468e-03
8.3197019509852972755681459280267564e-04	2.2028381150019847248796160029127067e+00	4.6417047990676606584719467426978469e-05	5.9000673441304451650011688105405758e-03
8.0323280997167604717675322304604316e-04	2.2266454000240525629840864594720136e+00	4.8077918227335129236583738791358864e-05	6.0046864715766569532481229857651398e-03
7.7469706383911507938041843952550529e-04	2.2508809563783038543649200599628329e+00	4.9849078662420243870238752700675433e-05	6.1142799446684557980689987481810325e-03
7.4637413189171165331469326005450320e-04	2.2755653978307656173270069549985105e+00	5.1740971076499000594444551626606356e-05	6.2292135424628140278934934083984548e-03
7.1827552071449661604664963181312426e-04	2.3007208739969574154859571636392191e+00	5.3765336905687084825831726363519388e-05	6.3498903848405858851733081654225961e-03
6.9041308563639450232392120870593638e-04	2.3263712292472722051798846119245532e+00	5.5935419512213645754938281054473113e-05	6.4767558590437989799420190166750817e-03
6.6279904948500279837643383161712557e-04	2.3525421828690495442931944751252333e+00	5.8266204571932564755117273013601837e-05	6.6103033514115381010516313367867052e-03
6.3544602290156938612573908246317275e-04	2.3792615340093461647240629316528419e+00	6.0774707081866082881248606461718930e-05	6.7510809427174378958434581886891476e-03
6.0836702639329688024037096303346374e-04	2.4065593956259185077318493446249248e+00	6.3480315699311914437153786024031927e-05	6.8996992622540723952801153295875195e-03
5.8157551432592666612884100877979057e-04	2.4344684625431145096992510365752996e+00	6.6405207991881703503052212599735349e-05	7.0568407424467961603302332942068457e-03
5.5508540109002782897929139772107236e-04	2.4630243197895488809945886707194330e+00	6.9574853929169322953258787729964948e-05	7.2232705753692979605625111218111063e-03
5.2891108971054242814111396237043425e-04	2.4922657987451609435620168711561171e+00	7.3018629891690289257183961615471854e-05	7.3998497492065642441672471674398022e-03
5.0306750321218074840748768975646793e-04	2.5222353903253961509303148757850225e+00	7.6770572044472805129994651520995353e-05	7.5875506420987868389134666322904562e-03
4.7757011910481268267570402226199618e-04	2.5529797265851299099749015737114293e+00	8.0870306732335572566205394904113263e-05	7.7874757806466853215875008310372330e-03
4.5243500741509292098160277559984981e-04	2.5845501448764426345352639947726589e+00	8.5364207472725565432062475462071995e-05	8.0008805414210388352037125234154453e-03
4.2767887276578869579160032334506170e-04	2.6170033522353785832245540260011303e+00	9.0306844406161805479742581776203599e-05	8.2292008011908216898674162605523849e-03
4.0331910109600988248300275944649180e-04	2.6504022122683278523006746916545884e+00	9.5762814546644916022093909809269548e-05	8.4740868466799988430867690856310956e-03
3.7937381172815174612291287993325274e-04	2.6848166828264178901896790727731094e+00	1.0180907256334534877482866057372927e-04	8.7374452682241918519093199042622938e-03
3.5586191562661035240863431725132489e-04	2.7203249407125766433798358110092433e+00	1.0853792617807675583995074262480464e-04	9.0214911284129862935941359415309273e-03
3.3280318086686913856071833399153805e-04	2.7570147402944305567893092505406848e+00	1.1606092374890733079364332875778313e-04	9.3288134825145851765128215762658979e-03
3.1021830655164880749889760263730572e-04	2.7949850672533356742956833843852823e+00	1.2451395375509433588502418227943940e-04	9.6624584306163460099714238547708118e-03
2.8812900668739692048416665958969194e-04	2.8343481683283218540787212151665540e+00	1.3406401166711669356707936805137793e-04	1.0026035451440774395303906571000762e-02
2.6655810588861642246240542688885006e-04	2.8752320651011474501088051749401266e+00	1.4491829302313142865734887193775651e-04	1.0423855035543527688770204036401974e-02
2.4552964923605572153462557841578418e-04	2.9177836980638905003075311418078142e+00	1.5733658152956256752394645436308679e-04	1.0861108964179385343575491072748112e-02
2.2506902921527036441063837927344427e-04	2.9621729017080800027772908891465742e+00	1.7164838288107847422581536790776719e-04	1.1344109552289354096487437158668368e-02
2.0520313345856762685364014688169019e-04	3.0085974904645089455596524254227185e+00	1.8827702021394291124998682165322179e-04	1.1880611745814070583995259036068324e-02
1.8596051808477831955367987564660890e-04	3.0572898522714897197462856486351480e+00	2.0777415122485997721439081707963121e-04	1.2480253741438211843889063214541078e-02
1.6737161289510864828862300031205268e-04	3.1085256230996956552023368105702944e+00	2.3087024325396870972883203267145939e-04	1.3155170553658583200769589558716294e-02
1.4946896671801461140289865857332492e-04	3.1626352885134738716575641293563433e+00	2.5855011015540990315293274081090639e-04	1.3920865618968938591783097317008504e-02
1.3228754407938303158761389461187887e-04	3.2200199907680916183945081811424974e+00	2.9216894880964284639021983775438461e-04	1.4797477157864089104849120806100975e-02
1.1586508855008508744909611884570925e-04	3.2811735258300472880522286550493049e+00	3.3363598415293377300637689252273065e-04	1.5811665889540240908465460685384231e-02
1.0024257432166283918928580142206029e-04	3.3467137060069434236803764609820915e+00	3.8571526808701387522571079813074288e-04	1.6999513192953291058422057723720490e-02
8.5464777026373846832369540792244614e-05	3.4174283528332621924093259664700244e+00	4.5253847492427642684028881251801039e-04	1.8411125756577765175812753944097098e-02
7.1581009752388959091489942160993755e-05	3.4943450146720995895667260023947147e+00	5.4052137889273752988865238501754056e-04	2.0118252910680864572797911051345488e-02
5.8646094688924510140626816051227920e-05	3.5788409034845287425474635060479886e+00	6.6009731735187878119036641872117580e-04	2.2227511143785890961631967310525779e-02
4.6721682843548110277152888519501653e-05	3.6728247728500370004430136200654262e+00	8.2923161529168989747110126733208401e-04	2.4904735534629908345931641868200949e-02
3.5878110412490795273925167850317567e-05	3.7790563061347262204108596021920894e+00	1.0811962656923883498705484138763102e-03	2.8423241518295866507031299117986672e-02
2.6197128010214694713645536572135805e-05	3.9017514775194048629729051243667495e+00	1.4838362214371654101924651434537145e-03	3.3268983854627299608484801482299035e-02
1.7776150349237936252691651963049129e-05	4.0478527475370091531909705866343872e+00	2.1953174285886571977662384368996261e-03	4.0400879130485192381872115030149860e-02
1.0735403431556539534131804195133893e-05	4.2301051257018925694757632519333446e+00	3.6668252504321171696486020681138204e-03	5.2024918632383104071927685857329084e-02
5.2312450702669351583071936799199671e-06	4.4763528399499599496750820624636941e+00	7.7288540760555498726220281251389743e-03	7.4684903072058072407670901711447482e-02
1.4761001811436352145071652660798456e-06	4.8718825072310840675359278817659659e+00	3.6512966441080277275742311234268637e-02	1.4287107825697744712744465928460887e-01
0.0000000000000000000000000000000000e+00	0.0000000000000000000000000000000000e+00	1.5948340778434445676934275220894466e-05	3.2185224959004396507564769161286109e-03