1.4465240681560916409233723790149197e-06	-4.8758837558521766202438426081801114e+00	3.6460458317247714156838930648127480e-02	1.4276537879420116409392848883601107e-01
5.1271983467142898331872346831973371e-06	-4.4806571303091520241415328059592875e+00	7.7163850573457033424713774140553751e-03	7.4624255118063807598673007937037384e-02
1.0523184353903795701407915910086405e-05	-4.2346160500056471576366676085709805e+00	3.6604426011340689722370562018687894e-03	5.1979480169450347949609754826680321e-02
1.7426600422743460769748537451873805e-05	-4.0525272971420114049758209736175681e+00	2.1912598892618131495818384450595865e-03	4.0363456012049908894400694257583607e-02
2.5684416229428147498319613278521760e-05	-3.9065646009748827065041095110123602e+00	1.4809524700768857514159385911420740e-03	3.3236598951427371790776183219794578e-02
3.5178959873601008748860004732639573e-05	-3.7839913756101317814967383124738422e+00	1.0790015345952009911735354026398083e-03	2.8394351999847189280354530013843011e-02
4.5814883115582535700966616996700040e-05	-3.6778698478371761049528103354262623e+00	8.2748201977393475809032527073112629e-04	2.4878429979917164234413987098968667e-02
5.7512167201088814197652880014388297e-05	-3.5839869442253030352545025345536241e+00	6.5865509594447408878883089397797239e-04	2.2203202382039523327614797401095365e-02
7.0201964082962667590658183744031923e-05	-3.4995849126790850417762719149351214e+00	5.3930207164777868656140400538140572e-04	2.0095538517147480486886529065034341e-02
8.3823925536325354256863365950838705e-05	-3.4227563561599323109062790163465854e+00	4.5148703148022926216633088264276580e-04	1.8389716797927341306774590733280027e-02
9.8324386455386324648348722534452799e-05	-3.3521250554280293283343459301044459e+00	3.8479405923773868500415106933496462e-04	1.6979194560834717245852982817150532e-02
1.1365507332542583697968389253361824e-04	-3.2866642125436559020764846996597852e+00	3.3281829115522162128886795497187067e-04	1.5792272710690635112959949787627363e-02
1.2977215332531617071761745607480093e-04	-3.2255865883625829928687035422145538e+00	2.9143519957275725989934929743238092e-04	1.4778880009971773356037681029014027e-02
1.4663551402394402300024505518824120e-04	-3.1682748325179748163993050651939884e+00	2.5788559024082437108237082134638746e-04	1.3902960861303378705157081938837623e-02
1.6420820474213014666690615029825831e-04	-3.1142355222319619619798242311599231e+00	2.3026364406926555597240723707880461e-04	1.3137873774786189240395056722548077e-02
1.8245599461170797026638300258377066e-04	-3.0630678214995449767380637201134455e+00	2.0721661602244652809076791282151752e-04	1.2463495184301065750684391284398728e-02
2.0134701697851295136973902746891169e-04	-3.0144414995016501544427741994590312e+00	1.8776149794038253020915925194979147e-04	1.1864333030560582296849403080470143e-02
2.2085147905906739060531917012238578e-04	-2.9680811346904041649264569469905749e+00	1.7116917892703848274252565095167025e-04	1.1328261276077153534617178462872832e-02
2.4094142182690366292346497591248509e-04	-2.9237545215000867028322569842020391e+00	1.5688903815195553017273020512959366e-04	1.0845648908839957984048151501907724e-02
2.6159051919098561557112076012571583e-04	-2.8812640020541660169669554106443424e+00	1.4449855738052423434045372257850406e-04	1.0408746806065794800701567423155092e-02
2.8277390835040469164927665867754927e-04	-2.8404398773681243118730219808423175e+00	1.3366886440647031500981610694489208e-04	1.0011247425869293226045651114539375e-02
3.0446804520073792604710190154975776e-04	-2.8011353251152581861362298101648771e+00	1.2414068029878144961962681607304708e-04	9.6479629390388868442566906854587175e-03
3.2665058009998874258546485544331817e-04	-2.7632224274530151002887296593625299e+00	1.1570721624247129830771547279159258e-04	9.3145861572505012224458085395053312e-03
3.4930025035057651609223589858692185e-04	-2.7265890292760792193714163942790132e+00	1.0820180781523704188357383229997394e-04	9.0075103839706479993459887422140609e-03
3.7239678653332979209231657094717582e-04	-2.6911362262981674952159897130262356e+00	1.0148883848546079527463850500842055e-04	8.7236918808965093475313664915851534e-03
3.9592083041710155202914667929980545e-04	-2.6567763368243880116096040475829611e+00	9.5456985184658878907481638108697668e-05	8.4605436115451353614714314821391366e-03
4.1985386261635744143147697640333671e-04	-2.6234312492446863377780424694559747e+00	9.0014128278604788718536478956807702e-05	8.2158522498943552740960550313624380e-03
4.4417813851574797269708422669558067e-04	-2.5910310644473226088625447217103356e+00	8.5083471251648956791865042866766796e-05	7.9877127081581784583023448126043885e-03
4.6887663125135548939206693219470619e-04	-2.5595129719660168124479896400994920e+00	8.0600550953716789708637367901343301e-05	7.7744760067157475870434181074939594e-03
4.9393298075174509356657185154582322e-04	-2.5288203130214008875726497060291815e+00	7.6510911244562437102973796809176703e-05	7.5747074115806083379550962995489251e-03
5.1933144801178341966539240770012827e-04	-2.4989017942383795430153287183601773e+00	7.2768276244856957661267906259575168e-05	7.3871525499577699384075471953630730e-03
5.4505687390846721059447793599399532e-04	-2.4697108237716086524427890619266526e+00	6.9333103678903225349641985844176690e-05	7.2107097807520239078465662284489192e-03
5.7109464197821123549868272837869328e-04	-2.4412049475847401508706073463966612e+00	6.6171430127162136238913030154467053e-05	7.0444075101600674188977703662872382e-03
5.9743064466481895931465185688192122e-04	-2.4133453682212857182895167823630625e+00	6.3253942449030371372908059630569888e-05	6.8873854473582840084717405354182130e-03
6.2405125262098547337884771840554968e-04	-2.3860965319434188305419335414437045e+00	6.0555225891281912987428160720644314e-05	6.7388790225077496680689181136549195e-03
6.5094328670694918681273367632990703e-04	-2.3594257728645304416390153471843920e+00	5.8053151294916713894455582500033932e-05	6.5982063602380864027770287002642151e-03
6.7809399238036169063664741418629863e-04	-2.3333030048546625820069587863250361e+00	5.5728372606820908113551622633486620e-05	6.4647573315255549386150714198242134e-03
7.0549101621356938137807235716364336e-04	-2.3077004536968438208817708061048449e+00	5.3563912462380244426896856309023791e-05	6.3379843061970363243210090922330033e-03
7.3312238430985626322941422842993688e-04	-2.2825924233220844867742809613439784e+00	5.1544818541047647237284711781951619e-05	6.2173943049095656428000968006288818e-03
7.6097648242001992916197888041586627e-04	-2.2579550910301710907022624300472804e+00	4.9657877141266248364518006880583618e-05	6.1025423090015583625680048506906209e-03
7.8904203758592618395445058433464171e-04	-2.2337663274719396825947819245984572e+00	4.7891373283658417787885562989745397e-05	5.9930255332151849741591318790278571e-03
8.1730810115920122381590681308821601e-04	-2.2100055378716956323103877385164424e+00	4.6234888855711568003258187611132906e-05	5.8884785030047805852524984349725156e-03
8.4576403306161023123666803557556412e-04	-2.1866535215406034688458251312140965e+00	4.4679132020412906243919482436785058e-05	5.7885688072533566359059767870872108e-03
8.7439948716945398881240415269786865e-04	-2.1636923472000008503429311394328713e+00	4.3215792445308609746159427996511137e-05	5.6929934204323024642027517657596713e-03
9.0320439771791171662100779694969734e-04	-2.1411052420185284977453804522618672e+00	4.1837417956139592727944508337154008e-05	5.6014755068565504639937910569071507e-03
9.3216896663301391475829566361182409e-04	-2.1188764925850063875107163790402061e+00	4.0537309046877078735792636806075965e-05	5.5137616346991010887962333184897021e-03
9.6128365170912779500786448119706336e-04	-2.0969913563029452258506787570392526e+00	3.9309428335536372829210175935290918e-05	5.4296193395951840969073353122252789e-03
9.9053915555871510610228001699366080e-04	-2.0754359819126053247644646397269360e+00	3.8148322580361567454541767537098667e-05	5.3488349875749255008991794928330223e-03
1.0199264152688732531105399110051288e-03	-2.0541973380306732816960366246286975e+00	3.7049055292636112373107593904042919e-05	5.2712118951708204493864809919197460e-03
1.0494365927059586996006622659207404e-03	-2.0332631487523750281329587532692914e+00	3.6007148322560929611626087252424217e-05	5.1965686712095508585899777921605218e-03
1.0790610654155533933905737045620891e-03	-2.0126218354913697294511573444022761e+00	3.5018531070383278526968447177493794e-05	5.1247377502973286965858253201095714e-03
1.1087914180702853264911996746860158e-03	-1.9922624643432621985758432112621536e+00	3.4079496199467849246281274685567575e-05	5.0555640925657104309288619010826323e-03
1.1386194344226503683900232512426775e-03	-1.9721746983524306076107868644048423e+00	3.3186660911582135791480016284290198e-05	4.9889040280367915274301644049362002e-03
1.1685370897240864070069529198035616e-03	-1.9523487541418604997448485001610254e+00	3.2336932995401393727871013805846006e-05	4.9246242271333543285462343929889178e-03
1.1985365435751924703274213928065896e-03	-1.9327753624340710942472684718431920e+00	3.1527480983491744736985814727606952e-05	4.8626007815135411120673240114624890e-03
1.2286101331752244716305816513881913e-03	-1.9134457320498768218423825617852426e+00	3.0755707855844748510592504305803424e-05	4.8027183816416482006538401658946985e-03
1.2587503669418864941338354098818260e-03	-1.8943515170221807268059744633643991e+00	3.0019227813423142605167406237857399e-05	4.7448695793900217919911054731426902e-03
1.2889499184750158387582733101416751e-03	-1.8754847865055171745628603896247587e+00	2.9315845716339317645722875646688021e-05	4.6889541255613246067113448521206320e-03
1.3192016208400690301097974520236996e-03	-1.8568379971997044247828484768845836e+00	2.8643538840796059601283252097494368e-05	4.6348783735741693422150110580112783e-03
1.3494984611493870773097154453544149e-03	-1.8384039680386125966549655644593872e+00	2.8000440658844131878758558009760579e-05	4.5825547417079920730093015844615235e-03
1.3798335754210796056913216738731596e-03	-1.8201758569234348817960763434427429e+00	2.7384826387028435719631457007708324e-05	4.5319012272876774526790185154766507e-03
1.4102002436970433745599591184438652e-03	-1.8021471393045866009800508036334410e+00	2.6795100085463748790467272867924445e-05	4.4828409670317224898666289621751388e-03
1.4405918854031423581395513728232027e-03	-1.7843115884379671121965630864912837e+00	2.6229783118910615675439791689866628e-05	4.4353018385118591204449388102777149e-03
1.4710020549359424544757291551095766e-03	-1.7666632571602419245296718238691509e+00	2.5687503816918119746045767593509690e-05	4.3892160982954834135004126020657336e-03
1.5014244374616301300136694609955740e-03	-1.7491964610444076225302778937436795e+00	2.5166988191806665242651203780932098e-05	4.3445200528803036608014195619566963e-03
1.5318528449138650284889089939721462e-03	-1.7319057628115052350239157792882188e+00	2.4667051591792791715310876643789254e-05	4.3011537589961284486218525258099106e-03
1.5622812121783341639463320798484853e-03	-1.7147859578872164739988634909398729e+00	2.4186591182415104895910803325636787e-05	4.2590607502523922469490887100438374e-03
1.5927035934527006758708659171663511e-03	-1.6978320610034404904242570533571596e+00	2.3724579163024583501695347003448743e-05	4.2181877874608637145315873480654881e-03
1.6231141587714828507178576314127893e-03	-1.6810392937550020545425101901068148e+00	2.3280056636801941983657257784619114e-05	4.1784846302685816424365253431713210e-03
1.6535071906861676848233260723185275e-03	-1.6644030730305531081013682943473838e+00	2.2852128062849523084412084053369541e-05	4.1399038280028152624258524359541939e-03
1.6838770810915651761883600426365768e-03	-1.6479190002446426354256548656753166e+00	2.2439956227617831163397085997330982e-05	4.1024005278631667325134833463358225e-03
1.7142183281900514308886723802105925e-03	-1.6315828513049689729582512020814754e+00	2.2042757680470491078099813818077631e-05	4.0659322988004208729883406947195818e-03
1.7445255335859364520030662682511236e-03	-1.6153905672551012730959816623943847e+00	2.1659798584736858234049137403218207e-05	4.0304589696013110174972439814373869e-03
1.7747933995027313901881140032182767e-03	-1.5993382455385556608472237004499427e+00	2.1290390941292535477981555053433501e-05	3.9959424798563444262550556451022049e-03
1.8050167261165847477933063620585415e-03	-1.5834221318351171412798764790987195e+00	2.0933889146666129255018029098392545e-05	3.9623467426270656854399722210899645e-03
1.8351904089996117117794564129920612e-03	-1.5676386124247804502798653301230312e+00	2.0589686851998519975855616965283444e-05	3.9296375177520727445019172136790706e-03
1.8653094366672591705413246409824595e-03	-1.5519842070387026610955504325572466e+00	2.0257214092965975792923782504489553e-05	3.8977822948398330179836958394225044e-03
1.8953688882242343810001440508132712e-03	-1.5364555621601705595227152077360760e+00	1.9935934664094806043963638737606659e-05	3.8667501850926787706512149556594615e-03
1.9253639311038806845936581717607625e-03	-1.5210494447418329809244927250329789e+00	1.9625343713806177696455357057205620e-05	3.8365118211918455772103890678958912e-03
1.9552898188962118079461123073783585e-03	-1.5057627363083730847428862893824348e+00	1.9324965539089232429420028453768590e-05	3.8070392645493970590388363791610845e-03
1.9851418892601195389725189536457985e-03	-1.4905924274164335538828420550877526e+00	1.9034351560954992133650184471333517e-05	3.7783059193005148117069946800212407e-03
2.0149155619155501142947837818488059e-03	-1.4755356124459902475418029248170904e+00	1.8753078463812397832374995578144774e-05	3.7502864524699315257816501007484339e-03
2.0446063367117044475109125676424502e-03	-1.4605894846995244516895789647614626e+00	1.8480746483665288655091488653428187e-05	3.7229567198001225997319159807693999e-03
2.0742097917675581379128523808268571e-03	-1.4457513317872948414220909034134302e+00	1.8216977831584557221030756679188833e-05	3.6962936967770083678859562340243349e-03
2.1037215816812206236016368832361836e-03	-1.4310185312787790299002426381217731e+00	1.7961415240288450823360123982933663e-05	3.6702754144320191211172609976534601e-03
2.1331374358048603277190280870869500e-03	-1.4163885466019600842934781232459614e+00	1.7713720622887924051039717422696599e-05	3.6448808995380179769499154965083229e-03
2.1624531565821155020561917020754969e-03	-1.4018589231735924261508586758424545e+00	1.7473573833942052519248995094172011e-05	3.6200901188512693485701910394010142e-03
2.1916646179450898873673434592335651e-03	-1.3874272847449089894460903026034307e+00	1.7240671523937240818343698170427112e-05	3.5958839270828274723121818108281694e-03
2.2207677637681993640106110425042059e-03	-1.3730913299484406069662381102001008e+00	1.7014726079167596814670630263731190e-05	3.5722440183107899929089953618070330e-03
2.2497586063762914418288359856565069e-03	-1.3588488290327210954851969248098854e+00	1.6795464639764843032247720407059929e-05	3.5491528805701585878622527580154433e-03
2.2786332251046046281842090245310548e-03	-1.3446976207726578870583371587445541e+00	1.6582628189315343525085953888654447e-05	3.5265937533798736216249979869266697e-03
2.3073877649082702322149272001344461e-03	-1.3306356095442676497591936392615201e+00	1.6375970710118715896078133602957354e-05	3.5045505879872087205474056099231775e-03
2.3360184350191857546801764834736474e-03	-1.3166607625533174988645399581813716e+00	1.6175258398695359581742918123311564e-05	3.4830080101283586633585512527094867e-03
2.3645215076482073547133462955250939e-03	-1.3027711072081825786123881862812576e+00	1.5980268936646322020458636398098863e-05	3.4619512851209375941437224643661868e-03
2.3928933167307195976701463146680897e-03	-1.2889647286279366738667295214437137e+00	1.5790790812414611823441717484479248e-05	3.4413662851194079899178148205287933e-03
2.4211302567137443396064953875820173e-03	-1.2752397672773400770302902630934166e+00	1.5606622689897947180820497701028068e-05	3.4212394583783469071425578003222089e-03
2.4492287813828477136099562398713536e-03	-1.2615944167209835612411534112422033e+00	1.5427572820223920649058889065011772e-05	3.4015578003810693520769186080076631e-03
2.4771854027271952278513076406657126e-03	-1.2480269214893938239396157655806797e+00	1.5253458493324004820221786964938700e-05	3.3823088267025976577539750139065490e-03
2.5049966898411904021907380860026713e-03	-1.2345355750504085080586542015069557e+00	1.5084105526236543139022698657818229e-05	3.3634805474864048540672790278540055e-03
2.5326592678612125611916688881695854e-03	-1.2211187178795917923269954479386865e+00	1.4919347785334246263519766614868642e-05	3.3450614434238710770377352587589774e-03
2.5601698169360447357783673171489140e-03	-1.2077747356238880934353764872986364e+00	1.4759026739911736701475950665155490e-05	3.3270404431340659781004635869072923e-03
2.5875250712296534433351310148106819e-03	-1.1945020573531048233930210240173225e+00	1.4602991044786001145256056688066620e-05	3.3094069018493880545594629963787601e-03
2.6147218179550487297223993704387512e-03	-1.1812991538941782704425555512051205e+00	1.4451096149759569425272061135354208e-05	3.2921505813198264310210844406213671e-03
2.6417568964380155549069564862620254e-03	-1.1681645362435121217490655120539217e+00	1.4303203933974926539922965574685910e-05	3.2752616308552268762098693402548462e-03
2.6686271972095666527263396176483806e-03	-1.1550967540529882749157692727601140e+00	1.4159182363350933549836403954727281e-05	3.2587305694309999940666692839229320e-03
2.6953296611260226403498974977330345e-03	-1.1420943941855365266486221877281657e+00	1.4018905169439534157760750467957386e-05	3.2425482687882578496024838883150526e-03
2.7218612785156776211892574189424380e-03	-1.1291560793364154158793864382835317e+00	1.3882251548175226719799162735093497e-05	3.2267059374644527245808236067146871e-03
2.7482190883510580261725831371934758e-03	-1.1162804667166026925673414022520739e+00	1.3749105877111997775911948970674201e-05	3.2111951056952604565444366316624015e-03
2.7744001774458291665845684152784255e-03	-1.1034662467949221792410228885600663e+00	1.3619357449853814239547689071630488e-05	3.1960076111327388894220515681934100e-03
2.8004016796754481068773753311538410e-03	-1.0907121420957456428585398540494934e+00	1.3492900226486404341165170505019911e-05	3.1811355853287335851565177972295793e-03
2.8262207752207031745860203315388617e-03	-1.0780169060493050224631451253999916e+00	1.3369632598910859523964701732350912e-05	3.1665714409361289846337589399355120e-03
2.8518546898333198612408864252748226e-03	-1.0653793218918331687587396944552065e+00	1.3249457170064400465580996864173524e-05	3.1523078595838815314844395288051469e-03
2.8773006941228501763425828289073391e-03	-1.0527982016129212445216340899905409e+00	1.3132280546091223370750829046661394e-05	3.1383377803848470666004829458454649e-03
2.9025561028640978292021579192203318e-03	-1.0402723849476391132891369299845664e+00	1.3018013140597353786159036424882650e-05	3.1246543890382508409566594465163764e-03
2.9276182743243650544878451049648374e-03	-1.0278007384111123249203571123137231e+00	1.2906568990188492056542356560202628e-05	3.1112511074912653988764559422808008e-03
2.9524846096098385817191169643827275e-03	-1.0153821543733865287922136750067105e+00	1.2797865580549483760003554117114963e-05	3.0981215841265780365595594390188051e-03
2.9771525520304622837749012662734475e-03	-1.0030155501725380757811059751726585e+00	1.2691823682378782184527212800053739e-05	3.0852596844450624856329598427226674e-03
3.0016195864826725244242373255252390e-03	-9.9069986726410891141743005500186403e-01	1.2588367196541531694032018195686755e-05	3.0726594822147342889425506671069722e-03
3.0258832388493992528239763022274427e-03	-9.7843407040505525867325187087733616e-01	1.2487423007851090809116765223653650e-05	3.0603152510590799984185921670066500e-03
3.0499410754167615504485165872527207e-03	-9.6621714687050363044236777797587626e-01	1.2388920846931293274044044677857705e-05	3.0482214564596195371915518452876926e-03
3.0737907023069107037951628623642042e-03	-9.5404810570170494110546060749067931e-01	1.2292793159650840790398468866173795e-05	3.0363727481492003913224586323516940e-03
3.0974297649264970298404582562983934e-03	-9.4192597698366840171476041458002988e-01	1.2198974983657227784183056773400992e-05	3.0247639528740422596803107513695834e-03
3.1208559474302586910233765816324101e-03	-9.2984981115104194214475264460967454e-01	1.2107403831570783881309364869015862e-05	3.0133900675039609905837414693666040e-03
3.1440669721992516683039742771358667e-03	-9.1781867832088552723459648169572205e-01	1.2018019580430025924694619168810141e-05	3.0022462524715098249647668233979258e-03
3.1670605993332599761194915652461315e-03	-9.0583166765105831023200386750070524e-01	1.1930764367007758028910845434079672e-05	2.9913278255219921395357817113924241e-03
3.1898346261569441593977181105899385e-03	-8.9388788672301045291996638839716925e-01	1.1845582488643444683041960776585820e-05	2.9806302557574303406385774839876057e-03
3.2123868867393041640740889146613236e-03	-8.8198646094783596692432096998761272e-01	1.1762420309261489342839728906277751e-05	2.9701491579586269750526434399222285e-03
3.2347152514260498692622250960946579e-03	-8.7012653299450439857887400739506889e-01	1.1681226170267343886722165770451145e-05	2.9598802871704326051572448106937493e-03
3.2568176263844889586407329378055609e-03	-8.5830726223924687070674098886116003e-01	1.1601950306034002473471574384375221e-05	2.9498195335362461341305298960147721e-03
3.2786919531605574350839556189484806e-03	-8.4652782423512616769215862573311234e-01	1.1524544763710533045317894337032884e-05	2.9399629173686221856694053220720890e-03
3.3003362082476329876775722788881286e-03	-8.3478741020087144457245036129969207e-01	1.1448963327101995162415603496093352e-05	2.9303065844436515395656140573445266e-03
3.3217484026667856430627031441906486e-03	-8.2308522652810597788173447023454367e-01	1.1375161444386497270349108142420904e-05	2.9208468015075188094748875541341338e-03
3.3429265815581337102060701627136680e-03	-8.1142049430614136041248116891747193e-01	1.1303096159450363213138880200283050e-05	2.9115799519843304796662163885149232e-03
3.3638688237829859936429845471689983e-03	-7.9979244886355386354095999095720637e-01	1.1232726046636501153338625072725177e-05	2.9025025318749497292452716630324399e-03
3.3845732415364636373614671561696385e-03	-7.8820033932579852495556882723540790e-01	1.1164011148714184253844725043914811e-05	2.8936111458371755079458106454555581e-03
3.4050379799703068002383583564903302e-03	-7.7664342818815402937570981344604230e-01	1.1096912917890640338109439864816957e-05	2.8849025034381651621739291345970947e-03
3.4252612168255826829509340399095287e-03	-7.6512099090332678619381203255069231e-01	1.1031394159696179402680695936189880e-05	2.8763734155705253743555010834420218e-03
3.4452411620750222525390158697515148e-03	-7.5363231548307591108692913736194476e-01	1.0967418979585129349582737616489497e-05	2.8680207910239878802982372592761807e-03
3.4649760575747233696816872447750643e-03	-7.4217670211325221868583522297004376e-01	1.0904952732104662146049888408003161e-05	2.8598416332050467715963163763900658e-03
3.4844641767249679392110131362695995e-03	-7.3075346278167395128485940610496424e-01	1.0843961972492730284196512482761521e-05	2.8518330369973653896180081911590011e-03
3.5037038241399101989719606343194959e-03	-7.1936192091828991673348732576962558e-01	1.0784414410574847802023140307982982e-05	2.8439921857561649198029993042954548e-03
3.5226933353259023571285941481088488e-03	-7.0800141104710709161716867461795169e-01	1.0726278866837387966396597585725047e-05	2.8363163484301856885979089078708222e-03
3.5414310763682325034854814292317538e-03	-6.9667127844938466089380367908735640e-01	1.0669525230562473932027509283858889e-05	2.8288028768051675954162979345643545e-03
3.5599154436260580752886905083533090e-03	-6.8537087883762000287647250772549784e-01	1.0614124419916448732848201078885279e-05	2.8214492028631296917311859560970916e-03
3.5781448634353261701870903321549175e-03	-6.7409957803987437320825798062657340e-01	1.0560048343890363122155853383427460e-05	2.8142528362520421409823390989336869e-03
3.5961177918194796854780055219267506e-03	-6.6285675169400707188530082421508249e-01	1.0507269865996947452091239497502306e-05	2.8072113618607780374357685263859329e-03
3.6138327142077556394110934544195303e-03	-6.5164178495140676675728931491283679e-01	1.0455762769634167725069322928948506e-05	2.8003224374945091083317622516480427e-03
3.6312881451608891122907881114831501e-03	-6.4045407218982746365407287266016058e-01	1.0405501725030734496110589538617418e-05	2.7935837916459693565090030440414210e-03
3.6484826281040430466951242810210890e-03	-6.2929301673495442117305390615764824e-01	1.0356462257693862580159753309562484e-05	2.7869932213582553186517272062327949e-03
3.6654147350667906808455594674890458e-03	-6.1815803059034216680273718271868582e-01	1.0308620718284193621565487170415799e-05	2.7805485901750618362344228939259189e-03
3.6820830664299836698274138833638766e-03	-6.0704853417538273611541314011349838e-01	1.0261954253847114757396163733690493e-05	2.7742478261744690076702522240197202e-03
3.6984862506793449881065632206066393e-03	-5.9596395607097738025395660224195710e-01	1.0216440780333755394431072920712623e-05	2.7680889200826001890575330698461808e-03
3.7146229441656315151123632304557502e-03	-5.8490373277259931749671515592286771e-01	1.0172058956348739503215899821862241e-05	2.7620699234636633528888651858116982e-03
3.7304918308712167944591860315530410e-03	-5.7386730845044868779755572946980418e-01	1.0128788158065330360926041539581476e-05	2.7561889469830695572560482307595562e-03
3.7460916221829498369969747279952160e-03	-5.6285413471641374742801874668083631e-01	1.0086608455251944582002641198947290e-05	2.7504441587404934274746172734689069e-03
3.7614210566711510181234319874500139e-03	-5.5186367039756455403756638701217314e-01	1.0045500588357147587032266222188074e-05	2.7448337826699020636483736234099467e-03
3.7764788998746111099674114279858718e-03	-5.4089538131591697790674134519633129e-01	1.0005445946603187290354103869633865e-05	2.7393560970037312721604608927532301e-03
3.7912639440914642980063856978602038e-03	-5.2994874007421586784989810665325100e-01	9.9664265470408896274608493315882897e-06	2.7340094327985320451739776064712888e-03
3.8057750081758106678103787412864476e-03	-5.1902322584749663288605643323106906e-01	9.9284250145213405457152841828949112e-06	2.7287921725195463099496875521972225e-03
3.8200109373399681188940712674395009e-03	-5.0811832418019440414835645427544312e-01	9.8914245625422253312455635670329122e-06	2.7237027486817996332638829849835181e-03
3.8339706029622379766991626643679646e-03	-4.9723352678857934434563020237805208e-01	9.8554089749289979279893249691846172e-06	2.7187396425454202563405655436009469e-03
3.8476529024000727377418116991825630e-03	-4.8636833136830560144376545807490494e-01	9.8203625883132197729080048383610347e-06	2.7139013828630089826314235174015138e-03
3.8610567588085384038175046421902835e-03	-4.7552224140686988445730206038551502e-01	9.7862702753724484970736320082976086e-06	2.7091865446769934460981268336557726e-03
3.8741811209639677454013031710198566e-03	-4.6469476600078369613785348400236817e-01	9.7531174287979798722923037667696329e-06	2.7045937481650035265451410042391569e-03
3.8870249630927045882478237330883015e-03	-4.5388541967727091226945330163736745e-01	9.7208899459585592859185857849689945e-06	2.7001216575314025016606134828204823e-03
3.8995872847048428466220843932775284e-03	-4.4309372222030967122944999072165287e-01	9.6895742142298889375588520604051854e-06	2.6957689799432012606296700307755318e-03
3.9118671104328675372423868320298707e-03	-4.3231919850084445017620090596763031e-01	9.6591570969613705123464446519389572e-06	2.6915344645086708582399590560687687e-03
3.9238634898751084052912448016915343e-03	-4.2156137831100077422351445360509654e-01	9.6296259200530464824442041957862449e-06	2.6874169012970521484305670885036279e-03
3.9355754974439200829048154991470979e-03	-4.1081979620214124968707169487473324e-01	9.6009684591171421858940571089584055e-06	2.6834151203978404711373368696367496e-03
3.9470022322185058863070264631828292e-03	-4.0009399132660754832929442925507349e-01	9.5731729271999708044061343961517601e-06	2.6795279910181986280098389649515294e-03
3.9581428178023054449130912026827982e-03	-3.8938350728299861189990112106014858e-01	9.5462279630412493227431415640676202e-06	2.6757544206171229073130459841427506e-03
3.9689964021848693487817739344284946e-03	-3.7868789196484070966828098455966924e-01	9.5201226198490901814154396824791795e-06	2.6720933540750549276231791248275045e-03
3.9795621576081469040433822408782394e-03	-3.6800669741251007971092062356836303e-01	9.4948463545700850013517450051918694e-06	2.6685437728976967716938686423782976e-03
3.9898392804371159034820114695674594e-03	-3.5733947966827373028666391317056258e-01	9.4703890176349875471734123166958298e-06	2.6651046944528484713318654789764488e-03
3.9998269910346860552414065048564690e-03	-3.4668579863431858278188663408854274e-01	9.4467408431615368220171297821585622e-06	2.6617751712391455646988681752489302e-03
4.0095245336408103704233498329430948e-03	-3.3604521793364351380269963144334264e-01	9.4238924395969414224528636916803145e-06	2.6585542901856303515707337289833026e-03
4.0189311762557413937682801081413313e-03	-3.2541730477369301172914282974191563e-01	9.4018347807834763693518892636296571e-06	2.6554411719811437819212464132954059e-03
4.0280462105273716741142062832310515e-03	-3.1480162981261511249472157385239255e-01	9.3805591974315267000283937136605315e-06	2.6524349704325757814008010774301471e-03
4.0368689516426003162461402926070633e-03	-3.0419776702803002998875618246998293e-01	9.3600573689852510923980955565595924e-06	2.6495348718510603876111863207527068e-03
4.0453987382226698362660979542397750e-03	-2.9360529358819945721583120678507972e-01	9.3403213158668364445574341012775932e-06	2.6467400944652484790171715865361694e-03
4.0536349322224198618000424313988217e-03	-2.8302378972548989357685575070572718e-01	9.3213433920860732349898526937715133e-06	2.6440498878608352516498145795480238e-03
4.0615769188334064791616926016074745e-03	-2.7245283861202655925413337305197559e-01	9.3031162782027040642227358702614692e-06	2.6414635324455620580217423247222406e-03
4.0692241063908382348510954224137381e-03	-2.6189202623743749711394640651727289e-01	9.2856329746296863069012374347508675e-06	2.6389803389389528817676380470442751e-03
4.0765759262842819512102045703954624e-03	-2.5134094128859034276721807658439421e-01	9.2688867952661664271262887675424596e-06	2.6365996478860846880770169265193081e-03
4.0836318328720936183210291305954201e-03	-2.4079917503122697101584385877481891e-01	9.2528713614495902469528637825329422e-06	2.6343208291947282658171867945070691e-03
4.0903913033995316788531534807044632e-03	-2.3026632119340380802704314161774606e-01	9.2375805962169722088375213550089547e-06	2.6321432816952320587490389260260032e-03
4.0968538379205120319972259995858310e-03	-2.1974197585064803901300165498183118e-01	9.2230087188659192298856251303425289e-06	2.6300664327225559617669297892072506e-03
4.1030189592229660492268449860936139e-03	-2.0922573731274224638473036404601046e-01	9.2091502398065528007726182325220835e-06	2.6280897377198952202974120453921312e-03
4.1088862127577648207023312854483366e-03	-1.9871720601205218839631582539283256e-01	9.1959999556959981337544296067566042e-06	2.6262126798633664991480889499008792e-03
4.1144551665711747388817531298579922e-03	-1.8821598439331447797659223825166456e-01	9.1835529448476129243547896024474703e-06	2.6244347697072589594183197923655291e-03
4.1197254112408113774836934072741649e-03	-1.7772167680480285023257932358801739e-01	9.1718045629076120921503942920996406e-06	2.6227555448493828729984694223239209e-03
4.1246965598150604414341740364216374e-03	-1.6723388939079351918507121433957171e-01	9.1607504387922100654495865715913596e-06	2.6211745696160769846136574777782295e-03
4.1293682477559363488476330418145006e-03	-1.5675222998525182356674317917695832e-01	9.1503864708788500618709982422994935e-06	2.6196914347664635689741237133939895e-03
4.1337401328853507614027708202077414e-03	-1.4627630800666395161776828551641150e-01	9.1407088234455216177965360726607371e-06	2.6183057572155669900217242436014772e-03
4.1378118953347651065892191607249184e-03	-1.3580573435393901914101419266792059e-01	9.1317139233525845018406829716447179e-06	2.6170171797759376123622082140115610e-03
4.1415832374982028360816303097671132e-03	-1.2534012130330815677407648436873874e-01	9.1233984569619202244122390965548612e-06	2.6158253709174482010174721478933059e-03
4.1450538839885988407592266116036016e-03	-1.1487908240614854441211199165738643e-01	9.1157593672886226911729983573746201e-06	2.6147300245449545315144482960170799e-03
4.1482235815974650964037538546356996e-03	-1.0442223238766151566395932328742280e-01	9.1087938513808181613015743300252191e-06	2.6137308597935358727542011987697118e-03
4.1510920992578532466104210787334869e-03	-9.3969187046334945619933784141777121e-02	9.1024993579235725389550671403633448e-06	2.6128276208410543527774905146860795e-03
4.1536592280105964426318279634306435e-03	-8.3519563154121133321454291764804520e-02	9.0968735850632020872852414588828319e-06	2.6120200767377950233306121772786995e-03
4.1559247809738143554079342217565124e-03	-7.3072978357262298218725039042959445e-02	9.0919144784486528134876486046013355e-06	2.6113080212529707522398132533141676e-03
4.1578885933156668545494474723764212e-03	-6.2629051077696629457757838400085153e-02	9.0876202294869549042206196009155498e-06	2.6106912727378979407170298949393776e-03
4.1595505222303434141438921614731137e-03	-5.2187400414978559738794927081552533e-02	9.0839892738100925389786397466138665e-06	2.6101696740056705321797512056622661e-03
4.1609104469172768575248415972354058e-03	-4.1747646048647583238533925167089964e-02	9.0810202899509569954072223148285841e-06	2.6097430922271808950975354351346891e-03
4.1619682685635715941453401357714641e-03	-3.1309408140980501014031448234248824e-02	9.0787121982263729839060763220359310e-06	2.6094114188433569688303556891678972e-03
4.1627239103296380329673200930275553e-03	-2.0872307240062458558050737574061474e-02	9.0770641598255053888414221977917109e-06	2.6091745694935056015182182809326960e-03
4.1631773173380263798442929833413132e-03	-1.0435964183112539734391062276092958e-02	9.0760755761022668135186866997291310e-06	2.6090324839596723251338282556532569e-03
4.1633284566654545427453904372769644e-03	0.0000000000000000000000000000000000e+00	9.0757460880706562752326876026516650e-06	2.6089851261269479464636683602665232e-03
4.1631773173380263798442929833413132e-03	1.0435964183112539734391062276092958e-02	9.0760755761022668135186866997291310e-06	2.6090324839596723251338282556532569e-03
4.1627239103296380329673200930275553e-03	2.0872307240062458558050737574061474e-02	9.0770641598255053888414221977917109e-06	2.6091745694935056015182182809326960e-03
4.1619682685635715941453401357714641e-03	3.1309408140980501014031448234248824e-02	9.0787121982263729839060763220359310e-06	2.6094114188433569688303556891678972e-03
4.1609104469172768575248415972354058e-03	4.1747646048647583238533925167089964e-02	9.0810202899509569954072223148285841e-06	2.6097430922271808950975354351346891e-03
4.1595505222303434141438921614731137e-03	5.2187400414978559738794927081552533e-02	9.0839892738100925389786397466138665e-06	2.6101696740056705321797512056622661e-03
4.1578885933156668545494474723764212e-03	6.2629051077696629457757838400085153e-02	9.0876202294869549042206196009155498e-06	2.6106912727378979407170298949393776e-03
4.1559247809738143554079342217565124e-03	7.3072978357262298218725039042959445e-02	9.0919144784486528134876486046013355e-06	2.6113080212529707522398132533141676e-03
4.1536592280105964426318279634306435e-03	8.3519563154121133321454291764804520e-02	9.0968735850632020872852414588828319e-06	2.6120200767377950233306121772786995e-03
4.1510920992578532466104210787334869e-03	9.3969187046334945619933784141777121e-02	9.1024993579235725389550671403633448e-06	2.6128276208410543527774905146860795e-03
4.1482235815974650964037538546356996e-03	1.0442223238766151566395932328742280e-01	9.1087938513808181613015743300252191e-06	2.6137308597935358727542011987697118e-03
4.1450538839885988407592266116036016e-03	1.1487908240614854441211199165738643e-01	9.1157593672886226911729983573746201e-06	2.6147300245449545315144482960170799e-03
4.1415832374982028360816303097671132e-03	1.2534012130330815677407648436873874e-01	9.1233984569619202244122390965548612e-06	2.6158253709174482010174721478933059e-03
4.1378118953347651065892191607249184e-03	1.3580573435393901914101419266792059e-01	9.1317139233525845018406829716447179e-06	2.6170171797759376123622082140115610e-03
4.1337401328853507614027708202077414e-03	1.4627630800666395161776828551641150e-01	9.1407088234455216177965360726607371e-06	2.6183057572155669900217242436014772e-03
4.1293682477559363488476330418145006e-03	1.5675222998525182356674317917695832e-01	9.1503864708788500618709982422994935e-06	2.6196914347664635689741237133939895e-03
4.1246965598150604414341740364216374e-03	1.6723388939079351918507121433957171e-01	9.1607504387922100654495865715913596e-06	2.6211745696160769846136574777782295e-03
4.1197254112408113774836934072741649e-03	1.7772167680480285023257932358801739e-01	9.1718045629076120921503942920996406e-06	2.6227555448493828729984694223239209e-03
4.1144551665711747388817531298579922e-03	1.8821598439331447797659223825166456e-01	9.1835529448476129243547896024474703e-06	2.6244347697072589594183197923655291e-03
4.1088862127577648207023312854483366e-03	1.9871720601205218839631582539283256e-01	9.1959999556959981337544296067566042e-06	2.6262126798633664991480889499008792e-03
4.1030189592229660492268449860936139e-03	2.0922573731274224638473036404601046e-01	9.2091502398065528007726182325220835e-06	2.6280897377198952202974120453921312e-03
4.0968538379205120319972259995858310e-03	2.1974197585064803901300165498183118e-01	9.2230087188659192298856251303425289e-06	2.6300664327225559617669297892072506e-03
4.0903913033995316788531534807044632e-03	2.3026632119340380802704314161774606e-01	9.2375805962169722088375213550089547e-06	2.6321432816952320587490389260260032e-03
4.0836318328720936183210291305954201e-03	2.4079917503122697101584385877481891e-01	9.2528713614495902469528637825329422e-06	2.6343208291947282658171867945070691e-03
4.0765759262842819512102045703954624e-03	2.5134094128859034276721807658439421e-01	9.2688867952661664271262887675424596e-06	2.6365996478860846880770169265193081e-03
4.0692241063908382348510954224137381e-03	2.6189202623743749711394640651727289e-01	9.2856329746296863069012374347508675e-06	2.6389803389389528817676380470442751e-03
4.0615769188334064791616926016074745e-03	2.7245283861202655925413337305197559e-01	9.3031162782027040642227358702614692e-06	2.6414635324455620580217423247222406e-03
4.0536349322224198618000424313988217e-03	2.8302378972548989357685575070572718e-01	9.3213433920860732349898526937715133e-06	2.6440498878608352516498145795480238e-03
4.0453987382226698362660979542397750e-03	2.9360529358819945721583120678507972e-01	9.3403213158668364445574341012775932e-06	2.6467400944652484790171715865361694e-03
4.0368689516426003162461402926070633e-03	3.0419776702803002998875618246998293e-01	9.3600573689852510923980955565595924e-06	2.6495348718510603876111863207527068e-03
4.0280462105273716741142062832310515e-03	3.1480162981261511249472157385239255e-01	9.3805591974315267000283937136605315e-06	2.6524349704325757814008010774301471e-03
4.0189311762557413937682801081413313e-03	3.2541730477369301172914282974191563e-01	9.4018347807834763693518892636296571e-06	2.6554411719811437819212464132954059e-03
4.0095245336408103704233498329430948e-03	3.3604521793364351380269963144334264e-01	9.4238924395969414224528636916803145e-06	2.6585542901856303515707337289833026e-03
3.9998269910346860552414065048564690e-03	3.4668579863431858278188663408854274e-01	9.4467408431615368220171297821585622e-06	2.6617751712391455646988681752489302e-03
3.9898392804371159034820114695674594e-03	3.5733947966827373028666391317056258e-01	9.4703890176349875471734123166958298e-06	2.6651046944528484713318654789764488e-03
3.9795621576081469040433822408782394e-03	3.6800669741251007971092062356836303e-01	9.4948463545700850013517450051918694e-06	2.6685437728976967716938686423782976e-03
3.9689964021848693487817739344284946e-03	3.7868789196484070966828098455966924e-01	9.5201226198490901814154396824791795e-06	2.6720933540750549276231791248275045e-03
3.9581428178023054449130912026827982e-03	3.8938350728299861189990112106014858e-01	9.5462279630412493227431415640676202e-06	2.6757544206171229073130459841427506e-03
3.9470022322185058863070264631828292e-03	4.0009399132660754832929442925507349e-01	9.5731729271999708044061343961517601e-06	2.6795279910181986280098389649515294e-03
3.9355754974439200829048154991470979e-03	4.1081979620214124968707169487473324e-01	9.6009684591171421858940571089584055e-06	2.6834151203978404711373368696367496e-03
3.9238634898751084052912448016915343e-03	4.2156137831100077422351445360509654e-01	9.6296259200530464824442041957862449e-06	2.6874169012970521484305670885036279e-03
3.9118671104328675372423868320298707e-03	4.3231919850084445017620090596763031e-01	9.6591570969613705123464446519389572e-06	2.6915344645086708582399590560687687e-03
3.8995872847048428466220843932775284e-03	4.4309372222030967122944999072165287e-01	9.6895742142298889375588520604051854e-06	2.6957689799432012606296700307755318e-03
3.8870249630927045882478237330883015e-03	4.5388541967727091226945330163736745e-01	9.7208899459585592859185857849689945e-06	2.7001216575314025016606134828204823e-03
3.8741811209639677454013031710198566e-03	4.6469476600078369613785348400236817e-01	9.7531174287979798722923037667696329e-06	2.7045937481650035265451410042391569e-03
3.8610567588085384038175046421902835e-03	4.7552224140686988445730206038551502e-01	9.7862702753724484970736320082976086e-06	2.7091865446769934460981268336557726e-03
3.8476529024000727377418116991825630e-03	4.8636833136830560144376545807490494e-01	9.8203625883132197729080048383610347e-06	2.7139013828630089826314235174015138e-03
3.8339706029622379766991626643679646e-03	4.9723352678857934434563020237805208e-01	9.8554089749289979279893249691846172e-06	2.7187396425454202563405655436009469e-03
3.8200109373399681188940712674395009e-03	5.0811832418019440414835645427544312e-01	9.8914245625422253312455635670329122e-06	2.7237027486817996332638829849835181e-03
3.8057750081758106678103787412864476e-03	5.1902322584749663288605643323106906e-01	9.9284250145213405457152841828949112e-06	2.7287921725195463099496875521972225e-03
3.7912639440914642980063856978602038e-03	5.2994874007421586784989810665325100e-01	9.9664265470408896274608493315882897e-06	2.7340094327985320451739776064712888e-03
3.7764788998746111099674114279858718e-03	5.4089538131591697790674134519633129e-01	1.0005445946603187290354103869633865e-05	2.7393560970037312721604608927532301e-03
3.7614210566711510181234319874500139e-03	5.5186367039756455403756638701217314e-01	1.0045500588357147587032266222188074e-05	2.7448337826699020636483736234099467e-03
3.7460916221829498369969747279952160e-03	5.6285413471641374742801874668083631e-01	1.0086608455251944582002641198947290e-05	2.7504441587404934274746172734689069e-03
3.7304918308712167944591860315530410e-03	5.7386730845044868779755572946980418e-01	1.0128788158065330360926041539581476e-05	2.7561889469830695572560482307595562e-03
3.7146229441656315151123632304557502e-03	5.8490373277259931749671515592286771e-01	1.0172058956348739503215899821862241e-05	2.7620699234636633528888651858116982e-03
3.6984862506793449881065632206066393e-03	5.9596395607097738025395660224195710e-01	1.0216440780333755394431072920712623e-05	2.7680889200826001890575330698461808e-03
3.6820830664299836698274138833638766e-03	6.0704853417538273611541314011349838e-01	1.0261954253847114757396163733690493e-05	2.7742478261744690076702522240197202e-03
3.6654147350667906808455594674890458e-03	6.1815803059034216680273718271868582e-01	1.0308620718284193621565487170415799e-05	2.7805485901750618362344228939259189e-03
3.6484826281040430466951242810210890e-03	6.2929301673495442117305390615764824e-01	1.0356462257693862580159753309562484e-05	2.7869932213582553186517272062327949e-03
3.6312881451608891122907881114831501e-03	6.4045407218982746365407287266016058e-01	1.0405501725030734496110589538617418e-05	2.7935837916459693565090030440414210e-03
3.6138327142077556394110934544195303e-03	6.5164178495140676675728931491283679e-01	1.0455762769634167725069322928948506e-05	2.8003224374945091083317622516480427e-03
3.5961177918194796854780055219267506e-03	6.6285675169400707188530082421508249e-01	1.0507269865996947452091239497502306e-05	2.8072113618607780374357685263859329e-03
3.5781448634353261701870903321549175e-03	6.7409957803987437320825798062657340e-01	1.0560048343890363122155853383427460e-05	2.8142528362520421409823390989336869e-03
3.5599154436260580752886905083533090e-03	6.8537087883762000287647250772549784e-01	1.0614124419916448732848201078885279e-05	2.8214492028631296917311859560970916e-03
3.5414310763682325034854814292317538e-03	6.9667127844938466089380367908735640e-01	1.0669525230562473932027509283858889e-05	2.8288028768051675954162979345643545e-03
3.5226933353259023571285941481088488e-03	7.0800141104710709161716867461795169e-01	1.0726278866837387966396597585725047e-05	2.8363163484301856885979089078708222e-03
3.5037038241399101989719606343194959e-03	7.1936192091828991673348732576962558e-01	1.0784414410574847802023140307982982e-05	2.8439921857561649198029993042954548e-03
3.4844641767249679392110131362695995e-03	7.3075346278167395128485940610496424e-01	1.0843961972492730284196512482761521e-05	2.8518330369973653896180081911590011e-03
3.4649760575747233696816872447750643e-03	7.4217670211325221868583522297004376e-01	1.0904952732104662146049888408003161e-05	2.8598416332050467715963163763900658e-03
3.4452411620750222525390158697515148e-03	7.5363231548307591108692913736194476e-01	1.0967418979585129349582737616489497e-05	2.8680207910239878802982372592761807e-03
3.4252612168255826829509340399095287e-03	7.6512099090332678619381203255069231e-01	1.1031394159696179402680695936189880e-05	2.8763734155705253743555010834420218e-03
3.4050379799703068002383583564903302e-03	7.7664342818815402937570981344604230e-01	1.1096912917890640338109439864816957e-05	2.8849025034381651621739291345970947e-03
3.3845732415364636373614671561696385e-03	7.8820033932579852495556882723540790e-01	1.1164011148714184253844725043914811e-05	2.8936111458371755079458106454555581e-03
3.3638688237829859936429845471689983e-03	7.9979244886355386354095999095720637e-01	1.1232726046636501153338625072725177e-05	2.9025025318749497292452716630324399e-03
3.3429265815581337102060701627136680e-03	8.1142049430614136041248116891747193e-01	1.1303096159450363213138880200283050e-05	2.9115799519843304796662163885149232e-03
3.3217484026667856430627031441906486e-03	8.2308522652810597788173447023454367e-01	1.1375161444386497270349108142420904e-05	2.9208468015075188094748875541341338e-03
3.3003362082476329876775722788881286e-03	8.3478741020087144457245036129969207e-01	1.1448963327101995162415603496093352e-05	2.9303065844436515395656140573445266e-03
3.2786919531605574350839556189484806e-03	8.4652782423512616769215862573311234e-01	1.1524544763710533045317894337032884e-05	2.9399629173686221856694053220720890e-03
3.2568176263844889586407329378055609e-03	8.5830726223924687070674098886116003e-01	1.1601950306034002473471574384375221e-05	2.9498195335362461341305298960147721e-03
3.2347152514260498692622250960946579e-03	8.7012653299450439857887400739506889e-01	1.1681226170267343886722165770451145e-05	2.9598802871704326051572448106937493e-03
3.2123868867393041640740889146613236e-03	8.8198646094783596692432096998761272e-01	1.1762420309261489342839728906277751e-05	2.9701491579586269750526434399222285e-03
3.1898346261569441593977181105899385e-03	8.9388788672301045291996638839716925e-01	1.1845582488643444683041960776585820e-05	2.9806302557574303406385774839876057e-03
3.1670605993332599761194915652461315e-03	9.0583166765105831023200386750070524e-01	1.1930764367007758028910845434079672e-05	2.9913278255219921395357817113924241e-03
3.1440669721992516683039742771358667e-03	9.1781867832088552723459648169572205e-01	1.2018019580430025924694619168810141e-05	3.0022462524715098249647668233979258e-03
3.1208559474302586910233765816324101e-03	9.2984981115104194214475264460967454e-01	1.2107403831570783881309364869015862e-05	3.0133900675039609905837414693666040e-03
3.0974297649264970298404582562983934e-03	9.4192597698366840171476041458002988e-01	1.2198974983657227784183056773400992e-05	3.0247639528740422596803107513695834e-03
3.0737907023069107037951628623642042e-03	9.5404810570170494110546060749067931e-01	1.2292793159650840790398468866173795e-05	3.0363727481492003913224586323516940e-03
3.0499410754167615504485165872527207e-03	9.6621714687050363044236777797587626e-01	1.2388920846931293274044044677857705e-05	3.0482214564596195371915518452876926e-03
3.0258832388493992528239763022274427e-03	9.7843407040505525867325187087733616e-01	1.2487423007851090809116765223653650e-05	3.0603152510590799984185921670066500e-03
3.0016195864826725244242373255252390e-03	9.9069986726410891141743005500186403e-01	1.2588367196541531694032018195686755e-05	3.0726594822147342889425506671069722e-03
2.9771525520304622837749012662734475e-03	1.0030155501725380757811059751726585e+00	1.2691823682378782184527212800053739e-05	3.0852596844450624856329598427226674e-03
2.9524846096098385817191169643827275e-03	1.0153821543733865287922136750067105e+00	1.2797865580549483760003554117114963e-05	3.0981215841265780365595594390188051e-03
2.9276182743243650544878451049648374e-03	1.0278007384111123249203571123137231e+00	1.2906568990188492056542356560202628e-05	3.1112511074912653988764559422808008e-03
2.9025561028640978292021579192203318e-03	1.0402723849476391132891369299845664e+00	1.3018013140597353786159036424882650e-05	3.1246543890382508409566594465163764e-03
2.8773006941228501763425828289073391e-03	1.0527982016129212445216340899905409e+00	1.3132280546091223370750829046661394e-05	3.1383377803848470666004829458454649e-03
2.8518546898333198612408864252748226e-03	1.0653793218918331687587396944552065e+00	1.3249457170064400465580996864173524e-05	3.1523078595838815314844395288051469e-03
2.8262207752207031745860203315388617e-03	1.0780169060493050224631451253999916e+00	1.3369632598910859523964701732350912e-05	3.1665714409361289846337589399355120e-03
2.8004016796754481068773753311538410e-03	1.0907121420957456428585398540494934e+00	1.3492900226486404341165170505019911e-05	3.1811355853287335851565177972295793e-03
2.7744001774458291665845684152784255e-03	1.1034662467949221792410228885600663e+00	1.3619357449853814239547689071630488e-05	3.1960076111327388894220515681934100e-03
2.7482190883510580261725831371934758e-03	1.1162804667166026925673414022520739e+00	1.3749105877111997775911948970674201e-05	3.2111951056952604565444366316624015e-03
2.7218612785156776211892574189424380e-03	1.1291560793364154158793864382835317e+00	1.3882251548175226719799162735093497e-05	3.2267059374644527245808236067146871e-03
2.6953296611260226403498974977330345e-03	1.1420943941855365266486221877281657e+00	1.4018905169439534157760750467957386e-05	3.2425482687882578496024838883150526e-03
2.6686271972095666527263396176483806e-03	1.1550967540529882749157692727601140e+00	1.4159182363350933549836403954727281e-05	3.2587305694309999940666692839229320e-03
2.6417568964380155549069564862620254e-03	1.1681645362435121217490655120539217e+00	1.4303203933974926539922965574685910e-05	3.2752616308552268762098693402548462e-03
2.6147218179550487297223993704387512e-03	1.1812991538941782704425555512051205e+00	1.4451096149759569425272061135354208e-05	3.2921505813198264310210844406213671e-03
2.5875250712296534433351310148106819e-03	1.1945020573531048233930210240173225e+00	1.4602991044786001145256056688066620e-05	3.3094069018493880545594629963787601e-03
2.5601698169360447357783673171489140e-03	1.2077747356238880934353764872986364e+00	1.4759026739911736701475950665155490e-05	3.3270404431340659781004635869072923e-03
2.5326592678612125611916688881695854e-03	1.2211187178795917923269954479386865e+00	1.4919347785334246263519766614868642e-05	3.3450614434238710770377352587589774e-03
2.5049966898411904021907380860026713e-03	1.2345355750504085080586542015069557e+00	1.5084105526236543139022698657818229e-05	3.3634805474864048540672790278540055e-03
2.4771854027271952278513076406657126e-03	1.2480269214893938239396157655806797e+00	1.5253458493324004820221786964938700e-05	3.3823088267025976577539750139065490e-03
2.4492287813828477136099562398713536e-03	1.2615944167209835612411534112422033e+00	1.5427572820223920649058889065011772e-05	3.4015578003810693520769186080076631e-03
2.4211302567137443396064953875820173e-03	1.2752397672773400770302902630934166e+00	1.5606622689897947180820497701028068e-05	3.4212394583783469071425578003222089e-03
2.3928933167307195976701463146680897e-03	1.2889647286279366738667295214437137e+00	1.5790790812414611823441717484479248e-05	3.4413662851194079899178148205287933e-03
2.3645215076482073547133462955250939e-03	1.3027711072081825786123881862812576e+00	1.5980268936646322020458636398098863e-05	3.4619512851209375941437224643661868e-03
2.3360184350191857546801764834736474e-03	1.3166607625533174988645399581813716e+00	1.6175258398695359581742918123311564e-05	3.4830080101283586633585512527094867e-03
2.3073877649082702322149272001344461e-03	1.3306356095442676497591936392615201e+00	1.6375970710118715896078133602957354e-05	3.5045505879872087205474056099231775e-03
2.2786332251046046281842090245310548e-03	1.3446976207726578870583371587445541e+00	1.6582628189315343525085953888654447e-05	3.5265937533798736216249979869266697e-03
2.2497586063762914418288359856565069e-03	1.3588488290327210954851969248098854e+00	1.6795464639764843032247720407059929e-05	3.5491528805701585878622527580154433e-03
2.2207677637681993640106110425042059e-03	1.3730913299484406069662381102001008e+00	1.7014726079167596814670630263731190e-05	3.5722440183107899929089953618070330e-03
2.1916646179450898873673434592335651e-03	1.3874272847449089894460903026034307e+00	1.7240671523937240818343698170427112e-05	3.5958839270828274723121818108281694e-03
2.1624531565821155020561917020754969e-03	1.4018589231735924261508586758424545e+00	1.7473573833942052519248995094172011e-05	3.6200901188512693485701910394010142e-03
2.1331374358048603277190280870869500e-03	1.4163885466019600842934781232459614e+00	1.7713720622887924051039717422696599e-05	3.6448808995380179769499154965083229e-03
2.1037215816812206236016368832361836e-03	1.4310185312787790299002426381217731e+00	1.7961415240288450823360123982933663e-05	3.6702754144320191211172609976534601e-03
2.0742097917675581379128523808268571e-03	1.4457513317872948414220909034134302e+00	1.8216977831584557221030756679188833e-05	3.6962936967770083678859562340243349e-03
2.0446063367117044475109125676424502e-03	1.4605894846995244516895789647614626e+00	1.8480746483665288655091488653428187e-05	3.7229567198001225997319159807693999e-03
2.0149155619155501142947837818488059e-03	1.4755356124459902475418029248170904e+00	1.8753078463812397832374995578144774e-05	3.7502864524699315257816501007484339e-03
1.9851418892601195389725189536457985e-03	1.4905924274164335538828420550877526e+00	1.9034351560954992133650184471333517e-05	3.7783059193005148117069946800212407e-03
1.9552898188962118079461123073783585e-03	1.5057627363083730847428862893824348e+00	1.9324965539089232429420028453768590e-05	3.8070392645493970590388363791610845e-03
1.9253639311038806845936581717607625e-03	1.5210494447418329809244927250329789e+00	1.9625343713806177696455357057205620e-05	3.8365118211918455772103890678958912e-03
1.8953688882242343810001440508132712e-03	1.5364555621601705595227152077360760e+00	1.9935934664094806043963638737606659e-05	3.8667501850926787706512149556594615e-03
1.8653094366672591705413246409824595e-03	1.5519842070387026610955504325572466e+00	2.0257214092965975792923782504489553e-05	3.8977822948398330179836958394225044e-03
1.8351904089996117117794564129920612e-03	1.5676386124247804502798653301230312e+00	2.0589686851998519975855616965283444e-05	3.9296375177520727445019172136790706e-03
1.8050167261165847477933063620585415e-03	1.5834221318351171412798764790987195e+00	2.0933889146666129255018029098392545e-05	3.9623467426270656854399722210899645e-03
1.7747933995027313901881140032182767e-03	1.5993382455385556608472237004499427e+00	2.1290390941292535477981555053433501e-05	3.9959424798563444262550556451022049e-03
1.7445255335859364520030662682511236e-03	1.6153905672551012730959816623943847e+00	2.1659798584736858234049137403218207e-05	4.0304589696013110174972439814373869e-03
1.7142183281900514308886723802105925e-03	1.6315828513049689729582512020814754e+00	2.2042757680470491078099813818077631e-05	4.0659322988004208729883406947195818e-03
1.6838770810915651761883600426365768e-03	1.6479190002446426354256548656753166e+00	2.2439956227617831163397085997330982e-05	4.1024005278631667325134833463358225e-03
1.6535071906861676848233260723185275e-03	1.6644030730305531081013682943473838e+00	2.2852128062849523084412084053369541e-05	4.1399038280028152624258524359541939e-03
1.6231141587714828507178576314127893e-03	1.6810392937550020545425101901068148e+00	2.3280056636801941983657257784619114e-05	4.1784846302685816424365253431713210e-03
1.5927035934527006758708659171663511e-03	1.6978320610034404904242570533571596e+00	2.3724579163024583501695347003448743e-05	4.2181877874608637145315873480654881e-03
1.5622812121783341639463320798484853e-03	1.7147859578872164739988634909398729e+00	2.4186591182415104895910803325636787e-05	4.2590607502523922469490887100438374e-03
1.5318528449138650284889089939721462e-03	1.7319057628115052350239157792882188e+00	2.4667051591792791715310876643789254e-05	4.3011537589961284486218525258099106e-03
1.5014244374616301300136694609955740e-03	1.7491964610444076225302778937436795e+00	2.5166988191806665242651203780932098e-05	4.3445200528803036608014195619566963e-03
1.4710020549359424544757291551095766e-03	1.7666632571602419245296718238691509e+00	2.5687503816918119746045767593509690e-05	4.3892160982954834135004126020657336e-03
1.4405918854031423581395513728232027e-03	1.7843115884379671121965630864912837e+00	2.6229783118910615675439791689866628e-05	4.4353018385118591204449388102777149e-03
1.4102002436970433745599591184438652e-03	1.8021471393045866009800508036334410e+00	2.6795100085463748790467272867924445e-05	4.4828409670317224898666289621751388e-03
1.3798335754210796056913216738731596e-03	1.8201758569234348817960763434427429e+00	2.7384826387028435719631457007708324e-05	4.5319012272876774526790185154766507e-03
1.3494984611493870773097154453544149e-03	1.8384039680386125966549655644593872e+00	2.8000440658844131878758558009760579e-05	4.5825547417079920730093015844615235e-03
1.3192016208400690301097974520236996e-03	1.8568379971997044247828484768845836e+00	2.8643538840796059601283252097494368e-05	4.6348783735741693422150110580112783e-03
1.2889499184750158387582733101416751e-03	1.8754847865055171745628603896247587e+00	2.9315845716339317645722875646688021e-05	4.6889541255613246067113448521206320e-03
1.2587503669418864941338354098818260e-03	1.8943515170221807268059744633643991e+00	3.0019227813423142605167406237857399e-05	4.7448695793900217919911054731426902e-03
1.2286101331752244716305816513881913e-03	1.9134457320498768218423825617852426e+00	3.0755707855844748510592504305803424e-05	4.8027183816416482006538401658946985e-03
1.1985365435751924703274213928065896e-03	1.9327753624340710942472684718431920e+00	3.1527480983491744736985814727606952e-05	4.8626007815135411120673240114624890e-03
1.1685370897240864070069529198035616e-03	1.9523487541418604997448485001610254e+00	3.2336932995401393727871013805846006e-05	4.9246242271333543285462343929889178e-03
1.1386194344226503683900232512426775e-03	1.9721746983524306076107868644048423e+00	3.3186660911582135791480016284290198e-05	4.9889040280367915274301644049362002e-03
1.1087914180702853264911996746860158e-03	1.9922624643432621985758432112621536e+00	3.4079496199467849246281274685567575e-05	5.0555640925657104309288619010826323e-03
1.0790610654155533933905737045620891e-03	2.0126218354913697294511573444022761e+00	3.5018531070383278526968447177493794e-05	5.1247377502973286965858253201095714e-03
1.0494365927059586996006622659207404e-03	2.0332631487523750281329587532692914e+00	3.6007148322560929611626087252424217e-05	5.1965686712095508585899777921605218e-03
1.0199264152688732531105399110051288e-03	2.0541973380306732816960366246286975e+00	3.7049055292636112373107593904042919e-05	5.2712118951708204493864809919197460e-03
9.9053915555871510610228001699366080e-04	2.0754359819126053247644646397269360e+00	3.8148322580361567454541767537098667e-05	5.3488349875749255008991794928330223e-03
9.6128365170912779500786448119706336e-04	2.0969913563029452258506787570392526e+00	3.9309428335536372829210175935290918e-05	5.4296193395951840969073353122252789e-03
9.3216896663301391475829566361182409e-04	2.1188764925850063875107163790402061e+00	4.0537309046877078735792636806075965e-05	5.5137616346991010887962333184897021e-03
9.0320439771791171662100779694969734e-04	2.1411052420185284977453804522618672e+00	4.1837417956139592727944508337154008e-05	5.6014755068565504639937910569071507e-03
8.7439948716945398881240415269786865e-04	2.1636923472000008503429311394328713e+00	4.3215792445308609746159427996511137e-05	5.6929934204323024642027517657596713e-03
8.4576403306161023123666803557556412e-04	2.1866535215406034688458251312140965e+00	4.4679132020412906243919482436785058e-05	5.7885688072533566359059767870872108e-03
8.1730810115920122381590681308821601e-04	2.2100055378716956323103877385164424e+00	4.6234888855711568003258187611132906e-05	5.8884785030047805852524984349725156e-03
7.8904203758592618395445058433464171e-04	2.2337663274719396825947819245984572e+00	4.7891373283658417787885562989745397e-05	5.9930255332151849741591318790278571e-03
7.6097648242001992916197888041586627e-04	2.2579550910301710907022624300472804e+00	4.9657877141266248364518006880583618e-05	6.1025423090015583625680048506906209e-03
7.3312238430985626322941422842993688e-04	2.2825924233220844867742809613439784e+00	5.1544818541047647237284711781951619e-05	6.2173943049095656428000968006288818e-03
7.0549101621356938137807235716364336e-04	2.3077004536968438208817708061048449e+00	5.3563912462380244426896856309023791e-05	6.3379843061970363243210090922330033e-03
6.7809399238036169063664741418629863e-04	2.3333030048546625820069587863250361e+00	5.5728372606820908113551622633486620e-05	6.4647573315255549386150714198242134e-03
6.5094328670694918681273367632990703e-04	2.3594257728645304416390153471843920e+00	5.8053151294916713894455582500033932e-05	6.5982063602380864027770287002642151e-03
6.2405125262098547337884771840554968e-04	2.3860965319434188305419335414437045e+00	6.0555225891281912987428160720644314e-05	6.7388790225077496680689181136549195e-03
5.9743064466481895931465185688192122e-04	2.4133453682212857182895167823630625e+00	6.3253942449030371372908059630569888e-05	6.8873854473582840084717405354182130e-03
5.7109464197821123549868272837869328e-04	2.4412049475847401508706073463966612e+00	6.6171430127162136238913030154467053e-05	7.0444075101600674188977703662872382e-03
5.4505687390846721059447793599399532e-04	2.4697108237716086524427890619266526e+00	6.9333103678903225349641985844176690e-05	7.2107097807520239078465662284489192e-03
5.1933144801178341966539240770012827e-04	2.4989017942383795430153287183601773e+00	7.2768276244856957661267906259575168e-05	7.3871525499577699384075471953630730e-03
4.9393298075174509356657185154582322e-04	2.5288203130214008875726497060291815e+00	7.6510911244562437102973796809176703e-05	7.5747074115806083379550962995489251e-03
4.6887663125135548939206693219470619e-04	2.5595129719660168124479896400994920e+00	8.0600550953716789708637367901343301e-05	7.7744760067157475870434181074939594e-03
4.4417813851574797269708422669558067e-04	2.5910310644473226088625447217103356e+00	8.5083471251648956791865042866766796e-05	7.9877127081581784583023448126043885e-03
4.1985386261635744143147697640333671e-04	2.6234312492446863377780424694559747e+00	9.0014128278604788718536478956807702e-05	8.2158522498943552740960550313624380e-03
3.9592083041710155202914667929980545e-04	2.6567763368243880116096040475829611e+00	9.5456985184658878907481638108697668e-05	8.4605436115451353614714314821391366e-03
3.7239678653332979209231657094717582e-04	2.6911362262981674952159897130262356e+00	1.0148883848546079527463850500842055e-04	8.7236918808965093475313664915851534e-03
3.4930025035057651609223589858692185e-04	2.7265890292760792193714163942790132e+00	1.0820180781523704188357383229997394e-04	9.0075103839706479993459887422140609e-03
3.2665058009998874258546485544331817e-04	2.7632224274530151002887296593625299e+00	1.1570721624247129830771547279159258e-04	9.3145861572505012224458085395053312e-03
3.0446804520073792604710190154975776e-04	2.8011353251152581861362298101648771e+00	1.2414068029878144961962681607304708e-04	9.6479629390388868442566906854587175e-03
2.8277390835040469164927665867754927e-04	2.8404398773681243118730219808423175e+00	1.3366886440647031500981610694489208e-04	1.0011247425869293226045651114539375e-02
2.6159051919098561557112076012571583e-04	2.8812640020541660169669554106443424e+00	1.4449855738052423434045372257850406e-04	1.0408746806065794800701567423155092e-02
2.4094142182690366292346497591248509e-04	2.9237545215000867028322569842020391e+00	1.5688903815195553017273020512959366e-04	1.0845648908839957984048151501907724e-02
2.2085147905906739060531917012238578e-04	2.9680811346904041649264569469905749e+00	1.7116917892703848274252565095167025e-04	1.1328261276077153534617178462872832e-02
2.0134701697851295136973902746891169e-04	3.0144414995016501544427741994590312e+00	1.8776149794038253020915925194979147e-04	1.1864333030560582296849403080470143e-02
1.8245599461170797026638300258377066e-04	3.0630678214995449767380637201134455e+00	2.0721661602244652809076791282151752e-04	1.2463495184301065750684391284398728e-02
1.6420820474213014666690615029825831e-04	3.1142355222319619619798242311599231e+00	2.3026364406926555597240723707880461e-04	1.3137873774786189240395056722548077e-02
1.4663551402394402300024505518824120e-04	3.1682748325179748163993050651939884e+00	2.5788559024082437108237082134638746e-04	1.3902960861303378705157081938837623e-02
1.2977215332531617071761745607480093e-04	3.2255865883625829928687035422145538e+00	2.9143519957275725989934929743238092e-04	1.4778880009971773356037681029014027e-02
1.1365507332542583697968389253361824e-04	3.2866642125436559020764846996597852e+00	3.3281829115522162128886795497187067e-04	1.5792272710690635112959949787627363e-02
9.8324386455386324648348722534452799e-05	3.3521250554280293283343459301044459e+00	3.8479405923773868500415106933496462e-04	1.6979194560834717245852982817150532e-02
8.3823925536325354256863365950838705e-05	3.4227563561599323109062790163465854e+00	4.5148703148022926216633088264276580e-04	1.8389716797927341306774590733280027e-02
7.0201964082962667590658183744031923e-05	3.4995849126790850417762719149351214e+00	5.3930207164777868656140400538140572e-04	2.0095538517147480486886529065034341e-02
5.7512167201088814197652880014388297e-05	3.5839869442253030352545025345536241e+00	6.5865509594447408878883089397797239e-04	2.2203202382039523327614797401095365e-02
4.5814883115582535700966616996700040e-05	3.6778698478371761049528103354262623e+00	8.2748201977393475809032527073112629e-04	2.4878429979917164234413987098968667e-02
3.5178959873601008748860004732639573e-05	3.7839913756101317814967383124738422e+00	1.0790015345952009911735354026398083e-03	2.8394351999847189280354530013843011e-02
2.5684416229428147498319613278521760e-05	3.9065646009748827065041095110123602e+00	1.4809524700768857514159385911420740e-03	3.3236598951427371790776183219794578e-02
1.7426600422743460769748537451873805e-05	4.0525272971420114049758209736175681e+00	2.1912598892618131495818384450595865e-03	4.0363456012049908894400694257583607e-02
1.0523184353903795701407915910086405e-05	4.2346160500056471576366676085709805e+00	3.6604426011340689722370562018687894e-03	5.1979480169450347949609754826680321e-02
5.1271983467142898331872346831973371e-06	4.4806571303091520241415328059592875e+00	7.7163850573457033424713774140553751e-03	7.4624255118063807598673007937037384e-02
1.4465240681560916409233723790149197e-06	4.8758837558521766202438426081801114e+00	3.6460458317247714156838930648127480e-02	1.4276537879420116409392848883601107e-01
0.0000000000000000000000000000000000e+00	0.0000000000000000000000000000000000e+00	1.5719153568002829919710972466782737e-05	3.1953126352066660159174212100255415e-03