1.3446881697212523081106214709547663e-06	-4.8902899217187407100653392107912386e+00	3.6272310904630467710999481121046587e-02	1.4238605479913754506723311826870379e-01
4.7688064363691349908426195412487837e-06	-4.4961506356959366002724946843033115e+00	7.6717399966658190237062651746022827e-03	7.4406710134826982288121693204741544e-02
9.7919510863407094381826161493227759e-06	-4.2508506232907902667213310581279493e+00	3.6376024035296279812322902667421226e-03	5.1816556586210479899508192202874651e-02
1.6221832035172780112331163827082973e-05	-4.0693484709288230345807005472469712e+00	2.1767468630812175595715576270679209e-03	4.0229317736822957940988154750453799e-02
2.3916841302371844505511051554428521e-05	-3.9238824040702419681454289656039609e+00	1.4706421102779696359898859371886375e-03	3.3120554404360008659328486417265757e-02
3.2768075414369906796251214279754346e-05	-3.8017460899197527019873667407425467e+00	1.0711575791241415671877978150582749e-03	2.8290860666116159549466864966427133e-02
4.2687281122149351068865804953474081e-05	-3.6960185887406425927744568185880603e+00	8.2123112928526851707012826210336324e-04	2.4784218932906980872194124583862611e-02
5.3600386301759601085645261231923726e-05	-3.6024972440152533379295405388037590e+00	6.5350403852621526879787103072215912e-04	2.2116163156515690278125899965940675e-02
6.5443653120184073366049996080422361e-05	-3.5184312387555392517264590211745838e+00	5.3494850041845527043898059374936132e-04	2.0014226100804476542877279777567577e-02
7.8161207376706004560066126453293245e-05	-3.4419180470044812564434587506921358e+00	4.4773390781904557175545822382242241e-04	1.8313093735118832004979339427241075e-02
9.1703357931924214737707406227537310e-05	-3.3715850140591956629816423126687186e+00	3.8150671741432093265940114183107337e-04	1.6906488501181307629741589245432370e-02
1.0602540192358953473245670497745292e-04	-3.3064080364041709547395240236979208e+00	3.2990112352903694226347806728521175e-04	1.5722891693899030085260376460633864e-02
1.2108674507506400620105370507211725e-04	-3.2456019659134135285590433036428338e+00	2.8881817979207979817551272159605361e-04	1.4712359374568966179513089775937557e-02
1.3685023531490700725770725159845776e-04	-3.1885511107151249043566722022436652e+00	2.5551607799705460194784172189085283e-04	1.3838928521643621731632027464698582e-02
1.5328164594861437176600090731967734e-04	-3.1347633878324631729617689386090458e+00	2.2810118772225767303288358771509232e-04	1.3076026692035579774309835697493450e-02
1.7034926678572011580655055886017746e-04	-3.0838390607017833401219468598574315e+00	2.0522953764066088654668117265163962e-04	1.2403582938352240855904205180567294e-02
1.8802357514421667086243512791405515e-04	-3.0354488130065343570364087084844749e+00	1.8592458052565509225587754168786157e-04	1.1806146052246489648810190928350376e-02
2.0627696722259772968260639659592800e-04	-2.9893179929179154782572892365878769e+00	1.6946205853940700724018126998542362e-04	1.1271622228592741534945744181947424e-02
2.2508353594115490039666025760576464e-04	-2.9452150495102121929995743653424450e+00	1.5529506022349049045098171921364751e-04	1.0790406251963398061688680761165815e-02
2.4441888513433793336807129653569275e-04	-2.9029428868451165186077147224735217e+00	1.4300394663680778822118003449421808e-04	1.0354769907405546404295914940807302e-02
2.6425997258621973376885229634189141e-04	-2.8623322923061585742344725906543011e+00	1.3226211151375622236456334577448479e-04	9.9584227903529271010751434984663293e-03
2.8458497624310409724083854806889048e-04	-2.8232368676701097513612345184882540e+00	1.2281208133402598702602069307102417e-04	9.5961912610153362834706147069970120e-03
3.0537317926251643080264304519043339e-04	-2.7855290674016177674488888102806949e+00	1.1444852189004509711529991881406686e-04	9.2637799873315791446324997386977172e-03
3.2660487052781320614166743883424950e-04	-2.7490970652388104086377563476885440e+00	1.0700595264087224913175536137539766e-04	8.9575922618349905714534279144185641e-03
3.4826125797874936176410401846087970e-04	-2.7138422489780277480884611643205766e+00	1.0034972951849147913237802600959260e-04	8.6745928258601682480849702630607841e-03
3.7032439265199500417521426336070576e-04	-2.6796771976903982147031525899733728e+00	9.4369335020507535073969739565566479e-05	8.4122018910647719326746654393516526e-03
3.9277710174072308156272669732716543e-04	-2.6465240336762872860014582599835756e+00	8.8973322013903268698791658104070943e-05	8.1682123663110529413843362398040440e-03
4.1560292930309421812796368854186029e-04	-2.6143130685638340620891033195524776e+00	8.4085459421695391366383183441170532e-05	7.9407245585055149883157175359811316e-03
4.3878608349988037471280334449655151e-04	-2.5829816825229770477802915585274333e+00	7.9641762662955232960533903487462287e-05	7.7280941810181176966791572704685097e-03
4.6231138943893026961578304304440247e-04	-2.5524733898769815367327708684708292e+00	7.5588183129977096790358929221169487e-05	7.5288906029082211978577331768920647e-03
4.8616424686130241497006337009913166e-04	-2.5227370549873768713878807180349265e+00	7.1878793964623905531209604288188974e-05	7.3418630553693709856516777602680021e-03
5.1033059202997064756339942437023751e-04	-2.4937262302184630419454502359425277e+00	6.8474353391988424917010803194895200e-05	7.1659130766898050339594388758935092e-03
5.3479686328396752139663588093393249e-04	-2.4653985937855207977555709251823258e+00	6.5341158004046215148743529434873377e-05	7.0000718892458440131291115242867595e-03
5.5954996980388746856102734706214615e-04	-2.4377154698712008445835942949300503e+00	6.2450120684869306672106866105921623e-05	6.8434817061477378592192099223152388e-03
5.8457726320278918590032041001158362e-04	-2.4106414169238558949326041500591711e+00	5.9776024019439445738512680857446923e-05	6.6953801917859647898311279994149439e-03
6.0986651161275765950824007727748301e-04	-2.3841438727939129121988715960837348e+00	5.7296911848467029251084354966065328e-05	6.5550874710269897102291523402607824e-03
6.3540587598406506144473113337348150e-04	-2.3581928475120600339103858003615898e+00	5.4993590368050659498831379767759562e-05	6.4219952112267231498131137083019985e-03
6.6118388835284313885872617433528203e-04	-2.3327606562074613362923119691792426e+00	5.2849216689803096163478026569392067e-05	6.2955574002891607816790220993695638e-03
6.8718943186589124100862423110231332e-04	-2.3078216860103886989091414097178235e+00	5.0848957680426289588344082021347478e-05	6.1752825204166916818048737770156448e-03
7.1341172237883642866093112353311182e-04	-2.2833521918601856198092273345752707e+00	4.8979705619322254632940498313825995e-05	6.0607268765898215092855600455071633e-03
7.3984029146724565019909025709700093e-04	-2.2593301170057115415434092815496560e+00	4.7229840056274413001007873393940887e-05	5.9514888852954644331558986395434396e-03
7.6646497071019479521584704317564621e-04	-2.2357349346865293485913961079040843e+00	4.5589027440796209017409637272791292e-05	5.8472041656420156662680067261417836e-03
7.9327587712281441584903455760382721e-04	-2.2125475080537244935908355082892655e+00	4.4048051792461094493368540880435127e-05	5.7475413040299366587178291338486540e-03
8.2026339962893470931967722563541433e-04	-2.1897499658561182111797755003553052e+00	4.2598671006525785596545774827101512e-05	5.6521981866982665133835069727576289e-03
8.4741818647753252905288570817323465e-04	-2.1673255918015383874548018895934663e+00	4.1233494429711077849794702197572792e-05	5.5608988130353046627565818607646519e-03
8.7473113351756003331746166305294895e-04	-2.1452587258199907859221919527558511e+00	3.9945878163019174090770538992184981e-05	5.4733905175134094974419616775683319e-03
9.0219337325517107126402303272732161e-04	-2.1235346757188165317811981535035196e+00	3.8729835201505842496556310251267543e-05	5.3894415402417806007765995465743815e-03
9.2979626462557514352425103732438031e-04	-2.1021396379393465261958185870146649e+00	3.7579958042515753801755429585108331e-05	5.3088388960131702958168939614645451e-03
9.5753138341892059356984501101225464e-04	-2.0810606263082193813361593752998867e+00	3.6491351812628069216792136479264819e-05	5.2313864998061404322835377332515238e-03
9.8539051330588950140490914870881532e-04	-2.0602854078308542015065766523902650e+00	3.5459576301376574677602016498544836e-05	5.1569035133497817053985020127581741e-03
1.0133656374142030118598835872032535e-03	-2.0398024447047372274937250317558937e+00	3.4480595563620787985975776662291862e-05	5.0852228828426069740766495348293679e-03
1.0414489304120938913863254272188251e-03	-2.0196008418403704004120302029502147e+00	3.3550733975374795111317182455088912e-05	5.0161900424627544567699688212873657e-03
1.0696327510590927532000877637859346e-03	-1.9996702992713299193885033490915594e+00	3.2666637810185178789302889653989200e-05	4.9496617620883044372004959095878633e-03
1.0979096351882716807823393329554619e-03	-1.9800010689146556281983244009690002e+00	3.1825241552813964510145373287556359e-05	4.8855051208045559401371869160245214e-03
1.1262722890874585654841059064763610e-03	-1.9605839152109971809628595064296076e+00	3.1023738290351064448004948396735021e-05	4.8235965904218628591420113962548369e-03
1.1547135832499324872463987919994381e-03	-1.9414100792324365927941860866780312e+00	3.0259553622960332637363174015918475e-05	4.7638212154535433477816707917653424e-03
1.1832265464677820686994477324281361e-03	-1.9224712458962196482900148118693036e+00	2.9530322621236693561289595951862340e-05	4.7060718778815921202938965412741627e-03
1.2118043602434953843572930270162515e-03	-1.9037595139660276404111031276497262e+00	2.8833869427800690951477015786669913e-05	4.6502486366278268721129201773207857e-03
1.2404403534974865235353802243622817e-03	-1.8852673685599584055410870104436927e+00	2.8168189159834078497412190363723571e-05	4.5962581329980924990060641074083457e-03
1.2691279975511803274195550314607213e-03	-1.8669876559169387489515279721631446e+00	2.7531431818822357952050924152685439e-05	4.5440130545168356124062470622531582e-03
1.2978609013669991353732483093361096e-03	-1.8489135602015926354791116714310455e+00	2.6921887955480851702355118285707074e-05	4.4934316505512707711529751597506900e-03
1.3266328070281461239327394090283917e-03	-1.8310385821522563211437594954797037e+00	2.6337975873050445747256118108738046e-05	4.4444372939652911980192634194332307e-03
1.3554375854424786035679243125500725e-03	-1.8133565193983807627332102890299638e+00	2.5778230181958000809807286543592058e-05	4.3969580837653929123756472099508484e-03
1.3842692322560285361529194410931678e-03	-1.7958614482924302289246030489619072e+00	2.5241291544144495418704943330916684e-05	4.3509264843225679791852398137291476e-03
1.4131218639628714742439834370237247e-03	-1.7785477071179439975607844668903626e+00	2.4725897466909644372417737323510375e-05	4.3062789972906810054142827350478045e-03
1.4419897141990821688910724891864652e-03	-1.7614098805499893688007017120249505e+00	2.4230874024512939771797771673735504e-05	4.2629558628060459644440801353714580e-03
1.4708671302094567119861056388143583e-03	-1.7444427852570661973730722712800892e+00	2.3755128401509867694704338216036613e-05	4.2209007869554618594066320298115707e-03
1.4997485694765373545047692115419005e-03	-1.7276414565448537841433004671229850e+00	2.3297642165304416364389779951414010e-05	4.1800606928498247267651982180968674e-03
1.5286285965022559571218769696968365e-03	-1.7110011359522153358036318876593330e+00	2.2857465187010549761899635784777968e-05	4.1403854929451701408029266246052379e-03
1.5575018797332232274609714361165028e-03	-1.6945172597187605757927863406021183e+00	2.2433710139724117568771745846364393e-05	4.1018278805189971926496060237870192e-03
1.5863631886213404159131768485419786e-03	-1.6781854480511572487080113993318707e+00	2.2025547511953429945973362947172591e-05	4.0643431384423842143460226754947361e-03
1.6152073908120041270475686571076793e-03	-1.6620014951224010719582222636671255e+00	2.1632201081443167758593212249826869e-05	4.0278889635923125447572051207471118e-03
1.6440294494527188136183875005938569e-03	-1.6459613597445081027460213112434577e+00	2.1252943801121916816353302726319446e-05	3.9924253054276669651413355301256339e-03
1.6728244206154302083974798550405316e-03	-1.6300611566606760488745358228363201e+00	2.0887094054551183799966302256842634e-05	3.9579142174099051178701028282637139e-03
1.7015874508263507389110682647066118e-03	-1.6142971484079520028310377165692497e+00	2.0534012243173842282461125694176387e-05	3.9243197200882249777964540611417609e-03
1.7303137746974687192698280378867472e-03	-1.5986657377059131419209771227917415e+00	2.0193097671954635544241390492920248e-05	3.8916076747916433585118377717441577e-03
1.7589987126543202692015578055755691e-03	-1.5831634603308748117492436314922493e+00	1.9863785703761233594695834278251178e-05	3.8597456669788189790374523953674849e-03
1.7876376687549595589776492983245283e-03	-1.5677869784387400412384373096760862e+00	1.9545545156125059145655770328296512e-05	3.8287028983925082418068452141148706e-03
1.8162261285953918864411883918362793e-03	-1.5525330743028421929623153904498898e+00	1.9237875916909440885350310083014802e-05	3.7984500872507800086091415252637123e-03
1.8447596572970377422337540389457637e-03	-1.5373986444360486399242956225584768e+00	1.8940306757952248900563366366310293e-05	3.7689593757828756148843289399528593e-03
1.8732338975720766442921577290269555e-03	-1.5223806940690236050313926248981922e+00	1.8652393327986921178885152158224006e-05	3.7402042444850403436314524852889781e-03
1.9016445678627791328431801731398692e-03	-1.5074763319589238135908577764418243e+00	1.8373716308119077155300323899408702e-05	3.7121594325317768401790062504706233e-03
1.9299874605511757246000009609318136e-03	-1.4926827655049488586789034984710201e+00	1.8103879714879576546373205698143917e-05	3.6848008638316518597166260274672321e-03
1.9582584402356344654905546664104765e-03	-1.4779972961491133748378872562020017e+00	1.7842509337418062668388637301883091e-05	3.6581055782647844774435567510233838e-03
1.9864534420711254736106392471976845e-03	-1.4634173150423716320322515198220180e+00	1.7589251296768873705668190365258389e-05	3.6320516676821182872103632744741719e-03
2.0145684701701428663277287256633954e-03	-1.4489402989578258995847656073922774e+00	1.7343770716335447687497941313099997e-05	3.6066182162851101245955236581792886e-03
2.0425995960614329300757267323851467e-03	-1.4345638064342046268242454093608537e+00	1.7105750493818808374838798509774101e-05	3.5817852450390590289178179624462298e-03
2.0705429572038434183715239738710355e-03	-1.4202854741341199881299748138529964e+00	1.6874890165776726686598358518796163e-05	3.5575336598043944497163266053282109e-03
2.0983947555527634520374526384263781e-03	-1.4061030134028198296570515277654939e+00	1.6650904856856893161938575881722081e-05	3.5338452028982308119029288690422633e-03
2.1261512561767675539986268079610939e-03	-1.3920142070142482600930319006983277e+00	1.6433524306512260353226282106946603e-05	3.5107024078237181180206392059427874e-03
2.1538087859222117063314707589793247e-03	-1.3780169060922324928383425045023224e+00	1.6222491966690386531023277431254839e-05	3.4880885569274760112746688080963525e-03
2.1813637321236547231083975560358549e-03	-1.3641090271955303869473950768278255e+00	1.6017564164600535505459720382540490e-05	3.4659876417659567539200961042179131e-03
2.2088125413580953765368023237649178e-03	-1.3502885495563117674404225002561626e+00	1.5818509325210684686864187697468833e-05	3.4443843259801749337162454499197572e-03
2.2361517182411252237875348927122185e-03	-1.3365535124624144702683701626992927e+00	1.5625107248618667603919312054806105e-05	3.4232639104950753069822019909956076e-03
2.2633778242631995317041320503250284e-03	-1.3229020127744198125191717979301167e+00	1.5437148437883746740953436685808226e-05	3.4026123008750681979119449495051314e-03
2.2904874766643246114796022900916954e-03	-1.3093322025692378036617166810678903e+00	1.5254433473302529023394369286479156e-05	3.3824159766811066864552155190135384e-03
2.3174773473455497364360743798132490e-03	-1.2958422869024852459477059659330216e+00	1.5076772429471183541434866805759070e-05	3.3626619626872555764021978815109589e-03
2.3443441618157360642806569296486862e-03	-1.2824305216824847350944043867195830e+00	1.4903984331798702039104563878582742e-05	3.3433378018261369600364072517465493e-03
2.3710846981721540253627560320295002e-03	-1.2690952116492137961055479392531900e+00	1.4735896649427253424647662344227959e-05	3.3244315297430451041491751609143216e-03
2.3976957861135348422638626076960517e-03	-1.2558347084519948730441879219318003e+00	1.4572344821778877592065781847754390e-05	3.3059316508480059698469512916448579e-03
2.4241743059842715552585985251216532e-03	-1.2426474088201421513593535360924868e+00	1.4413171816185807579944405829016414e-05	3.2878271157637045814782947001171456e-03
2.4505171878485304572458519034901906e-03	-1.2295317528211733999242465679562685e+00	1.4258227714277229865411606053983629e-05	3.2701073000750976330422789154696706e-03
2.4767214105930954802413372123208270e-03	-1.2164862222015570439553183703473568e+00	1.4107369324990620346194272929264576e-05	3.2527619842937415555363784572544324e-03
2.5027840010578260903483951208075762e-03	-1.2035093388052991121270320285142067e+00	1.3960459822252997068104318852055846e-05	3.2357813349564625743464047319144476e-03
2.5287020331926638854812967139326173e-03	-1.1905996630659838887120840030599567e+00	1.3817368405538349085192891981688617e-05	3.2191558867840331462225048651959347e-03
2.5544726272401745772905961391414970e-03	-1.1777557925681681716009957509099537e+00	1.3677969981653770815377644837449608e-05	3.2028765258310506952849925260735949e-03
2.5800929489426605857243226573358080e-03	-1.1649763606742939191467926011837050e+00	1.3542144866239911370152943098991522e-05	3.1869344735632865756199843533031989e-03
2.6055602087729252756144819747604004e-03	-1.1522600352135295149406319225494343e+00	1.3409778503592539665473735625559378e-05	3.1713212718034277616375419102497175e-03
2.6308716611878130992685490473416192e-03	-1.1396055172291774821234398373030172e+00	1.3280761203522490595798185537662512e-05	3.1560287684904087875491746635425914e-03
2.6560246039036907436405857125677465e-03	-1.1270115397814976861086944697205653e+00	1.3154987894072033982332267177548956e-05	3.1410491042014610538052402698240204e-03
2.6810163771930729694296098222596628e-03	-1.1144768668029911954057169693907816e+00	1.3032357888997726113454148771745031e-05	3.1263746993896215715058499227735365e-03
2.7058443632016333153768232580681871e-03	-1.1020002920033722263733556414049101e+00	1.2912774669013896448978475868574157e-05	3.1119982422927713124301653253926407e-03
2.7305059852848743567877903194063074e-03	-1.0895806378216250753198616835242704e+00	1.2796145675867836513065850576940345e-05	3.0979126774733396806856048547524264e-03
2.7549987073637648761028292159278197e-03	-1.0772167544227006409928954684772892e+00	1.2682382118388164829632822968230181e-05	3.0841111949506389312969451548574043e-03
2.7793200332986822396767070045623648e-03	-1.0649075187365539763358806481141721e+00	1.2571398789712343665916547438560555e-05	3.0705872198904011896722656653304911e-03
2.8034675062810275852781335577818975e-03	-1.0526518335373611163017829299111326e+00	1.2463113894958462498344677924390799e-05	3.0573344028184997017804307901991845e-03
2.8274387082419092082519178920098929e-03	-1.0404486265608809734270049959235474e+00	1.2357448888660667651898241697170095e-05	3.0443466103280619619180482871844386e-03
2.8512312592773158830473316882929734e-03	-1.0282968496580470753046439571102695e+00	1.2254328321337447431938798680946459e-05	3.0316179162512407576707482486280676e-03
2.8748428170892268568491002916410643e-03	-1.0161954779829849801180462681702140e+00	1.2153679694607774126146080221898799e-05	3.0191425932688138711456153784696564e-03
2.8982710764421289834750962481245558e-03	-1.0041435092137549369235856827976392e+00	1.2055433324312216825783300005352111e-05	3.0069151049325468484554769439778254e-03
2.9215137686344340032684208119374767e-03	-9.9213996280421629699100094557070223e-01	1.1959522211134895914823275794979887e-05	2.9949300980768874223615916113771299e-03
2.9445686609843103881741742390473697e-03	-9.8018387926550082780233836907787894e-01	1.1865881918257844189910539998504395e-05	2.9831823955980753435647740504340390e-03
2.9674335563294645257077593658389595e-03	-9.6827431947566688876732173928559528e-01	1.1774450455612236045799968436121752e-05	2.9716669895801571125481017012901835e-03
2.9901062925404253719785473144645998e-03	-9.5641036401618581726887174420477087e-01	1.1685168170321285218290725136070953e-05	2.9603790347487001339702653684715438e-03
3.0125847420469051192603944626781413e-03	-9.4459111253398623188451507342349601e-01	1.1597977642957611056924823309107847e-05	2.9493138422342131068709586469940540e-03
3.0348668113768259510597897562902079e-03	-9.3281568312785164265113025610484525e-01	1.1512823589263730897548328875201453e-05	2.9384668736284062952601928142737424e-03
3.0569504407076196470790690938755385e-03	-9.2108321175803209432451315458876818e-01	1.1429652767008231379528677640735235e-05	2.9278337353174733497832883539496462e-03
3.0788336034294226985998166777013678e-03	-9.0939285167799186054119627009256657e-01	1.1348413887672267720747206716844760e-05	2.9174101730775516607092255034601479e-03
3.1005143057198047453758745247276151e-03	-8.9774377288727273412216166658337917e-01	1.1269057532681485502764439977024243e-05	2.9071920669184263901645243602427482e-03
3.1219905861296825891503639365800218e-03	-8.8613516160450647962528555379860995e-01	1.1191536073917389601348022887097433e-05	2.8971754261623894650802685880721440e-03
3.1432605151800858148798652470409731e-03	-8.7456621975966076724974644056973274e-01	1.1115803598259722676778164672909309e-05	2.8873563847459535949455364863481025e-03
3.1643221949694531947794040604630022e-03	-8.6303616450465061297088077419271296e-01	1.1041815835927673399447039943227186e-05	2.8777311967328571070793168925898680e-03
3.1851737587911515963095674708553339e-03	-8.5154422774149221251779896399306952e-01	1.0969530092402814781085773034139212e-05	2.8682962320274820119009188673286296e-03
3.2058133707609210950749492661186769e-03	-8.4008965566721826555149715734952954e-01	1.0898905183730669157231360246495786e-05	2.8590479722784488462110495940825236e-03
3.2262392254539614372407572620637923e-03	-8.2867170833481361630900744779621679e-01	1.0829901375010793998533400191821853e-05	2.8499830069627508261014801929117321e-03
3.2464495475513859316664625879849454e-03	-8.1728965922946745041490080855462375e-01	1.0762480321897359973743869348829267e-05	2.8410980296413497383526496613284864e-03
3.2664425914957793060006315527788014e-03	-8.0594279485947353512525982431730791e-01	1.0696605014943421058547622573694666e-05	2.8323898343776796320239796021048493e-03
3.2862166411556060584228138425008428e-03	-7.9463041436114321172713610208869729e-01	1.0632239726632521459946163744121094e-05	2.8238553123109943397560964528444837e-03
3.3057700094982254010465480430659545e-03	-7.8335182911712717395208975249029378e-01	1.0569349960951005698482182405117297e-05	2.8154914483769535568930586053034221e-03
3.3251010382712780443437578912315222e-03	-7.7210636238757161565573035174797183e-01	1.0507902405363451363267514414042887e-05	2.8072953181682718454322244135353161e-03
3.3442080976922188351762599783968743e-03	-7.6089334895356221675577044369317632e-01	1.0447864885062079288625361187986019e-05	2.7992640849286575479958901303258244e-03
3.3630895861457776537974027737388757e-03	-7.4971213477233576276105677221846046e-01	1.0389206319368859519892653786040062e-05	2.7913949966736460771921277293408940e-03
3.3817439298891390160760090143525679e-03	-7.3856207664376405717660199973336420e-01	1.0331896680176365991921474143713272e-05	2.7836853834322861273116020926817124e-03
3.4001695827646385337138184445562724e-03	-7.2744254188763827795816892979524005e-01	1.0275906952320277449413692423619207e-05	2.7761326546039696462637165197782006e-03
3.4183650259197817739182657927491914e-03	-7.1635290803130413315175397488580587e-01	1.0221209095782812765860809415733144e-05	2.7687342964250083932930277361841979e-03
3.4363287675343981464812869057538330e-03	-7.0529256250721916530221579698074582e-01	1.0167776009632358572139113477876636e-05	2.7614878695398529688008727581834304e-03
3.4540593425547492452703345352570777e-03	-6.9426090236002341226674722044727742e-01	1.0115581497610126470280894622397714e-05	2.7543910066721256111216853275366292e-03
3.4715553124344175967231614179840418e-03	-6.8325733396273342193074223683113909e-01	1.0064600235279894169147168317306031e-05	2.7474414103908969922776731149921249e-03
3.4888152648818080332607372852663987e-03	-6.7228127274168740365560523786652115e-01	1.0014807738661765529708377674631643e-05	2.7406368509678808052616791077178862e-03
3.5058378136140999270908494057777187e-03	-6.6133214290988613953270864548674053e-01	9.9661803342754526329327329931590325e-06	2.7339751643214491346073197232190543e-03
3.5226215981174943014998499249557120e-03	-6.5040937720839022920507089564018526e-01	9.9186951305228606271885991142269811e-06	2.7274542500435873821101941863911106e-03
3.5391652834136053936265882876893584e-03	-6.3951241665544935504677487118704929e-01	9.8723299903437636318174868340826019e-06	2.7210720695061107553798121561953985e-03
3.5554675598318515854968135541226569e-03	-6.2864071030305357838529177869846902e-01	9.8270635050821161787871790317635419e-06	2.7148266440426558310883303410283780e-03
3.5715271427877057588303837876866521e-03	-6.1779371500061025760541007149176721e-01	9.7828749695040669543188099440224563e-06	2.7087160532031412326442669869969310e-03
3.5873427725666700733584974841676335e-03	-6.0697089516546305786361146212616696e-01	9.7397443579120460418413574119828529e-06	2.7027384330775617159104597241979114e-03
3.6029132141138449271544105908758557e-03	-5.9617172255998173953680713796886413e-01	9.6976523013023983526266392313521571e-06	2.6968919746861405899465216298030403e-03
3.6182372568289664393774639684526247e-03	-5.8539567607496300567586742468812648e-01	9.6565800655169482449929749943562697e-06	2.6911749224330170208230359608195686e-03
3.6333137143667912090104987217259488e-03	-5.7464224151909369253094994715402698e-01	9.6165095303416162472306944893908520e-06	2.6855855726207879417645193720167105e-03
3.6481414244427113553788336443139570e-03	-5.6391091141423803437376284100946035e-01	9.5774231695077801504863918189708421e-06	2.6801222720233595499979163941401618e-03
3.6627192486434869448326017956101355e-03	-5.5320118479632065503482259152653929e-01	9.5393040315544905035440122899491866e-06	2.6747834165146912016882768928328785e-03
3.6770460722429868599468830114792445e-03	-5.4251256702158636257421292215742938e-01	9.5021357215119249078309442047513353e-06	2.6695674497511353800641938582933548e-03
3.6911208040228329795957348165391832e-03	-5.3184456957802677731216987149633329e-01	9.4659023833686059342755785561523694e-06	2.6644728619051917363962866613844798e-03
3.7049423760978462166128728382324530e-03	-5.2119670990177233240623138848301856e-01	9.4305886832869227469157269165500662e-06	2.6594981884486013885538542566030694e-03
3.7185097437461965104835280830938780e-03	-5.1056851119825627407493349501478990e-01	9.3961797935333947833042838012800585e-06	2.6546420089828100806953424163575354e-03
3.7318218852441623013503736199291672e-03	-4.9995950226796497779105207670925277e-01	9.3626613770919046972032868851960367e-06	2.6499029461149258090285104593367610e-03
3.7448778017054083240202387956483820e-03	-4.8936921733659620830819440874151379e-01	9.3300195729298142735239757864011455e-06	2.6452796643773884285601833925107393e-03
3.7576765169246937618290241538383091e-03	-4.7879719588945390498982765134712954e-01	9.2982409818884677481870445735574256e-06	2.6407708691896558792942877951353953e-03
3.7702170772259258951179670787586628e-03	-4.6824298250991468814631854404277239e-01	9.2673126531710880232215518086278197e-06	2.6363753058602942927783164977604491e-03
3.7824985513144773724235062080990104e-03	-4.5770612672180757441560465112653488e-01	9.2372220714024883580870193783332129e-06	2.6320917586279376283727579408674625e-03
3.7945200301336881287965155458803925e-03	-4.4718618283555437607497165125681684e-01	9.2079571442363605526492691791015536e-06	2.6279190497396568933191749969955068e-03
3.8062806267254757792502975287333636e-03	-4.3668270979792395600455181635801341e-01	9.1795061904871653676493831678038030e-06	2.6238560385653496560526816288593241e-03
3.8177794760949810303018912118135652e-03	-4.2619527104525893138907074584374505e-01	9.1518579287648465749705159798785046e-06	2.6199016207468276880304897366228536e-03
3.8290157350791772828457365622859038e-03	-4.1572343436003857884310000865352879e-01	9.1250014665917209049381503313413193e-06	2.6160547273803443717768892088764902e-03
3.8399885822193761489365570281142686e-03	-4.0526677173064660437788057528697267e-01	9.0989262899819662885086433959428639e-06	2.6123143242313641853237543130668903e-03
3.8506972176375630770491187439961200e-03	-3.9482485921421711564616076894968615e-01	9.0736222534651439412978780509732594e-06	2.6086794109804342973736754572821096e-03
3.8611408629164996784604000413424185e-03	-3.8439727680243658265284391372220376e-01	9.0490795705361495214845926416064731e-06	2.6051490204990732539295392107058727e-03
3.8713187609835316748515818861804903e-03	-3.7398360829018380738942675058274804e-01	9.0252888045148981046034155314388989e-06	2.6017222181546440661493537181901328e-03
3.8812301759980436472007815835803828e-03	-3.6358344114689395280321750786584097e-01	9.0022408597999101337754718858907283e-06	2.5983981011432288715540706928947742e-03
3.8908743932425039615484027182093579e-03	-3.5319636639053651672724662854644428e-01	8.9799269735007837065107710140113697e-06	2.5951757978495698782675453776400430e-03
3.9002507190170453811563952228234240e-03	-3.4282197846410078590231304693382580e-01	8.9583387074353152491733006255776545e-06	2.5920544672331866482035938763987777e-03
3.9093584805375289497235466199317692e-03	-3.3245987511448577752919995455790281e-01	8.9374679404777683385869707444284459e-06	2.5890332982398230557695064899756655e-03
3.9181970258370407493223217467079870e-03	-3.2210965727369497891898301760249495e-01	8.9173068612454915308517228106070158e-06	2.5861115092374185922143680691712890e-03
3.9267657236707731021441131660639244e-03	-3.1177092894223933732456913484010209e-01	8.8978479611117527778110583598846467e-06	2.5832883474758381839357488736196832e-03
3.9350639634242436994343320186181571e-03	-3.0144329707465493906510687781727139e-01	8.8790840275332924434258199432895052e-06	2.5805630885696324612775700311464893e-03
3.9430911550248080065271134161357261e-03	-2.9112637146704465631499875082166614e-01	8.8610081376817010408454573747202826e-06	2.5779350360031365521191118939720172e-03
3.9508467288564221119224774528455604e-03	-2.8081976464655573775233507178751347e-01	8.8436136523683034439799380688015849e-06	2.5754035206572500758817814508927976e-03
3.9583301356776149630727688072044608e-03	-2.7052309176270788161345851073688183e-01	8.8268942102527802233078227646307230e-06	2.5729679003572741673410067182513186e-03
3.9655408465426306640661474640428890e-03	-2.6023597048048876220109533765656768e-01	8.8108437223262805512861441990028506e-06	2.5706275594412131499043562614166141e-03
3.9724783527257032027431218343784703e-03	-2.4995802087513628883586760553103861e-01	8.7954563666602813602709734432792338e-06	2.5683819083479789844056393889897559e-03
3.9791421656484276289163306647625702e-03	-2.3968886532852906460792104898084242e-01	8.7807265834129255695807171242427039e-06	2.5662303832249659173914823584018506e-03
3.9855318168101933231751231500824884e-03	-2.2942812842710858576598453906303700e-01	8.7666490700850296007153121861494277e-06	2.5641724455544909138650636465330609e-03
3.9916468577216465790722866056784668e-03	-2.1917543686125868558583255360626148e-01	8.7532187770183883672150428630380393e-06	2.5622075817986225513862190460253653e-03
3.9974868598411512720776737117996988e-03	-2.0893041932606958323461931468981183e-01	8.7404309031294256839449251409460206e-06	2.5603353030619471397993762893030551e-03
4.0030514145142179082529059326568185e-03	-1.9869270642341565238611992793515090e-01	8.7282808918716407497803686559254407e-06	2.5585551447718459749984636809236535e-03
4.0083401329158728358097733324381097e-03	-1.8846193056527767979945584813899410e-01	8.7167644274206881167931235973809654e-06	2.5568666663758818944209766608018234e-03
4.0133526459959408651691508327605502e-03	-1.7823772587824194417736279125753496e-01	8.7058774310763004105053248153812297e-06	2.5552694510559167320268634024112940e-03
4.0180886044272159793967135080283019e-03	-1.6801972810910991357909220611946450e-01	8.6956160578756209994709285575852305e-06	2.5537631054586039244430888563904304e-03
4.0225476785564962284716399207468914e-03	-1.5780757453155373847973636483505802e-01	8.6859766934128587695450441385373607e-06	2.5523472594419224484491694936246421e-03
4.0267295583584602892184880645845952e-03	-1.4760090385375401004589716202461106e-01	8.6769559508605100348201548400062167e-06	2.5510215658374395215462594652119758e-03
4.0306339533923645393353045953909807e-03	-1.3739935612695746195108689879960281e-01	8.6685506681877142677677092087467092e-06	2.5497857002280101184527635976289866e-03
4.0342605927615408401813039250812019e-03	-1.2720257265489342151497068356299890e-01	8.6607579055716215715621963746365515e-06	2.5486393607406413915717431335252249e-03
4.0376092250756765502098653498943859e-03	-1.1701019590398886437573207514581926e-01	8.6535749429979514283525850402261545e-06	2.5475822678542695756008867466688242e-03
4.0406796184158596004804990408229532e-03	-1.0682186941432289838365949179755476e-01	8.6469992780472149862365554079429767e-06	2.5466141642222159467151182589451903e-03
4.0434715603023727568611234498203780e-03	-9.6637237711262398863879802041176321e-02	8.6410286238633577128241610016634042e-06	2.5457348145091069348749043849075109e-03
4.0459848576652224716169680692127697e-03	-8.6455946217721340608224471185703134e-02	8.6356609073018563351342101439270240e-06	2.5449440052420615921732223481175060e-03
4.0482193368173889913275323196365018e-03	-7.6277641166987123540755240206781981e-02	8.6308942672545742698178220617104561e-06	2.5442415446759673378659155009137335e-03
4.0501748434307856397086557177463372e-03	-6.6101969516057870432512682108955766e-02	8.6267270531489438674264859428392778e-06	2.5436272626726822678439412832096396e-03
4.0518512425149164341528098224492378e-03	-5.5928578859435287650633456762795839e-02	8.6231578236193023723433083998519909e-06	2.5431010105940193677959708854804965e-03
4.0532484183982224248287079356766082e-03	-4.5757117343318224909053825710388316e-02	8.6201853453484621405419007926778068e-06	2.5426626612083847392589165691816519e-03
4.0543662747121083661762878647991462e-03	-3.5587233580142548401853943135193436e-02	8.6178085920778449488002667666261584e-06	2.5423121086109584694351608492623485e-03
4.0552047343776425437555728296787564e-03	-2.5418576563413354473551473672066616e-02	8.6160267437847557454318853927442693e-06	2.5420492681573230816292909442506955e-03
4.0557637395949237858057378878998371e-03	-1.5250795582775898912009379993061034e-02	8.6148391860256134957516665462592349e-06	2.5418740764104606253676392518567814e-03
4.0560432518351108896810132557828434e-03	-5.0835401392719007110819876313081838e-03	8.6142455094441964166704725882630912e-06	2.5417864911010554351300326224593680e-03
4.0560432518351108896810132557828434e-03	5.0835401392719007110819876313081838e-03	8.6142455094441964166704725882630912e-06	2.5417864911010554351300326224593680e-03
4.0557637395949237858057378878998371e-03	1.5250795582775898912009379993061034e-02	8.6148391860256134957516665462592349e-06	2.5418740764104606253676392518567814e-03
4.0552047343776425437555728296787564e-03	2.5418576563413354473551473672066616e-02	8.6160267437847557454318853927442693e-06	2.5420492681573230816292909442506955e-03
4.0543662747121083661762878647991462e-03	3.5587233580142548401853943135193436e-02	8.6178085920778449488002667666261584e-06	2.5423121086109584694351608492623485e-03
4.0532484183982224248287079356766082e-03	4.5757117343318224909053825710388316e-02	8.6201853453484621405419007926778068e-06	2.5426626612083847392589165691816519e-03
4.0518512425149164341528098224492378e-03	5.5928578859435287650633456762795839e-02	8.6231578236193023723433083998519909e-06	2.5431010105940193677959708854804965e-03
4.0501748434307856397086557177463372e-03	6.6101969516057870432512682108955766e-02	8.6267270531489438674264859428392778e-06	2.5436272626726822678439412832096396e-03
4.0482193368173889913275323196365018e-03	7.6277641166987123540755240206781981e-02	8.6308942672545742698178220617104561e-06	2.5442415446759673378659155009137335e-03
4.0459848576652224716169680692127697e-03	8.6455946217721340608224471185703134e-02	8.6356609073018563351342101439270240e-06	2.5449440052420615921732223481175060e-03
4.0434715603023727568611234498203780e-03	9.6637237711262398863879802041176321e-02	8.6410286238633577128241610016634042e-06	2.5457348145091069348749043849075109e-03
4.0406796184158596004804990408229532e-03	1.0682186941432289838365949179755476e-01	8.6469992780472149862365554079429767e-06	2.5466141642222159467151182589451903e-03
4.0376092250756765502098653498943859e-03	1.1701019590398886437573207514581926e-01	8.6535749429979514283525850402261545e-06	2.5475822678542695756008867466688242e-03
4.0342605927615408401813039250812019e-03	1.2720257265489342151497068356299890e-01	8.6607579055716215715621963746365515e-06	2.5486393607406413915717431335252249e-03
4.0306339533923645393353045953909807e-03	1.3739935612695746195108689879960281e-01	8.6685506681877142677677092087467092e-06	2.5497857002280101184527635976289866e-03
4.0267295583584602892184880645845952e-03	1.4760090385375401004589716202461106e-01	8.6769559508605100348201548400062167e-06	2.5510215658374395215462594652119758e-03
4.0225476785564962284716399207468914e-03	1.5780757453155373847973636483505802e-01	8.6859766934128587695450441385373607e-06	2.5523472594419224484491694936246421e-03
4.0180886044272159793967135080283019e-03	1.6801972810910991357909220611946450e-01	8.6956160578756209994709285575852305e-06	2.5537631054586039244430888563904304e-03
4.0133526459959408651691508327605502e-03	1.7823772587824194417736279125753496e-01	8.7058774310763004105053248153812297e-06	2.5552694510559167320268634024112940e-03
4.0083401329158728358097733324381097e-03	1.8846193056527767979945584813899410e-01	8.7167644274206881167931235973809654e-06	2.5568666663758818944209766608018234e-03
4.0030514145142179082529059326568185e-03	1.9869270642341565238611992793515090e-01	8.7282808918716407497803686559254407e-06	2.5585551447718459749984636809236535e-03
3.9974868598411512720776737117996988e-03	2.0893041932606958323461931468981183e-01	8.7404309031294256839449251409460206e-06	2.5603353030619471397993762893030551e-03
3.9916468577216465790722866056784668e-03	2.1917543686125868558583255360626148e-01	8.7532187770183883672150428630380393e-06	2.5622075817986225513862190460253653e-03
3.9855318168101933231751231500824884e-03	2.2942812842710858576598453906303700e-01	8.7666490700850296007153121861494277e-06	2.5641724455544909138650636465330609e-03
3.9791421656484276289163306647625702e-03	2.3968886532852906460792104898084242e-01	8.7807265834129255695807171242427039e-06	2.5662303832249659173914823584018506e-03
3.9724783527257032027431218343784703e-03	2.4995802087513628883586760553103861e-01	8.7954563666602813602709734432792338e-06	2.5683819083479789844056393889897559e-03
3.9655408465426306640661474640428890e-03	2.6023597048048876220109533765656768e-01	8.8108437223262805512861441990028506e-06	2.5706275594412131499043562614166141e-03
3.9583301356776149630727688072044608e-03	2.7052309176270788161345851073688183e-01	8.8268942102527802233078227646307230e-06	2.5729679003572741673410067182513186e-03
3.9508467288564221119224774528455604e-03	2.8081976464655573775233507178751347e-01	8.8436136523683034439799380688015849e-06	2.5754035206572500758817814508927976e-03
3.9430911550248080065271134161357261e-03	2.9112637146704465631499875082166614e-01	8.8610081376817010408454573747202826e-06	2.5779350360031365521191118939720172e-03
3.9350639634242436994343320186181571e-03	3.0144329707465493906510687781727139e-01	8.8790840275332924434258199432895052e-06	2.5805630885696324612775700311464893e-03
3.9267657236707731021441131660639244e-03	3.1177092894223933732456913484010209e-01	8.8978479611117527778110583598846467e-06	2.5832883474758381839357488736196832e-03
3.9181970258370407493223217467079870e-03	3.2210965727369497891898301760249495e-01	8.9173068612454915308517228106070158e-06	2.5861115092374185922143680691712890e-03
3.9093584805375289497235466199317692e-03	3.3245987511448577752919995455790281e-01	8.9374679404777683385869707444284459e-06	2.5890332982398230557695064899756655e-03
3.9002507190170453811563952228234240e-03	3.4282197846410078590231304693382580e-01	8.9583387074353152491733006255776545e-06	2.5920544672331866482035938763987777e-03
3.8908743932425039615484027182093579e-03	3.5319636639053651672724662854644428e-01	8.9799269735007837065107710140113697e-06	2.5951757978495698782675453776400430e-03
3.8812301759980436472007815835803828e-03	3.6358344114689395280321750786584097e-01	9.0022408597999101337754718858907283e-06	2.5983981011432288715540706928947742e-03
3.8713187609835316748515818861804903e-03	3.7398360829018380738942675058274804e-01	9.0252888045148981046034155314388989e-06	2.6017222181546440661493537181901328e-03
3.8611408629164996784604000413424185e-03	3.8439727680243658265284391372220376e-01	9.0490795705361495214845926416064731e-06	2.6051490204990732539295392107058727e-03
3.8506972176375630770491187439961200e-03	3.9482485921421711564616076894968615e-01	9.0736222534651439412978780509732594e-06	2.6086794109804342973736754572821096e-03
3.8399885822193761489365570281142686e-03	4.0526677173064660437788057528697267e-01	9.0989262899819662885086433959428639e-06	2.6123143242313641853237543130668903e-03
3.8290157350791772828457365622859038e-03	4.1572343436003857884310000865352879e-01	9.1250014665917209049381503313413193e-06	2.6160547273803443717768892088764902e-03
3.8177794760949810303018912118135652e-03	4.2619527104525893138907074584374505e-01	9.1518579287648465749705159798785046e-06	2.6199016207468276880304897366228536e-03
3.8062806267254757792502975287333636e-03	4.3668270979792395600455181635801341e-01	9.1795061904871653676493831678038030e-06	2.6238560385653496560526816288593241e-03
3.7945200301336881287965155458803925e-03	4.4718618283555437607497165125681684e-01	9.2079571442363605526492691791015536e-06	2.6279190497396568933191749969955068e-03
3.7824985513144773724235062080990104e-03	4.5770612672180757441560465112653488e-01	9.2372220714024883580870193783332129e-06	2.6320917586279376283727579408674625e-03
3.7702170772259258951179670787586628e-03	4.6824298250991468814631854404277239e-01	9.2673126531710880232215518086278197e-06	2.6363753058602942927783164977604491e-03
3.7576765169246937618290241538383091e-03	4.7879719588945390498982765134712954e-01	9.2982409818884677481870445735574256e-06	2.6407708691896558792942877951353953e-03
3.7448778017054083240202387956483820e-03	4.8936921733659620830819440874151379e-01	9.3300195729298142735239757864011455e-06	2.6452796643773884285601833925107393e-03
3.7318218852441623013503736199291672e-03	4.9995950226796497779105207670925277e-01	9.3626613770919046972032868851960367e-06	2.6499029461149258090285104593367610e-03
3.7185097437461965104835280830938780e-03	5.1056851119825627407493349501478990e-01	9.3961797935333947833042838012800585e-06	2.6546420089828100806953424163575354e-03
3.7049423760978462166128728382324530e-03	5.2119670990177233240623138848301856e-01	9.4305886832869227469157269165500662e-06	2.6594981884486013885538542566030694e-03
3.6911208040228329795957348165391832e-03	5.3184456957802677731216987149633329e-01	9.4659023833686059342755785561523694e-06	2.6644728619051917363962866613844798e-03
3.6770460722429868599468830114792445e-03	5.4251256702158636257421292215742938e-01	9.5021357215119249078309442047513353e-06	2.6695674497511353800641938582933548e-03
3.6627192486434869448326017956101355e-03	5.5320118479632065503482259152653929e-01	9.5393040315544905035440122899491866e-06	2.6747834165146912016882768928328785e-03
3.6481414244427113553788336443139570e-03	5.6391091141423803437376284100946035e-01	9.5774231695077801504863918189708421e-06	2.6801222720233595499979163941401618e-03
3.6333137143667912090104987217259488e-03	5.7464224151909369253094994715402698e-01	9.6165095303416162472306944893908520e-06	2.6855855726207879417645193720167105e-03
3.6182372568289664393774639684526247e-03	5.8539567607496300567586742468812648e-01	9.6565800655169482449929749943562697e-06	2.6911749224330170208230359608195686e-03
3.6029132141138449271544105908758557e-03	5.9617172255998173953680713796886413e-01	9.6976523013023983526266392313521571e-06	2.6968919746861405899465216298030403e-03
3.5873427725666700733584974841676335e-03	6.0697089516546305786361146212616696e-01	9.7397443579120460418413574119828529e-06	2.7027384330775617159104597241979114e-03
3.5715271427877057588303837876866521e-03	6.1779371500061025760541007149176721e-01	9.7828749695040669543188099440224563e-06	2.7087160532031412326442669869969310e-03
3.5554675598318515854968135541226569e-03	6.2864071030305357838529177869846902e-01	9.8270635050821161787871790317635419e-06	2.7148266440426558310883303410283780e-03
3.5391652834136053936265882876893584e-03	6.3951241665544935504677487118704929e-01	9.8723299903437636318174868340826019e-06	2.7210720695061107553798121561953985e-03
3.5226215981174943014998499249557120e-03	6.5040937720839022920507089564018526e-01	9.9186951305228606271885991142269811e-06	2.7274542500435873821101941863911106e-03
3.5058378136140999270908494057777187e-03	6.6133214290988613953270864548674053e-01	9.9661803342754526329327329931590325e-06	2.7339751643214491346073197232190543e-03
3.4888152648818080332607372852663987e-03	6.7228127274168740365560523786652115e-01	1.0014807738661765529708377674631643e-05	2.7406368509678808052616791077178862e-03
3.4715553124344175967231614179840418e-03	6.8325733396273342193074223683113909e-01	1.0064600235279894169147168317306031e-05	2.7474414103908969922776731149921249e-03
3.4540593425547492452703345352570777e-03	6.9426090236002341226674722044727742e-01	1.0115581497610126470280894622397714e-05	2.7543910066721256111216853275366292e-03
3.4363287675343981464812869057538330e-03	7.0529256250721916530221579698074582e-01	1.0167776009632358572139113477876636e-05	2.7614878695398529688008727581834304e-03
3.4183650259197817739182657927491914e-03	7.1635290803130413315175397488580587e-01	1.0221209095782812765860809415733144e-05	2.7687342964250083932930277361841979e-03
3.4001695827646385337138184445562724e-03	7.2744254188763827795816892979524005e-01	1.0275906952320277449413692423619207e-05	2.7761326546039696462637165197782006e-03
3.3817439298891390160760090143525679e-03	7.3856207664376405717660199973336420e-01	1.0331896680176365991921474143713272e-05	2.7836853834322861273116020926817124e-03
3.3630895861457776537974027737388757e-03	7.4971213477233576276105677221846046e-01	1.0389206319368859519892653786040062e-05	2.7913949966736460771921277293408940e-03
3.3442080976922188351762599783968743e-03	7.6089334895356221675577044369317632e-01	1.0447864885062079288625361187986019e-05	2.7992640849286575479958901303258244e-03
3.3251010382712780443437578912315222e-03	7.7210636238757161565573035174797183e-01	1.0507902405363451363267514414042887e-05	2.8072953181682718454322244135353161e-03
3.3057700094982254010465480430659545e-03	7.8335182911712717395208975249029378e-01	1.0569349960951005698482182405117297e-05	2.8154914483769535568930586053034221e-03
3.2862166411556060584228138425008428e-03	7.9463041436114321172713610208869729e-01	1.0632239726632521459946163744121094e-05	2.8238553123109943397560964528444837e-03
3.2664425914957793060006315527788014e-03	8.0594279485947353512525982431730791e-01	1.0696605014943421058547622573694666e-05	2.8323898343776796320239796021048493e-03
3.2464495475513859316664625879849454e-03	8.1728965922946745041490080855462375e-01	1.0762480321897359973743869348829267e-05	2.8410980296413497383526496613284864e-03
3.2262392254539614372407572620637923e-03	8.2867170833481361630900744779621679e-01	1.0829901375010793998533400191821853e-05	2.8499830069627508261014801929117321e-03
3.2058133707609210950749492661186769e-03	8.4008965566721826555149715734952954e-01	1.0898905183730669157231360246495786e-05	2.8590479722784488462110495940825236e-03
3.1851737587911515963095674708553339e-03	8.5154422774149221251779896399306952e-01	1.0969530092402814781085773034139212e-05	2.8682962320274820119009188673286296e-03
3.1643221949694531947794040604630022e-03	8.6303616450465061297088077419271296e-01	1.1041815835927673399447039943227186e-05	2.8777311967328571070793168925898680e-03
3.1432605151800858148798652470409731e-03	8.7456621975966076724974644056973274e-01	1.1115803598259722676778164672909309e-05	2.8873563847459535949455364863481025e-03
3.1219905861296825891503639365800218e-03	8.8613516160450647962528555379860995e-01	1.1191536073917389601348022887097433e-05	2.8971754261623894650802685880721440e-03
3.1005143057198047453758745247276151e-03	8.9774377288727273412216166658337917e-01	1.1269057532681485502764439977024243e-05	2.9071920669184263901645243602427482e-03
3.0788336034294226985998166777013678e-03	9.0939285167799186054119627009256657e-01	1.1348413887672267720747206716844760e-05	2.9174101730775516607092255034601479e-03
3.0569504407076196470790690938755385e-03	9.2108321175803209432451315458876818e-01	1.1429652767008231379528677640735235e-05	2.9278337353174733497832883539496462e-03
3.0348668113768259510597897562902079e-03	9.3281568312785164265113025610484525e-01	1.1512823589263730897548328875201453e-05	2.9384668736284062952601928142737424e-03
3.0125847420469051192603944626781413e-03	9.4459111253398623188451507342349601e-01	1.1597977642957611056924823309107847e-05	2.9493138422342131068709586469940540e-03
2.9901062925404253719785473144645998e-03	9.5641036401618581726887174420477087e-01	1.1685168170321285218290725136070953e-05	2.9603790347487001339702653684715438e-03
2.9674335563294645257077593658389595e-03	9.6827431947566688876732173928559528e-01	1.1774450455612236045799968436121752e-05	2.9716669895801571125481017012901835e-03
2.9445686609843103881741742390473697e-03	9.8018387926550082780233836907787894e-01	1.1865881918257844189910539998504395e-05	2.9831823955980753435647740504340390e-03
2.9215137686344340032684208119374767e-03	9.9213996280421629699100094557070223e-01	1.1959522211134895914823275794979887e-05	2.9949300980768874223615916113771299e-03
2.8982710764421289834750962481245558e-03	1.0041435092137549369235856827976392e+00	1.2055433324312216825783300005352111e-05	3.0069151049325468484554769439778254e-03
2.8748428170892268568491002916410643e-03	1.0161954779829849801180462681702140e+00	1.2153679694607774126146080221898799e-05	3.0191425932688138711456153784696564e-03
2.8512312592773158830473316882929734e-03	1.0282968496580470753046439571102695e+00	1.2254328321337447431938798680946459e-05	3.0316179162512407576707482486280676e-03
2.8274387082419092082519178920098929e-03	1.0404486265608809734270049959235474e+00	1.2357448888660667651898241697170095e-05	3.0443466103280619619180482871844386e-03
2.8034675062810275852781335577818975e-03	1.0526518335373611163017829299111326e+00	1.2463113894958462498344677924390799e-05	3.0573344028184997017804307901991845e-03
2.7793200332986822396767070045623648e-03	1.0649075187365539763358806481141721e+00	1.2571398789712343665916547438560555e-05	3.0705872198904011896722656653304911e-03
2.7549987073637648761028292159278197e-03	1.0772167544227006409928954684772892e+00	1.2682382118388164829632822968230181e-05	3.0841111949506389312969451548574043e-03
2.7305059852848743567877903194063074e-03	1.0895806378216250753198616835242704e+00	1.2796145675867836513065850576940345e-05	3.0979126774733396806856048547524264e-03
2.7058443632016333153768232580681871e-03	1.1020002920033722263733556414049101e+00	1.2912774669013896448978475868574157e-05	3.1119982422927713124301653253926407e-03
2.6810163771930729694296098222596628e-03	1.1144768668029911954057169693907816e+00	1.3032357888997726113454148771745031e-05	3.1263746993896215715058499227735365e-03
2.6560246039036907436405857125677465e-03	1.1270115397814976861086944697205653e+00	1.3154987894072033982332267177548956e-05	3.1410491042014610538052402698240204e-03
2.6308716611878130992685490473416192e-03	1.1396055172291774821234398373030172e+00	1.3280761203522490595798185537662512e-05	3.1560287684904087875491746635425914e-03
2.6055602087729252756144819747604004e-03	1.1522600352135295149406319225494343e+00	1.3409778503592539665473735625559378e-05	3.1713212718034277616375419102497175e-03
2.5800929489426605857243226573358080e-03	1.1649763606742939191467926011837050e+00	1.3542144866239911370152943098991522e-05	3.1869344735632865756199843533031989e-03
2.5544726272401745772905961391414970e-03	1.1777557925681681716009957509099537e+00	1.3677969981653770815377644837449608e-05	3.2028765258310506952849925260735949e-03
2.5287020331926638854812967139326173e-03	1.1905996630659838887120840030599567e+00	1.3817368405538349085192891981688617e-05	3.2191558867840331462225048651959347e-03
2.5027840010578260903483951208075762e-03	1.2035093388052991121270320285142067e+00	1.3960459822252997068104318852055846e-05	3.2357813349564625743464047319144476e-03
2.4767214105930954802413372123208270e-03	1.2164862222015570439553183703473568e+00	1.4107369324990620346194272929264576e-05	3.2527619842937415555363784572544324e-03
2.4505171878485304572458519034901906e-03	1.2295317528211733999242465679562685e+00	1.4258227714277229865411606053983629e-05	3.2701073000750976330422789154696706e-03
2.4241743059842715552585985251216532e-03	1.2426474088201421513593535360924868e+00	1.4413171816185807579944405829016414e-05	3.2878271157637045814782947001171456e-03
2.3976957861135348422638626076960517e-03	1.2558347084519948730441879219318003e+00	1.4572344821778877592065781847754390e-05	3.3059316508480059698469512916448579e-03
2.3710846981721540253627560320295002e-03	1.2690952116492137961055479392531900e+00	1.4735896649427253424647662344227959e-05	3.3244315297430451041491751609143216e-03
2.3443441618157360642806569296486862e-03	1.2824305216824847350944043867195830e+00	1.4903984331798702039104563878582742e-05	3.3433378018261369600364072517465493e-03
2.3174773473455497364360743798132490e-03	1.2958422869024852459477059659330216e+00	1.5076772429471183541434866805759070e-05	3.3626619626872555764021978815109589e-03
2.2904874766643246114796022900916954e-03	1.3093322025692378036617166810678903e+00	1.5254433473302529023394369286479156e-05	3.3824159766811066864552155190135384e-03
2.2633778242631995317041320503250284e-03	1.3229020127744198125191717979301167e+00	1.5437148437883746740953436685808226e-05	3.4026123008750681979119449495051314e-03
2.2361517182411252237875348927122185e-03	1.3365535124624144702683701626992927e+00	1.5625107248618667603919312054806105e-05	3.4232639104950753069822019909956076e-03
2.2088125413580953765368023237649178e-03	1.3502885495563117674404225002561626e+00	1.5818509325210684686864187697468833e-05	3.4443843259801749337162454499197572e-03
2.1813637321236547231083975560358549e-03	1.3641090271955303869473950768278255e+00	1.6017564164600535505459720382540490e-05	3.4659876417659567539200961042179131e-03
2.1538087859222117063314707589793247e-03	1.3780169060922324928383425045023224e+00	1.6222491966690386531023277431254839e-05	3.4880885569274760112746688080963525e-03
2.1261512561767675539986268079610939e-03	1.3920142070142482600930319006983277e+00	1.6433524306512260353226282106946603e-05	3.5107024078237181180206392059427874e-03
2.0983947555527634520374526384263781e-03	1.4061030134028198296570515277654939e+00	1.6650904856856893161938575881722081e-05	3.5338452028982308119029288690422633e-03
2.0705429572038434183715239738710355e-03	1.4202854741341199881299748138529964e+00	1.6874890165776726686598358518796163e-05	3.5575336598043944497163266053282109e-03
2.0425995960614329300757267323851467e-03	1.4345638064342046268242454093608537e+00	1.7105750493818808374838798509774101e-05	3.5817852450390590289178179624462298e-03
2.0145684701701428663277287256633954e-03	1.4489402989578258995847656073922774e+00	1.7343770716335447687497941313099997e-05	3.6066182162851101245955236581792886e-03
1.9864534420711254736106392471976845e-03	1.4634173150423716320322515198220180e+00	1.7589251296768873705668190365258389e-05	3.6320516676821182872103632744741719e-03
1.9582584402356344654905546664104765e-03	1.4779972961491133748378872562020017e+00	1.7842509337418062668388637301883091e-05	3.6581055782647844774435567510233838e-03
1.9299874605511757246000009609318136e-03	1.4926827655049488586789034984710201e+00	1.8103879714879576546373205698143917e-05	3.6848008638316518597166260274672321e-03
1.9016445678627791328431801731398692e-03	1.5074763319589238135908577764418243e+00	1.8373716308119077155300323899408702e-05	3.7121594325317768401790062504706233e-03
1.8732338975720766442921577290269555e-03	1.5223806940690236050313926248981922e+00	1.8652393327986921178885152158224006e-05	3.7402042444850403436314524852889781e-03
1.8447596572970377422337540389457637e-03	1.5373986444360486399242956225584768e+00	1.8940306757952248900563366366310293e-05	3.7689593757828756148843289399528593e-03
1.8162261285953918864411883918362793e-03	1.5525330743028421929623153904498898e+00	1.9237875916909440885350310083014802e-05	3.7984500872507800086091415252637123e-03
1.7876376687549595589776492983245283e-03	1.5677869784387400412384373096760862e+00	1.9545545156125059145655770328296512e-05	3.8287028983925082418068452141148706e-03
1.7589987126543202692015578055755691e-03	1.5831634603308748117492436314922493e+00	1.9863785703761233594695834278251178e-05	3.8597456669788189790374523953674849e-03
1.7303137746974687192698280378867472e-03	1.5986657377059131419209771227917415e+00	2.0193097671954635544241390492920248e-05	3.8916076747916433585118377717441577e-03
1.7015874508263507389110682647066118e-03	1.6142971484079520028310377165692497e+00	2.0534012243173842282461125694176387e-05	3.9243197200882249777964540611417609e-03
1.6728244206154302083974798550405316e-03	1.6300611566606760488745358228363201e+00	2.0887094054551183799966302256842634e-05	3.9579142174099051178701028282637139e-03
1.6440294494527188136183875005938569e-03	1.6459613597445081027460213112434577e+00	2.1252943801121916816353302726319446e-05	3.9924253054276669651413355301256339e-03
1.6152073908120041270475686571076793e-03	1.6620014951224010719582222636671255e+00	2.1632201081443167758593212249826869e-05	4.0278889635923125447572051207471118e-03
1.5863631886213404159131768485419786e-03	1.6781854480511572487080113993318707e+00	2.2025547511953429945973362947172591e-05	4.0643431384423842143460226754947361e-03
1.5575018797332232274609714361165028e-03	1.6945172597187605757927863406021183e+00	2.2433710139724117568771745846364393e-05	4.1018278805189971926496060237870192e-03
1.5286285965022559571218769696968365e-03	1.7110011359522153358036318876593330e+00	2.2857465187010549761899635784777968e-05	4.1403854929451701408029266246052379e-03
1.4997485694765373545047692115419005e-03	1.7276414565448537841433004671229850e+00	2.3297642165304416364389779951414010e-05	4.1800606928498247267651982180968674e-03
1.4708671302094567119861056388143583e-03	1.7444427852570661973730722712800892e+00	2.3755128401509867694704338216036613e-05	4.2209007869554618594066320298115707e-03
1.4419897141990821688910724891864652e-03	1.7614098805499893688007017120249505e+00	2.4230874024512939771797771673735504e-05	4.2629558628060459644440801353714580e-03
1.4131218639628714742439834370237247e-03	1.7785477071179439975607844668903626e+00	2.4725897466909644372417737323510375e-05	4.3062789972906810054142827350478045e-03
1.3842692322560285361529194410931678e-03	1.7958614482924302289246030489619072e+00	2.5241291544144495418704943330916684e-05	4.3509264843225679791852398137291476e-03
1.3554375854424786035679243125500725e-03	1.8133565193983807627332102890299638e+00	2.5778230181958000809807286543592058e-05	4.3969580837653929123756472099508484e-03
1.3266328070281461239327394090283917e-03	1.8310385821522563211437594954797037e+00	2.6337975873050445747256118108738046e-05	4.4444372939652911980192634194332307e-03
1.2978609013669991353732483093361096e-03	1.8489135602015926354791116714310455e+00	2.6921887955480851702355118285707074e-05	4.4934316505512707711529751597506900e-03
1.2691279975511803274195550314607213e-03	1.8669876559169387489515279721631446e+00	2.7531431818822357952050924152685439e-05	4.5440130545168356124062470622531582e-03
1.2404403534974865235353802243622817e-03	1.8852673685599584055410870104436927e+00	2.8168189159834078497412190363723571e-05	4.5962581329980924990060641074083457e-03
1.2118043602434953843572930270162515e-03	1.9037595139660276404111031276497262e+00	2.8833869427800690951477015786669913e-05	4.6502486366278268721129201773207857e-03
1.1832265464677820686994477324281361e-03	1.9224712458962196482900148118693036e+00	2.9530322621236693561289595951862340e-05	4.7060718778815921202938965412741627e-03
1.1547135832499324872463987919994381e-03	1.9414100792324365927941860866780312e+00	3.0259553622960332637363174015918475e-05	4.7638212154535433477816707917653424e-03
1.1262722890874585654841059064763610e-03	1.9605839152109971809628595064296076e+00	3.1023738290351064448004948396735021e-05	4.8235965904218628591420113962548369e-03
1.0979096351882716807823393329554619e-03	1.9800010689146556281983244009690002e+00	3.1825241552813964510145373287556359e-05	4.8855051208045559401371869160245214e-03
1.0696327510590927532000877637859346e-03	1.9996702992713299193885033490915594e+00	3.2666637810185178789302889653989200e-05	4.9496617620883044372004959095878633e-03
1.0414489304120938913863254272188251e-03	2.0196008418403704004120302029502147e+00	3.3550733975374795111317182455088912e-05	5.0161900424627544567699688212873657e-03
1.0133656374142030118598835872032535e-03	2.0398024447047372274937250317558937e+00	3.4480595563620787985975776662291862e-05	5.0852228828426069740766495348293679e-03
9.8539051330588950140490914870881532e-04	2.0602854078308542015065766523902650e+00	3.5459576301376574677602016498544836e-05	5.1569035133497817053985020127581741e-03
9.5753138341892059356984501101225464e-04	2.0810606263082193813361593752998867e+00	3.6491351812628069216792136479264819e-05	5.2313864998061404322835377332515238e-03
9.2979626462557514352425103732438031e-04	2.1021396379393465261958185870146649e+00	3.7579958042515753801755429585108331e-05	5.3088388960131702958168939614645451e-03
9.0219337325517107126402303272732161e-04	2.1235346757188165317811981535035196e+00	3.8729835201505842496556310251267543e-05	5.3894415402417806007765995465743815e-03
8.7473113351756003331746166305294895e-04	2.1452587258199907859221919527558511e+00	3.9945878163019174090770538992184981e-05	5.4733905175134094974419616775683319e-03
8.4741818647753252905288570817323465e-04	2.1673255918015383874548018895934663e+00	4.1233494429711077849794702197572792e-05	5.5608988130353046627565818607646519e-03
8.2026339962893470931967722563541433e-04	2.1897499658561182111797755003553052e+00	4.2598671006525785596545774827101512e-05	5.6521981866982665133835069727576289e-03
7.9327587712281441584903455760382721e-04	2.2125475080537244935908355082892655e+00	4.4048051792461094493368540880435127e-05	5.7475413040299366587178291338486540e-03
7.6646497071019479521584704317564621e-04	2.2357349346865293485913961079040843e+00	4.5589027440796209017409637272791292e-05	5.8472041656420156662680067261417836e-03
7.3984029146724565019909025709700093e-04	2.2593301170057115415434092815496560e+00	4.7229840056274413001007873393940887e-05	5.9514888852954644331558986395434396e-03
7.1341172237883642866093112353311182e-04	2.2833521918601856198092273345752707e+00	4.8979705619322254632940498313825995e-05	6.0607268765898215092855600455071633e-03
6.8718943186589124100862423110231332e-04	2.3078216860103886989091414097178235e+00	5.0848957680426289588344082021347478e-05	6.1752825204166916818048737770156448e-03
6.6118388835284313885872617433528203e-04	2.3327606562074613362923119691792426e+00	5.2849216689803096163478026569392067e-05	6.2955574002891607816790220993695638e-03
6.3540587598406506144473113337348150e-04	2.3581928475120600339103858003615898e+00	5.4993590368050659498831379767759562e-05	6.4219952112267231498131137083019985e-03
6.0986651161275765950824007727748301e-04	2.3841438727939129121988715960837348e+00	5.7296911848467029251084354966065328e-05	6.5550874710269897102291523402607824e-03
5.8457726320278918590032041001158362e-04	2.4106414169238558949326041500591711e+00	5.9776024019439445738512680857446923e-05	6.6953801917859647898311279994149439e-03
5.5954996980388746856102734706214615e-04	2.4377154698712008445835942949300503e+00	6.2450120684869306672106866105921623e-05	6.8434817061477378592192099223152388e-03
5.3479686328396752139663588093393249e-04	2.4653985937855207977555709251823258e+00	6.5341158004046215148743529434873377e-05	7.0000718892458440131291115242867595e-03
5.1033059202997064756339942437023751e-04	2.4937262302184630419454502359425277e+00	6.8474353391988424917010803194895200e-05	7.1659130766898050339594388758935092e-03
4.8616424686130241497006337009913166e-04	2.5227370549873768713878807180349265e+00	7.1878793964623905531209604288188974e-05	7.3418630553693709856516777602680021e-03
4.6231138943893026961578304304440247e-04	2.5524733898769815367327708684708292e+00	7.5588183129977096790358929221169487e-05	7.5288906029082211978577331768920647e-03
4.3878608349988037471280334449655151e-04	2.5829816825229770477802915585274333e+00	7.9641762662955232960533903487462287e-05	7.7280941810181176966791572704685097e-03
4.1560292930309421812796368854186029e-04	2.6143130685638340620891033195524776e+00	8.4085459421695391366383183441170532e-05	7.9407245585055149883157175359811316e-03
3.9277710174072308156272669732716543e-04	2.6465240336762872860014582599835756e+00	8.8973322013903268698791658104070943e-05	8.1682123663110529413843362398040440e-03
3.7032439265199500417521426336070576e-04	2.6796771976903982147031525899733728e+00	9.4369335020507535073969739565566479e-05	8.4122018910647719326746654393516526e-03
3.4826125797874936176410401846087970e-04	2.7138422489780277480884611643205766e+00	1.0034972951849147913237802600959260e-04	8.6745928258601682480849702630607841e-03
3.2660487052781320614166743883424950e-04	2.7490970652388104086377563476885440e+00	1.0700595264087224913175536137539766e-04	8.9575922618349905714534279144185641e-03
3.0537317926251643080264304519043339e-04	2.7855290674016177674488888102806949e+00	1.1444852189004509711529991881406686e-04	9.2637799873315791446324997386977172e-03
2.8458497624310409724083854806889048e-04	2.8232368676701097513612345184882540e+00	1.2281208133402598702602069307102417e-04	9.5961912610153362834706147069970120e-03
2.6425997258621973376885229634189141e-04	2.8623322923061585742344725906543011e+00	1.3226211151375622236456334577448479e-04	9.9584227903529271010751434984663293e-03
2.4441888513433793336807129653569275e-04	2.9029428868451165186077147224735217e+00	1.4300394663680778822118003449421808e-04	1.0354769907405546404295914940807302e-02
2.2508353594115490039666025760576464e-04	2.9452150495102121929995743653424450e+00	1.5529506022349049045098171921364751e-04	1.0790406251963398061688680761165815e-02
2.0627696722259772968260639659592800e-04	2.9893179929179154782572892365878769e+00	1.6946205853940700724018126998542362e-04	1.1271622228592741534945744181947424e-02
1.8802357514421667086243512791405515e-04	3.0354488130065343570364087084844749e+00	1.8592458052565509225587754168786157e-04	1.1806146052246489648810190928350376e-02
1.7034926678572011580655055886017746e-04	3.0838390607017833401219468598574315e+00	2.0522953764066088654668117265163962e-04	1.2403582938352240855904205180567294e-02
1.5328164594861437176600090731967734e-04	3.1347633878324631729617689386090458e+00	2.2810118772225767303288358771509232e-04	1.3076026692035579774309835697493450e-02
1.3685023531490700725770725159845776e-04	3.1885511107151249043566722022436652e+00	2.5551607799705460194784172189085283e-04	1.3838928521643621731632027464698582e-02
1.2108674507506400620105370507211725e-04	3.2456019659134135285590433036428338e+00	2.8881817979207979817551272159605361e-04	1.4712359374568966179513089775937557e-02
1.0602540192358953473245670497745292e-04	3.3064080364041709547395240236979208e+00	3.2990112352903694226347806728521175e-04	1.5722891693899030085260376460633864e-02
9.1703357931924214737707406227537310e-05	3.3715850140591956629816423126687186e+00	3.8150671741432093265940114183107337e-04	1.6906488501181307629741589245432370e-02
7.8161207376706004560066126453293245e-05	3.4419180470044812564434587506921358e+00	4.4773390781904557175545822382242241e-04	1.8313093735118832004979339427241075e-02
6.5443653120184073366049996080422361e-05	3.5184312387555392517264590211745838e+00	5.3494850041845527043898059374936132e-04	2.0014226100804476542877279777567577e-02
5.3600386301759601085645261231923726e-05	3.6024972440152533379295405388037590e+00	6.5350403852621526879787103072215912e-04	2.2116163156515690278125899965940675e-02
4.2687281122149351068865804953474081e-05	3.6960185887406425927744568185880603e+00	8.2123112928526851707012826210336324e-04	2.4784218932906980872194124583862611e-02
3.2768075414369906796251214279754346e-05	3.8017460899197527019873667407425467e+00	1.0711575791241415671877978150582749e-03	2.8290860666116159549466864966427133e-02
2.3916841302371844505511051554428521e-05	3.9238824040702419681454289656039609e+00	1.4706421102779696359898859371886375e-03	3.3120554404360008659328486417265757e-02
1.6221832035172780112331163827082973e-05	4.0693484709288230345807005472469712e+00	2.1767468630812175595715576270679209e-03	4.0229317736822957940988154750453799e-02
9.7919510863407094381826161493227759e-06	4.2508506232907902667213310581279493e+00	3.6376024035296279812322902667421226e-03	5.1816556586210479899508192202874651e-02
4.7688064363691349908426195412487837e-06	4.4961506356959366002724946843033115e+00	7.6717399966658190237062651746022827e-03	7.4406710134826982288121693204741544e-02
1.3446881697212523081106214709547663e-06	4.8902899217187407100653392107912386e+00	3.6272310904630467710999481121046587e-02	1.4238605479913754506723311826870379e-01
0.0000000000000000000000000000000000e+00	0.0000000000000000000000000000000000e+00	1.4919725242578959641140371234937110e-05	3.1130000634724556990562524700393679e-03