1.3186053785829363674717924620668368e-06	-4.8941486005946361979065853896730425e+00	3.6222154784119880247798475827092880e-02	1.4228478103806187407975841615647335e-01
4.6769769473462282822450696374803637e-06	-4.5002995682629323039198987525229790e+00	7.6598475380656312788287130548716984e-03	7.4348655995849356814255431527522539e-02
9.6045283678299689320634270823859617e-06	-4.2551972830221422268774694006809271e+00	3.6315216387570481946111468004486847e-03	5.1773095828624547093668506316482310e-02
1.5912949656211861370708568868559395e-05	-4.0738515851932576255060640964006071e+00	2.1728848412478257825193975387553414e-03	4.0193547644292786101497935343284742e-02
2.3463549418734192374924992435953387e-05	-3.9285179337903944873565149823208577e+00	1.4678995691631978467647246835944597e-03	3.3089618494254090298536807174942939e-02
3.2149663348671692424769952507782190e-05	-3.8064980792687295514034849149555759e+00	1.0690718692476049141346264800903871e-03	2.8263278714173822017511149946770840e-02
4.1884850184853668077140361821436320e-05	-3.7008755793572771989280296293275132e+00	8.1956958223432481885142063929525395e-04	2.4759116561542873722364845810185222e-02
5.2596556637659645460723554492797954e-05	-3.6074505605374392666637584936381361e+00	6.5213527374550282253994107274642052e-04	2.2092977099068902476834013853486455e-02
6.4222350182393018011666625453642960e-05	-3.5234740585363205254162558237426799e+00	5.3379199540454830666957555465710642e-04	1.9992570342360598225568509440918370e-02
7.6707499512450179761636084245534416e-05	-3.4470448486550781827012853483490075e+00	4.4673719388990543301146540712071006e-04	1.8292691143318896692929296793583388e-02
9.0003328719714742837671541420331757e-05	-3.3767912283830634597376009414798192e+00	3.8063393977662079247367056032057846e-04	1.6887132767385657605798508247840073e-02
1.0406604720736405200488188324543003e-04	-3.3116898139379008517139919586969509e+00	3.2912682984212974240394644155619286e-04	1.5704424700197216341707763338893693e-02
1.1885588817626183256201546211664787e-04	-3.2509560157250955550095928426316791e+00	2.8812373010516605057558925736532974e-04	1.4694657009883022817864725336428551e-02
1.3433645601064269574733091998940897e-04	-3.1939745848572634016649973149748721e+00	2.5488746184524592585943790757213416e-04	1.3821891405284443116787291869324316e-02
1.5047422012368441904497132427320372e-04	-3.1402537962058092378888905349830145e+00	2.2752763987101632924251608936350401e-04	1.3059573887908487794601507226868828e-02
1.6723811452682661095254378552044453e-04	-3.0893942068467313267958504035495087e+00	2.0470262863459960514118990784310860e-04	1.2387647566259220399252118148158060e-02
1.8459921562558723313969099800048911e-04	-3.0410667447002806935076149073747157e+00	1.8543760081646441831417564141363665e-04	1.1790672144222596016305663165614716e-02
2.0253047913564837237637356812680716e-04	-2.9949969634989821050915875760602947e+00	1.6900959035723468471419877448809152e-04	1.1256562426564435495514768128152614e-02
2.2100652250820603793965367100990910e-04	-2.9509534871382431819715606225087505e+00	1.5487267307149445977080702874041482e-04	1.0775720088540768993476966857603081e-02
2.4000344295555814936012414563951806e-04	-2.9087393697384720190347869876373282e+00	1.4260797629998325232347344750794898e-04	1.0340422499955818876679023237627153e-02
2.5949866372414972424048255679512156e-04	-2.8681855285559163561175348096664044e+00	1.3188949677823127050898000091185355e-04	9.9443838338032609007351244740347653e-03
2.7947080306620027764465290437161145e-04	-2.8291456786083686607107662222380788e+00	1.2246024139786467145436566900736084e-04	9.5824342404072226604481127195090682e-03
2.9989956165884136552827586138585967e-04	-2.7914923737661368942969520806474499e+00	1.1411526298864268974187482206670854e-04	9.2502815545935321877242002643410614e-03
3.2076562516963550968667532908931269e-04	-2.7551138755634330764721294479501142e+00	1.0668939599149170998335524210078328e-04	8.9443317370284876686391992661687256e-03
3.4205057937354640972525664469231382e-04	-2.7199116497735709982255688221088927e+00	1.0004825505362953239573983686238144e-04	8.6615517939951803909605247974772599e-03
3.6373683575884705116882374218938585e-04	-2.6857983450797636681613288788083723e+00	9.4081536972580450353945988754686770e-05	8.3993638731580866607381241687771732e-03
3.8580756596600444665948059461993106e-04	-2.6526961462211482613773725074724950e+00	8.8697973505692022272964330270493819e-05	8.1555625487415048813129288068523089e-03
4.0824664371765810091833994593631601e-04	-2.6205354210756247703012778788088626e+00	8.3821483977855842051908925960928683e-05	7.9282495685980184045937935167667418e-03
4.3103859314305149007311792414817328e-04	-2.5892536006930543361475279483141061e+00	7.9388211096034529381913786516754180e-05	7.7157818996207327685908426066757209e-03
4.5416854259365827771285205898662417e-04	-2.5587942455932527814658800141282655e+00	7.5344214640244227484477687857529453e-05	7.5167300068209772700122807296276722e-03
4.7762218320062268108327000417179331e-04	-2.5291062622298798228318591556495910e+00	7.1643660573235569414768590506431041e-05	7.3298440840502290308115936378355475e-03
5.0138573154810865718229579940213356e-04	-2.5001432414461377546203549490291428e+00	6.8247387032903872042926812666202696e-05	7.1540265188474598427956579814852447e-03
5.2544589593650761134931351275919049e-04	-2.4718628967420367028551202036461908e+00	6.5121759753048079582524339863628662e-05	6.9883092858332056732163337852281772e-03
5.4978984579079594849304757570600472e-04	-2.4442265847501561862120061953121389e+00	6.2237751718819132069975078886813387e-05	6.8318352669665315284471664551792046e-03
5.7440518383604500840284414492035512e-04	-2.4171988938436688669770012017882912e+00	5.9570197985844798151058202689329494e-05	6.6838427234542019737173037411614201e-03
5.9927992071714627428409753862905570e-04	-2.3907472895408127248019368589384675e+00	5.7097188391894628718609308391094660e-05	6.5436523144850943839521151529527682e-03
6.2440245178553003253427181834943324e-04	-2.3648418075161705944565695514202881e+00	5.4799569611140781646825925485180720e-05	6.4106561872927606293193991122133470e-03
6.4976153581382464011896562933685491e-04	-2.3394547867223630385230692702054153e+00	5.2660534506428287682725259011139501e-05	6.2843087620396239792267935420001208e-03
6.7534627543143997703885380750511276e-04	-2.3145606364709862353823981423336296e+00	5.0665281629672935924974583035008238e-05	6.1641189113821459965025730023033680e-03
7.0114609910108155590682365621567770e-04	-2.2901356323973892655959651207316114e+00	4.8800731433508352693941190051740365e-05	6.0496432939260929590398501511634772e-03
7.2715074447910278963812231879204531e-04	-2.2661577370995027581318811261908045e+00	4.7055288595677869207326133093258524e-05	5.9404806472298744648579268014949035e-03
7.5335024302209704920069800006309319e-04	-2.2426064419415444704894456911261445e+00	4.5418642043300709359204344460696205e-05	5.8362668826072414733387079386632442e-03
7.7973490571879508135162553030903718e-04	-2.2194626270836443948390657364926936e+00	4.3881595958797314050966550655056981e-05	5.7366708529906736524896275225753704e-03
8.0629530984063490777261556633857778e-04	-2.1967084372649703723908852898183526e+00	4.2435926371854228852201104429727950e-05	5.6413906882520825779640245646516507e-03
8.3302228661669199523690608277680904e-04	-2.1743271712515594060339237528037793e+00	4.1074258980465246831358432126550813e-05	5.5501506109321053590240088883474866e-03
8.5990690974930997559600648967631563e-04	-2.1523031831770094589951169575736090e+00	3.9789964664594787474117233828835164e-05	5.4626981602902989058332700207154351e-03
8.8694048469601405667381682956700312e-04	-2.1306217942672386056852174418687214e+00	3.8577069807847061958815641610079224e-05	5.3788017647137982616309256930921621e-03
9.1411453865133360533201682454127829e-04	-2.1092692136597833537639796419604622e+00	3.7430179063150103536981382482476310e-05	5.2982486123969979984917649057537775e-03
9.4142081116918430440711754950857440e-04	-2.0882324672116296924624127392689843e+00	3.6344408616424492198483236861471527e-05	5.2208427782846734333920157115486657e-03
9.6885124537261158534247500272015161e-04	-2.0674993333437820577942963050761404e+00	3.5315328339393287368405199561733651e-05	5.1464035719114685994455459074128813e-03
9.9639797970309955715558808916888804e-04	-2.0470582851008474148398971309621056e+00	3.4338911495988411007472300400257932e-05	5.0747640762515061032214883259682890e-03
1.0240533401664075504161453255580652e-03	-2.0268984377140194605410009577427907e+00	3.3411490889319183041544493534702326e-05	5.0057698522340022775256437499611344e-03
1.0518098330360976026049756277438410e-03	-2.0070095010493787625305932436363738e+00	3.2529720518108488787903959788391387e-05	4.9392777873596887932152786074640858e-03
1.0796601379796352188572695702391943e-03	-1.9873817364031382598341693137614767e+00	3.1690541960882272422118608600220429e-05	4.8751550700085818694418238475530323e-03
1.1075971015752458669230972404440020e-03	-1.9680059171736179514988512873456655e+00	3.0891154829331219635029247042934368e-05	4.8132782736744579782730247765784624e-03
1.1356137311906449015618585630025176e-03	-1.9488732929981826416185622101661562e+00	3.0128990734147541618501602324632177e-05	4.7535325375856773620050619583645543e-03
1.1637031891973751489237057051846145e-03	-1.9299755569936518611005192330909924e+00	2.9401690291250026022985070789515301e-05	4.6958108320488318966723835457392747e-03
1.1918587874968238431727987226594798e-03	-1.9113048157820575537140992185337972e+00	2.8707082766822931551601516689812856e-05	4.6400132984404236842765976657649353e-03
1.2200739823360830926756184925969221e-03	-1.8928535620211343950840032947537787e+00	2.8043168018557000493593924065323529e-05	4.5860466551207757788678443773711484e-03
1.2483423693936949812495479485711547e-03	-1.8746146491914562127551617816173401e+00	2.7408100439946644872428946991711589e-05	4.5338236616932136867225285900909966e-03
1.2766576791170092331259241192676817e-03	-1.8565812684204128761627169882938077e+00	2.6800174656126513324131458418968184e-05	4.4832626350127360970468389026679533e-03
1.3050137722944001643232423543776524e-03	-1.8387469271478701462780647942110341e+00	2.6217812754871108501544727164168026e-05	4.4342870111886987016046364411284213e-03
1.3334046358469596033502202713033957e-03	-1.8211054294598877769958567638819185e+00	2.5659552866131276498791691788036040e-05	4.3868249485476123281436050580134887e-03
1.3618243788255203212059339981709761e-03	-1.8036508579357253882770110762594378e+00	2.5124038928739424793032917133554616e-05	4.3408089671433784214304750628161868e-03
1.3902672285999848807718156644447144e-03	-1.7863775568699109619374048399440384e+00	2.4610011504418255073057471722303045e-05	4.2961756209384411084527839589554938e-03
1.4187275272289504966064306504684552e-03	-1.7692801167456970229277613549383261e+00	2.4116299517582378133035353945507988e-05	4.2528651992431892465484541488794521e-03
1.4471997279985427175792931761204364e-03	-1.7523533598490517089560254026339578e+00	2.3641812815129530705252356686746195e-05	4.2108214544031801410361211428142220e-03
1.4756783921202093812375388553650245e-03	-1.7355923269236538656163231073745924e+00	2.3185535453893397913994093203163695e-05	4.1699913530733515512767118902902915e-03
1.5041581855779900408032233956299236e-03	-1.7189922647773779562336141978795743e+00	2.2746519635018235072125787284704534e-05	4.1303248487228947543325161441110072e-03
1.5326338761164726144280175978277445e-03	-1.7025486147596330951123465069417994e+00	2.2323880214504067691872973781420439e-05	4.0917746732802566048907450382648406e-03
1.5611003303612851459930820969080098e-03	-1.6862570020368045718178043815825572e+00	2.1916789727800485632966364113373200e-05	4.0542961460602210766964197698469457e-03
1.5895525110645523181130957131948944e-03	-1.6701132256000596074916460531909016e+00	2.1524473873798269074957319705919053e-05	4.0178469983187715619901873759818507e-03
1.6179854744682790660580545611182864e-03	-1.6541132489460286424995619999172161e+00	2.1146207410050452270916774007630572e-05	3.9823872119603509372505828488145419e-03
1.6463943677791120593384858940684289e-03	-1.6382531913764516717486010019376869e+00	2.0781310416690442583702738852368752e-05	3.9478788710795396657653330341696484e-03
1.6747744267483781799755229782045741e-03	-1.6225293198678662039761961795382901e+00	2.0429144891424801680409412454403054e-05	3.9142860251579026090610473781814346e-03
1.7031209733517112111116394210806922e-03	-1.6069380414668789935235240060426246e+00	2.0089111642264128522171688459802871e-05	3.8815745628592450383000121431440409e-03
1.7314294135629571331013870005179532e-03	-1.5914758961705684306041612593052761e+00	1.9760647448403594279856594298918749e-05	3.8497120954748554920238977764067350e-03
1.7596952352173977288028707906458468e-03	-1.5761395502551612840098597211648095e+00	1.9443222462948576254404837549692868e-05	3.8186678491662937291056621004897673e-03
1.7879140059596543347298002272148053e-03	-1.5609257900193626018397984741687424e+00	1.9136337834063176569167829521054242e-05	3.7884125652384543462629146031362323e-03
1.8160813712719309722768893462697889e-03	-1.5458315159116314675258672239469934e+00	1.8839523523653711903831587560763800e-05	3.7589184077513379735606439247000944e-03
1.8441930525785309400978854661577715e-03	-1.5308537370133234791485597570111172e+00	1.8552336304931336067228053729190053e-05	3.7301588778463496695822576890380527e-03
1.8722448454228352135701233346776047e-03	-1.5159895658519944572082814665364465e+00	1.8274357922167104427486152258191490e-05	3.7021087342230217077755800168094853e-03
1.9002326177131664549162745223192550e-03	-1.5012362135213064351625267080519215e+00	1.8005193397692782599161513129403166e-05	3.6747439192556970917477272437364857e-03
1.9281523080341806900972084835136778e-03	-1.4865909850859206402893886911024472e+00	1.7744469472740626175118468830095806e-05	3.6480414902876694641285100534796967e-03
1.9559999240206312041584060278698690e-03	-1.4720512752515242882021076997767701e+00	1.7491833170080307643268057296312142e-05	3.6219795556832159118143064069253316e-03
1.9837715407905372558693491335551629e-03	-1.4576145642817374785653812470273585e+00	1.7246950467622831716040135085172924e-05	3.5965372152564590385239052173555894e-03
2.0114632994349650027694080805970268e-03	-1.4432784141451000172867976272525947e+00	1.7009505073238444101691132520884868e-05	3.5716945047305587448189314449409823e-03
2.0390714055617906364572175224970120e-03	-1.4290404648766604349711525536534609e+00	1.6779197291994494911643284069393183e-05	3.5474323439118050336505572480564666e-03
2.0665921278909671336364556149438379e-03	-1.4148984311398939972619400937806525e+00	1.6555742977874124964458625856949569e-05	3.5237324882911492555554717356882259e-03
2.0940217968989571208127455404826348e-03	-1.4008500989757748276141340228364362e+00	1.6338872562799825072424916587286805e-05	3.5005774838109138994091667950975103e-03
2.1213568035101259395783438485880517e-03	-1.3868933227268298234704555073483228e+00	1.6128330156468119478029628210639997e-05	3.4779506245571608180532139852250055e-03
2.1485935978330118232374057407938627e-03	-1.3730260221249181504545406441670918e+00	1.5923872711112227477555112681493188e-05	3.4558359131587395551268104581382042e-03
2.1757286879395048274756578328268721e-03	-1.3592461795323180580154180530705199e+00	1.5725269245856767950083709412894529e-05	3.4342180236926150723358844532231254e-03
2.2027586386850734127904916910117529e-03	-1.3455518373264700062437722901267782e+00	1.5532300125819578009382740935543983e-05	3.4130822669118944169525504593996333e-03
2.2296800705682779166038001498562530e-03	-1.3319410954194282813781976695011203e+00	1.5344756391556825002581277321466749e-05	3.3924145576282177544116614873326962e-03
2.2564896586279040927628234775024944e-03	-1.3184121089037183714396637199625590e+00	1.5162439134844340347243805583307139e-05	3.3722013840940129817146806601571935e-03
2.2831841313761379066392642813609955e-03	-1.3049630858168897265020247086111691e+00	1.4985158917145368034349273698836067e-05	3.3524297792426788680175945461119023e-03
2.3097602697662852872167385392875520e-03	-1.2915922850175979501210710256204899e+00	1.4812735227436993935552119420517341e-05	3.3330872936561873590694357791324650e-03
2.3362149061936179497999549412141567e-03	-1.2782980141665512860626312896320035e+00	1.4644995976358192516165109131320234e-05	3.3141619701399952622279113351902991e-03
2.3625449235279990783697175441336927e-03	-1.2650786278061173741211218829555255e+00	1.4481777023905041654422137467943523e-05	3.2956423197946305154369513737844684e-03
2.3887472541770109298557712466406589e-03	-1.2519325255328111633490466864715177e+00	1.4322921738136174166362354913010977e-05	3.2775172994819592025580344888930730e-03
2.4148188791783706016789175393688804e-03	-1.2388581502572767608632536307223132e+00	1.4168280582566578133066310800425964e-05	3.2597762905920273007984952137195155e-03
2.4407568273204805724412119499877410e-03	-1.2258539865467377239830814469769006e+00	1.4017710730122752251353829631759987e-05	3.2424090790235781692785023520512627e-03
2.4665581742900174450223615176130128e-03	-1.2129185590452244634198360020868241e+00	1.3871075701709031567882851383928855e-05	3.2254058362979377690148762708802933e-03
2.4922200418455158327004834193012521e-03	-1.2000504309671963609562275007656769e+00	1.3728245027595458284734695202819986e-05	3.2087571017319925826986734458030590e-03
2.5177395970159547548613690465388231e-03	-1.1872482026604620419840932870119953e+00	1.3589093929983515181712924926083650e-05	3.1924537656015122515388494043221720e-03
2.5431140513234014550589839728667255e-03	-1.1745105102345659094378272332816295e+00	1.3453503025238820972864761759490491e-05	3.1764870532311368382595443159361895e-03
2.5683406600288124108050846148346306e-03	-1.1618360242510542916794818971050514e+00	1.3321358044400805895308210237325793e-05	3.1608485099519994143652414336807072e-03
2.5934167214001336474607271622423056e-03	-1.1492234484722619737648114438682069e+00	1.3192549570689601463335632609463215e-05	3.1455299868722262073656748079774543e-03
2.6183395760018824609210918174190603e-03	-1.1366715186654709165269287386999788e+00	1.3066972792830927188585412353726313e-05	3.1305236274094829326787115429752501e-03
2.6431066060054304464256945204927275e-03	-1.1241790014594889387784828678331451e+00	1.2944527273111566892010067856226811e-05	3.1158218545383479315614069685068180e-03
2.6677152345192434638172111747002815e-03	-1.1117446932508782454780604694728915e+00	1.2825116729161929188856267853355820e-05	3.1014173587086181055174463536053008e-03
2.6921629249383679728607948819583625e-03	-1.0993674191572330241758676862055054e+00	1.2708648828538926252810964142225314e-05	3.0873030863937174676345903286115381e-03
2.7164471803124851664964984494077347e-03	-1.0870460320150629032448398716811870e+00	1.2595034995252651284288513564538517e-05	3.0734722292312031134969355676257695e-03
2.7405655427318846272699730170957417e-03	-1.0747794114199857817467702285230071e+00	1.2484190227444689619667414386042744e-05	3.0599182137199700907490303670467429e-03
2.7645155927307379369489367534463011e-03	-1.0625664628070702374880054566437619e+00	1.2376032925484902098192562603676566e-05	3.0466346914411636302696642366424949e-03
2.7882949487070798785157041920460802e-03	-1.0504061165692951611869128641136755e+00	1.2270484729807659239322557197586196e-05	3.0336155297720313736875575074274616e-03
2.8119012663589306736745056765061343e-03	-1.0382973272122131506720336808329906e+00	1.2167470367858219956958779640971848e-05	3.0208548030640049139777633834412669e-03
2.8353322381360171818997923710686259e-03	-1.0262390725430151712004901915208258e+00	1.2066917509565634939846968572908576e-05	3.0083467842582030780775529236023983e-03
2.8585855927065742273501009003936303e-03	-1.0142303528922976347790255619086996e+00	1.1968756630800569995623288134741083e-05	2.9960859369133115794320220147116149e-03
2.8816590944387292908825532373418939e-03	-1.0022701903669299129357758224737447e+00	1.1872920884315111692629849904944591e-05	2.9840669076224264714991856837620493e-03
2.9045505428959947742512017909258872e-03	-9.9035762813251086991219653959659218e-01	1.1779345977697228781034473037647416e-05	2.9722845187969627297427808919967960e-03
2.9272577723464119761703848902951498e-03	-9.7849172972398774284518891699914123e-01	1.1687970057905382689830612378418137e-05	2.9607337617971338400168801557077764e-03
2.9497786512849098749036175770133692e-03	-9.6667157838309002178669753323070332e-01	1.1598733601979048576100534385916567e-05	2.9494097903898121963412895719658920e-03
2.9721110819684598451559897013903343e-03	-9.5489627642130528162794176789969157e-01	1.1511579313548842301810391569143723e-05	2.9383079145157913719520462983813015e-03
2.9942529999636246004664433067014851e-03	-9.4316494460719354598515428633790337e-01	1.1426452024795745586948658943067289e-05	2.9274235943495971972001617296490742e-03
3.0162023737061159948433284358694889e-03	-9.3147672157690204787191859577575026e-01	1.1343298603532760595618746283974924e-05	2.9167524346360417057495398182333241e-03
3.0379572040719918847929003228047270e-03	-9.1983076326680349609613561420626867e-01	1.1262067865104369206432326979636262e-05	2.9062901792886884802902200401251535e-03
3.0595155239601370880088662348745342e-03	-9.0822624236723843905714496904867183e-01	1.1182710488819569345633247636102106e-05	2.8960327062363053107966351786162799e-03
3.0808753978856876179992777222084385e-03	-8.9666234779639629693214203171621256e-01	1.1105178938653145890556084545529843e-05	2.8859760225042254758228982100244818e-03
3.1020349215840708625137893909312192e-03	-8.8513828419342034753370718544861436e-01	1.1029427387967329658719899675579165e-05	2.8761162595183270498318822712149406e-03
3.1229922216253472431718802399700912e-03	-8.7365327142986962086503073081464897e-01	1.0955411648022216916881823636708929e-05	2.8664496686200747205055784671076361e-03
3.1437454550385511773960312163651568e-03	-8.6220654413871548661282527583195194e-01	1.0883089100058365895544110840192535e-05	2.8569726167817546113063961901451071e-03
3.1642928089457408928278107089651400e-03	-8.5079735126009289640221292282605227e-01	1.0812418630748949313055897856876030e-05	2.8476815825116731678916412443479058e-03
3.1846325002054778481798963555298674e-03	-8.3942495560306594360450408411727739e-01	1.0743360570831808182212866830005215e-05	2.8385731519396896118914657052304287e-03
3.2047627750654672205355495220797407e-03	-8.2808863342270479007452424137520733e-01	1.0675876636743800170241127492310479e-05	2.8296440150740108550736638015300086e-03
3.2246819088241011533995836129945270e-03	-8.1678767401180623187998971403280769e-01	1.0609929875091036860331632703020181e-05	2.8208909622207009206658177623722189e-03
3.2443882055006562467584220608586598e-03	-8.0552137930662337452736909243327117e-01	1.0545484609799023748271687464918318e-05	2.8123108805578464337888037642748810e-03
3.2638799975139061330249455312549384e-03	-7.9428906350600119206852298609101858e-01	1.0482506391796414556788443148211263e-05	2.8039007508567780133797643980243215e-03
3.2831556453689189426994350085350530e-03	-7.8309005270334427427618679831259202e-01	1.0420961951095122339953692242302968e-05	2.7956576443431766313298561087497045e-03
3.3022135373518180412996511769767718e-03	-7.7192368453087093380665675980847308e-01	1.0360819151137944225478764863207437e-05	2.7875787196912962380901053389838480e-03
3.3210520892322926338653243526101236e-03	-7.6078930781563415509664839765219250e-01	1.0302046945292700720892359971683483e-05	2.7796612201449110688124033764129088e-03
3.3396697439736527032995962946923942e-03	-7.4968628224681471560730403536048175e-01	1.0244615335379206744453286510045400e-05	2.7719024707589497781294198774324863e-03
3.3580649714502302911261246018277808e-03	-7.3861397805381528818665822568100714e-01	1.0188495332122218954871148337699042e-05	2.7642998757561105115299448522294687e-03
3.3762362681719363601131825555985071e-03	-7.2757177569470652484669665847200716e-01	1.0133658917429878434273650926852181e-05	2.7568509159930626929753377665257480e-03
3.3941821570157894129462776380611084e-03	-7.1655906555459710549813408901007372e-01	1.0080079008403122353726571823906895e-05	2.7495531465311340671973486559253785e-03
3.4119011869642386941790108274519568e-03	-7.0557524765351958321709034875491508e-01	1.0027729422987103332162411807345846e-05	2.7424041943066566544949415872318037e-03
3.4293919328501111877298182920603245e-03	-6.9461973136344263859157750330481102e-01	9.9765848471808588083473167732998150e-06	2.7354017558964039356732204434656518e-03
3.4466529951080177521512803727284849e-03	-6.8369193513403813322667169707853499e-01	9.9266208037263407134715417387931679e-06	2.7285435953737948787664708110333263e-03
3.4636829995320596230150974770287035e-03	-6.7279128622684818597653997294872342e-01	9.8778136222024718870419121803506928e-06	2.7218275422517693617751014783926302e-03
3.4804805970396821676128400922100853e-03	-6.6191722045751344041130361924171429e-01	9.8301404104541620128323859993181009e-06	2.7152514895084550781755098615604843e-03
3.4970444634415282127397020410564620e-03	-6.5106918194573880028088928691211532e-01	9.7835790272902126732681305181153791e-06	2.7088133916919490084399144420893277e-03
3.5133732992171484919982718750405093e-03	-6.4024662287268722980076692036432841e-01	9.7381080563877871942336483929264348e-06	2.7025112631007278131279337263394242e-03
3.5294658292964317846816820842231431e-03	-6.2944900324550579281905529767963596e-01	9.6937067813446336251095066904627212e-06	2.6963431760363818058695565017721522e-03
3.5453208028466221532097210533039531e-03	-6.1867579066870098178346650787090167e-01	9.6503551618235445164907021217833193e-06	2.6903072591255371994240322997300363e-03
3.5609369930647953391563497362569070e-03	-6.0792646012209260365528184493308931e-01	9.6080338107366299701548828456289069e-06	2.6844016957079917377681810873061813e-03
3.5763131969756708575288091361622369e-03	-5.9720049374508708274203300167623438e-01	9.5667239724198844924490018336885260e-06	2.6786247222882402394654638345116821e-03
3.5914482352346406431171758538597224e-03	-5.8649738062702204472130018967412853e-01	9.5264075017512562218189606610301734e-06	2.6729746270477095482488860241186419e-03
3.6063409519358992590072591875112078e-03	-5.7581661660334449460070622692413708e-01	9.4870668441679909311501692470613887e-06	2.6674497484151574430285404370401323e-03
3.6209902144255646829390325536879770e-03	-5.6515770405739482466334986278485284e-01	9.4486850165414337759556762588903962e-06	2.6620484736928176928527244553560674e-03
3.6353949131196825489403308128753793e-03	-5.5452015172757831534472838277924795e-01	9.4112455888697392302922681354709530e-06	2.6567692377359941110319577149481888e-03
3.6495539613270104460776524597175551e-03	-5.4390347451971474946690579062243601e-01	9.3747326667510734553954634642148434e-06	2.6516105216839205943121793656493417e-03
3.6634662950764824694312852389594232e-03	-5.3330719332436527365584156692697374e-01	9.3391308746019022415012759183584786e-06	2.6465708517398121268462970288985539e-03
3.6771308729492576864095590171024256e-03	-5.2273083483894373388282818307423038e-01	9.3044253395868497914361034404416768e-06	2.6416487979981339575731682621031206e-03
3.6905466759152595298727512364761474e-03	-5.1217393139442740725381934888259078e-01	9.2706016762283965433240606408001493e-06	2.6368429733172129718082333606757869e-03
3.7037127071741163635797084095005842e-03	-5.0163602078648937042680992255716276e-01	9.2376459716663649986197163847695410e-06	2.6321520322354069990034852418995935e-03
3.7166279920004165902858382117448908e-03	-4.9111664611088170611347457642888454e-01	9.2055447715387276815845722452962328e-06	2.6275746699291347332766018028336028e-03
3.7292915775931946932574855425596646e-03	-4.8061535560290537158480803097149088e-01	9.1742850664567670066272833990093957e-06	2.6231096212111513763756409651110772e-03
3.7417025329295675226471229903112720e-03	-4.7013170248080885441661976243564333e-01	9.1438542790490286522217225899462944e-06	2.6187556595675333109621009212487922e-03
3.7538599486224429635054545299349734e-03	-4.5966524479296373731200636749608850e-01	9.1142402515498433294349312997145393e-06	2.6145115962319093252559745059853661e-03
3.7657629367822258563981531118586167e-03	-4.4921554526867100118975802997056006e-01	9.0854312339094515265876285046913562e-06	2.6103762792955463722389306573509106e-03
3.7774106308824486886636725981852824e-03	-4.3878217117245732838903367261704082e-01	9.0574158724039565149168002183441782e-06	2.6063485928519647771509574551220274e-03
3.7888021856292571381312830688534841e-03	-4.2836469416172583952067047326424169e-01	9.0301831987244569118711510107232061e-06	2.6024274561748214116983628130399958e-03
3.7999367768346830352815280115842996e-03	-4.1796269014763062110605550900753679e-01	9.0037226195257754327164854974826476e-06	2.5986118229278598252744019657595648e-03
3.8108136012936397178796699727343485e-03	-4.0757573915904908884925555684483481e-01	8.9780239064162088673377437218322780e-06	2.5949006804057838438065919176365628e-03
3.8214318766645770873986295274517662e-03	-3.9720342520953069464822256266993862e-01	8.9530771863706793024816417230128527e-06	2.5912930488049658857937781624912698e-03
3.8317908413537359422791223241310161e-03	-3.8684533616710473506755118926782836e-01	8.9288729325505714479123293228104581e-06	2.5877879805229533626149180637543690e-03
3.8418897544029433623220052932388064e-03	-3.7650106362683406514936249869086807e-01	8.9054019555143986848052902683247948e-06	2.5843845594857861766358300250416546e-03
3.8517278953808930542125443435701723e-03	-3.6617020278600537372804383838314059e-01	8.8826553948042540070212486881391975e-06	2.5810819005021856474324896904116520e-03
3.8613045642778566431570375546000839e-03	-3.5585235232185034388764007535653820e-01	8.8606247108937740595321652573924107e-06	2.5778791486437203166793035073046033e-03
3.8706190814037739125714543174531954e-03	-3.4554711427169551338994729321126592e-01	8.8393016774840775129604428038315354e-06	2.5747754786500971312318861199080778e-03
3.8796707872896719552919983006182421e-03	-3.3525409391544197285256941099806783e-01	8.8186783741348354115082564133735548e-06	2.5717700943587675997227160647992450e-03
3.8884590425923651083671651274904173e-03	-3.2497289966027920175665262377552501e-01	8.7987471792182931099369560212563665e-06	2.5688622281580777718664845185801470e-03
3.8969832280023894015297574095344851e-03	-3.1470314292754035116871899626785543e-01	8.7795007631846930542606745536565375e-06	2.5660511404632284065965125962864662e-03
3.9052427441551270592319249333496785e-03	-3.0444443804160914411715197129632071e-01	8.7609320821281469146082630466367143e-06	2.5633361192143475741741794528421967e-03
3.9132370115450783598647560909524084e-03	-2.9419640212079128623361606096092205e-01	8.7430343716425762838716914686032302e-06	2.5607164793960122720634316554818218e-03
3.9209654704432398756007838864604304e-03	-2.8395865497006586655151975154052229e-01	8.7258011409578850394915985837688256e-06	2.5581915625775885130234576586103072e-03
3.9284275808175497942383920343342072e-03	-2.7373081897563468690229890639401498e-01	8.7092261673470451534349236584346121e-06	2.5557607364737908501134608840031928e-03
3.9356228222563626624620718639930440e-03	-2.6351251900118979349540209500353598e-01	8.6933034907952727577752489852475026e-06	2.5534233945248925161981717235472674e-03
3.9425506938949174899615627284266334e-03	-2.5330338228582170103122140121559665e-01	8.6780274089229440728253487712831983e-06	2.5511789554960463499671001704192583e-03
3.9492107143447647177089650850871764e-03	-2.4310303834349290280811186514149592e-01	8.6633924721543527419987968412484179e-06	2.5490268630952045273896457733409808e-03
3.9556024216261190831455731534669345e-03	-2.3291111886400325419897240408108411e-01	8.6493934791248424766756335451338765e-06	2.5469665856091518842162296399999913e-03
3.9617253731031069117893424159390465e-03	-2.2272725761537570578127656315575935e-01	8.6360254723192629084932200049893423e-06	2.5449976155571933654792148133802577e-03
3.9675791454218778304931308725772912e-03	-2.1255109034759265024956905172554720e-01	8.6232837339350933228122011034988142e-06	2.5431194693620609326337699255077200e-03
3.9731633344515523338635139552450035e-03	-2.0238225469761483772720391665516568e-01	8.6111637819639595913462797840716038e-06	2.5413316870376291557199747274852443e-03
3.9784775552279780437403519788272583e-03	-1.9222039009561641070519977238082999e-01	8.5996613664856351627465884603049606e-06	2.5396338318930517716611955469096217e-03
3.9835214419002688836414944079957448e-03	-1.8206513767237111583673455244209833e-01	8.5887724661689683829314316034225007e-06	2.5380254902529537528928808882464853e-03
3.9882946476801027471537792877163445e-03	-1.7191614016772616826768434817346487e-01	8.5784932849745166285651365817408202e-06	2.5365062711933349528862357434567132e-03
3.9927968447937545728178957596091371e-03	-1.6177304184010157795318360999697053e-01	8.5688202490539936280745899202079833e-06	2.5350758062928622244992609944442154e-03
3.9970277244368430494886974258084989e-03	-1.5163548837695399917730728204992635e-01	8.5597500038419507533978603530612226e-06	2.5337337493992470890789492481365846e-03
4.0009869967317704667955502820956842e-03	-1.4150312680614533675893481742131889e-01	8.5512794113354167915722674389845920e-06	2.5324797764104256125471433671460703e-03
4.0046743906878364964864179055175546e-03	-1.3137560540815743752180177326651806e-01	8.5434055475575145113760593503328092e-06	2.5313135850702761612328995257871296e-03
4.0080896541640079433898597562811752e-03	-1.2125257362909521569658026106203252e-01	8.5361257002013569562210952501799296e-06	2.5302348947786292052145372613699158e-03
4.0112325538343277407164843143333494e-03	-1.1113368199442150801557737180792436e-01	8.5294373664508025192731714174430731e-06	2.5292434464153413491247522213827011e-03
4.0141028751559476846636516393805473e-03	-1.0101858202336783021231166172968612e-01	8.5233382509749161610085848456642348e-06	2.5283390021782233370645695716850820e-03
4.0167004223397706089768899323528075e-03	-9.0906926143966013158218015809881746e-02	8.5178262640932452578653616270524582e-06	2.5275213454346289354867241213463472e-03
4.0190250183236888924276604844500061e-03	-8.0798367608646435524768345783303447e-02	8.5128995201092731444430388405653203e-06	2.5267902805865283804844195119029064e-03
4.0210765047484073722373692121401651e-03	-7.0692560410349242081954201644070729e-02	8.5085563358096620304839866544795140e-06	2.5261456329489065176188205491547494e-03
4.0228547419358399054398925337900278e-03	-6.0589159199095543830881744801860878e-02	8.5047952291271402178316919848480587e-06	2.5255872486413418960239402549130528e-03
4.0243596088700699791396480496831420e-03	-5.0487819198966139287360019151562978e-02	8.5016149179651269744333899031551345e-06	2.5251149944926389359482491947154529e-03
4.0255910031808669206837742589624780e-03	-4.0388196125435776426981336471675236e-02	8.4990143191824225893758975721386641e-06	2.5247287579584009012511061510020883e-03
4.0265488411297504010055329641484829e-03	-3.0289946103011392989396336162957844e-02	8.4969925477365215682866649082242289e-06	2.5244284470514468060976456739500966e-03
4.0272330575985970598794661884827920e-03	-2.0192725583123129818910994810488467e-02	8.4955489159843341535591531084326825e-06	2.5242139902849905980105224828660037e-03
4.0276436060807842116142999019082783e-03	-1.0096191262217208370603068397645275e-02	8.4946829331393258798301676194237150e-06	2.5240853366285160168426892482038337e-03
4.0277804586748667148452697012017859e-03	0.0000000000000000000000000000000000e+00	8.4943943048843072043595391275478353e-06	2.5240424554762954599967626253534473e-03
4.0276436060807842116142999019082783e-03	1.0096191262217208370603068397645275e-02	8.4946829331393258798301676194237150e-06	2.5240853366285160168426892482038337e-03
4.0272330575985970598794661884827920e-03	2.0192725583123129818910994810488467e-02	8.4955489159843341535591531084326825e-06	2.5242139902849905980105224828660037e-03
4.0265488411297504010055329641484829e-03	3.0289946103011392989396336162957844e-02	8.4969925477365215682866649082242289e-06	2.5244284470514468060976456739500966e-03
4.0255910031808669206837742589624780e-03	4.0388196125435776426981336471675236e-02	8.4990143191824225893758975721386641e-06	2.5247287579584009012511061510020883e-03
4.0243596088700699791396480496831420e-03	5.0487819198966139287360019151562978e-02	8.5016149179651269744333899031551345e-06	2.5251149944926389359482491947154529e-03
4.0228547419358399054398925337900278e-03	6.0589159199095543830881744801860878e-02	8.5047952291271402178316919848480587e-06	2.5255872486413418960239402549130528e-03
4.0210765047484073722373692121401651e-03	7.0692560410349242081954201644070729e-02	8.5085563358096620304839866544795140e-06	2.5261456329489065176188205491547494e-03
4.0190250183236888924276604844500061e-03	8.0798367608646435524768345783303447e-02	8.5128995201092731444430388405653203e-06	2.5267902805865283804844195119029064e-03
4.0167004223397706089768899323528075e-03	9.0906926143966013158218015809881746e-02	8.5178262640932452578653616270524582e-06	2.5275213454346289354867241213463472e-03
4.0141028751559476846636516393805473e-03	1.0101858202336783021231166172968612e-01	8.5233382509749161610085848456642348e-06	2.5283390021782233370645695716850820e-03
4.0112325538343277407164843143333494e-03	1.1113368199442150801557737180792436e-01	8.5294373664508025192731714174430731e-06	2.5292434464153413491247522213827011e-03
4.0080896541640079433898597562811752e-03	1.2125257362909521569658026106203252e-01	8.5361257002013569562210952501799296e-06	2.5302348947786292052145372613699158e-03
4.0046743906878364964864179055175546e-03	1.3137560540815743752180177326651806e-01	8.5434055475575145113760593503328092e-06	2.5313135850702761612328995257871296e-03
4.0009869967317704667955502820956842e-03	1.4150312680614533675893481742131889e-01	8.5512794113354167915722674389845920e-06	2.5324797764104256125471433671460703e-03
3.9970277244368430494886974258084989e-03	1.5163548837695399917730728204992635e-01	8.5597500038419507533978603530612226e-06	2.5337337493992470890789492481365846e-03
3.9927968447937545728178957596091371e-03	1.6177304184010157795318360999697053e-01	8.5688202490539936280745899202079833e-06	2.5350758062928622244992609944442154e-03
3.9882946476801027471537792877163445e-03	1.7191614016772616826768434817346487e-01	8.5784932849745166285651365817408202e-06	2.5365062711933349528862357434567132e-03
3.9835214419002688836414944079957448e-03	1.8206513767237111583673455244209833e-01	8.5887724661689683829314316034225007e-06	2.5380254902529537528928808882464853e-03
3.9784775552279780437403519788272583e-03	1.9222039009561641070519977238082999e-01	8.5996613664856351627465884603049606e-06	2.5396338318930517716611955469096217e-03
3.9731633344515523338635139552450035e-03	2.0238225469761483772720391665516568e-01	8.6111637819639595913462797840716038e-06	2.5413316870376291557199747274852443e-03
3.9675791454218778304931308725772912e-03	2.1255109034759265024956905172554720e-01	8.6232837339350933228122011034988142e-06	2.5431194693620609326337699255077200e-03
3.9617253731031069117893424159390465e-03	2.2272725761537570578127656315575935e-01	8.6360254723192629084932200049893423e-06	2.5449976155571933654792148133802577e-03
3.9556024216261190831455731534669345e-03	2.3291111886400325419897240408108411e-01	8.6493934791248424766756335451338765e-06	2.5469665856091518842162296399999913e-03
3.9492107143447647177089650850871764e-03	2.4310303834349290280811186514149592e-01	8.6633924721543527419987968412484179e-06	2.5490268630952045273896457733409808e-03
3.9425506938949174899615627284266334e-03	2.5330338228582170103122140121559665e-01	8.6780274089229440728253487712831983e-06	2.5511789554960463499671001704192583e-03
3.9356228222563626624620718639930440e-03	2.6351251900118979349540209500353598e-01	8.6933034907952727577752489852475026e-06	2.5534233945248925161981717235472674e-03
3.9284275808175497942383920343342072e-03	2.7373081897563468690229890639401498e-01	8.7092261673470451534349236584346121e-06	2.5557607364737908501134608840031928e-03
3.9209654704432398756007838864604304e-03	2.8395865497006586655151975154052229e-01	8.7258011409578850394915985837688256e-06	2.5581915625775885130234576586103072e-03
3.9132370115450783598647560909524084e-03	2.9419640212079128623361606096092205e-01	8.7430343716425762838716914686032302e-06	2.5607164793960122720634316554818218e-03
3.9052427441551270592319249333496785e-03	3.0444443804160914411715197129632071e-01	8.7609320821281469146082630466367143e-06	2.5633361192143475741741794528421967e-03
3.8969832280023894015297574095344851e-03	3.1470314292754035116871899626785543e-01	8.7795007631846930542606745536565375e-06	2.5660511404632284065965125962864662e-03
3.8884590425923651083671651274904173e-03	3.2497289966027920175665262377552501e-01	8.7987471792182931099369560212563665e-06	2.5688622281580777718664845185801470e-03
3.8796707872896719552919983006182421e-03	3.3525409391544197285256941099806783e-01	8.8186783741348354115082564133735548e-06	2.5717700943587675997227160647992450e-03
3.8706190814037739125714543174531954e-03	3.4554711427169551338994729321126592e-01	8.8393016774840775129604428038315354e-06	2.5747754786500971312318861199080778e-03
3.8613045642778566431570375546000839e-03	3.5585235232185034388764007535653820e-01	8.8606247108937740595321652573924107e-06	2.5778791486437203166793035073046033e-03
3.8517278953808930542125443435701723e-03	3.6617020278600537372804383838314059e-01	8.8826553948042540070212486881391975e-06	2.5810819005021856474324896904116520e-03
3.8418897544029433623220052932388064e-03	3.7650106362683406514936249869086807e-01	8.9054019555143986848052902683247948e-06	2.5843845594857861766358300250416546e-03
3.8317908413537359422791223241310161e-03	3.8684533616710473506755118926782836e-01	8.9288729325505714479123293228104581e-06	2.5877879805229533626149180637543690e-03
3.8214318766645770873986295274517662e-03	3.9720342520953069464822256266993862e-01	8.9530771863706793024816417230128527e-06	2.5912930488049658857937781624912698e-03
3.8108136012936397178796699727343485e-03	4.0757573915904908884925555684483481e-01	8.9780239064162088673377437218322780e-06	2.5949006804057838438065919176365628e-03
3.7999367768346830352815280115842996e-03	4.1796269014763062110605550900753679e-01	9.0037226195257754327164854974826476e-06	2.5986118229278598252744019657595648e-03
3.7888021856292571381312830688534841e-03	4.2836469416172583952067047326424169e-01	9.0301831987244569118711510107232061e-06	2.6024274561748214116983628130399958e-03
3.7774106308824486886636725981852824e-03	4.3878217117245732838903367261704082e-01	9.0574158724039565149168002183441782e-06	2.6063485928519647771509574551220274e-03
3.7657629367822258563981531118586167e-03	4.4921554526867100118975802997056006e-01	9.0854312339094515265876285046913562e-06	2.6103762792955463722389306573509106e-03
3.7538599486224429635054545299349734e-03	4.5966524479296373731200636749608850e-01	9.1142402515498433294349312997145393e-06	2.6145115962319093252559745059853661e-03
3.7417025329295675226471229903112720e-03	4.7013170248080885441661976243564333e-01	9.1438542790490286522217225899462944e-06	2.6187556595675333109621009212487922e-03
3.7292915775931946932574855425596646e-03	4.8061535560290537158480803097149088e-01	9.1742850664567670066272833990093957e-06	2.6231096212111513763756409651110772e-03
3.7166279920004165902858382117448908e-03	4.9111664611088170611347457642888454e-01	9.2055447715387276815845722452962328e-06	2.6275746699291347332766018028336028e-03
3.7037127071741163635797084095005842e-03	5.0163602078648937042680992255716276e-01	9.2376459716663649986197163847695410e-06	2.6321520322354069990034852418995935e-03
3.6905466759152595298727512364761474e-03	5.1217393139442740725381934888259078e-01	9.2706016762283965433240606408001493e-06	2.6368429733172129718082333606757869e-03
3.6771308729492576864095590171024256e-03	5.2273083483894373388282818307423038e-01	9.3044253395868497914361034404416768e-06	2.6416487979981339575731682621031206e-03
3.6634662950764824694312852389594232e-03	5.3330719332436527365584156692697374e-01	9.3391308746019022415012759183584786e-06	2.6465708517398121268462970288985539e-03
3.6495539613270104460776524597175551e-03	5.4390347451971474946690579062243601e-01	9.3747326667510734553954634642148434e-06	2.6516105216839205943121793656493417e-03
3.6353949131196825489403308128753793e-03	5.5452015172757831534472838277924795e-01	9.4112455888697392302922681354709530e-06	2.6567692377359941110319577149481888e-03
3.6209902144255646829390325536879770e-03	5.6515770405739482466334986278485284e-01	9.4486850165414337759556762588903962e-06	2.6620484736928176928527244553560674e-03
3.6063409519358992590072591875112078e-03	5.7581661660334449460070622692413708e-01	9.4870668441679909311501692470613887e-06	2.6674497484151574430285404370401323e-03
3.5914482352346406431171758538597224e-03	5.8649738062702204472130018967412853e-01	9.5264075017512562218189606610301734e-06	2.6729746270477095482488860241186419e-03
3.5763131969756708575288091361622369e-03	5.9720049374508708274203300167623438e-01	9.5667239724198844924490018336885260e-06	2.6786247222882402394654638345116821e-03
3.5609369930647953391563497362569070e-03	6.0792646012209260365528184493308931e-01	9.6080338107366299701548828456289069e-06	2.6844016957079917377681810873061813e-03
3.5453208028466221532097210533039531e-03	6.1867579066870098178346650787090167e-01	9.6503551618235445164907021217833193e-06	2.6903072591255371994240322997300363e-03
3.5294658292964317846816820842231431e-03	6.2944900324550579281905529767963596e-01	9.6937067813446336251095066904627212e-06	2.6963431760363818058695565017721522e-03
3.5133732992171484919982718750405093e-03	6.4024662287268722980076692036432841e-01	9.7381080563877871942336483929264348e-06	2.7025112631007278131279337263394242e-03
3.4970444634415282127397020410564620e-03	6.5106918194573880028088928691211532e-01	9.7835790272902126732681305181153791e-06	2.7088133916919490084399144420893277e-03
3.4804805970396821676128400922100853e-03	6.6191722045751344041130361924171429e-01	9.8301404104541620128323859993181009e-06	2.7152514895084550781755098615604843e-03
3.4636829995320596230150974770287035e-03	6.7279128622684818597653997294872342e-01	9.8778136222024718870419121803506928e-06	2.7218275422517693617751014783926302e-03
3.4466529951080177521512803727284849e-03	6.8369193513403813322667169707853499e-01	9.9266208037263407134715417387931679e-06	2.7285435953737948787664708110333263e-03
3.4293919328501111877298182920603245e-03	6.9461973136344263859157750330481102e-01	9.9765848471808588083473167732998150e-06	2.7354017558964039356732204434656518e-03
3.4119011869642386941790108274519568e-03	7.0557524765351958321709034875491508e-01	1.0027729422987103332162411807345846e-05	2.7424041943066566544949415872318037e-03
3.3941821570157894129462776380611084e-03	7.1655906555459710549813408901007372e-01	1.0080079008403122353726571823906895e-05	2.7495531465311340671973486559253785e-03
3.3762362681719363601131825555985071e-03	7.2757177569470652484669665847200716e-01	1.0133658917429878434273650926852181e-05	2.7568509159930626929753377665257480e-03
3.3580649714502302911261246018277808e-03	7.3861397805381528818665822568100714e-01	1.0188495332122218954871148337699042e-05	2.7642998757561105115299448522294687e-03
3.3396697439736527032995962946923942e-03	7.4968628224681471560730403536048175e-01	1.0244615335379206744453286510045400e-05	2.7719024707589497781294198774324863e-03
3.3210520892322926338653243526101236e-03	7.6078930781563415509664839765219250e-01	1.0302046945292700720892359971683483e-05	2.7796612201449110688124033764129088e-03
3.3022135373518180412996511769767718e-03	7.7192368453087093380665675980847308e-01	1.0360819151137944225478764863207437e-05	2.7875787196912962380901053389838480e-03
3.2831556453689189426994350085350530e-03	7.8309005270334427427618679831259202e-01	1.0420961951095122339953692242302968e-05	2.7956576443431766313298561087497045e-03
3.2638799975139061330249455312549384e-03	7.9428906350600119206852298609101858e-01	1.0482506391796414556788443148211263e-05	2.8039007508567780133797643980243215e-03
3.2443882055006562467584220608586598e-03	8.0552137930662337452736909243327117e-01	1.0545484609799023748271687464918318e-05	2.8123108805578464337888037642748810e-03
3.2246819088241011533995836129945270e-03	8.1678767401180623187998971403280769e-01	1.0609929875091036860331632703020181e-05	2.8208909622207009206658177623722189e-03
3.2047627750654672205355495220797407e-03	8.2808863342270479007452424137520733e-01	1.0675876636743800170241127492310479e-05	2.8296440150740108550736638015300086e-03
3.1846325002054778481798963555298674e-03	8.3942495560306594360450408411727739e-01	1.0743360570831808182212866830005215e-05	2.8385731519396896118914657052304287e-03
3.1642928089457408928278107089651400e-03	8.5079735126009289640221292282605227e-01	1.0812418630748949313055897856876030e-05	2.8476815825116731678916412443479058e-03
3.1437454550385511773960312163651568e-03	8.6220654413871548661282527583195194e-01	1.0883089100058365895544110840192535e-05	2.8569726167817546113063961901451071e-03
3.1229922216253472431718802399700912e-03	8.7365327142986962086503073081464897e-01	1.0955411648022216916881823636708929e-05	2.8664496686200747205055784671076361e-03
3.1020349215840708625137893909312192e-03	8.8513828419342034753370718544861436e-01	1.1029427387967329658719899675579165e-05	2.8761162595183270498318822712149406e-03
3.0808753978856876179992777222084385e-03	8.9666234779639629693214203171621256e-01	1.1105178938653145890556084545529843e-05	2.8859760225042254758228982100244818e-03
3.0595155239601370880088662348745342e-03	9.0822624236723843905714496904867183e-01	1.1182710488819569345633247636102106e-05	2.8960327062363053107966351786162799e-03
3.0379572040719918847929003228047270e-03	9.1983076326680349609613561420626867e-01	1.1262067865104369206432326979636262e-05	2.9062901792886884802902200401251535e-03
3.0162023737061159948433284358694889e-03	9.3147672157690204787191859577575026e-01	1.1343298603532760595618746283974924e-05	2.9167524346360417057495398182333241e-03
2.9942529999636246004664433067014851e-03	9.4316494460719354598515428633790337e-01	1.1426452024795745586948658943067289e-05	2.9274235943495971972001617296490742e-03
2.9721110819684598451559897013903343e-03	9.5489627642130528162794176789969157e-01	1.1511579313548842301810391569143723e-05	2.9383079145157913719520462983813015e-03
2.9497786512849098749036175770133692e-03	9.6667157838309002178669753323070332e-01	1.1598733601979048576100534385916567e-05	2.9494097903898121963412895719658920e-03
2.9272577723464119761703848902951498e-03	9.7849172972398774284518891699914123e-01	1.1687970057905382689830612378418137e-05	2.9607337617971338400168801557077764e-03
2.9045505428959947742512017909258872e-03	9.9035762813251086991219653959659218e-01	1.1779345977697228781034473037647416e-05	2.9722845187969627297427808919967960e-03
2.8816590944387292908825532373418939e-03	1.0022701903669299129357758224737447e+00	1.1872920884315111692629849904944591e-05	2.9840669076224264714991856837620493e-03
2.8585855927065742273501009003936303e-03	1.0142303528922976347790255619086996e+00	1.1968756630800569995623288134741083e-05	2.9960859369133115794320220147116149e-03
2.8353322381360171818997923710686259e-03	1.0262390725430151712004901915208258e+00	1.2066917509565634939846968572908576e-05	3.0083467842582030780775529236023983e-03
2.8119012663589306736745056765061343e-03	1.0382973272122131506720336808329906e+00	1.2167470367858219956958779640971848e-05	3.0208548030640049139777633834412669e-03
2.7882949487070798785157041920460802e-03	1.0504061165692951611869128641136755e+00	1.2270484729807659239322557197586196e-05	3.0336155297720313736875575074274616e-03
2.7645155927307379369489367534463011e-03	1.0625664628070702374880054566437619e+00	1.2376032925484902098192562603676566e-05	3.0466346914411636302696642366424949e-03
2.7405655427318846272699730170957417e-03	1.0747794114199857817467702285230071e+00	1.2484190227444689619667414386042744e-05	3.0599182137199700907490303670467429e-03
2.7164471803124851664964984494077347e-03	1.0870460320150629032448398716811870e+00	1.2595034995252651284288513564538517e-05	3.0734722292312031134969355676257695e-03
2.6921629249383679728607948819583625e-03	1.0993674191572330241758676862055054e+00	1.2708648828538926252810964142225314e-05	3.0873030863937174676345903286115381e-03
2.6677152345192434638172111747002815e-03	1.1117446932508782454780604694728915e+00	1.2825116729161929188856267853355820e-05	3.1014173587086181055174463536053008e-03
2.6431066060054304464256945204927275e-03	1.1241790014594889387784828678331451e+00	1.2944527273111566892010067856226811e-05	3.1158218545383479315614069685068180e-03
2.6183395760018824609210918174190603e-03	1.1366715186654709165269287386999788e+00	1.3066972792830927188585412353726313e-05	3.1305236274094829326787115429752501e-03
2.5934167214001336474607271622423056e-03	1.1492234484722619737648114438682069e+00	1.3192549570689601463335632609463215e-05	3.1455299868722262073656748079774543e-03
2.5683406600288124108050846148346306e-03	1.1618360242510542916794818971050514e+00	1.3321358044400805895308210237325793e-05	3.1608485099519994143652414336807072e-03
2.5431140513234014550589839728667255e-03	1.1745105102345659094378272332816295e+00	1.3453503025238820972864761759490491e-05	3.1764870532311368382595443159361895e-03
2.5177395970159547548613690465388231e-03	1.1872482026604620419840932870119953e+00	1.3589093929983515181712924926083650e-05	3.1924537656015122515388494043221720e-03
2.4922200418455158327004834193012521e-03	1.2000504309671963609562275007656769e+00	1.3728245027595458284734695202819986e-05	3.2087571017319925826986734458030590e-03
2.4665581742900174450223615176130128e-03	1.2129185590452244634198360020868241e+00	1.3871075701709031567882851383928855e-05	3.2254058362979377690148762708802933e-03
2.4407568273204805724412119499877410e-03	1.2258539865467377239830814469769006e+00	1.4017710730122752251353829631759987e-05	3.2424090790235781692785023520512627e-03
2.4148188791783706016789175393688804e-03	1.2388581502572767608632536307223132e+00	1.4168280582566578133066310800425964e-05	3.2597762905920273007984952137195155e-03
2.3887472541770109298557712466406589e-03	1.2519325255328111633490466864715177e+00	1.4322921738136174166362354913010977e-05	3.2775172994819592025580344888930730e-03
2.3625449235279990783697175441336927e-03	1.2650786278061173741211218829555255e+00	1.4481777023905041654422137467943523e-05	3.2956423197946305154369513737844684e-03
2.3362149061936179497999549412141567e-03	1.2782980141665512860626312896320035e+00	1.4644995976358192516165109131320234e-05	3.3141619701399952622279113351902991e-03
2.3097602697662852872167385392875520e-03	1.2915922850175979501210710256204899e+00	1.4812735227436993935552119420517341e-05	3.3330872936561873590694357791324650e-03
2.2831841313761379066392642813609955e-03	1.3049630858168897265020247086111691e+00	1.4985158917145368034349273698836067e-05	3.3524297792426788680175945461119023e-03
2.2564896586279040927628234775024944e-03	1.3184121089037183714396637199625590e+00	1.5162439134844340347243805583307139e-05	3.3722013840940129817146806601571935e-03
2.2296800705682779166038001498562530e-03	1.3319410954194282813781976695011203e+00	1.5344756391556825002581277321466749e-05	3.3924145576282177544116614873326962e-03
2.2027586386850734127904916910117529e-03	1.3455518373264700062437722901267782e+00	1.5532300125819578009382740935543983e-05	3.4130822669118944169525504593996333e-03
2.1757286879395048274756578328268721e-03	1.3592461795323180580154180530705199e+00	1.5725269245856767950083709412894529e-05	3.4342180236926150723358844532231254e-03
2.1485935978330118232374057407938627e-03	1.3730260221249181504545406441670918e+00	1.5923872711112227477555112681493188e-05	3.4558359131587395551268104581382042e-03
2.1213568035101259395783438485880517e-03	1.3868933227268298234704555073483228e+00	1.6128330156468119478029628210639997e-05	3.4779506245571608180532139852250055e-03
2.0940217968989571208127455404826348e-03	1.4008500989757748276141340228364362e+00	1.6338872562799825072424916587286805e-05	3.5005774838109138994091667950975103e-03
2.0665921278909671336364556149438379e-03	1.4148984311398939972619400937806525e+00	1.6555742977874124964458625856949569e-05	3.5237324882911492555554717356882259e-03
2.0390714055617906364572175224970120e-03	1.4290404648766604349711525536534609e+00	1.6779197291994494911643284069393183e-05	3.5474323439118050336505572480564666e-03
2.0114632994349650027694080805970268e-03	1.4432784141451000172867976272525947e+00	1.7009505073238444101691132520884868e-05	3.5716945047305587448189314449409823e-03
1.9837715407905372558693491335551629e-03	1.4576145642817374785653812470273585e+00	1.7246950467622831716040135085172924e-05	3.5965372152564590385239052173555894e-03
1.9559999240206312041584060278698690e-03	1.4720512752515242882021076997767701e+00	1.7491833170080307643268057296312142e-05	3.6219795556832159118143064069253316e-03
1.9281523080341806900972084835136778e-03	1.4865909850859206402893886911024472e+00	1.7744469472740626175118468830095806e-05	3.6480414902876694641285100534796967e-03
1.9002326177131664549162745223192550e-03	1.5012362135213064351625267080519215e+00	1.8005193397692782599161513129403166e-05	3.6747439192556970917477272437364857e-03
1.8722448454228352135701233346776047e-03	1.5159895658519944572082814665364465e+00	1.8274357922167104427486152258191490e-05	3.7021087342230217077755800168094853e-03
1.8441930525785309400978854661577715e-03	1.5308537370133234791485597570111172e+00	1.8552336304931336067228053729190053e-05	3.7301588778463496695822576890380527e-03
1.8160813712719309722768893462697889e-03	1.5458315159116314675258672239469934e+00	1.8839523523653711903831587560763800e-05	3.7589184077513379735606439247000944e-03
1.7879140059596543347298002272148053e-03	1.5609257900193626018397984741687424e+00	1.9136337834063176569167829521054242e-05	3.7884125652384543462629146031362323e-03
1.7596952352173977288028707906458468e-03	1.5761395502551612840098597211648095e+00	1.9443222462948576254404837549692868e-05	3.8186678491662937291056621004897673e-03
1.7314294135629571331013870005179532e-03	1.5914758961705684306041612593052761e+00	1.9760647448403594279856594298918749e-05	3.8497120954748554920238977764067350e-03
1.7031209733517112111116394210806922e-03	1.6069380414668789935235240060426246e+00	2.0089111642264128522171688459802871e-05	3.8815745628592450383000121431440409e-03
1.6747744267483781799755229782045741e-03	1.6225293198678662039761961795382901e+00	2.0429144891424801680409412454403054e-05	3.9142860251579026090610473781814346e-03
1.6463943677791120593384858940684289e-03	1.6382531913764516717486010019376869e+00	2.0781310416690442583702738852368752e-05	3.9478788710795396657653330341696484e-03
1.6179854744682790660580545611182864e-03	1.6541132489460286424995619999172161e+00	2.1146207410050452270916774007630572e-05	3.9823872119603509372505828488145419e-03
1.5895525110645523181130957131948944e-03	1.6701132256000596074916460531909016e+00	2.1524473873798269074957319705919053e-05	4.0178469983187715619901873759818507e-03
1.5611003303612851459930820969080098e-03	1.6862570020368045718178043815825572e+00	2.1916789727800485632966364113373200e-05	4.0542961460602210766964197698469457e-03
1.5326338761164726144280175978277445e-03	1.7025486147596330951123465069417994e+00	2.2323880214504067691872973781420439e-05	4.0917746732802566048907450382648406e-03
1.5041581855779900408032233956299236e-03	1.7189922647773779562336141978795743e+00	2.2746519635018235072125787284704534e-05	4.1303248487228947543325161441110072e-03
1.4756783921202093812375388553650245e-03	1.7355923269236538656163231073745924e+00	2.3185535453893397913994093203163695e-05	4.1699913530733515512767118902902915e-03
1.4471997279985427175792931761204364e-03	1.7523533598490517089560254026339578e+00	2.3641812815129530705252356686746195e-05	4.2108214544031801410361211428142220e-03
1.4187275272289504966064306504684552e-03	1.7692801167456970229277613549383261e+00	2.4116299517582378133035353945507988e-05	4.2528651992431892465484541488794521e-03
1.3902672285999848807718156644447144e-03	1.7863775568699109619374048399440384e+00	2.4610011504418255073057471722303045e-05	4.2961756209384411084527839589554938e-03
1.3618243788255203212059339981709761e-03	1.8036508579357253882770110762594378e+00	2.5124038928739424793032917133554616e-05	4.3408089671433784214304750628161868e-03
1.3334046358469596033502202713033957e-03	1.8211054294598877769958567638819185e+00	2.5659552866131276498791691788036040e-05	4.3868249485476123281436050580134887e-03
1.3050137722944001643232423543776524e-03	1.8387469271478701462780647942110341e+00	2.6217812754871108501544727164168026e-05	4.4342870111886987016046364411284213e-03
1.2766576791170092331259241192676817e-03	1.8565812684204128761627169882938077e+00	2.6800174656126513324131458418968184e-05	4.4832626350127360970468389026679533e-03
1.2483423693936949812495479485711547e-03	1.8746146491914562127551617816173401e+00	2.7408100439946644872428946991711589e-05	4.5338236616932136867225285900909966e-03
1.2200739823360830926756184925969221e-03	1.8928535620211343950840032947537787e+00	2.8043168018557000493593924065323529e-05	4.5860466551207757788678443773711484e-03
1.1918587874968238431727987226594798e-03	1.9113048157820575537140992185337972e+00	2.8707082766822931551601516689812856e-05	4.6400132984404236842765976657649353e-03
1.1637031891973751489237057051846145e-03	1.9299755569936518611005192330909924e+00	2.9401690291250026022985070789515301e-05	4.6958108320488318966723835457392747e-03
1.1356137311906449015618585630025176e-03	1.9488732929981826416185622101661562e+00	3.0128990734147541618501602324632177e-05	4.7535325375856773620050619583645543e-03
1.1075971015752458669230972404440020e-03	1.9680059171736179514988512873456655e+00	3.0891154829331219635029247042934368e-05	4.8132782736744579782730247765784624e-03
1.0796601379796352188572695702391943e-03	1.9873817364031382598341693137614767e+00	3.1690541960882272422118608600220429e-05	4.8751550700085818694418238475530323e-03
1.0518098330360976026049756277438410e-03	2.0070095010493787625305932436363738e+00	3.2529720518108488787903959788391387e-05	4.9392777873596887932152786074640858e-03
1.0240533401664075504161453255580652e-03	2.0268984377140194605410009577427907e+00	3.3411490889319183041544493534702326e-05	5.0057698522340022775256437499611344e-03
9.9639797970309955715558808916888804e-04	2.0470582851008474148398971309621056e+00	3.4338911495988411007472300400257932e-05	5.0747640762515061032214883259682890e-03
9.6885124537261158534247500272015161e-04	2.0674993333437820577942963050761404e+00	3.5315328339393287368405199561733651e-05	5.1464035719114685994455459074128813e-03
9.4142081116918430440711754950857440e-04	2.0882324672116296924624127392689843e+00	3.6344408616424492198483236861471527e-05	5.2208427782846734333920157115486657e-03
9.1411453865133360533201682454127829e-04	2.1092692136597833537639796419604622e+00	3.7430179063150103536981382482476310e-05	5.2982486123969979984917649057537775e-03
8.8694048469601405667381682956700312e-04	2.1306217942672386056852174418687214e+00	3.8577069807847061958815641610079224e-05	5.3788017647137982616309256930921621e-03
8.5990690974930997559600648967631563e-04	2.1523031831770094589951169575736090e+00	3.9789964664594787474117233828835164e-05	5.4626981602902989058332700207154351e-03
8.3302228661669199523690608277680904e-04	2.1743271712515594060339237528037793e+00	4.1074258980465246831358432126550813e-05	5.5501506109321053590240088883474866e-03
8.0629530984063490777261556633857778e-04	2.1967084372649703723908852898183526e+00	4.2435926371854228852201104429727950e-05	5.6413906882520825779640245646516507e-03
7.7973490571879508135162553030903718e-04	2.2194626270836443948390657364926936e+00	4.3881595958797314050966550655056981e-05	5.7366708529906736524896275225753704e-03
7.5335024302209704920069800006309319e-04	2.2426064419415444704894456911261445e+00	4.5418642043300709359204344460696205e-05	5.8362668826072414733387079386632442e-03
7.2715074447910278963812231879204531e-04	2.2661577370995027581318811261908045e+00	4.7055288595677869207326133093258524e-05	5.9404806472298744648579268014949035e-03
7.0114609910108155590682365621567770e-04	2.2901356323973892655959651207316114e+00	4.8800731433508352693941190051740365e-05	6.0496432939260929590398501511634772e-03
6.7534627543143997703885380750511276e-04	2.3145606364709862353823981423336296e+00	5.0665281629672935924974583035008238e-05	6.1641189113821459965025730023033680e-03
6.4976153581382464011896562933685491e-04	2.3394547867223630385230692702054153e+00	5.2660534506428287682725259011139501e-05	6.2843087620396239792267935420001208e-03
6.2440245178553003253427181834943324e-04	2.3648418075161705944565695514202881e+00	5.4799569611140781646825925485180720e-05	6.4106561872927606293193991122133470e-03
5.9927992071714627428409753862905570e-04	2.3907472895408127248019368589384675e+00	5.7097188391894628718609308391094660e-05	6.5436523144850943839521151529527682e-03
5.7440518383604500840284414492035512e-04	2.4171988938436688669770012017882912e+00	5.9570197985844798151058202689329494e-05	6.6838427234542019737173037411614201e-03
5.4978984579079594849304757570600472e-04	2.4442265847501561862120061953121389e+00	6.2237751718819132069975078886813387e-05	6.8318352669665315284471664551792046e-03
5.2544589593650761134931351275919049e-04	2.4718628967420367028551202036461908e+00	6.5121759753048079582524339863628662e-05	6.9883092858332056732163337852281772e-03
5.0138573154810865718229579940213356e-04	2.5001432414461377546203549490291428e+00	6.8247387032903872042926812666202696e-05	7.1540265188474598427956579814852447e-03
4.7762218320062268108327000417179331e-04	2.5291062622298798228318591556495910e+00	7.1643660573235569414768590506431041e-05	7.3298440840502290308115936378355475e-03
4.5416854259365827771285205898662417e-04	2.5587942455932527814658800141282655e+00	7.5344214640244227484477687857529453e-05	7.5167300068209772700122807296276722e-03
4.3103859314305149007311792414817328e-04	2.5892536006930543361475279483141061e+00	7.9388211096034529381913786516754180e-05	7.7157818996207327685908426066757209e-03
4.0824664371765810091833994593631601e-04	2.6205354210756247703012778788088626e+00	8.3821483977855842051908925960928683e-05	7.9282495685980184045937935167667418e-03
3.8580756596600444665948059461993106e-04	2.6526961462211482613773725074724950e+00	8.8697973505692022272964330270493819e-05	8.1555625487415048813129288068523089e-03
3.6373683575884705116882374218938585e-04	2.6857983450797636681613288788083723e+00	9.4081536972580450353945988754686770e-05	8.3993638731580866607381241687771732e-03
3.4205057937354640972525664469231382e-04	2.7199116497735709982255688221088927e+00	1.0004825505362953239573983686238144e-04	8.6615517939951803909605247974772599e-03
3.2076562516963550968667532908931269e-04	2.7551138755634330764721294479501142e+00	1.0668939599149170998335524210078328e-04	8.9443317370284876686391992661687256e-03
2.9989956165884136552827586138585967e-04	2.7914923737661368942969520806474499e+00	1.1411526298864268974187482206670854e-04	9.2502815545935321877242002643410614e-03
2.7947080306620027764465290437161145e-04	2.8291456786083686607107662222380788e+00	1.2246024139786467145436566900736084e-04	9.5824342404072226604481127195090682e-03
2.5949866372414972424048255679512156e-04	2.8681855285559163561175348096664044e+00	1.3188949677823127050898000091185355e-04	9.9443838338032609007351244740347653e-03
2.4000344295555814936012414563951806e-04	2.9087393697384720190347869876373282e+00	1.4260797629998325232347344750794898e-04	1.0340422499955818876679023237627153e-02
2.2100652250820603793965367100990910e-04	2.9509534871382431819715606225087505e+00	1.5487267307149445977080702874041482e-04	1.0775720088540768993476966857603081e-02
2.0253047913564837237637356812680716e-04	2.9949969634989821050915875760602947e+00	1.6900959035723468471419877448809152e-04	1.1256562426564435495514768128152614e-02
1.8459921562558723313969099800048911e-04	3.0410667447002806935076149073747157e+00	1.8543760081646441831417564141363665e-04	1.1790672144222596016305663165614716e-02
1.6723811452682661095254378552044453e-04	3.0893942068467313267958504035495087e+00	2.0470262863459960514118990784310860e-04	1.2387647566259220399252118148158060e-02
1.5047422012368441904497132427320372e-04	3.1402537962058092378888905349830145e+00	2.2752763987101632924251608936350401e-04	1.3059573887908487794601507226868828e-02
1.3433645601064269574733091998940897e-04	3.1939745848572634016649973149748721e+00	2.5488746184524592585943790757213416e-04	1.3821891405284443116787291869324316e-02
1.1885588817626183256201546211664787e-04	3.2509560157250955550095928426316791e+00	2.8812373010516605057558925736532974e-04	1.4694657009883022817864725336428551e-02
1.0406604720736405200488188324543003e-04	3.3116898139379008517139919586969509e+00	3.2912682984212974240394644155619286e-04	1.5704424700197216341707763338893693e-02
9.0003328719714742837671541420331757e-05	3.3767912283830634597376009414798192e+00	3.8063393977662079247367056032057846e-04	1.6887132767385657605798508247840073e-02
7.6707499512450179761636084245534416e-05	3.4470448486550781827012853483490075e+00	4.4673719388990543301146540712071006e-04	1.8292691143318896692929296793583388e-02
6.4222350182393018011666625453642960e-05	3.5234740585363205254162558237426799e+00	5.3379199540454830666957555465710642e-04	1.9992570342360598225568509440918370e-02
5.2596556637659645460723554492797954e-05	3.6074505605374392666637584936381361e+00	6.5213527374550282253994107274642052e-04	2.2092977099068902476834013853486455e-02
4.1884850184853668077140361821436320e-05	3.7008755793572771989280296293275132e+00	8.1956958223432481885142063929525395e-04	2.4759116561542873722364845810185222e-02
3.2149663348671692424769952507782190e-05	3.8064980792687295514034849149555759e+00	1.0690718692476049141346264800903871e-03	2.8263278714173822017511149946770840e-02
2.3463549418734192374924992435953387e-05	3.9285179337903944873565149823208577e+00	1.4678995691631978467647246835944597e-03	3.3089618494254090298536807174942939e-02
1.5912949656211861370708568868559395e-05	4.0738515851932576255060640964006071e+00	2.1728848412478257825193975387553414e-03	4.0193547644292786101497935343284742e-02
9.6045283678299689320634270823859617e-06	4.2551972830221422268774694006809271e+00	3.6315216387570481946111468004486847e-03	5.1773095828624547093668506316482310e-02
4.6769769473462282822450696374803637e-06	4.5002995682629323039198987525229790e+00	7.6598475380656312788287130548716984e-03	7.4348655995849356814255431527522539e-02
1.3186053785829363674717924620668368e-06	4.8941486005946361979065853896730425e+00	3.6222154784119880247798475827092880e-02	1.4228478103806187407975841615647335e-01
0.0000000000000000000000000000000000e+00	0.0000000000000000000000000000000000e+00	1.4712276197571899484649555597002161e-05	3.0912820721000980769091350818275812e-03