1.2523143833956072642688542218118570e-06	-4.9042963961595682760989473754994104e+00	3.6090730007161828826349202559396512e-02	1.4201910292050020809525609286934744e-01
4.4435176710420939939518695451301871e-06	-4.5112087064564535181577029071483349e+00	7.6287034624605486110939618550840034e-03	7.4196412874733785281759249519985134e-02
9.1279237900367129108352937393789720e-06	-4.2666248786402438118619244776937785e+00	3.6156039730949977175940869212086301e-03	5.1659157013974809878051499183881163e-02
1.5127312957516223962228100310105940e-05	-4.0856893009256033395728158977583117e+00	2.1627787663132683056007762702302485e-03	4.0099795044771923468877919476033053e-02
2.2310389286878437445095845709354327e-05	-3.9407026703180780369150537174121872e+00	1.4607251620494810954751894573459827e-03	3.3008554529087988428488038562203682e-02
3.0576166705134751653070199566907888e-05	-3.8189879548428266558611676975638425e+00	1.0636172463103029480260191038930047e-03	2.8191018235530364786569577903636649e-02
3.9842799220680238841043665659475205e-05	-3.7136405170801860514589303676840901e+00	8.1522537021402664899892248920799341e-04	2.4693364648340421943092283982153000e-02
5.0041585603502168345774521255912114e-05	-3.6204677880082354122854757854357688e+00	6.4855742369323869557381995288947433e-04	2.2032255422145583589034307308183915e-02
6.1113404041389078768296767639094933e-05	-3.5367256659889952273943041217480401e+00	5.3076966663619379255009774219520674e-04	1.9935865807976629903901100471791108e-02
7.3006422169221472598962169990253899e-05	-3.4605163415002746867108027008357504e+00	4.4413301724022289719234376936327477e-04	1.8239276438333086430231153616512079e-02
8.5674539351006938486110021670953773e-05	-3.3904706110051967589243036798899762e+00	3.7835405286209928247577750260222617e-04	1.6836466464140827628289264202529711e-02
9.9076279205397527936337040002584114e-05	-3.3255669795666452500508517904216797e+00	3.2710460875125260723791395581039898e-04	1.5656091851327875489720239300118034e-02
1.1317397417811857319205396596383483e-04	-3.2650223233426365500764916987355910e+00	2.8631038744565497247047724462944821e-04	1.4648331920145207268263206037464779e-02
1.2793314782891506664645291006373122e-04	-3.2082225559368553205893509259418709e+00	2.5324633040287487648207129411671499e-04	1.3777313284224362752681987933175501e-02
1.4332203573885887653376341957661406e-04	-3.1546768912696614117536742311224218e+00	2.2603054793545843235017053309937345e-04	1.3016530352143446347755014656677242e-02
1.5931120648373698810991300986474473e-04	-3.1039866569514182535233804248777872e+00	2.0332751876170248939030692951294213e-04	1.2345963121042922348528353806842338e-02
1.7587325664868334614158020804708404e-04	-3.0558234217814814455220424407796675e+00	1.8416691737975802648262885371668079e-04	1.1750199932795923481818672743951141e-02
1.9298256180069066518930951872907234e-04	-3.0099132788709336167632770600983465e+00	1.6782915871010200713069424108083392e-04	1.1217178187660292068336163858184924e-02
2.1061507053652379157576180028971168e-04	-2.9660253108195760754572953790169888e+00	1.5377090240122031231068689216708681e-04	1.0737317644378827430127402291114353e-02
2.2874813222728862800247230790900221e-04	-2.9239629654667600103572835100565925e+00	1.4157528114162472786788304929608448e-04	1.0302910328920918318420651155281836e-02
2.4736035150029001209643594966553654e-04	-2.8835575008128425488680740808226013e+00	1.3091786962001507223539279442952045e-04	9.9076824271498429544681772348039179e-03
2.6643146420615058471716643231896801e-04	-2.8446629289729158328419293586006330e+00	1.2154293181545287816643143473668929e-04	9.5464740357039186038902707622038564e-03
2.8594223084750232354434001528451870e-04	-2.8071520646064856954516377032630379e+00	1.1324653325838454844965435863454281e-04	9.2150013001558877772208971811416433e-03
3.0587434434466887190719466926113124e-04	-2.7709133995701484061977069118171415e+00	1.0586433251103000446894853126373155e-04	8.9096771830264532033291047353726158e-03
3.2621034968216815424022566609839443e-04	-2.7358486041915862473961476538982964e+00	9.9262621091206032273806931785314282e-05	8.6274746343765907830284936038963786e-03
3.4693357348379674934594561551624980e-04	-2.7018705097567031078380225984645926e+00	9.3331656436867935637044503392542633e-05	8.3658208824156239537074309818507874e-03
3.6802806194886155199362321256939145e-04	-2.6689014647826922523916781349366791e+00	8.7980638286951229665895770010397593e-05	8.1225148716732852118968645230803324e-03
3.8947852587940338900763496288538406e-04	-2.6368719846839449990076163633922305e+00	8.3133879403256706080333386489102395e-05	7.8956621313894157326263973613788145e-03
4.1127029176038364623397186217185005e-04	-2.6057196339549550417743086111260438e+00	7.8727855450832741755506956349854542e-05	7.6836229180086356717521962937000656e-03
4.3338925803784626995797651935807357e-04	-2.5753880942697477763735698285985902e+00	7.4708909716674697435617179779971864e-05	7.4849705725987102435971214697604655e-03
4.5582185588571748536025605291985145e-04	-2.5458263824650509715816102068790607e+00	7.1031450942535447240122079361131252e-05	7.2984578152830665879254374045007915e-03
4.7855501386877940604812848604621897e-04	-2.5169881902849645371565142065924846e+00	6.7656526274850501471725024052413479e-05	7.1229892622768823021511413038093940e-03
5.0157612600387068025048593846659937e-04	-2.4888313237478875206474871393459103e+00	6.4550682277749199243070390662491124e-05	6.9575988623209240110905967318437053e-03
5.2487302279836099579255199405089394e-04	-2.4613172245653167061596034339171412e+00	6.1685049115914385178439897312680348e-05	6.8014312526574945409885930872658766e-03
5.4843394490809192302564553218699419e-04	-2.4344105595625319967912676024727943e+00	5.9034599063862191630249836021749903e-05	6.6537262607584378178793214765571229e-03
5.7224751910909434410008414483361267e-04	-2.4080788667865829433601055620492797e+00	5.6577542244450791102524740033626643e-05	6.5138059480910666582720029597037604e-03
5.9630273632066507361400866768385435e-04	-2.3822922491292151936543964303388051e+00	5.4294831180734419351357360034254420e-05	6.3810637213032098342104531207264132e-03
6.2058893145351476029094978265852247e-04	-2.3570231079824952855905014645207599e+00	5.2169752220709829901890334379549558e-05	6.2549551350189664638991965553016775e-03
6.4509576488702391577381127436628319e-04	-2.3322459107876237207176342209293733e+00	5.0187586766559462225447620645678052e-05	6.1349900866630882801378341547260088e-03
6.6981320540522313313274948821555879e-04	-2.3079369874111868443042354123012539e+00	4.8335328935722148721194730746807488e-05	6.0207261629728879503759019737668340e-03
6.9473151444279121584977162977308168e-04	-2.2840743511470986813449283870840731e+00	4.6601449106216119041443521137560105e-05	5.9117629442199521446031175561187166e-03
7.1984123151081777716261025248419244e-04	-2.2606375408417840356501974411234969e+00	4.4975694973991658652941925099019325e-05	5.8077371086896917516929604609586695e-03
7.4513316068785076162693408029647361e-04	-2.2376074812092984048124082764242137e+00	4.3448923436732133981967077363346321e-05	5.7083182089230633649528305907998406e-03
7.7059835807528708295256859609155233e-04	-2.2149663588687379025841657041062081e+00	4.2012957934830808051740797375131678e-05	5.6132050143170930717076206915255909e-03
7.9622812012782727398948906205361686e-04	-2.1926975120191899144703500936243191e+00	4.0660466913964850084392212387642870e-05	5.5221223332008836388076932893800536e-03
8.2201397277979869551117893731075475e-04	-2.1707853319838224431154057958887747e+00	3.9384859890257641170126050405503310e-05	5.4348182424368358781577662846929842e-03
8.4794766129690023647706737800733091e-04	-2.1492151751172606201064251288642091e+00	3.8180198247713026425404334622978937e-05	5.3510616646993159554321033916052842e-03
8.7402114079053627503869922373808378e-04	-2.1279732837892444119960226943835453e+00	3.7041118415706707415283473797685578e-05	5.2706402434394093731635401767485908e-03
9.0022656733855659441000721686795428e-04	-2.1070467153407311543538624782814043e+00	3.5962765490244914308920314587328376e-05	5.1933584736090064926353463340527785e-03
9.2655628966204186213609813155112738e-04	-2.0864232780625213848418424755380817e+00	3.4940735698237219936645837133500848e-05	5.1190360528454012064144127827829628e-03
9.5300284131288840696186528793234272e-04	-2.0660914733763073641215398593835789e+00	3.3971026375985675451900432181511720e-05	5.0475064232880047640068311504519907e-03
9.7955893333144995949906613419841084e-04	-2.0460404435079382964339291704890428e+00	3.3049992354504265798169008222445582e-05	4.9786154787322551264773568946154351e-03
1.0062174473374709937006362546538465e-03	-2.0262599240360454633908035212615393e+00	3.2174307825320194901382715905030220e-05	4.9122204155975033009440805726040499e-03
1.0329714290210668264185702025161196e-03	-2.0067402007787288728272295846240994e+00	3.1340932909044729575151303295599202e-05	4.8481887093353548552484616496569516e-03
1.0598140820036296367897040946182741e-03	-1.9874720705490283401411719264286580e+00	3.0547084271518625945103071855961154e-05	4.7863972005446839997868877399468458e-03
1.0867387620413181659193237776001827e-03	-1.9684468053682375131704049528202352e+00	2.9790209233709489453922959628902966e-05	4.7267312772795375735704297262160946e-03
1.1137389715462657705931703804358120e-03	-1.9496561197762958954571719027274463e+00	2.9067962905721962786948352764983703e-05	4.6690841419093584626224526869498760e-03
1.1408083544028542433604471294154200e-03	-1.9310921409217750200211569136826649e+00	2.8378187945436995733393633028928593e-05	4.6133561524766130222958914909986492e-03
1.1679406910583816511933102527499291e-03	-1.9127473811514101742884977957296534e+00	2.7718896600959390442018523776003309e-05	4.5594542298432846196348542266134678e-03
1.1951298938692292345741185920579058e-03	-1.8946147128515933091154033467644301e+00	2.7088254745266131660394265019882019e-05	4.5072913230642979460714461380632425e-03
1.2223700026852292409517332816785143e-03	-1.8766873453224675621496500384181934e+00	2.6484567652863872012873339756951600e-05	4.4567859264052052746882846088873799e-03
1.2496551806563733380687642567994435e-03	-1.8589588034898629283089579678479561e+00	2.5906267303223672429749269180501059e-05	4.4078616422601286613103422985773001e-03
1.2769797102472981340037529252198592e-03	-1.8414229082818024846883409775345227e+00	2.5351901025357664432742645322822080e-05	4.3604467849461155774669971899953763e-03
1.3043379894461561592017346909756005e-03	-1.8240737585151251267808777730189091e+00	2.4820121323029457668561660862659164e-05	4.3144740209700671566354728929818648e-03
1.3317245281555412771428304853846586e-03	-1.8069057141542829610255538787307716e+00	2.4309676741481217572800935084797869e-05	4.2698800418994989425852388415228884e-03
1.3591339447540989990639506445963411e-03	-1.7899133808188924963081045912210439e+00	2.3819403654819119229170232516357406e-05	4.2266052664313329340964628269252478e-03
1.3865609628183252145023158736168399e-03	-1.7730915954294151131268245996872340e+00	2.3348218868823961435980617013422249e-05	4.1845935686543625312407824257619479e-03
1.4140004079948507607485498280383638e-03	-1.7564354128916413869737031384750839e+00	2.2895112947358177440626836465445337e-05	4.1437920298499340080422402094340083e-03
1.4414472050142322766463022543371603e-03	-1.7399400937306502457172419595572962e+00	2.2459144182067545404001053913645496e-05	4.1041507114792894115304464151902166e-03
1.4688963748379291907175683966587492e-03	-1.7236010925937744727272277376539199e+00	2.2039433135011620179178395349983924e-05	4.0656224472712818294007291929601704e-03
1.4963430319307489118822746580452425e-03	-1.7074140475499721190346954474926423e+00	2.1635157692440318511624895032976474e-05	4.0281626525561927109768925564998454e-03
1.5237823816515930225008063053504837e-03	-1.6913747701200024912160331504349112e+00	2.1245548575365502182366607330006560e-05	3.9917291491947243721564667201475748e-03
1.5512097177558415778012944049372296e-03	-1.6754792359780421974008709830699183e+00	2.0869885259024117478516269273035775e-05	3.9562820046297981044174009952355341e-03
1.5786204200031749925731647123048996e-03	-1.6597235762709435535435126575051211e+00	2.0507492258935232818567500502746463e-05	3.9217833837458755748065383314845590e-03
1.6060099518650574536109596772640330e-03	-1.6441040695063145018210575970929941e+00	2.0157735746136886691203361290786494e-05	3.8881974123589725284870795843875163e-03
1.6333738583264959112747943030493391e-03	-1.6286171339650556042917653368157233e+00	1.9820020458451356704748062508292611e-05	3.8554900512827767213456338445311103e-03
1.6607077637770476720092707912981384e-03	-1.6132593205979861806366506925629525e+00	1.9493786878355275729053233311366235e-05	3.8236289800244003549068603754190573e-03
1.6880073699863802967126459524164913e-03	-1.5980273063697810590344351539201078e+00	1.9178508651297081019090976795122855e-05	3.7925834892590836529013734529286226e-03
1.7152684541599924721723489338161757e-03	-1.5829178880166678453055726821842549e+00	1.8873690221170916791245206927299849e-05	3.7623243813181658411511437422814857e-03
1.7424868670709860668633833539139257e-03	-1.5679279761872424830683821231436816e+00	1.8578864662176561326893918954393279e-05	3.7328238780001873465967657352295485e-03
1.7696585312640397782747389914532197e-03	-1.5530545899383836048934058511682425e+00	1.8293591688514790224723092357846025e-05	3.7040555350822375784638589411375249e-03
1.7967794393279754902291359060314120e-03	-1.5382948515606148863449612602316339e+00	1.8017455825325908731292159910796652e-05	3.6759941629686177120730301704535751e-03
1.8238456522335313655037154377831039e-03	-1.5236459817094067018837077032570069e+00	1.7750064726009585183786999947883415e-05	3.6486157529674174553079523764436447e-03
1.8508532977331623180995618006244016e-03	-1.5091052948208479874261832128954412e+00	1.7491047622595526116893728718636861e-05	3.6218974087334659410973160226238263e-03
1.8777985688198802116152599058221443e-03	-1.4946701947918776543647568906938814e+00	1.7240053897191912898144500498011710e-05	3.5958172824589696751896232800596186e-03
1.9046777222423241560080616025692604e-03	-1.4803381709068610219352621667279951e+00	1.6996751763743445718169847565578633e-05	3.5703545154315712478164382152438306e-03
1.9314870770734167487604796290050801e-03	-1.4661067939937472302527397895101202e+00	1.6760827050401996566855539562175201e-05	3.5454891826140554559814488108069388e-03
1.9582230133301160479787640957136330e-03	-1.4519737127943632684179127774175105e+00	1.6531982073766465326988087270668112e-05	3.5212022409309363049543891225377703e-03
1.9848819706419164005453715309071461e-03	-1.4379366505346022486714266135926692e+00	1.6309934597098545224105172447400847e-05	3.4974754809750666966048543731340936e-03
2.0114604469658848204284918469346804e-03	-1.4239934016813595726238946151712427e+00	1.6094416865379993439327640831012852e-05	3.4742914818725631629044751213093124e-03
2.0379549973461441873746316500177844e-03	-1.4101418288740710843298412379903895e+00	1.5885174710755356520746418964978297e-05	3.4516335690670306588084189207506263e-03
2.0643622327158308132244064455446566e-03	-1.3963798600196214761577610573845932e+00	1.5681966722511250335452108077444593e-05	3.4294857748045715598975358138590133e-03
2.0906788187396625394475562779804129e-03	-1.3827054855402274020528977383043796e+00	1.5484563476287402414706130321424187e-05	3.4078328011196020085720830817597566e-03
2.1169014746953550673240741314311615e-03	-1.3691167557646653759981179390328337e+00	1.5292746817702879765161384150225460e-05	3.3866599851382839535161261635484009e-03
2.1430269723922192136605536032779222e-03	-1.3556117784539162316846519158517827e+00	1.5106309196019519025618037653236911e-05	3.3659532665315952981449252290414370e-03
2.1690521351253607169774401671482429e-03	-1.3421887164529416449969343136481635e+00	1.4925053043859057862340639562641540e-05	3.3456991569638654481440226198660640e-03
2.1949738366639875377560413270449969e-03	-1.3288457854608993159354799948521246e+00	1.4748790199345683946196460146359834e-05	3.3258847113951429685187791041471078e-03
2.2207890002724077105140040250119621e-03	-1.3155812519126466709576557598161412e+00	1.4577341367365941175432078052110191e-05	3.3064975011071637870612915074649303e-03
2.2464945977623740904373996132526601e-03	-1.3023934309648826981597273424586660e+00	1.4410535616926929416558420761524180e-05	3.2875255883330661126227617115228436e-03
2.2720876485755011377075993472612769e-03	-1.2892806845807376546509238941022791e+00	1.4248209911854832032739267656984358e-05	3.2689575023804532834358682378843503e-03
2.2975652188945435153853865424063940e-03	-1.2762414197070443934736651726032054e+00	1.4090208672311948717098397503696250e-05	3.2507822171460285042555050055888605e-03
2.3229244207823870333070873588731200e-03	-1.2632740865389161103858339715025193e+00	1.3936383364824206974291877560948330e-05	3.2329891299278965982665224559648309e-03
2.3481624113476596194029551445215003e-03	-1.2503771768666162672374614157332196e+00	1.3786592118704886161427488488345038e-05	3.2155680414488196783706582442270382e-03
2.3732763919359237886336240819914284e-03	-1.2375492225000398938043748616895862e+00	1.3640699366936066247126745448162526e-05	3.1985091370102906581082434899799098e-03
2.3982636073454627366291853969809454e-03	-1.2247887937664337442949735952233765e+00	1.3498575509728934348224662861833638e-05	3.1818029687033086950933458190878313e-03
2.4231213450667199208444661863294605e-03	-1.2120944980772680093594783980858664e+00	1.3360096599129169896056981457671344e-05	3.1654404386072559565177721793790384e-03
2.4478469345444970013151525218616354e-03	-1.1994649785604363833183506342637586e+00	1.3225144043165631226611442195127217e-05	3.1494127829133321930107077311945590e-03
2.4724377464620574759380993896159874e-03	-1.1868989127542060064485054894091372e+00	1.3093604328160773506913099480498880e-05	3.1337115569136444716646231839967161e-03
2.4968911920463234281874453811545486e-03	-1.1743950113595657312066567270342640e+00	1.2965368757930793145126701154359412e-05	3.1183286208013118246763110000362081e-03
2.5212047223933906625728456153891785e-03	-1.1619520170478317434831526734806459e+00	1.2840333208703447934072820474109661e-05	3.1032561262308625493081754147243793e-03
2.5453758278136232778951648286178212e-03	-1.1495687033205651203323628037743722e+00	1.2718397898672767643231591573166608e-05	3.0884865035918061403276425667447698e-03
2.5694020371956225530212662863761463e-03	-1.1372438734190376224251191279236924e+00	1.2599467171193273081876676926280214e-05	3.0740124499515800551136771345945814e-03
2.5932809173883970175019100703032480e-03	-1.1249763592806509956618340811677941e+00	1.2483449290692604025182949045757668e-05	3.0598269176271287406567562425637580e-03
2.6170100726010908641358661232290385e-03	-1.1127650205398722896697363742927364e+00	1.2370256250451283254063991153251168e-05	3.0459231033471912348883695862383589e-03
2.6405871438196565386998557652974091e-03	-1.1006087435713941027950021514199486e+00	1.2259803591462313288236585649469915e-05	3.0322944379699746915010331677708866e-03
2.6640098082398845122357511411108947e-03	-1.0885064405733650671424402326613941e+00	1.2152010231641952083492303125817793e-05	3.0189345767232929421087831752292200e-03
2.6872757787162289953704709113461680e-03	-1.0764570486886630559035560219830358e+00	1.2046798304716828325366517680783782e-05	3.0058373899364685474938044960768981e-03
2.7103828032258927776678250576327766e-03	-1.0644595291623022271393670173461836e+00	1.1944093008161972451985005540978452e-05	2.9929969542353489911250619587625972e-03
2.7333286643476575476598783384509936e-03	-1.0525128665331757535389465150212029e+00	1.1843822459609749899816997016336264e-05	2.9804075441736866239651570561814084e-03
2.7561111787549680452652048153109456e-03	-1.0406160678584395136644163881740550e+00	1.1745917561191443769040609666319496e-05	2.9680636242758903098669592893823685e-03
2.7787281967227992870698148770431749e-03	-1.0287681619689386758278155405150687e+00	1.1650311871311666392857401647528256e-05	2.9559598414677859388142936742550489e-03
2.8011776016478559511047177723866277e-03	-1.0169681987541694861589733394019963e+00	1.1556941483391173723312807989696739e-05	2.9440910178735335380704385102015889e-03
2.8234573095816718717103030934736350e-03	-1.0052152484753531327754586794550657e+00	1.1465744911146276042070307636352329e-05	2.9324521439582501593408066404421812e-03
2.8455652687761955332823235486985231e-03	-9.9350840110527771696560821305107273e-01	1.1376662980003121576345193697518930e-05	2.9210383719971887557886307519529498e-03
2.8674994592414645169290525476717216e-03	-9.8184676569363850539235710924534881e-01	1.1289638724272892240041120590804616e-05	2.9098450098535318304248963431996981e-03
2.8892578923149880957135548515740992e-03	-9.7022946975667611959330128066431677e-01	1.1204617289739589035846242131355075e-05	2.8988675150479819946543012886706887e-03
2.9108386102424726384307290201029016e-03	-9.5865565868997746780570619802618425e-01	1.1121545841335776760575835213049515e-05	2.8881014891043763578923575511451010e-03
2.9322396857695392120654668006830618e-03	-9.4712449520336534131010428943799955e-01	1.1040373475603565454517431490237120e-05	2.8775426721565239469575438406905424e-03
2.9534592217440968097610641626633645e-03	-9.3563515877685996175183851287937950e-01	1.0961051137658376803921564092995529e-05	2.8671869378023706856992673887858082e-03
2.9744953507290480123280679756381475e-03	-9.2418684513674963467267641119772359e-01	1.0883531542391811522472739041743654e-05	2.8570302881924399437701454889801406e-03
2.9953462346250166527188931559281709e-03	-9.1277876575085827566376754384458466e-01	1.0807769099667320756497126680322754e-05	2.8470688493402829579890067664679269e-03
3.0160100643027992279654165692534994e-03	-9.0141014734214514914448857850377994e-01	1.0733719843278502152477882699082880e-05	2.8372988666434068245823552530476437e-03
3.0364850592452534232653992881898979e-03	-8.9008023141981689936562489909252498e-01	1.0661341363454791011358521123588517e-05	2.8277167006038321892048095368235801e-03
3.0567694671983482077457516859767585e-03	-8.7878827382717404733453431460834811e-01	1.0590592742713191715117240544281554e-05	2.8183188227380718378726691303899251e-03
3.0768615638311105586885683792339297e-03	-8.6753354430545375060818989880097602e-01	1.0521434494867579124042309908646860e-05	2.8091018116669184381843170182402760e-03
3.0967596524042139967864394340018767e-03	-8.5631532607296793719397051640758128e-01	1.0453828507019071423644201423097186e-05	2.8000623493759877528524407161578191e-03
3.1164620634469637938587701007164075e-03	-8.4513291541887108030409205425363320e-01	1.0387737984362105873234344730760585e-05	2.7911972176384855601494588678618242e-03
3.1359671544424429695300257937877716e-03	-8.3398562131092501679247878974181491e-01	1.0323127397651202012618919986806197e-05	2.7825032945921548599201478026443744e-03
3.1552733095205920464154202938092759e-03	-8.2287276501665945817506619533514097e-01	1.0259962433183032616462356359039276e-05	2.7739775514628171079218147240394928e-03
3.1743789391590040048911380791822782e-03	-8.1179367973735631943268014062312233e-01	1.0198209945157395595431274057867172e-05	2.7656170494273494082567157463708764e-03
3.1932824798912239878780080597656785e-03	-8.0074771025431380909166198388267767e-01	1.0137837910289040171542227190459882e-05	2.7574189366093408363387062217570070e-03
3.2119823940223510714704406204452985e-03	-7.8973421258687248832965697716946566e-01	1.0078815384550093940493799942112859e-05	2.7493804452010472401338906211519454e-03
3.2304771693517468558951866970699983e-03	-7.7875255366171031380411769269947426e-01	1.0021112461930106073540075146693703e-05	2.7414988887056167094115311077786198e-03
3.2487653189026627594193111611986937e-03	-7.6780211099293711862147333274049387e-01	9.9647002351075046907953537895021341e-06	2.7337716592938890144436185196503811e-03
3.2668453806586047307702862754170652e-03	-7.5688227237254114226102982968074101e-01	9.9095507579325990273753106849559926e-06	2.7261962252703831796841627403145406e-03
3.2847159173062606478609397663903128e-03	-7.4599243557076117153931401709265409e-01	9.8556370096281722394768285829423676e-06	2.7187701286433793466053441707750890e-03
3.3023755159848219558095931012041104e-03	-7.3513200804597767376579931818825459e-01	9.8029328606192387855683210944021552e-06	2.7114909827942754636489776324139547e-03
3.3198227880415371283455466568408864e-03	-7.2430040666373505812569351518204384e-01	9.7514130399087091169211188144760794e-06	2.7043564702416572973310650582703000e-03
3.3370563687933403259253774980365389e-03	-7.1349705742452495552204906858422463e-01	9.7010531039205395946752740323281994e-06	2.6973643404957628781143972312470790e-03
3.3540749172944041828311375824139842e-03	-7.0272139519997721990652250616176985e-01	9.6518294067364707982124437577318363e-06	2.6905124079992507897914866406182200e-03
3.3708771161094709951337314003639972e-03	-6.9197286347712128091452536149226112e-01	9.6037190716566945572246921330101283e-06	2.6837985501503966209359445548386158e-03
3.3874616710928217120584189998242847e-03	-6.8125091411039557016538032901440334e-01	9.5566999640187593095696670336809912e-06	2.6772207054050442934143214600341549e-03
3.4038273111727470648128497657556556e-03	-6.7055500708109705029895711182063454e-01	9.5107506652127434058328384746452624e-06	2.6707768714538296759477150365942616e-03
3.4199727881413899086454880383040473e-03	-6.5988461026397644198125788560865595e-01	9.4658504478342139876165575850572896e-06	2.6644651034713736330214952976357945e-03
3.4358968764498324146241933899457787e-03	-6.4923919920069761210315232345694877e-01	9.4219792519197610041788305372752496e-06	2.6582835124343111510030853586596178e-03
3.4515983730083061357361537207836011e-03	-6.3861825687989179589900827965766649e-01	9.3791176622129665564189030854126171e-06	2.6522302635051830753018094724250115e-03
3.4670760969914071953576284287859345e-03	-6.2802127352354891389248352626589357e-01	9.3372468864115527304655462093778767e-06	2.6463035744793678908667507540297142e-03
3.4823288896482029124674009288324119e-03	-6.1744774637949924626289236232089491e-01	9.2963487343491590617662395452171598e-06	2.6405017142923734476540089989200711e-03
3.4973556141171200943431801175147672e-03	-6.0689717951974917506589855938209300e-01	9.2564055980677454855113654535760068e-06	2.6348230015849430987194330312067621e-03
3.5121551552455090006883186928895615e-03	-5.9636908364444462935471540443199916e-01	9.2174004327390089589792308815408260e-06	2.6292658033235578714211809196232106e-03
3.5267264194137806196516472040072454e-03	-5.8586297589124529835719123288575271e-01	9.1793167383954519790867563381303909e-06	2.6238285334740364889004011645158570e-03
3.5410683343640184021712734132994808e-03	-5.7537837964990164042887913653006314e-01	9.1421385424338583331727711309550465e-06	2.6185096517260487259669421590241857e-03
3.5551798490329689823379778652754321e-03	-5.6491482438183523583324215800115047e-01	9.1058503828559243141058419394341380e-06	2.6133076622664651187735487352874693e-03
3.5690599333893196735951390433925520e-03	-5.5447184544453113326978183154434110e-01	9.0704372922126703872039747857693415e-06	2.6082211125995678229056329952252366e-03
3.5827075782751736788612707744932398e-03	-5.4404898392055854581425982572635150e-01	9.0358847822210264321975429214824961e-06	2.6032485924122437770001779895057418e-03
3.5961217952516369921160052571794447e-03	-5.3364578645104358254454627048808475e-01	9.0021788290226501889865780386918675e-06	2.5983887324823726033123818090646788e-03
3.6093016164484339044288879108559856e-03	-5.2326180507342467733771315359267168e-01	8.9693058590566099159300596833101513e-06	2.5936402036287081662861829100629674e-03
3.6222460944174708634044314380980738e-03	-5.1289659706332801470124549560503120e-01	8.9372527355190445794331271780872041e-06	2.5890017157006346991011503784798969e-03
3.6349543019902711759242355367180753e-03	-5.0254972478040657150728670119938846e-01	8.9060067453843137737939793085763125e-06	2.5844720166062561621226069377079752e-03
3.6474253321392056940429552846358833e-03	-4.9222075551799240956861129614371556e-01	8.8755555869634702762795096798614854e-06	2.5800498913773512650224482652760049e-03
3.6596582978424471869034095177039568e-03	-4.8190926135641758260003980070198073e-01	8.8458873579771355738792629497289878e-06	2.5757341612697965991821116351071766e-03
3.6716523319525785813599750771712265e-03	-4.7161481901986447681805948352943080e-01	8.8169905441210374250633396896256718e-06	2.5715236828981268073145963334841224e-03
3.6834065870687876542500574507965102e-03	-4.6133700973661160096704596166471518e-01	8.7888540081035828065007092382271135e-06	2.5674173474029638678990636336670250e-03
3.6949202354125830833801065342210045e-03	-4.5107541910254579185163071031279708e-01	8.7614669791358934221611598013036911e-06	2.5634140796501075851668552318183352e-03
3.7061924687069690155910487032688341e-03	-4.4082963694781651768575212450842756e-01	8.7348190428557280388814988033372548e-06	2.5595128374601364313445281390246955e-03
3.7172224980590174918884292792854019e-03	-4.3059925720651245522513741042116415e-01	8.7089001316676597329158079122378480e-06	2.5557126108674221559599316665343924e-03
3.7280095538457801845776043217353258e-03	-4.2038387778924479856038064552105237e-01	8.6837005154827699345443294797537260e-06	2.5520124214075132162890583564612339e-03
3.7385528856034829525161649696334254e-03	-4.1018310045852583782470841747955329e-01	8.6592107928419679807315679028855248e-06	2.5484113214318912429196027647592697e-03
3.7488517619199487107430429603260295e-03	-3.9999653070683523454658968832090858e-01	8.6354218824078475722011841781308017e-06	2.5449083934491515754473720451821466e-03
3.7589054703301960425079895608754833e-03	-3.8982377763727012604005925844660022e-01	8.6123250148107527429023968625799918e-06	2.5415027494917035176767127802783485e-03
3.7687133172151628576369720829368217e-03	-3.7966445384667872264961334300565240e-01	8.5899117248354481798983236928187175e-06	2.5381935305071284937508686594081470e-03
3.7782746277035062236540017121935500e-03	-3.6951817531118042694365416972165617e-01	8.5681738439354743167069040270354750e-06	2.5349799057733748535055926630919135e-03
3.7875887455764312674638771704689173e-03	-3.5938456127397871071789787054972638e-01	8.5471034930629187537960406226137256e-06	2.5318610723370067873402785772263913e-03
3.7966550331755037679147620363343870e-03	-3.4926323413537604113670362396142431e-01	8.5266930758019542913809043514178182e-06	2.5288362544737617720108757315837581e-03
3.8054728713134027353463779750311357e-03	-3.3915381934490305831085343877812143e-01	8.5069352717950821207824615874732298e-06	2.5259047031707062770140849147694259e-03
3.8140416591875709053460402388517410e-03	-3.2905594529547697950889684986446577e-01	8.4878230304515783227812449667653873e-06	2.5230656956293132091572346884010268e-03
3.8223608142967226623575456210296028e-03	-3.1896924321950684609025628085547358e-01	8.4693495649281744666439319554614714e-06	2.5203185347888168478168343752126781e-03
3.8304297723601704564176231363940547e-03	-3.0889334708686574385688479804395438e-01	8.4515083463725103919400958951340787e-06	2.5176625488692319077617609306935305e-03
3.8382479872399322849596596496231663e-03	-2.9882789350465252125066584507706132e-01	8.4342930984203806921368083414786043e-06	2.5150970909334529382062259022029521e-03
3.8458149308655842830847040150705966e-03	-2.8877252161866780777702017978198903e-01	8.4176977919382574210921596672596215e-06	2.5126215384678785996798868437693900e-03
3.8531300931618239016505290376199535e-03	-2.7872687301653130202558611439604585e-01	8.4017166400030114454341552081145402e-06	2.5102352929810325241139204635854997e-03
3.8601929819787105546046227545636990e-03	-2.6869059163236935922910596623095510e-01	8.3863440931111749251337359218075898e-06	2.5079377796196785242947911645201133e-03
3.8670031230245519867621226235614070e-03	-2.5866332365300386673734695782560943e-01	8.3715748346104888075742521740809941e-06	2.5057284468019529391201666764684880e-03
3.8735600598014059522256423249482469e-03	-2.4864471742557525612579271316602263e-01	8.3574037763468630866656943969334786e-06	2.5036067658670609402531710685323506e-03
3.8798633535431681033293896064388528e-03	-2.3863442336653426671949677079034609e-01	8.3438260545202449655465895414908041e-06	2.5015722307411067401326068982666669e-03
3.8859125831562182717844550023418384e-03	-2.2863209387193875068189140250451871e-01	8.3308370257432419688159558309593108e-06	2.4996243576186498843475056527610595e-03
3.8917073451625985789786859177902830e-03	-2.1863738322899339787890586153327818e-01	8.3184322632966844238230462524167435e-06	2.4977626846596012339681211831604377e-03
3.8972472536456980424722482886971848e-03	-2.0864994752877176266452412739486526e-01	8.3066075535766354659256001756648060e-06	2.4959867717010928939141419361422137e-03
3.9025319401984195519164639295981633e-03	-1.9866944458006139754015914568915112e-01	8.2953588927276676687179645678030910e-06	2.4942961999839762678980025467448185e-03
3.9075610538738062711573466910344300e-03	-1.8869553382427424313231564737526126e-01	8.2846824834575243624840376979147350e-06	2.4926905718936216628157703853211499e-03
3.9123342611381056853781630316950351e-03	-1.7872787625136569275477971400092343e-01	8.2745747320285714475909526565711907e-06	2.4911695107147114675696116611631099e-03
3.9168512458262506539643674987034025e-03	-1.6876613431670694545304053823395871e-01	8.2650322454217227616976711647190624e-06	2.4897326603997369332207435686718515e-03
3.9211117090997379524838850395557644e-03	-1.5880997185885638619328678500862590e-01	8.2560518286687895131271435329662614e-06	2.4883796853509260213724182995633535e-03
3.9251153694068858918798252596175848e-03	-1.4885905401817678792976292553904441e-01	8.2476304823494626078136781708474476e-06	2.4871102702153467024289957907222689e-03
3.9288619624454536907565615230326859e-03	-1.3891304715624611969257964034858827e-01	8.2397654002493865041919454886350209e-06	2.4859241196929465100227488177949830e-03
3.9323512411276063485621369770617183e-03	-1.2897161877601066947553665380281640e-01	8.2324539671760251318177816099127047e-06	2.4848209583573051262002437087241103e-03
3.9355829755472098245636120320910598e-03	-1.1903443744263005233003689942326163e-01	8.2256937569292549823736647283333912e-06	2.4838005304888923163765251160718816e-03
3.9385569529494423707874110159700474e-03	-1.0910117270496447431923590962976894e-01	8.2194825304238482793815811333473090e-06	2.4828625999206386848640982248337145e-03
3.9412729777027088975425271332928334e-03	-9.9171495017655363365847166254290654e-02	8.2138182339612306870905521429232332e-06	2.4820069498956415111295517619532584e-03
3.9437308712728462687291946488716262e-03	-8.9245075663751159928584395514196246e-02	8.2086989976481138413984642075697311e-06	2.4812333829368423829764029262086278e-03
3.9459304721996084318095231317820770e-03	-7.9321586677830685142415803069261590e-02	8.2041231339598135699061127093707862e-06	2.4805417207285274938249263593128469e-03
3.9478716360754212850129271924025548e-03	-6.9400700769577072721801511846945126e-02	8.2000891364462704913492646142113710e-06	2.4799318040095153445407375497959107e-03
3.9495542355263981729859130242268517e-03	-5.9482091247755764611088268997145851e-02	8.1965956785789912088108317571849480e-06	2.4794034924779102124707784423619187e-03
3.9509781601956078825769118624307289e-03	-4.9565431944550530024393240720951046e-02	8.1936416127373259849189025484301989e-06	2.4789566647073131474056985504055301e-03
3.9521433167285879836638891101283043e-03	-3.9650397140211873998324086611731375e-02	8.1912259693326930473142714153414772e-06	2.4785912180743954514128658681428940e-03
3.9530496287610973267658055098638559e-03	-2.9736661487972555634334279480289904e-02	8.1893479560695509450345583584898550e-06	2.4783070686977526216405651880925245e-03
3.9536970369091024704993197236635733e-03	-1.9823899939185238484898073722397588e-02	8.1880069573421090778583848686608210e-06	2.4781041513879696065711612981235979e-03
3.9540854987609937686116579083083176e-03	-9.9117876686375465941949764326192148e-03	8.1872025337659530598781939311923442e-06	2.4779824196088409706796334631414112e-03
3.9542149888720277991945194720445248e-03	0.0000000000000000000000000000000000e+00	8.1869344218439463577474028328616221e-06	2.4779418454497022035706673900043270e-03
3.9540854987609937686116579083083176e-03	9.9117876686375465941949764326192148e-03	8.1872025337659530598781939311923442e-06	2.4779824196088409706796334631414112e-03
3.9536970369091024704993197236635733e-03	1.9823899939185238484898073722397588e-02	8.1880069573421090778583848686608210e-06	2.4781041513879696065711612981235979e-03
3.9530496287610973267658055098638559e-03	2.9736661487972555634334279480289904e-02	8.1893479560695509450345583584898550e-06	2.4783070686977526216405651880925245e-03
3.9521433167285879836638891101283043e-03	3.9650397140211873998324086611731375e-02	8.1912259693326930473142714153414772e-06	2.4785912180743954514128658681428940e-03
3.9509781601956078825769118624307289e-03	4.9565431944550530024393240720951046e-02	8.1936416127373259849189025484301989e-06	2.4789566647073131474056985504055301e-03
3.9495542355263981729859130242268517e-03	5.9482091247755764611088268997145851e-02	8.1965956785789912088108317571849480e-06	2.4794034924779102124707784423619187e-03
3.9478716360754212850129271924025548e-03	6.9400700769577072721801511846945126e-02	8.2000891364462704913492646142113710e-06	2.4799318040095153445407375497959107e-03
3.9459304721996084318095231317820770e-03	7.9321586677830685142415803069261590e-02	8.2041231339598135699061127093707862e-06	2.4805417207285274938249263593128469e-03
3.9437308712728462687291946488716262e-03	8.9245075663751159928584395514196246e-02	8.2086989976481138413984642075697311e-06	2.4812333829368423829764029262086278e-03
3.9412729777027088975425271332928334e-03	9.9171495017655363365847166254290654e-02	8.2138182339612306870905521429232332e-06	2.4820069498956415111295517619532584e-03
3.9385569529494423707874110159700474e-03	1.0910117270496447431923590962976894e-01	8.2194825304238482793815811333473090e-06	2.4828625999206386848640982248337145e-03
3.9355829755472098245636120320910598e-03	1.1903443744263005233003689942326163e-01	8.2256937569292549823736647283333912e-06	2.4838005304888923163765251160718816e-03
3.9323512411276063485621369770617183e-03	1.2897161877601066947553665380281640e-01	8.2324539671760251318177816099127047e-06	2.4848209583573051262002437087241103e-03
3.9288619624454536907565615230326859e-03	1.3891304715624611969257964034858827e-01	8.2397654002493865041919454886350209e-06	2.4859241196929465100227488177949830e-03
3.9251153694068858918798252596175848e-03	1.4885905401817678792976292553904441e-01	8.2476304823494626078136781708474476e-06	2.4871102702153467024289957907222689e-03
3.9211117090997379524838850395557644e-03	1.5880997185885638619328678500862590e-01	8.2560518286687895131271435329662614e-06	2.4883796853509260213724182995633535e-03
3.9168512458262506539643674987034025e-03	1.6876613431670694545304053823395871e-01	8.2650322454217227616976711647190624e-06	2.4897326603997369332207435686718515e-03
3.9123342611381056853781630316950351e-03	1.7872787625136569275477971400092343e-01	8.2745747320285714475909526565711907e-06	2.4911695107147114675696116611631099e-03
3.9075610538738062711573466910344300e-03	1.8869553382427424313231564737526126e-01	8.2846824834575243624840376979147350e-06	2.4926905718936216628157703853211499e-03
3.9025319401984195519164639295981633e-03	1.9866944458006139754015914568915112e-01	8.2953588927276676687179645678030910e-06	2.4942961999839762678980025467448185e-03
3.8972472536456980424722482886971848e-03	2.0864994752877176266452412739486526e-01	8.3066075535766354659256001756648060e-06	2.4959867717010928939141419361422137e-03
3.8917073451625985789786859177902830e-03	2.1863738322899339787890586153327818e-01	8.3184322632966844238230462524167435e-06	2.4977626846596012339681211831604377e-03
3.8859125831562182717844550023418384e-03	2.2863209387193875068189140250451871e-01	8.3308370257432419688159558309593108e-06	2.4996243576186498843475056527610595e-03
3.8798633535431681033293896064388528e-03	2.3863442336653426671949677079034609e-01	8.3438260545202449655465895414908041e-06	2.5015722307411067401326068982666669e-03
3.8735600598014059522256423249482469e-03	2.4864471742557525612579271316602263e-01	8.3574037763468630866656943969334786e-06	2.5036067658670609402531710685323506e-03
3.8670031230245519867621226235614070e-03	2.5866332365300386673734695782560943e-01	8.3715748346104888075742521740809941e-06	2.5057284468019529391201666764684880e-03
3.8601929819787105546046227545636990e-03	2.6869059163236935922910596623095510e-01	8.3863440931111749251337359218075898e-06	2.5079377796196785242947911645201133e-03
3.8531300931618239016505290376199535e-03	2.7872687301653130202558611439604585e-01	8.4017166400030114454341552081145402e-06	2.5102352929810325241139204635854997e-03
3.8458149308655842830847040150705966e-03	2.8877252161866780777702017978198903e-01	8.4176977919382574210921596672596215e-06	2.5126215384678785996798868437693900e-03
3.8382479872399322849596596496231663e-03	2.9882789350465252125066584507706132e-01	8.4342930984203806921368083414786043e-06	2.5150970909334529382062259022029521e-03
3.8304297723601704564176231363940547e-03	3.0889334708686574385688479804395438e-01	8.4515083463725103919400958951340787e-06	2.5176625488692319077617609306935305e-03
3.8223608142967226623575456210296028e-03	3.1896924321950684609025628085547358e-01	8.4693495649281744666439319554614714e-06	2.5203185347888168478168343752126781e-03
3.8140416591875709053460402388517410e-03	3.2905594529547697950889684986446577e-01	8.4878230304515783227812449667653873e-06	2.5230656956293132091572346884010268e-03
3.8054728713134027353463779750311357e-03	3.3915381934490305831085343877812143e-01	8.5069352717950821207824615874732298e-06	2.5259047031707062770140849147694259e-03
3.7966550331755037679147620363343870e-03	3.4926323413537604113670362396142431e-01	8.5266930758019542913809043514178182e-06	2.5288362544737617720108757315837581e-03
3.7875887455764312674638771704689173e-03	3.5938456127397871071789787054972638e-01	8.5471034930629187537960406226137256e-06	2.5318610723370067873402785772263913e-03
3.7782746277035062236540017121935500e-03	3.6951817531118042694365416972165617e-01	8.5681738439354743167069040270354750e-06	2.5349799057733748535055926630919135e-03
3.7687133172151628576369720829368217e-03	3.7966445384667872264961334300565240e-01	8.5899117248354481798983236928187175e-06	2.5381935305071284937508686594081470e-03
3.7589054703301960425079895608754833e-03	3.8982377763727012604005925844660022e-01	8.6123250148107527429023968625799918e-06	2.5415027494917035176767127802783485e-03
3.7488517619199487107430429603260295e-03	3.9999653070683523454658968832090858e-01	8.6354218824078475722011841781308017e-06	2.5449083934491515754473720451821466e-03
3.7385528856034829525161649696334254e-03	4.1018310045852583782470841747955329e-01	8.6592107928419679807315679028855248e-06	2.5484113214318912429196027647592697e-03
3.7280095538457801845776043217353258e-03	4.2038387778924479856038064552105237e-01	8.6837005154827699345443294797537260e-06	2.5520124214075132162890583564612339e-03
3.7172224980590174918884292792854019e-03	4.3059925720651245522513741042116415e-01	8.7089001316676597329158079122378480e-06	2.5557126108674221559599316665343924e-03
3.7061924687069690155910487032688341e-03	4.4082963694781651768575212450842756e-01	8.7348190428557280388814988033372548e-06	2.5595128374601364313445281390246955e-03
3.6949202354125830833801065342210045e-03	4.5107541910254579185163071031279708e-01	8.7614669791358934221611598013036911e-06	2.5634140796501075851668552318183352e-03
3.6834065870687876542500574507965102e-03	4.6133700973661160096704596166471518e-01	8.7888540081035828065007092382271135e-06	2.5674173474029638678990636336670250e-03
3.6716523319525785813599750771712265e-03	4.7161481901986447681805948352943080e-01	8.8169905441210374250633396896256718e-06	2.5715236828981268073145963334841224e-03
3.6596582978424471869034095177039568e-03	4.8190926135641758260003980070198073e-01	8.8458873579771355738792629497289878e-06	2.5757341612697965991821116351071766e-03
3.6474253321392056940429552846358833e-03	4.9222075551799240956861129614371556e-01	8.8755555869634702762795096798614854e-06	2.5800498913773512650224482652760049e-03
3.6349543019902711759242355367180753e-03	5.0254972478040657150728670119938846e-01	8.9060067453843137737939793085763125e-06	2.5844720166062561621226069377079752e-03
3.6222460944174708634044314380980738e-03	5.1289659706332801470124549560503120e-01	8.9372527355190445794331271780872041e-06	2.5890017157006346991011503784798969e-03
3.6093016164484339044288879108559856e-03	5.2326180507342467733771315359267168e-01	8.9693058590566099159300596833101513e-06	2.5936402036287081662861829100629674e-03
3.5961217952516369921160052571794447e-03	5.3364578645104358254454627048808475e-01	9.0021788290226501889865780386918675e-06	2.5983887324823726033123818090646788e-03
3.5827075782751736788612707744932398e-03	5.4404898392055854581425982572635150e-01	9.0358847822210264321975429214824961e-06	2.6032485924122437770001779895057418e-03
3.5690599333893196735951390433925520e-03	5.5447184544453113326978183154434110e-01	9.0704372922126703872039747857693415e-06	2.6082211125995678229056329952252366e-03
3.5551798490329689823379778652754321e-03	5.6491482438183523583324215800115047e-01	9.1058503828559243141058419394341380e-06	2.6133076622664651187735487352874693e-03
3.5410683343640184021712734132994808e-03	5.7537837964990164042887913653006314e-01	9.1421385424338583331727711309550465e-06	2.6185096517260487259669421590241857e-03
3.5267264194137806196516472040072454e-03	5.8586297589124529835719123288575271e-01	9.1793167383954519790867563381303909e-06	2.6238285334740364889004011645158570e-03
3.5121551552455090006883186928895615e-03	5.9636908364444462935471540443199916e-01	9.2174004327390089589792308815408260e-06	2.6292658033235578714211809196232106e-03
3.4973556141171200943431801175147672e-03	6.0689717951974917506589855938209300e-01	9.2564055980677454855113654535760068e-06	2.6348230015849430987194330312067621e-03
3.4823288896482029124674009288324119e-03	6.1744774637949924626289236232089491e-01	9.2963487343491590617662395452171598e-06	2.6405017142923734476540089989200711e-03
3.4670760969914071953576284287859345e-03	6.2802127352354891389248352626589357e-01	9.3372468864115527304655462093778767e-06	2.6463035744793678908667507540297142e-03
3.4515983730083061357361537207836011e-03	6.3861825687989179589900827965766649e-01	9.3791176622129665564189030854126171e-06	2.6522302635051830753018094724250115e-03
3.4358968764498324146241933899457787e-03	6.4923919920069761210315232345694877e-01	9.4219792519197610041788305372752496e-06	2.6582835124343111510030853586596178e-03
3.4199727881413899086454880383040473e-03	6.5988461026397644198125788560865595e-01	9.4658504478342139876165575850572896e-06	2.6644651034713736330214952976357945e-03
3.4038273111727470648128497657556556e-03	6.7055500708109705029895711182063454e-01	9.5107506652127434058328384746452624e-06	2.6707768714538296759477150365942616e-03
3.3874616710928217120584189998242847e-03	6.8125091411039557016538032901440334e-01	9.5566999640187593095696670336809912e-06	2.6772207054050442934143214600341549e-03
3.3708771161094709951337314003639972e-03	6.9197286347712128091452536149226112e-01	9.6037190716566945572246921330101283e-06	2.6837985501503966209359445548386158e-03
3.3540749172944041828311375824139842e-03	7.0272139519997721990652250616176985e-01	9.6518294067364707982124437577318363e-06	2.6905124079992507897914866406182200e-03
3.3370563687933403259253774980365389e-03	7.1349705742452495552204906858422463e-01	9.7010531039205395946752740323281994e-06	2.6973643404957628781143972312470790e-03
3.3198227880415371283455466568408864e-03	7.2430040666373505812569351518204384e-01	9.7514130399087091169211188144760794e-06	2.7043564702416572973310650582703000e-03
3.3023755159848219558095931012041104e-03	7.3513200804597767376579931818825459e-01	9.8029328606192387855683210944021552e-06	2.7114909827942754636489776324139547e-03
3.2847159173062606478609397663903128e-03	7.4599243557076117153931401709265409e-01	9.8556370096281722394768285829423676e-06	2.7187701286433793466053441707750890e-03
3.2668453806586047307702862754170652e-03	7.5688227237254114226102982968074101e-01	9.9095507579325990273753106849559926e-06	2.7261962252703831796841627403145406e-03
3.2487653189026627594193111611986937e-03	7.6780211099293711862147333274049387e-01	9.9647002351075046907953537895021341e-06	2.7337716592938890144436185196503811e-03
3.2304771693517468558951866970699983e-03	7.7875255366171031380411769269947426e-01	1.0021112461930106073540075146693703e-05	2.7414988887056167094115311077786198e-03
3.2119823940223510714704406204452985e-03	7.8973421258687248832965697716946566e-01	1.0078815384550093940493799942112859e-05	2.7493804452010472401338906211519454e-03
3.1932824798912239878780080597656785e-03	8.0074771025431380909166198388267767e-01	1.0137837910289040171542227190459882e-05	2.7574189366093408363387062217570070e-03
3.1743789391590040048911380791822782e-03	8.1179367973735631943268014062312233e-01	1.0198209945157395595431274057867172e-05	2.7656170494273494082567157463708764e-03
3.1552733095205920464154202938092759e-03	8.2287276501665945817506619533514097e-01	1.0259962433183032616462356359039276e-05	2.7739775514628171079218147240394928e-03
3.1359671544424429695300257937877716e-03	8.3398562131092501679247878974181491e-01	1.0323127397651202012618919986806197e-05	2.7825032945921548599201478026443744e-03
3.1164620634469637938587701007164075e-03	8.4513291541887108030409205425363320e-01	1.0387737984362105873234344730760585e-05	2.7911972176384855601494588678618242e-03
3.0967596524042139967864394340018767e-03	8.5631532607296793719397051640758128e-01	1.0453828507019071423644201423097186e-05	2.8000623493759877528524407161578191e-03
3.0768615638311105586885683792339297e-03	8.6753354430545375060818989880097602e-01	1.0521434494867579124042309908646860e-05	2.8091018116669184381843170182402760e-03
3.0567694671983482077457516859767585e-03	8.7878827382717404733453431460834811e-01	1.0590592742713191715117240544281554e-05	2.8183188227380718378726691303899251e-03
3.0364850592452534232653992881898979e-03	8.9008023141981689936562489909252498e-01	1.0661341363454791011358521123588517e-05	2.8277167006038321892048095368235801e-03
3.0160100643027992279654165692534994e-03	9.0141014734214514914448857850377994e-01	1.0733719843278502152477882699082880e-05	2.8372988666434068245823552530476437e-03
2.9953462346250166527188931559281709e-03	9.1277876575085827566376754384458466e-01	1.0807769099667320756497126680322754e-05	2.8470688493402829579890067664679269e-03
2.9744953507290480123280679756381475e-03	9.2418684513674963467267641119772359e-01	1.0883531542391811522472739041743654e-05	2.8570302881924399437701454889801406e-03
2.9534592217440968097610641626633645e-03	9.3563515877685996175183851287937950e-01	1.0961051137658376803921564092995529e-05	2.8671869378023706856992673887858082e-03
2.9322396857695392120654668006830618e-03	9.4712449520336534131010428943799955e-01	1.1040373475603565454517431490237120e-05	2.8775426721565239469575438406905424e-03
2.9108386102424726384307290201029016e-03	9.5865565868997746780570619802618425e-01	1.1121545841335776760575835213049515e-05	2.8881014891043763578923575511451010e-03
2.8892578923149880957135548515740992e-03	9.7022946975667611959330128066431677e-01	1.1204617289739589035846242131355075e-05	2.8988675150479819946543012886706887e-03
2.8674994592414645169290525476717216e-03	9.8184676569363850539235710924534881e-01	1.1289638724272892240041120590804616e-05	2.9098450098535318304248963431996981e-03
2.8455652687761955332823235486985231e-03	9.9350840110527771696560821305107273e-01	1.1376662980003121576345193697518930e-05	2.9210383719971887557886307519529498e-03
2.8234573095816718717103030934736350e-03	1.0052152484753531327754586794550657e+00	1.1465744911146276042070307636352329e-05	2.9324521439582501593408066404421812e-03
2.8011776016478559511047177723866277e-03	1.0169681987541694861589733394019963e+00	1.1556941483391173723312807989696739e-05	2.9440910178735335380704385102015889e-03
2.7787281967227992870698148770431749e-03	1.0287681619689386758278155405150687e+00	1.1650311871311666392857401647528256e-05	2.9559598414677859388142936742550489e-03
2.7561111787549680452652048153109456e-03	1.0406160678584395136644163881740550e+00	1.1745917561191443769040609666319496e-05	2.9680636242758903098669592893823685e-03
2.7333286643476575476598783384509936e-03	1.0525128665331757535389465150212029e+00	1.1843822459609749899816997016336264e-05	2.9804075441736866239651570561814084e-03
2.7103828032258927776678250576327766e-03	1.0644595291623022271393670173461836e+00	1.1944093008161972451985005540978452e-05	2.9929969542353489911250619587625972e-03
2.6872757787162289953704709113461680e-03	1.0764570486886630559035560219830358e+00	1.2046798304716828325366517680783782e-05	3.0058373899364685474938044960768981e-03
2.6640098082398845122357511411108947e-03	1.0885064405733650671424402326613941e+00	1.2152010231641952083492303125817793e-05	3.0189345767232929421087831752292200e-03
2.6405871438196565386998557652974091e-03	1.1006087435713941027950021514199486e+00	1.2259803591462313288236585649469915e-05	3.0322944379699746915010331677708866e-03
2.6170100726010908641358661232290385e-03	1.1127650205398722896697363742927364e+00	1.2370256250451283254063991153251168e-05	3.0459231033471912348883695862383589e-03
2.5932809173883970175019100703032480e-03	1.1249763592806509956618340811677941e+00	1.2483449290692604025182949045757668e-05	3.0598269176271287406567562425637580e-03
2.5694020371956225530212662863761463e-03	1.1372438734190376224251191279236924e+00	1.2599467171193273081876676926280214e-05	3.0740124499515800551136771345945814e-03
2.5453758278136232778951648286178212e-03	1.1495687033205651203323628037743722e+00	1.2718397898672767643231591573166608e-05	3.0884865035918061403276425667447698e-03
2.5212047223933906625728456153891785e-03	1.1619520170478317434831526734806459e+00	1.2840333208703447934072820474109661e-05	3.1032561262308625493081754147243793e-03
2.4968911920463234281874453811545486e-03	1.1743950113595657312066567270342640e+00	1.2965368757930793145126701154359412e-05	3.1183286208013118246763110000362081e-03
2.4724377464620574759380993896159874e-03	1.1868989127542060064485054894091372e+00	1.3093604328160773506913099480498880e-05	3.1337115569136444716646231839967161e-03
2.4478469345444970013151525218616354e-03	1.1994649785604363833183506342637586e+00	1.3225144043165631226611442195127217e-05	3.1494127829133321930107077311945590e-03
2.4231213450667199208444661863294605e-03	1.2120944980772680093594783980858664e+00	1.3360096599129169896056981457671344e-05	3.1654404386072559565177721793790384e-03
2.3982636073454627366291853969809454e-03	1.2247887937664337442949735952233765e+00	1.3498575509728934348224662861833638e-05	3.1818029687033086950933458190878313e-03
2.3732763919359237886336240819914284e-03	1.2375492225000398938043748616895862e+00	1.3640699366936066247126745448162526e-05	3.1985091370102906581082434899799098e-03
2.3481624113476596194029551445215003e-03	1.2503771768666162672374614157332196e+00	1.3786592118704886161427488488345038e-05	3.2155680414488196783706582442270382e-03
2.3229244207823870333070873588731200e-03	1.2632740865389161103858339715025193e+00	1.3936383364824206974291877560948330e-05	3.2329891299278965982665224559648309e-03
2.2975652188945435153853865424063940e-03	1.2762414197070443934736651726032054e+00	1.4090208672311948717098397503696250e-05	3.2507822171460285042555050055888605e-03
2.2720876485755011377075993472612769e-03	1.2892806845807376546509238941022791e+00	1.4248209911854832032739267656984358e-05	3.2689575023804532834358682378843503e-03
2.2464945977623740904373996132526601e-03	1.3023934309648826981597273424586660e+00	1.4410535616926929416558420761524180e-05	3.2875255883330661126227617115228436e-03
2.2207890002724077105140040250119621e-03	1.3155812519126466709576557598161412e+00	1.4577341367365941175432078052110191e-05	3.3064975011071637870612915074649303e-03
2.1949738366639875377560413270449969e-03	1.3288457854608993159354799948521246e+00	1.4748790199345683946196460146359834e-05	3.3258847113951429685187791041471078e-03
2.1690521351253607169774401671482429e-03	1.3421887164529416449969343136481635e+00	1.4925053043859057862340639562641540e-05	3.3456991569638654481440226198660640e-03
2.1430269723922192136605536032779222e-03	1.3556117784539162316846519158517827e+00	1.5106309196019519025618037653236911e-05	3.3659532665315952981449252290414370e-03
2.1169014746953550673240741314311615e-03	1.3691167557646653759981179390328337e+00	1.5292746817702879765161384150225460e-05	3.3866599851382839535161261635484009e-03
2.0906788187396625394475562779804129e-03	1.3827054855402274020528977383043796e+00	1.5484563476287402414706130321424187e-05	3.4078328011196020085720830817597566e-03
2.0643622327158308132244064455446566e-03	1.3963798600196214761577610573845932e+00	1.5681966722511250335452108077444593e-05	3.4294857748045715598975358138590133e-03
2.0379549973461441873746316500177844e-03	1.4101418288740710843298412379903895e+00	1.5885174710755356520746418964978297e-05	3.4516335690670306588084189207506263e-03
2.0114604469658848204284918469346804e-03	1.4239934016813595726238946151712427e+00	1.6094416865379993439327640831012852e-05	3.4742914818725631629044751213093124e-03
1.9848819706419164005453715309071461e-03	1.4379366505346022486714266135926692e+00	1.6309934597098545224105172447400847e-05	3.4974754809750666966048543731340936e-03
1.9582230133301160479787640957136330e-03	1.4519737127943632684179127774175105e+00	1.6531982073766465326988087270668112e-05	3.5212022409309363049543891225377703e-03
1.9314870770734167487604796290050801e-03	1.4661067939937472302527397895101202e+00	1.6760827050401996566855539562175201e-05	3.5454891826140554559814488108069388e-03
1.9046777222423241560080616025692604e-03	1.4803381709068610219352621667279951e+00	1.6996751763743445718169847565578633e-05	3.5703545154315712478164382152438306e-03
1.8777985688198802116152599058221443e-03	1.4946701947918776543647568906938814e+00	1.7240053897191912898144500498011710e-05	3.5958172824589696751896232800596186e-03
1.8508532977331623180995618006244016e-03	1.5091052948208479874261832128954412e+00	1.7491047622595526116893728718636861e-05	3.6218974087334659410973160226238263e-03
1.8238456522335313655037154377831039e-03	1.5236459817094067018837077032570069e+00	1.7750064726009585183786999947883415e-05	3.6486157529674174553079523764436447e-03
1.7967794393279754902291359060314120e-03	1.5382948515606148863449612602316339e+00	1.8017455825325908731292159910796652e-05	3.6759941629686177120730301704535751e-03
1.7696585312640397782747389914532197e-03	1.5530545899383836048934058511682425e+00	1.8293591688514790224723092357846025e-05	3.7040555350822375784638589411375249e-03
1.7424868670709860668633833539139257e-03	1.5679279761872424830683821231436816e+00	1.8578864662176561326893918954393279e-05	3.7328238780001873465967657352295485e-03
1.7152684541599924721723489338161757e-03	1.5829178880166678453055726821842549e+00	1.8873690221170916791245206927299849e-05	3.7623243813181658411511437422814857e-03
1.6880073699863802967126459524164913e-03	1.5980273063697810590344351539201078e+00	1.9178508651297081019090976795122855e-05	3.7925834892590836529013734529286226e-03
1.6607077637770476720092707912981384e-03	1.6132593205979861806366506925629525e+00	1.9493786878355275729053233311366235e-05	3.8236289800244003549068603754190573e-03
1.6333738583264959112747943030493391e-03	1.6286171339650556042917653368157233e+00	1.9820020458451356704748062508292611e-05	3.8554900512827767213456338445311103e-03
1.6060099518650574536109596772640330e-03	1.6441040695063145018210575970929941e+00	2.0157735746136886691203361290786494e-05	3.8881974123589725284870795843875163e-03
1.5786204200031749925731647123048996e-03	1.6597235762709435535435126575051211e+00	2.0507492258935232818567500502746463e-05	3.9217833837458755748065383314845590e-03
1.5512097177558415778012944049372296e-03	1.6754792359780421974008709830699183e+00	2.0869885259024117478516269273035775e-05	3.9562820046297981044174009952355341e-03
1.5237823816515930225008063053504837e-03	1.6913747701200024912160331504349112e+00	2.1245548575365502182366607330006560e-05	3.9917291491947243721564667201475748e-03
1.4963430319307489118822746580452425e-03	1.7074140475499721190346954474926423e+00	2.1635157692440318511624895032976474e-05	4.0281626525561927109768925564998454e-03
1.4688963748379291907175683966587492e-03	1.7236010925937744727272277376539199e+00	2.2039433135011620179178395349983924e-05	4.0656224472712818294007291929601704e-03
1.4414472050142322766463022543371603e-03	1.7399400937306502457172419595572962e+00	2.2459144182067545404001053913645496e-05	4.1041507114792894115304464151902166e-03
1.4140004079948507607485498280383638e-03	1.7564354128916413869737031384750839e+00	2.2895112947358177440626836465445337e-05	4.1437920298499340080422402094340083e-03
1.3865609628183252145023158736168399e-03	1.7730915954294151131268245996872340e+00	2.3348218868823961435980617013422249e-05	4.1845935686543625312407824257619479e-03
1.3591339447540989990639506445963411e-03	1.7899133808188924963081045912210439e+00	2.3819403654819119229170232516357406e-05	4.2266052664313329340964628269252478e-03
1.3317245281555412771428304853846586e-03	1.8069057141542829610255538787307716e+00	2.4309676741481217572800935084797869e-05	4.2698800418994989425852388415228884e-03
1.3043379894461561592017346909756005e-03	1.8240737585151251267808777730189091e+00	2.4820121323029457668561660862659164e-05	4.3144740209700671566354728929818648e-03
1.2769797102472981340037529252198592e-03	1.8414229082818024846883409775345227e+00	2.5351901025357664432742645322822080e-05	4.3604467849461155774669971899953763e-03
1.2496551806563733380687642567994435e-03	1.8589588034898629283089579678479561e+00	2.5906267303223672429749269180501059e-05	4.4078616422601286613103422985773001e-03
1.2223700026852292409517332816785143e-03	1.8766873453224675621496500384181934e+00	2.6484567652863872012873339756951600e-05	4.4567859264052052746882846088873799e-03
1.1951298938692292345741185920579058e-03	1.8946147128515933091154033467644301e+00	2.7088254745266131660394265019882019e-05	4.5072913230642979460714461380632425e-03
1.1679406910583816511933102527499291e-03	1.9127473811514101742884977957296534e+00	2.7718896600959390442018523776003309e-05	4.5594542298432846196348542266134678e-03
1.1408083544028542433604471294154200e-03	1.9310921409217750200211569136826649e+00	2.8378187945436995733393633028928593e-05	4.6133561524766130222958914909986492e-03
1.1137389715462657705931703804358120e-03	1.9496561197762958954571719027274463e+00	2.9067962905721962786948352764983703e-05	4.6690841419093584626224526869498760e-03
1.0867387620413181659193237776001827e-03	1.9684468053682375131704049528202352e+00	2.9790209233709489453922959628902966e-05	4.7267312772795375735704297262160946e-03
1.0598140820036296367897040946182741e-03	1.9874720705490283401411719264286580e+00	3.0547084271518625945103071855961154e-05	4.7863972005446839997868877399468458e-03
1.0329714290210668264185702025161196e-03	2.0067402007787288728272295846240994e+00	3.1340932909044729575151303295599202e-05	4.8481887093353548552484616496569516e-03
1.0062174473374709937006362546538465e-03	2.0262599240360454633908035212615393e+00	3.2174307825320194901382715905030220e-05	4.9122204155975033009440805726040499e-03
9.7955893333144995949906613419841084e-04	2.0460404435079382964339291704890428e+00	3.3049992354504265798169008222445582e-05	4.9786154787322551264773568946154351e-03
9.5300284131288840696186528793234272e-04	2.0660914733763073641215398593835789e+00	3.3971026375985675451900432181511720e-05	5.0475064232880047640068311504519907e-03
9.2655628966204186213609813155112738e-04	2.0864232780625213848418424755380817e+00	3.4940735698237219936645837133500848e-05	5.1190360528454012064144127827829628e-03
9.0022656733855659441000721686795428e-04	2.1070467153407311543538624782814043e+00	3.5962765490244914308920314587328376e-05	5.1933584736090064926353463340527785e-03
8.7402114079053627503869922373808378e-04	2.1279732837892444119960226943835453e+00	3.7041118415706707415283473797685578e-05	5.2706402434394093731635401767485908e-03
8.4794766129690023647706737800733091e-04	2.1492151751172606201064251288642091e+00	3.8180198247713026425404334622978937e-05	5.3510616646993159554321033916052842e-03
8.2201397277979869551117893731075475e-04	2.1707853319838224431154057958887747e+00	3.9384859890257641170126050405503310e-05	5.4348182424368358781577662846929842e-03
7.9622812012782727398948906205361686e-04	2.1926975120191899144703500936243191e+00	4.0660466913964850084392212387642870e-05	5.5221223332008836388076932893800536e-03
7.7059835807528708295256859609155233e-04	2.2149663588687379025841657041062081e+00	4.2012957934830808051740797375131678e-05	5.6132050143170930717076206915255909e-03
7.4513316068785076162693408029647361e-04	2.2376074812092984048124082764242137e+00	4.3448923436732133981967077363346321e-05	5.7083182089230633649528305907998406e-03
7.1984123151081777716261025248419244e-04	2.2606375408417840356501974411234969e+00	4.4975694973991658652941925099019325e-05	5.8077371086896917516929604609586695e-03
6.9473151444279121584977162977308168e-04	2.2840743511470986813449283870840731e+00	4.6601449106216119041443521137560105e-05	5.9117629442199521446031175561187166e-03
6.6981320540522313313274948821555879e-04	2.3079369874111868443042354123012539e+00	4.8335328935722148721194730746807488e-05	6.0207261629728879503759019737668340e-03
6.4509576488702391577381127436628319e-04	2.3322459107876237207176342209293733e+00	5.0187586766559462225447620645678052e-05	6.1349900866630882801378341547260088e-03
6.2058893145351476029094978265852247e-04	2.3570231079824952855905014645207599e+00	5.2169752220709829901890334379549558e-05	6.2549551350189664638991965553016775e-03
5.9630273632066507361400866768385435e-04	2.3822922491292151936543964303388051e+00	5.4294831180734419351357360034254420e-05	6.3810637213032098342104531207264132e-03
5.7224751910909434410008414483361267e-04	2.4080788667865829433601055620492797e+00	5.6577542244450791102524740033626643e-05	6.5138059480910666582720029597037604e-03
5.4843394490809192302564553218699419e-04	2.4344105595625319967912676024727943e+00	5.9034599063862191630249836021749903e-05	6.6537262607584378178793214765571229e-03
5.2487302279836099579255199405089394e-04	2.4613172245653167061596034339171412e+00	6.1685049115914385178439897312680348e-05	6.8014312526574945409885930872658766e-03
5.0157612600387068025048593846659937e-04	2.4888313237478875206474871393459103e+00	6.4550682277749199243070390662491124e-05	6.9575988623209240110905967318437053e-03
4.7855501386877940604812848604621897e-04	2.5169881902849645371565142065924846e+00	6.7656526274850501471725024052413479e-05	7.1229892622768823021511413038093940e-03
4.5582185588571748536025605291985145e-04	2.5458263824650509715816102068790607e+00	7.1031450942535447240122079361131252e-05	7.2984578152830665879254374045007915e-03
4.3338925803784626995797651935807357e-04	2.5753880942697477763735698285985902e+00	7.4708909716674697435617179779971864e-05	7.4849705725987102435971214697604655e-03
4.1127029176038364623397186217185005e-04	2.6057196339549550417743086111260438e+00	7.8727855450832741755506956349854542e-05	7.6836229180086356717521962937000656e-03
3.8947852587940338900763496288538406e-04	2.6368719846839449990076163633922305e+00	8.3133879403256706080333386489102395e-05	7.8956621313894157326263973613788145e-03
3.6802806194886155199362321256939145e-04	2.6689014647826922523916781349366791e+00	8.7980638286951229665895770010397593e-05	8.1225148716732852118968645230803324e-03
3.4693357348379674934594561551624980e-04	2.7018705097567031078380225984645926e+00	9.3331656436867935637044503392542633e-05	8.3658208824156239537074309818507874e-03
3.2621034968216815424022566609839443e-04	2.7358486041915862473961476538982964e+00	9.9262621091206032273806931785314282e-05	8.6274746343765907830284936038963786e-03
3.0587434434466887190719466926113124e-04	2.7709133995701484061977069118171415e+00	1.0586433251103000446894853126373155e-04	8.9096771830264532033291047353726158e-03
2.8594223084750232354434001528451870e-04	2.8071520646064856954516377032630379e+00	1.1324653325838454844965435863454281e-04	9.2150013001558877772208971811416433e-03
2.6643146420615058471716643231896801e-04	2.8446629289729158328419293586006330e+00	1.2154293181545287816643143473668929e-04	9.5464740357039186038902707622038564e-03
2.4736035150029001209643594966553654e-04	2.8835575008128425488680740808226013e+00	1.3091786962001507223539279442952045e-04	9.9076824271498429544681772348039179e-03
2.2874813222728862800247230790900221e-04	2.9239629654667600103572835100565925e+00	1.4157528114162472786788304929608448e-04	1.0302910328920918318420651155281836e-02
2.1061507053652379157576180028971168e-04	2.9660253108195760754572953790169888e+00	1.5377090240122031231068689216708681e-04	1.0737317644378827430127402291114353e-02
1.9298256180069066518930951872907234e-04	3.0099132788709336167632770600983465e+00	1.6782915871010200713069424108083392e-04	1.1217178187660292068336163858184924e-02
1.7587325664868334614158020804708404e-04	3.0558234217814814455220424407796675e+00	1.8416691737975802648262885371668079e-04	1.1750199932795923481818672743951141e-02
1.5931120648373698810991300986474473e-04	3.1039866569514182535233804248777872e+00	2.0332751876170248939030692951294213e-04	1.2345963121042922348528353806842338e-02
1.4332203573885887653376341957661406e-04	3.1546768912696614117536742311224218e+00	2.2603054793545843235017053309937345e-04	1.3016530352143446347755014656677242e-02
1.2793314782891506664645291006373122e-04	3.2082225559368553205893509259418709e+00	2.5324633040287487648207129411671499e-04	1.3777313284224362752681987933175501e-02
1.1317397417811857319205396596383483e-04	3.2650223233426365500764916987355910e+00	2.8631038744565497247047724462944821e-04	1.4648331920145207268263206037464779e-02
9.9076279205397527936337040002584114e-05	3.3255669795666452500508517904216797e+00	3.2710460875125260723791395581039898e-04	1.5656091851327875489720239300118034e-02
8.5674539351006938486110021670953773e-05	3.3904706110051967589243036798899762e+00	3.7835405286209928247577750260222617e-04	1.6836466464140827628289264202529711e-02
7.3006422169221472598962169990253899e-05	3.4605163415002746867108027008357504e+00	4.4413301724022289719234376936327477e-04	1.8239276438333086430231153616512079e-02
6.1113404041389078768296767639094933e-05	3.5367256659889952273943041217480401e+00	5.3076966663619379255009774219520674e-04	1.9935865807976629903901100471791108e-02
5.0041585603502168345774521255912114e-05	3.6204677880082354122854757854357688e+00	6.4855742369323869557381995288947433e-04	2.2032255422145583589034307308183915e-02
3.9842799220680238841043665659475205e-05	3.7136405170801860514589303676840901e+00	8.1522537021402664899892248920799341e-04	2.4693364648340421943092283982153000e-02
3.0576166705134751653070199566907888e-05	3.8189879548428266558611676975638425e+00	1.0636172463103029480260191038930047e-03	2.8191018235530364786569577903636649e-02
2.2310389286878437445095845709354327e-05	3.9407026703180780369150537174121872e+00	1.4607251620494810954751894573459827e-03	3.3008554529087988428488038562203682e-02
1.5127312957516223962228100310105940e-05	4.0856893009256033395728158977583117e+00	2.1627787663132683056007762702302485e-03	4.0099795044771923468877919476033053e-02
9.1279237900367129108352937393789720e-06	4.2666248786402438118619244776937785e+00	3.6156039730949977175940869212086301e-03	5.1659157013974809878051499183881163e-02
4.4435176710420939939518695451301871e-06	4.5112087064564535181577029071483349e+00	7.6287034624605486110939618550840034e-03	7.4196412874733785281759249519985134e-02
1.2523143833956072642688542218118570e-06	4.9042963961595682760989473754994104e+00	3.6090730007161828826349202559396512e-02	1.4201910292050020809525609286934744e-01
0.0000000000000000000000000000000000e+00	0.0000000000000000000000000000000000e+00	1.4179767291094646948076769214340293e-05	3.0348219003825049782514193531231698e-03