1.1683201817467978308413336588087081e-06	-4.9179240319642632567467017240557129e+00	3.5915322606683896834425287475478452e-02	1.4166381239858073267600146935423053e-01
4.1475642695334676265899431554045328e-06	-4.5258542597891725490590987549960267e+00	7.5871770489140749517405868710121999e-03	7.3992940843068258530295017105365106e-02
8.5234863212843198458696515751326640e-06	-4.2819631917111143525539953846039150e+00	3.5943949862663253582731038257672765e-03	5.1506955470929954932665238650625641e-02
1.4130596708240435077159866631990168e-05	-4.1015753502762737971463979962971389e+00	2.1493212751303219947876061582804381e-03	3.9974612711353706901792963728888664e-02
2.0846933161156169945168722177121439e-05	-3.9570519925307792858976503819932425e+00	1.4511765575438908799059980640546582e-03	3.2900355923305132296456470058087010e-02
2.8578676850993639433045822908407128e-05	-3.8357444883321715353475508649722160e+00	1.0563609880608916130161257431278484e-03	2.8094603298367929635444868953397957e-02
3.7249782728607497553254298692182731e-05	-3.7307640011813384062058445428874200e+00	8.0944880994628645736632821162579101e-04	2.4605661889131226251126083708768050e-02
4.6796412804675819101907756164050199e-05	-3.6379277386133073400452735945108021e+00	6.4380184603464389648406904754248951e-04	2.1951286355894755696921060145031996e-02
5.7163625471440637749833596568096512e-05	-3.5544981069241085592678380741179165e+00	5.2675401777144104121420251551894113e-04	1.9860274647199286428982603610271025e-02
6.8303249008980665294881806245490114e-05	-3.4785818670743324210582354825517667e+00	4.4067421627598354205918930818303451e-04	1.8168089888732430641595310737561396e-02
8.0172435022374764245737118607330684e-05	-3.4088131597037504229286174544587081e+00	3.7532702505630471623782947517071709e-04	1.6768960015888510621832395434091437e-02
9.2732629965865351145195789188194763e-05	-3.3441730174460179743896435329449046e+00	3.2442059004182085306646955072074591e-04	1.5591710267710619478628582878272147e-02
1.0594881786354120572019102418179843e-04	-3.2838802777749967766404651283203621e+00	2.8390438765633931019634112331527560e-04	1.4586639410468667597770503967465400e-02
1.1978894663327215573090778798804471e-04	-3.2273224097466787174208840889454323e+00	2.5106951189918507311755787236237840e-04	1.3717960917552533977457337915485515e-02
1.3422348314006949122908997144068987e-04	-3.1740098837032823266242502119078120e+00	2.2404539358794521221361499950656372e-04	1.2959233977424698628341578826113892e-02
1.4922506117726369442818604653356844e-04	-3.1235450581614925115054495971795246e+00	2.0150465789169232655798232540161982e-04	1.2290487951667437182523497094849160e-02
1.6476819820831316636354917628614517e-04	-3.0756003593193216485565027691792030e+00	1.8248297669200196938716872898915901e-04	1.1696349504770737799666002555373219e-02
1.8082906407638765679926582435707096e-04	-3.0299026018591052731823278135795140e+00	1.6626526859904310102821496161406469e-04	1.1164786273127527042277397667640947e-02
1.9738528971841450724088242311101012e-04	-2.9862214819963687965539307806797065e+00	1.5231163473446596723929377647424890e-04	1.0686242213466681738361673077215473e-02
2.1441580717389357400507447558188636e-04	-2.9443609742263299966361719557410693e+00	1.4020787848736528407580827558962033e-04	1.0253028963254542996806500309333120e-02
2.3190071442548988209217877577329077e-04	-2.9041527923184054838403565235843390e+00	1.2963167584112625602444499458486451e-04	9.8588887826249858813623576094988188e-03
2.4982116019391602988638954283553674e-04	-2.8654513457527867010463289911225336e+00	1.2032896462740153842925482991809573e-04	9.4986750770986870569965645215094334e-03
2.6815924495031555737022675919047719e-04	-2.8281297979706499670685784341252601e+00	1.1209715869705828927199189560451444e-04	9.1681151125141231026714628839467792e-03
2.8689793524432438092745144076138758e-04	-2.7920769488433951075390611207798444e+00	1.0477301375912911993570042936314986e-04	8.8636312202076654966799314904931782e-03
3.0602098906672222766257727311740765e-04	-2.7571947422342565572099775536622466e+00	9.8223722367340303888115563323200608e-05	8.5822043032504529260791951144627778e-03
3.2551289043357823025673218948290583e-04	-2.7233962535921164358809155025247147e+00	9.2340288210544299613809092343142141e-05	8.3212683877940113645946031934016402e-03
3.4535879173615866381390457197752236e-04	-2.6906040504088262561480579787298532e+00	8.7032533893242323895605468781308092e-05	8.0786282659737688304134489016818182e-03
3.6554446267694763394240998408197876e-04	-2.6587488453414299336922330806998236e+00	8.2225295785873285504717968208930664e-05	7.8523945266448519570260276114092271e-03
3.8605624482770898075156203581396705e-04	-2.6277683812714673050603586199248236e+00	7.7855492639877242656308056489775674e-05	7.6409318277858932653721461206959787e-03
4.0688101101551089850393517818812390e-04	-2.5976065018147643772040342042211234e+00	7.3869844993506838742569717331557261e-05	7.4428173587461814625699142681391882e-03
4.2800612887790322435194359978916283e-04	-2.5682123713374049487571139261656245e+00	7.0223084621651174116656738484642321e-05	7.2568072199291663524370321249444230e-03
4.4941942803698160008019523062356764e-04	-2.5395398164250195655050988598186693e+00	6.6876536750823684910592902044342209e-05	7.0818090096613220384882672973531805e-03
4.7110917042985414430474544996693733e-04	-2.5115467667210172719638154862916638e+00	6.3796988518698751265679058018846613e-05	6.9168593182160173563838723238484786e-03
4.9306402340453369970517752101513916e-04	-2.4841947776071123324901080113476589e+00	6.0955779185206705354998284655763326e-05	6.7611051315832662255457446749983199e-03
5.1527303524892530188333745598825903e-04	-2.4574486207112868407653843244127434e+00	5.8328063554949335598781804863282713e-05	6.6137883730964114914640661713729673e-03
5.3772561286898327662368939669396161e-04	-2.4312759309570098429428347023573079e+00	5.5892211745463626485290936975728128e-05	6.4742329806907813838276695242682126e-03
5.6041150137230216381352824931786085e-04	-2.4056469010044743503983319608603760e+00	5.3629317064027500551532324560656045e-05	6.3418340463508205708870772390020664e-03
5.8332076534696163985687515544580694e-04	-2.3805340156205482161633178164213165e+00	5.1522790191260225387021367756678360e-05	6.2160486428714546051495623476794640e-03
6.0644377165361050934551134927313855e-04	-2.3559118198535286747505994025588450e+00	4.9558022711655323857825243031723637e-05	6.0963880390990772295213509382113041e-03
6.2977117357253234249891300438454330e-04	-2.3317567159598717742395414014056749e+00	4.7722106703894539513278014272689641e-05	5.9824110639129083142929869986190821e-03
6.5329389616756926852521172345069323e-04	-2.3080467848919048206028464218574271e+00	4.6003599911194763418415135197879386e-05	5.8737184254564856513346254759006739e-03
6.7700312274591930042288295362092002e-04	-2.2847616288530725283741092104494662e+00	4.4392328173597170257797263573984656e-05	5.7699478285643992143837206180542512e-03
7.0089028230747333094032204231656781e-04	-2.2618822319949763145644189598725870e+00	4.2879218480074706706143248320577078e-05	5.6707697622137641618304743256674119e-03
7.2494703788993184353264518746707294e-04	-2.2393908367949452684453155928971388e+00	4.1456157306269093253666979666857474e-05	5.5758838518646856452171685018862699e-03
7.4916527572677380272911425981980685e-04	-2.2172708340348025036277892079980276e+00	4.0115869930753372093596574330302490e-05	5.4850156900277216959130736320905647e-03
7.7353709514451602377439696722396879e-04	-2.1955066646170318112307488700966143e+00	3.8851817234038950118025172323420535e-05	5.3979140732919514433363424721650839e-03
7.9805479913382698808597853783938663e-04	-2.1740837317164289311349285610839918e+00	3.7658107129050248618909105204185999e-05	5.3143485861193118239879084082182195e-03
8.2271088553613191286272828729720113e-04	-2.1529883219836061243205910631619527e+00	3.6529418286530437715482447024312396e-05	5.2341074815424041268946204983705920e-03
8.4749803879352159508058053099414163e-04	-2.1322075346994171678099026315263942e+00	3.5460934232055723310605034904866535e-05	5.1569958169471651156768271116254607e-03
8.7240912221518606729784394977077069e-04	-2.1117292179328876031902968558579837e+00	3.4448286224675315280465449515886843e-05	5.0828338097329099583524740840958408e-03
8.9743717071834429689758022909081186e-04	-2.0915419108847200197996635571202131e+00	3.3487503597360732161371238478879507e-05	5.0114553830987482223023809712471439e-03
9.2257538400582460398377049540484296e-04	-2.0716347917080535378812708128548005e+00	3.2574970459397102280756065300943805e-05	4.9427068767272784844343849963462754e-03
9.4781712014614447049686976434623049e-04	-2.0519976301912628627580902768884896e+00	3.1707387840685335302452381248130937e-05	4.8764459008985119159608492449879658e-03
9.7315588952520845315383257596483218e-04	-2.0326207447669329828045087200031255e+00	3.0881740505569723428605097190704151e-05	4.8125403157085858824854796811814258e-03
9.9858534914164466203526781946744800e-04	-2.0134949633789888339893731198996287e+00	3.0095267785502900681852636395556491e-05	4.7508673197007725163971485869890499e-03
1.0240992972203811955001494624979272e-03	-1.9946115877981417174078042794173804e+00	2.9345437880551176513018397635596165e-05	4.6913126344305571410097067111359214e-03
1.0496916681213646376987956546674079e-03	-1.9759623610258587316506074410409022e+00	2.8629925163358758296722615088943679e-05	4.6337697733549259776774385109904468e-03
1.0753565275223780672144672501251409e-03	-1.9575394374702283575325103577724620e+00	2.7946590088869440803995766741698203e-05	4.5781393850175435215655047306122352e-03
1.1010880678567559721806330195936007e-03	-1.9393353556144315291464943419093769e+00	2.7293461371368265525522607231531708e-05	4.5243286618443753553350738146976484e-03
1.1268806039884438844465214760029359e-03	-1.9213430129309056378016963410211466e+00	2.6668720139282918963678725555849316e-05	4.4722508070079247155345342041910920e-03
1.1527285691083338104703569900156807e-03	-1.9035556428224386499007568876286646e+00	2.6070685819316603525430854445457863e-05	4.4218245527949577176597589999823068e-03
1.1786265108371420590247945174367754e-03	-1.8859667933959640391761719570115674e+00	2.5497803536203293228100309376512288e-05	4.3729737247490572621289494511823500e-03
1.2045690875213007223795467773922398e-03	-1.8685703078962596742075854569051686e+00	2.4948632843768441431094679074167277e-05	4.3256268465776174269315418353454968e-03
1.2305510647094225683840554228787157e-03	-1.8513603066455199411938017071762100e+00	2.4421837627931180101399525582646478e-05	4.2797167814312593962420758675462090e-03
1.2565673117978842968769483090793842e-03	-1.8343311703512382280563913956717031e+00	2.3916177043526325589498982047370669e-05	4.2351804056973384938174153746249765e-03
1.2826127988349662573182929454243653e-03	-1.8174775246593188075482333254942873e+00	2.3430497364955797078934620390059528e-05	4.1919583119109262457560262455567461e-03
1.3086825934737976891265051466399389e-03	-1.8007942258420989700622722558039649e+00	2.2963724646194644333429454101730555e-05	4.1499945377870299220362008316989367e-03
1.3347718580650940140638551083454037e-03	-1.7842763475222308018567745358343893e+00	2.2514858098987077753727108686311040e-05	4.1092363187257869683099565958066952e-03
1.3608758468813443311158589019121576e-03	-1.7679191683433413169362996004401085e+00	2.2082964109513625366621219612196789e-05	4.0696338614454637488027464827211018e-03
1.3869899034647197924011215944590526e-03	-1.7517181605072261174793635421615845e+00	2.1667170823675914225383954905392482e-05	4.0311401366626461451767366736241012e-03
1.4131094580915329476388173457596148e-03	-1.7356689791051783931989767401849789e+00	2.1266663239668008223504273046910597e-05	3.9937106889704077800169109407057253e-03
1.4392300253465897284838971857782829e-03	-1.7197674521780350818426553940217863e+00	2.0880678753881678755947010865642818e-05	3.9573034622680400998975459173111880e-03
1.4653472018012442023214117934193000e-03	-1.7040095714457417806589749190342241e+00	2.0508503112594590838466256154800064e-05	3.9218786392740062918675690515313540e-03
1.4914566637893957373727639095408534e-03	-1.6883914836527895701442817695287434e+00	2.0149466727455953489533730757713111e-05	3.8873984938104455148692232608014444e-03
1.5175541652760625103408646499031208e-03	-1.6729094824808401009890068986706755e+00	1.9802941317632605128208061716998786e-05	3.8538272546856318874599994279361670e-03
1.5436355358135276763721401864836846e-03	-1.6575600009842994501203645256424523e+00	1.9468336845710426244513929047739821e-05	3.8211309801227052702338707368971032e-03
1.5696966785803879777776072475247983e-03	-1.6423396045085867441799431196035545e+00	1.9145098718146787153689459053138626e-05	3.7892774417908164927842138599126658e-03
1.5957335684991417502006231053288068e-03	-1.6272449840544230382819410755101829e+00	1.8832705224312069955894085895946802e-05	3.7582360175903561881925027725532503e-03
1.6217422504282365750150615363905335e-03	-1.6122729500546854427553385156509069e+00	1.8530665191004047862213026983557575e-05	3.7279775924287049811384979683930779e-03
1.6477188374247583633948346549682330e-03	-1.5974204265332712985216453717515892e+00	1.8238515831820932225814661241028439e-05	3.6984744662982845880436354033847413e-03
1.6736595090741853635141084704057864e-03	-1.5826844456180326460816610802359506e+00	1.7955820772982463407867380205943968e-05	3.6697002690357564406295438827936750e-03
1.6995605098838541888137035794390652e-03	-1.5680621423822033553340175292016353e+00	1.7682168239132342891764000665786920e-05	3.6416298812010056060143938041788902e-03
1.7254181477369920328245793676370021e-03	-1.5535507499908774005560779439130759e+00	1.7417169384372941758527083500730592e-05	3.6142393605679307331493806150378868e-03
1.7512287924043611734699634718353981e-03	-1.5391475951310309554126576217442963e+00	1.7160456755303302466732253069593145e-05	3.5875058737667905988786590281535346e-03
1.7769888741107399504544446892906795e-03	-1.5248500937053345047897357761307848e+00	1.6911682874178761809002237891307982e-05	3.5614076326605928205794101490314100e-03
1.8026948821536297757204239567795231e-03	-1.5106557467715928205542513929933739e+00	1.6670518931506485889534820702206944e-05	3.5359238350763252814122579580690798e-03
1.8283433635717314532550512374883501e-03	-1.4965621367110970731206773444488337e+00	1.6436653578454373403075422891247192e-05	3.5110346095462285985385586656922197e-03
1.8539309218608770881136358724221943e-03	-1.4825669236104893131295333602850549e+00	1.6209791810397242760849234585440858e-05	3.4867209637452290981446178671076569e-03
1.8794542157352370158368642722718970e-03	-1.4686678418429381697511571433168584e+00	1.5989653933767953990620906980610653e-05	3.4629647363384828391382307918784673e-03
1.9049099579317452648888352282721494e-03	-1.4548626968355175362937313062027375e+00	1.5775974609134297874174819142032476e-05	3.4397485519780620304055160806687656e-03
1.9302949140558027885721429208639190e-03	-1.4411493620106776367503663785472330e+00	1.5568501964095722512557999192691510e-05	3.4170557792104448022248188201613721e-03
1.9556059014664257181556929655171335e-03	-1.4275257758906094520683049136569102e+00	1.5366996770196526237212191016414253e-05	3.3948704910769113793429485418984465e-03
1.9808397881991067878121673649086807e-03	-1.4139899393541373046024882701635565e+00	1.5171231678592128308639812514190635e-05	3.3731774282074370240417230485112478e-03
2.0059934919247524051534603371750377e-03	-1.4005399130365378502192608347163986e+00	1.4980990509689532517577269566874387e-05	3.3519619642254104503422916650924065e-03
2.0310639789431460829995375748619016e-03	-1.3871738148633834320639520337516428e+00	1.4796067592418349588694692525376051e-05	3.3312100732956779287784856542381050e-03
2.0560482632094715608557868247880650e-03	-1.3738898177101496441349156600358919e+00	1.4616267149180211718512000828450180e-05	3.3109082996621794995595548997256442e-03
2.0809434053925063427225854309215037e-03	-1.3606861471799163638591372067265880e+00	1.4441402722876908532682740477716390e-05	3.2910437290339479429150510744639037e-03
2.1057465119631689411711542019035800e-03	-1.3475610794920332275225260880952073e+00	1.4271296642735337432123167303349790e-05	3.2716039616896108320248008327899485e-03
2.1304547343121711946711377353531770e-03	-1.3345129394751188465061195642570544e+00	1.4105779525934132516321589057965956e-05	3.2525770871808845055234131289993021e-03
2.1550652678955909361196520588414600e-03	-1.3215400986582218734659211008666790e+00	1.3944689812295918672444245885387860e-05	3.2339516605249771773324912228758932e-03
2.1795753514072403297403360046315311e-03	-1.3086409734543948217568655662639565e+00	1.3787873329543453181208524923422607e-05	3.2157166797844167860420934863955444e-03
2.2039822659767616318254738874230602e-03	-1.2958140234313214736514854085505845e+00	1.3635182886830054392378597294502438e-05	3.1978615649406680804849733684930444e-03
2.2282833343924352175962932699694093e-03	-1.2830577496639986338015396842635092e+00	1.3486477894446970717406613708893145e-05	3.1803761379750748326617655892081725e-03
2.2524759203477346816347218619090108e-03	-1.2703706931648054720073392080450181e+00	1.3341624007784751084407530711824147e-05	3.1632506040772214120364928065529058e-03
2.2765574277107108749433345870155068e-03	-1.2577514333866010876880489780950429e+00	1.3200492793784051505813786641460957e-05	3.1464755339068110073416021123743177e-03
2.3005252998153310834787080946754666e-03	-1.2451985867947753326094566506166897e+00	1.3062961418255263656519019300780727e-05	3.1300418468406573675368401237658896e-03
2.3243770187739413618411471373483905e-03	-1.2327108055044412670666363747870044e+00	1.2928912352577316798415724538512838e-05	3.1139407951414295998763997563234565e-03
2.3481101048100594789220111331354129e-03	-1.2202867759792016399142943140055943e+00	1.2798233098405265377070661348281743e-05	3.0981639489894171621124194642420698e-03
2.3717221156107431644517683835971033e-03	-1.2079252177881480578272967756508810e+00	1.2670815929124975448587079673346941e-05	3.0827031823228323866629666027215492e-03
2.3952106456978135098514590050342317e-03	-1.1956248824179614841645333075041151e+00	1.2546557646892386768517775355013746e-05	3.0675506594360746154431428979748884e-03
2.4185733258172466063562751754440389e-03	-1.1833845521371776940760380144511415e+00	1.2425359354185369433680856408371137e-05	3.0526988222889739125364574574939690e-03
2.4418078223460779211943428104201461e-03	-1.1712030389098625049773385308507978e+00	1.2307126238878934648415818080999053e-05	3.0381403784833409884723177809656260e-03
2.4649118367161936329425185084135260e-03	-1.1590791833561100900887289127930941e+00	1.2191767371930234097855777688154597e-05	3.0238682898661983814343442312327729e-03
2.4878831048544112761657031978087246e-03	-1.1470118537569344622887843299649301e+00	1.2079195516829051932238428534242199e-05	3.0098757617218786784088852440631180e-03
2.5107193966382786816926354530572997e-03	-1.1349999451012701950018172471561148e+00	1.1969326950032950932096926618419242e-05	2.9961562325177690653128462295837514e-03
2.5334185153670454340912085623218307e-03	-1.1230423781729344573277541891869253e+00	1.1862081291664413829161254204450954e-05	2.9827033641708762921299855441184285e-03
2.5559782972472849874083726611463616e-03	-1.1111380986755292426669343244999842e+00	1.1757381345800702611224834886848421e-05	2.9695110328045990252024068419924089e-03
2.5783966108926682634823520062947899e-03	-1.0992860763933809602072483690127653e+00	1.1655152949736176071199468903438641e-05	2.9565733199671407816154065402751279e-03
2.6006713568374110781391214384200604e-03	-1.0874853043867249752062647453399441e+00	1.1555324831641849573262484182203896e-05	2.9438845042848900519937135236350706e-03
2.6228004670629381683574699146069492e-03	-1.0757347982194458125588888140517827e+00	1.1457828476088403752734349059470856e-05	2.9314390535258474126113481506937224e-03
2.6447819045373259923987414243357964e-03	-1.0640335952177801161730682267022832e+00	1.1362597996936969410336499853135762e-05	2.9192316170498038664128125187244349e-03
2.6666136627671049050316062705916995e-03	-1.0523807537584795779110620983266367e+00	1.1269570017137122519929399799991907e-05	2.9072570186234807730743617827039572e-03
2.6882937653610188274526784935052000e-03	-1.0407753525850153681585659905290470e+00	1.1178683555003877035231218252967130e-05	2.8955102495802390440806915112493123e-03
2.7098202656053571887473182840706296e-03	-1.0292164901504845329785587260091907e+00	1.1089879916575300517311499493613011e-05	2.8839864623052624678396749464824967e-03
2.7311912460504897617803894530392965e-03	-1.0177032839859527546441231454866692e+00	1.1003102593679912925480386844763599e-05	2.8726809640283250139004248639783022e-03
2.7524048181082500971220938146837855e-03	-1.0062348700930371571890293432751625e+00	1.0918297167368456801803155343202054e-05	2.8615892109073719814498001056461843e-03
2.7734591216598276169338821820850347e-03	-9.9481040235959780284994142999523063e-01	1.0835411216388124260394102825084050e-05	2.8507068023871865219101869117006515e-03
2.7943523246738421068744456230811635e-03	-9.8342905199746746996662030783656522e-01	1.0754394230399053303410229377880862e-05	2.8400294758183824321784567621007073e-03
2.8150826228342873757154491183509240e-03	-9.7209000700120650595249319866670754e-01	1.0675197527653009151531395877911334e-05	2.8295531013228667263231183183691858e-03
2.8356482391780432748073186536365522e-03	-9.6079247162692326702121583050828553e-01	1.0597774176872778524515697268360440e-05	2.8192736768927564275944628460356811e-03
2.8560474237416671159442817171599699e-03	-9.4953566589025112667785426409233806e-01	1.0522078923088047331096414089650108e-05	2.8091873237105179354606986306049721e-03
2.8762784532171868276446510370983387e-03	-9.3831882508262047693809736734178524e-01	1.0448068117199515522651986082565910e-05	2.7992902816788284860125861266866625e-03
2.8963396306166289755890501630117944e-03	-9.2714119930500876283331121002526939e-01	1.0375699649057827747064144944135344e-05	2.7895789051493415606670080411053179e-03
2.9162292849450250703796379753075972e-03	-9.1600205301839356996252423601608753e-01	1.0304932883857656957307484471101471e-05	2.7800496588401752111098494230332218e-03
2.9359457708816494206824813868923413e-03	-9.0490066461017330081281227910380020e-01	1.0235728601660054388680289294858675e-05	2.7706991139325374706664699893561682e-03
2.9554874684692511864402101204949760e-03	-8.9383632597585718972490360326936453e-01	1.0168048939868050219296901768332876e-05	2.7615239443374593613563662107766950e-03
2.9748527828110522680047266480533478e-03	-8.8280834211536146847257203173385899e-01	1.0101857338491525131178647799843205e-05	2.7525209231241262871487380901918624e-03
2.9940401437752912542114013782604507e-03	-8.7181603074328154342373824472680919e-01	1.0037118488047638314899189040945189e-05	2.7436869191017854114195108347635244e-03
3.0130480057071018658158929602698744e-03	-8.6085872191254121020584076889906453e-01	9.9737982799526512311455315544282500e-06	2.7350188935476623319460385229602199e-03
3.0318748471475221893908982166844808e-03	-8.4993575765084933260665129733652954e-01	9.9118637592698827686244735578062381e-06	2.7265138970737471863794986006787382e-03
3.0505191705594385186863488770702243e-03	-8.3904649160942216056293776603204080e-01	9.8512830796868199600818184099844810e-06	2.7181690666257102718312834439726772e-03
3.0689795020602748225220306827294679e-03	-8.2819028872345566119121222764991457e-01	9.7920254606021347054929137384954847e-06	2.7099816226075822154329585064721033e-03
3.0872543911612457564765316440245229e-03	-8.1736652488385698336976577593809843e-01	9.7340611462105628607995554981961700e-06	2.7019488661261854174456363067335359e-03
3.1053424105129977450329088056933117e-03	-8.0657458661976756021222397387879250e-01	9.6773613664803260535072372778968220e-06	2.6940681763496335029663262658353745e-03
3.1232421556574689956700001357447811e-03	-7.9581387079143245855424338025959679e-01	9.6218982999240540645650955034636905e-06	2.6863370079745253407835503936034719e-03
3.1409522447858053800904769489819592e-03	-7.8508378429299148829236443215855740e-01	9.5676450380700291285185975654983838e-06	2.6787528887967511865374169039839845e-03
3.1584713185021749430542047286894841e-03	-7.7438374376478735978711820215761379e-01	9.5145755515460530309024790988835789e-06	2.6713134173811019488085577455198989e-03
3.1757980395933293881456915434493794e-03	-7.6371317531480489241355400875685348e-01	9.4626646576933610443454186206750456e-06	2.6640162608251296347058896095594046e-03
3.1929310928037662536031165410366995e-03	-7.5307151424887299503380383098755006e-01	9.4118879896327990054702929858300450e-06	2.6568591526129487938317535514696700e-03
3.2098691846163506408174293326029048e-03	-7.4245820480927791880965146614682049e-01	9.3622219667099646795079014092309846e-06	2.6498398905548962551338907620729693e-03
3.2266110430382603034421291627864444e-03	-7.3187269992145217961202323512655380e-01	9.3136437662502136638463820905289728e-06	2.6429563348091805763545222009359827e-03
3.2431554173921226558660229436698552e-03	-7.2131446094841861295397894756157374e-01	9.2661312965583634606258371789542855e-06	2.6362064059818542697821379091578025e-03
3.2595010781122168252128735440782127e-03	-7.1078295745268330715817051066682584e-01	9.2196631711016154942134023860883714e-06	2.6295880833016318382125622359707369e-03
3.2756468165456182596857913290495823e-03	-7.0027766696528470553928941089093526e-01	9.1742186838176708564652814711177319e-06	2.6230994028662557018034730531987791e-03
3.2915914447581676261631484156310194e-03	-6.8979807476171901801284955065189466e-01	9.1297777854932572419476618249381944e-06	2.6167384559572809175683256784592630e-03
3.3073337953451497892459741690379481e-03	-6.7934367364447427631799722841815151e-01	9.0863210611613265180438430239305831e-06	2.6105033874203088376605345922939386e-03
3.3228727212465725698247678244592027e-03	-6.6891396373191694204338340896045941e-01	9.0438297084680382079177832945834586e-06	2.6043923941078501244426351120668913e-03
3.3382070955669387406713512391145279e-03	-6.5850845225328596761914059193376372e-01	9.0022855169633263967756356849485492e-06	2.5984037233821394021355057351377452e-03
3.3533358113994083362096790747135896e-03	-6.4812665334955964996050962460775471e-01	8.9616708482713678346382897608500582e-06	2.5925356716753578006492807240695764e-03
3.3682577816542518397855634899449277e-03	-6.3776808787997053507170652714765051e-01	8.9219686170996380871263211537830196e-06	2.5867865831048462254521884306607959e-03
3.3829719388914981704314190212842318e-03	-6.2743228323395305830753948328031265e-01	8.8831622730474704855852440749727614e-06	2.5811548481410118235013474478915126e-03
3.3974772351576846280037798935786546e-03	-6.1711877314831756605067946994490073e-01	8.8452357831771286369292352024495346e-06	2.5756389023257432342507849044709357e-03
3.4117726418266190760735998378213028e-03	-6.0682709752945288555789577166303566e-01	8.8081736153123759969705654827100294e-06	2.5702372250392572131523906128649821e-03
3.4258571494440676512227219371808843e-03	-5.9655680228036771438958894028666074e-01	8.7719607220313835023990059694136547e-06	2.5649483383134004631917289725098561e-03
3.4397297675762841903450192419753262e-03	-5.8630743913238881146246621400142350e-01	8.7365825253225659451007379706744906e-06	2.5597708056895263537946751281397716e-03
3.4533895246623003688320990019879383e-03	-5.7607856548134130931630520675456411e-01	8.7020249018735865857735630785068432e-06	2.5547032311191569692180954855954525e-03
3.4668354678698982465825895187765936e-03	-5.6586974422804345137298233116974391e-01	8.6682741689653238874378539412284215e-06	2.5497442579057269125998982504563110e-03
3.4800666629551895298414625026998323e-03	-5.5568054362295470733031341373594660e-01	8.6353170709440602034303312839904901e-06	2.5448925676857867799679914111664119e-03
3.4930821941257283789827568945076445e-03	-5.4551053711482255182154322232448738e-01	8.6031407662465353664917579441783100e-06	2.5401468794481214753227425107580713e-03
3.5058811639070870293380314212092294e-03	-5.3535930320317922250608069120196792e-01	8.5717328149538136017402181321674960e-06	2.5355059485893118111653430469205591e-03
3.5184626930128258477080140072731641e-03	-5.2522642529454551930175005966585732e-01	8.5410811668511448794661785944457655e-06	2.5309685660043373605960753037712095e-03
3.5308259202177917247715009528306788e-03	-5.1511149156220418108833826550170514e-01	8.5111741499721662593067891023653599e-06	2.5265335572108845147899998518878077e-03
3.5429700022346809065590003282895811e-03	-5.0501409480941059362937345258584725e-01	8.4820004596068891776410393946560358e-06	2.5221997815060863571053317838701115e-03
3.5548941135938044996729690375781870e-03	-4.9493383233591355560708737718473430e-01	8.4535491477539589359444888859575095e-06	2.5179661311544804834508337266912392e-03
3.5665974465259969480524710004506274e-03	-4.8487030580766357073696218033968738e-01	8.4258096129986565394365430919067937e-06	2.5138315306060274571828603674707475e-03
3.5780792108486097767026004838914550e-03	-4.7482312112959065442066131271385855e-01	8.3987715907990439506565113708666200e-06	2.5097949357430863540619970920829581e-03
3.5893386338545348327143178258864951e-03	-4.6479188832133795415449548038160561e-01	8.3724251441635349749036623434715906e-06	2.5058553331552949867499224122591679e-03
3.6003749602042031287427416079517680e-03	-4.5477622139584159416701631155077756e-01	8.3467606547040083883530128503070685e-06	2.5020117394413510474693873402399665e-03
3.6111874518205072114301491689158437e-03	-4.4477573824065107617014531993506758e-01	8.3217688140493703657915236843409042e-06	2.4982632005367367113478148581633468e-03
3.6217753877865967394830841072569485e-03	-4.3479006050188830878839752786932905e-01	8.2974406156052223937676930911766484e-06	2.4946087910664733328394581309949013e-03
3.6321380642464986655662637709344647e-03	-4.2481881347074690678614065142896123e-01	8.2737673466460011294050895597403332e-06	2.4910476137220348669035332588237320e-03
3.6422747943085150750860721228310364e-03	-4.1486162597243680577038225551404812e-01	8.2507405807266303922354286599344507e-06	2.4875787986615886714603581481842184e-03
3.6521849079513533454364766867239444e-03	-4.0491813025748248628242525832267175e-01	8.2283521704013648181822078636604953e-06	2.4842015029327705074084822225913052e-03
3.6618677519329448534146960482113925e-03	-3.9498796189528620035748695076090597e-01	8.2065942402381116883191852453195454e-06	2.4809149099172369501614031723543246e-03
3.6713226897019099782431930886653963e-03	-3.8507075966987055057871641872563564e-01	8.1854591801170939716150133033170391e-06	2.4777182287962731593085042370986031e-03
3.6805491013116286248390602268375901e-03	-3.7516616547771759285570418390083806e-01	8.1649396388032654748858522636906660e-06	2.4746106940367671121194547403596721e-03
3.6895463833368769284563091556098916e-03	-3.6527382422762432573684850410545340e-01	8.1450285177824098498959765848263102e-06	2.4715915648968930784936840463344377e-03
3.6983139487929921993237870720209494e-03	-3.5539338374249699680379269469716088e-01	8.1257189653513506406355793860604142e-06	2.4686601249508773810412363135091300e-03
3.7068512270575295260759827241390113e-03	-3.4552449466300910606204503808966936e-01	8.1070043709531710422012851871258959e-06	2.4658156816322484211501267253321742e-03
3.7151576637943747812256651290846949e-03	-3.3566681035305032240342609757484329e-01	8.0888783597487909770210336999938523e-06	2.4630575657950006327682252069400755e-03
3.7232327208802800621944612452746547e-03	-3.2581998680689575705936283696357343e-01	8.0713347874166767826422124149584987e-06	2.4603851312921285188345084849350089e-03
3.7310758763337888589801470598130922e-03	-3.1598368255802716210853226484283898e-01	8.0543677351728664793445767392617200e-06	2.4577977545710122957286481810919266e-03
3.7386866242465194658222756618937099e-03	-3.0615755858953964691474322016146382e-01	8.0379715050038824051646395802734751e-06	2.4552948342851609801634697084432970e-03
3.7460644747167763506029612099049377e-03	-2.9634127824606943497910078172341036e-01	8.0221406151054740633492366218833855e-06	2.4528757909218420587384231506130378e-03
3.7532089537854603635095297848988684e-03	-2.8653450714718002199605367937679679e-01	8.0068697955204883531876594087253930e-06	2.4505400664451492379503879676188135e-03
3.7601196033742498069654393598050511e-03	-2.7673691310214584659315995088840752e-01	7.9921539839695029217315262321686218e-06	2.4482871239540812339915760637366435e-03
3.7667959812260255032356607060057293e-03	-2.6694816602607425179338207366969238e-01	7.9779883218681820988400166542632417e-06	2.4461164473552251766297675066388567e-03
3.7732376608475140856204254577012219e-03	-2.5716793785730810095771507663185961e-01	7.9643681505256246282599060293454261e-06	2.4440275410496580168169687407714833e-03
3.7794442314541248049144632802982210e-03	-2.4739590247605291995321717451016667e-01	7.9512890075182690026546885376834420e-06	2.4420199296336983879987053366998417e-03
3.7854152979169561859370153808207766e-03	-2.3763173562417387048144157037830823e-01	7.9387466232342064259986243067146191e-06	2.4400931576131597187740537070453749e-03
3.7911504807119498905043729757435254e-03	-2.2787511482610922066394906040994039e-01	7.9267369175830239966410777113791316e-06	2.4382467891307730698902832745449027e-03
3.7966494158711701442606288144589076e-03	-2.1812571931084827072682325696904487e-01	7.9152559968665623242067568759988709e-06	2.4364804077064652099098386057293209e-03
3.8019117549361880663106182675655500e-03	-2.0838322993492291641695032894777401e-01	7.9043001508062231229907783950647236e-06	2.4347936159901938878103204076506004e-03
3.8069371649135512035879979701525874e-03	-1.9864732910636319293855037188970592e-01	7.8938658497227039898016531772500336e-06	2.4331860355270581421212291070429279e-03
3.8117253282323195172885626053891331e-03	-1.8891770070956823990216305869558807e-01	7.8839497418642701702491623854597186e-06	2.4316573065344168382283365887298873e-03
3.8162759427036499974245273164857664e-03	-1.7919403003104516508305706660513602e-01	7.8745486508798972101343775821117106e-06	2.4302070876907634799685084271645744e-03
3.8205887214824129945042590568521879e-03	-1.6947600368596926362060007649912773e-01	7.8656595734338345166688806722947791e-06	2.4288350559361197289910059884824740e-03
3.8246633930308242553843463835228752e-03	-1.5976330954551997146428054816937993e-01	7.8572796769583485313390819161861918e-06	2.4275409062837240146807988497377214e-03
3.8284997010840775343247905754649090e-03	-1.5005563666494779908162519036200769e-01	7.8494062975416059325459953901469707e-06	2.4263243516428051566270246099942341e-03
3.8320974046179635210300290087261463e-03	-1.4035267521232830527468677899113769e-01	7.8420369379478525101742542896299141e-06	2.4251851226522440774575260155100588e-03
3.8354562778184616857850683322181233e-03	-1.3065411639795993288655259827093173e-01	7.8351692657672325343233435735875068e-06	2.4241229675249394820899570410622437e-03
3.8385761100532924884851699263090074e-03	-1.2095965240436323959790804396183618e-01	7.8288011116927770062803392604257969e-06	2.4231376519027058448476571402545032e-03
3.8414567058454182341798655271904865e-03	-1.1126897631683971919925944176792539e-01	7.8229304679222675439250880148673722e-06	2.4222289587215442023371774642655888e-03
3.8440978848484816834619878726835511e-03	-1.0158178205454902286630048429922246e-01	7.8175554866828562127708951120924397e-06	2.4213966880871381205416070379841813e-03
3.8464994818241723423692895327215887e-03	-9.1897764302063957162741562867620378e-02	7.8126744788764907498123834627215208e-06	2.4206406571604388115473125046527782e-03
3.8486613466215111641556567508538154e-03	-8.2216618441363156757586310734584340e-02	7.8082859128443597089773979645058458e-06	2.4199607000532147402914496054217009e-03
3.8505833441580451950437366859174659e-03	-7.2538040484221806098111840369103887e-02	7.8043884132487334407742540722971100e-06	2.4193566677334522056560304521442629e-03
3.8522653544029444885921725367734522e-03	-6.2861727004961216368801367965064474e-02	7.8009807600707348501325089539442667e-06	2.4188284279405043235236988689509643e-03
3.8537072723619943992891817814411044e-03	-5.3187375073518452752847892998741651e-02	7.7980618877227288909016228634303733e-06	2.4183758651098966019082146115543032e-03
3.8549090080644771461009674893056277e-03	-4.3514682188797552980788924455360037e-02	7.7956308842741720794801383128655926e-06	2.4179988803077078993653043187392385e-03
3.8558704865519373116309342916220718e-03	-3.3843346212264182007854879731216579e-02	7.7936869907899132621129683367609013e-06	2.4176973911744560165439298709109227e-03
3.8565916478688267129488610388189137e-03	-2.4173065301745829940120444909730146e-02	7.7922296007800847620263527665502557e-06	2.4174713318784275055519769775932481e-03
3.8570724470550248466864710120481233e-03	-1.4503537845399881488212275427398650e-02	7.7912582597608691692105891991338750e-06	2.4173206530784015110615691917935006e-03
3.8573128541402318743200491637273588e-03	-4.8344623958120656522764277274848707e-03	7.7907726649255717175938857819397162e-06	2.4172453218957275987730474768506583e-03
3.8573128541402318743200491637273588e-03	4.8344623958120656522764277274848707e-03	7.7907726649255717175938857819397162e-06	2.4172453218957275987730474768506583e-03
3.8570724470550248466864710120481233e-03	1.4503537845399881488212275427398650e-02	7.7912582597608691692105891991338750e-06	2.4173206530784015110615691917935006e-03
3.8565916478688267129488610388189137e-03	2.4173065301745829940120444909730146e-02	7.7922296007800847620263527665502557e-06	2.4174713318784275055519769775932481e-03
3.8558704865519373116309342916220718e-03	3.3843346212264182007854879731216579e-02	7.7936869907899132621129683367609013e-06	2.4176973911744560165439298709109227e-03
3.8549090080644771461009674893056277e-03	4.3514682188797552980788924455360037e-02	7.7956308842741720794801383128655926e-06	2.4179988803077078993653043187392385e-03
3.8537072723619943992891817814411044e-03	5.3187375073518452752847892998741651e-02	7.7980618877227288909016228634303733e-06	2.4183758651098966019082146115543032e-03
3.8522653544029444885921725367734522e-03	6.2861727004961216368801367965064474e-02	7.8009807600707348501325089539442667e-06	2.4188284279405043235236988689509643e-03
3.8505833441580451950437366859174659e-03	7.2538040484221806098111840369103887e-02	7.8043884132487334407742540722971100e-06	2.4193566677334522056560304521442629e-03
3.8486613466215111641556567508538154e-03	8.2216618441363156757586310734584340e-02	7.8082859128443597089773979645058458e-06	2.4199607000532147402914496054217009e-03
3.8464994818241723423692895327215887e-03	9.1897764302063957162741562867620378e-02	7.8126744788764907498123834627215208e-06	2.4206406571604388115473125046527782e-03
3.8440978848484816834619878726835511e-03	1.0158178205454902286630048429922246e-01	7.8175554866828562127708951120924397e-06	2.4213966880871381205416070379841813e-03
3.8414567058454182341798655271904865e-03	1.1126897631683971919925944176792539e-01	7.8229304679222675439250880148673722e-06	2.4222289587215442023371774642655888e-03
3.8385761100532924884851699263090074e-03	1.2095965240436323959790804396183618e-01	7.8288011116927770062803392604257969e-06	2.4231376519027058448476571402545032e-03
3.8354562778184616857850683322181233e-03	1.3065411639795993288655259827093173e-01	7.8351692657672325343233435735875068e-06	2.4241229675249394820899570410622437e-03
3.8320974046179635210300290087261463e-03	1.4035267521232830527468677899113769e-01	7.8420369379478525101742542896299141e-06	2.4251851226522440774575260155100588e-03
3.8284997010840775343247905754649090e-03	1.5005563666494779908162519036200769e-01	7.8494062975416059325459953901469707e-06	2.4263243516428051566270246099942341e-03
3.8246633930308242553843463835228752e-03	1.5976330954551997146428054816937993e-01	7.8572796769583485313390819161861918e-06	2.4275409062837240146807988497377214e-03
3.8205887214824129945042590568521879e-03	1.6947600368596926362060007649912773e-01	7.8656595734338345166688806722947791e-06	2.4288350559361197289910059884824740e-03
3.8162759427036499974245273164857664e-03	1.7919403003104516508305706660513602e-01	7.8745486508798972101343775821117106e-06	2.4302070876907634799685084271645744e-03
3.8117253282323195172885626053891331e-03	1.8891770070956823990216305869558807e-01	7.8839497418642701702491623854597186e-06	2.4316573065344168382283365887298873e-03
3.8069371649135512035879979701525874e-03	1.9864732910636319293855037188970592e-01	7.8938658497227039898016531772500336e-06	2.4331860355270581421212291070429279e-03
3.8019117549361880663106182675655500e-03	2.0838322993492291641695032894777401e-01	7.9043001508062231229907783950647236e-06	2.4347936159901938878103204076506004e-03
3.7966494158711701442606288144589076e-03	2.1812571931084827072682325696904487e-01	7.9152559968665623242067568759988709e-06	2.4364804077064652099098386057293209e-03
3.7911504807119498905043729757435254e-03	2.2787511482610922066394906040994039e-01	7.9267369175830239966410777113791316e-06	2.4382467891307730698902832745449027e-03
3.7854152979169561859370153808207766e-03	2.3763173562417387048144157037830823e-01	7.9387466232342064259986243067146191e-06	2.4400931576131597187740537070453749e-03
3.7794442314541248049144632802982210e-03	2.4739590247605291995321717451016667e-01	7.9512890075182690026546885376834420e-06	2.4420199296336983879987053366998417e-03
3.7732376608475140856204254577012219e-03	2.5716793785730810095771507663185961e-01	7.9643681505256246282599060293454261e-06	2.4440275410496580168169687407714833e-03
3.7667959812260255032356607060057293e-03	2.6694816602607425179338207366969238e-01	7.9779883218681820988400166542632417e-06	2.4461164473552251766297675066388567e-03
3.7601196033742498069654393598050511e-03	2.7673691310214584659315995088840752e-01	7.9921539839695029217315262321686218e-06	2.4482871239540812339915760637366435e-03
3.7532089537854603635095297848988684e-03	2.8653450714718002199605367937679679e-01	8.0068697955204883531876594087253930e-06	2.4505400664451492379503879676188135e-03
3.7460644747167763506029612099049377e-03	2.9634127824606943497910078172341036e-01	8.0221406151054740633492366218833855e-06	2.4528757909218420587384231506130378e-03
3.7386866242465194658222756618937099e-03	3.0615755858953964691474322016146382e-01	8.0379715050038824051646395802734751e-06	2.4552948342851609801634697084432970e-03
3.7310758763337888589801470598130922e-03	3.1598368255802716210853226484283898e-01	8.0543677351728664793445767392617200e-06	2.4577977545710122957286481810919266e-03
3.7232327208802800621944612452746547e-03	3.2581998680689575705936283696357343e-01	8.0713347874166767826422124149584987e-06	2.4603851312921285188345084849350089e-03
3.7151576637943747812256651290846949e-03	3.3566681035305032240342609757484329e-01	8.0888783597487909770210336999938523e-06	2.4630575657950006327682252069400755e-03
3.7068512270575295260759827241390113e-03	3.4552449466300910606204503808966936e-01	8.1070043709531710422012851871258959e-06	2.4658156816322484211501267253321742e-03
3.6983139487929921993237870720209494e-03	3.5539338374249699680379269469716088e-01	8.1257189653513506406355793860604142e-06	2.4686601249508773810412363135091300e-03
3.6895463833368769284563091556098916e-03	3.6527382422762432573684850410545340e-01	8.1450285177824098498959765848263102e-06	2.4715915648968930784936840463344377e-03
3.6805491013116286248390602268375901e-03	3.7516616547771759285570418390083806e-01	8.1649396388032654748858522636906660e-06	2.4746106940367671121194547403596721e-03
3.6713226897019099782431930886653963e-03	3.8507075966987055057871641872563564e-01	8.1854591801170939716150133033170391e-06	2.4777182287962731593085042370986031e-03
3.6618677519329448534146960482113925e-03	3.9498796189528620035748695076090597e-01	8.2065942402381116883191852453195454e-06	2.4809149099172369501614031723543246e-03
3.6521849079513533454364766867239444e-03	4.0491813025748248628242525832267175e-01	8.2283521704013648181822078636604953e-06	2.4842015029327705074084822225913052e-03
3.6422747943085150750860721228310364e-03	4.1486162597243680577038225551404812e-01	8.2507405807266303922354286599344507e-06	2.4875787986615886714603581481842184e-03
3.6321380642464986655662637709344647e-03	4.2481881347074690678614065142896123e-01	8.2737673466460011294050895597403332e-06	2.4910476137220348669035332588237320e-03
3.6217753877865967394830841072569485e-03	4.3479006050188830878839752786932905e-01	8.2974406156052223937676930911766484e-06	2.4946087910664733328394581309949013e-03
3.6111874518205072114301491689158437e-03	4.4477573824065107617014531993506758e-01	8.3217688140493703657915236843409042e-06	2.4982632005367367113478148581633468e-03
3.6003749602042031287427416079517680e-03	4.5477622139584159416701631155077756e-01	8.3467606547040083883530128503070685e-06	2.5020117394413510474693873402399665e-03
3.5893386338545348327143178258864951e-03	4.6479188832133795415449548038160561e-01	8.3724251441635349749036623434715906e-06	2.5058553331552949867499224122591679e-03
3.5780792108486097767026004838914550e-03	4.7482312112959065442066131271385855e-01	8.3987715907990439506565113708666200e-06	2.5097949357430863540619970920829581e-03
3.5665974465259969480524710004506274e-03	4.8487030580766357073696218033968738e-01	8.4258096129986565394365430919067937e-06	2.5138315306060274571828603674707475e-03
3.5548941135938044996729690375781870e-03	4.9493383233591355560708737718473430e-01	8.4535491477539589359444888859575095e-06	2.5179661311544804834508337266912392e-03
3.5429700022346809065590003282895811e-03	5.0501409480941059362937345258584725e-01	8.4820004596068891776410393946560358e-06	2.5221997815060863571053317838701115e-03
3.5308259202177917247715009528306788e-03	5.1511149156220418108833826550170514e-01	8.5111741499721662593067891023653599e-06	2.5265335572108845147899998518878077e-03
3.5184626930128258477080140072731641e-03	5.2522642529454551930175005966585732e-01	8.5410811668511448794661785944457655e-06	2.5309685660043373605960753037712095e-03
3.5058811639070870293380314212092294e-03	5.3535930320317922250608069120196792e-01	8.5717328149538136017402181321674960e-06	2.5355059485893118111653430469205591e-03
3.4930821941257283789827568945076445e-03	5.4551053711482255182154322232448738e-01	8.6031407662465353664917579441783100e-06	2.5401468794481214753227425107580713e-03
3.4800666629551895298414625026998323e-03	5.5568054362295470733031341373594660e-01	8.6353170709440602034303312839904901e-06	2.5448925676857867799679914111664119e-03
3.4668354678698982465825895187765936e-03	5.6586974422804345137298233116974391e-01	8.6682741689653238874378539412284215e-06	2.5497442579057269125998982504563110e-03
3.4533895246623003688320990019879383e-03	5.7607856548134130931630520675456411e-01	8.7020249018735865857735630785068432e-06	2.5547032311191569692180954855954525e-03
3.4397297675762841903450192419753262e-03	5.8630743913238881146246621400142350e-01	8.7365825253225659451007379706744906e-06	2.5597708056895263537946751281397716e-03
3.4258571494440676512227219371808843e-03	5.9655680228036771438958894028666074e-01	8.7719607220313835023990059694136547e-06	2.5649483383134004631917289725098561e-03
3.4117726418266190760735998378213028e-03	6.0682709752945288555789577166303566e-01	8.8081736153123759969705654827100294e-06	2.5702372250392572131523906128649821e-03
3.3974772351576846280037798935786546e-03	6.1711877314831756605067946994490073e-01	8.8452357831771286369292352024495346e-06	2.5756389023257432342507849044709357e-03
3.3829719388914981704314190212842318e-03	6.2743228323395305830753948328031265e-01	8.8831622730474704855852440749727614e-06	2.5811548481410118235013474478915126e-03
3.3682577816542518397855634899449277e-03	6.3776808787997053507170652714765051e-01	8.9219686170996380871263211537830196e-06	2.5867865831048462254521884306607959e-03
3.3533358113994083362096790747135896e-03	6.4812665334955964996050962460775471e-01	8.9616708482713678346382897608500582e-06	2.5925356716753578006492807240695764e-03
3.3382070955669387406713512391145279e-03	6.5850845225328596761914059193376372e-01	9.0022855169633263967756356849485492e-06	2.5984037233821394021355057351377452e-03
3.3228727212465725698247678244592027e-03	6.6891396373191694204338340896045941e-01	9.0438297084680382079177832945834586e-06	2.6043923941078501244426351120668913e-03
3.3073337953451497892459741690379481e-03	6.7934367364447427631799722841815151e-01	9.0863210611613265180438430239305831e-06	2.6105033874203088376605345922939386e-03
3.2915914447581676261631484156310194e-03	6.8979807476171901801284955065189466e-01	9.1297777854932572419476618249381944e-06	2.6167384559572809175683256784592630e-03
3.2756468165456182596857913290495823e-03	7.0027766696528470553928941089093526e-01	9.1742186838176708564652814711177319e-06	2.6230994028662557018034730531987791e-03
3.2595010781122168252128735440782127e-03	7.1078295745268330715817051066682584e-01	9.2196631711016154942134023860883714e-06	2.6295880833016318382125622359707369e-03
3.2431554173921226558660229436698552e-03	7.2131446094841861295397894756157374e-01	9.2661312965583634606258371789542855e-06	2.6362064059818542697821379091578025e-03
3.2266110430382603034421291627864444e-03	7.3187269992145217961202323512655380e-01	9.3136437662502136638463820905289728e-06	2.6429563348091805763545222009359827e-03
3.2098691846163506408174293326029048e-03	7.4245820480927791880965146614682049e-01	9.3622219667099646795079014092309846e-06	2.6498398905548962551338907620729693e-03
3.1929310928037662536031165410366995e-03	7.5307151424887299503380383098755006e-01	9.4118879896327990054702929858300450e-06	2.6568591526129487938317535514696700e-03
3.1757980395933293881456915434493794e-03	7.6371317531480489241355400875685348e-01	9.4626646576933610443454186206750456e-06	2.6640162608251296347058896095594046e-03
3.1584713185021749430542047286894841e-03	7.7438374376478735978711820215761379e-01	9.5145755515460530309024790988835789e-06	2.6713134173811019488085577455198989e-03
3.1409522447858053800904769489819592e-03	7.8508378429299148829236443215855740e-01	9.5676450380700291285185975654983838e-06	2.6787528887967511865374169039839845e-03
3.1232421556574689956700001357447811e-03	7.9581387079143245855424338025959679e-01	9.6218982999240540645650955034636905e-06	2.6863370079745253407835503936034719e-03
3.1053424105129977450329088056933117e-03	8.0657458661976756021222397387879250e-01	9.6773613664803260535072372778968220e-06	2.6940681763496335029663262658353745e-03
3.0872543911612457564765316440245229e-03	8.1736652488385698336976577593809843e-01	9.7340611462105628607995554981961700e-06	2.7019488661261854174456363067335359e-03
3.0689795020602748225220306827294679e-03	8.2819028872345566119121222764991457e-01	9.7920254606021347054929137384954847e-06	2.7099816226075822154329585064721033e-03
3.0505191705594385186863488770702243e-03	8.3904649160942216056293776603204080e-01	9.8512830796868199600818184099844810e-06	2.7181690666257102718312834439726772e-03
3.0318748471475221893908982166844808e-03	8.4993575765084933260665129733652954e-01	9.9118637592698827686244735578062381e-06	2.7265138970737471863794986006787382e-03
3.0130480057071018658158929602698744e-03	8.6085872191254121020584076889906453e-01	9.9737982799526512311455315544282500e-06	2.7350188935476623319460385229602199e-03
2.9940401437752912542114013782604507e-03	8.7181603074328154342373824472680919e-01	1.0037118488047638314899189040945189e-05	2.7436869191017854114195108347635244e-03
2.9748527828110522680047266480533478e-03	8.8280834211536146847257203173385899e-01	1.0101857338491525131178647799843205e-05	2.7525209231241262871487380901918624e-03
2.9554874684692511864402101204949760e-03	8.9383632597585718972490360326936453e-01	1.0168048939868050219296901768332876e-05	2.7615239443374593613563662107766950e-03
2.9359457708816494206824813868923413e-03	9.0490066461017330081281227910380020e-01	1.0235728601660054388680289294858675e-05	2.7706991139325374706664699893561682e-03
2.9162292849450250703796379753075972e-03	9.1600205301839356996252423601608753e-01	1.0304932883857656957307484471101471e-05	2.7800496588401752111098494230332218e-03
2.8963396306166289755890501630117944e-03	9.2714119930500876283331121002526939e-01	1.0375699649057827747064144944135344e-05	2.7895789051493415606670080411053179e-03
2.8762784532171868276446510370983387e-03	9.3831882508262047693809736734178524e-01	1.0448068117199515522651986082565910e-05	2.7992902816788284860125861266866625e-03
2.8560474237416671159442817171599699e-03	9.4953566589025112667785426409233806e-01	1.0522078923088047331096414089650108e-05	2.8091873237105179354606986306049721e-03
2.8356482391780432748073186536365522e-03	9.6079247162692326702121583050828553e-01	1.0597774176872778524515697268360440e-05	2.8192736768927564275944628460356811e-03
2.8150826228342873757154491183509240e-03	9.7209000700120650595249319866670754e-01	1.0675197527653009151531395877911334e-05	2.8295531013228667263231183183691858e-03
2.7943523246738421068744456230811635e-03	9.8342905199746746996662030783656522e-01	1.0754394230399053303410229377880862e-05	2.8400294758183824321784567621007073e-03
2.7734591216598276169338821820850347e-03	9.9481040235959780284994142999523063e-01	1.0835411216388124260394102825084050e-05	2.8507068023871865219101869117006515e-03
2.7524048181082500971220938146837855e-03	1.0062348700930371571890293432751625e+00	1.0918297167368456801803155343202054e-05	2.8615892109073719814498001056461843e-03
2.7311912460504897617803894530392965e-03	1.0177032839859527546441231454866692e+00	1.1003102593679912925480386844763599e-05	2.8726809640283250139004248639783022e-03
2.7098202656053571887473182840706296e-03	1.0292164901504845329785587260091907e+00	1.1089879916575300517311499493613011e-05	2.8839864623052624678396749464824967e-03
2.6882937653610188274526784935052000e-03	1.0407753525850153681585659905290470e+00	1.1178683555003877035231218252967130e-05	2.8955102495802390440806915112493123e-03
2.6666136627671049050316062705916995e-03	1.0523807537584795779110620983266367e+00	1.1269570017137122519929399799991907e-05	2.9072570186234807730743617827039572e-03
2.6447819045373259923987414243357964e-03	1.0640335952177801161730682267022832e+00	1.1362597996936969410336499853135762e-05	2.9192316170498038664128125187244349e-03
2.6228004670629381683574699146069492e-03	1.0757347982194458125588888140517827e+00	1.1457828476088403752734349059470856e-05	2.9314390535258474126113481506937224e-03
2.6006713568374110781391214384200604e-03	1.0874853043867249752062647453399441e+00	1.1555324831641849573262484182203896e-05	2.9438845042848900519937135236350706e-03
2.5783966108926682634823520062947899e-03	1.0992860763933809602072483690127653e+00	1.1655152949736176071199468903438641e-05	2.9565733199671407816154065402751279e-03
2.5559782972472849874083726611463616e-03	1.1111380986755292426669343244999842e+00	1.1757381345800702611224834886848421e-05	2.9695110328045990252024068419924089e-03
2.5334185153670454340912085623218307e-03	1.1230423781729344573277541891869253e+00	1.1862081291664413829161254204450954e-05	2.9827033641708762921299855441184285e-03
2.5107193966382786816926354530572997e-03	1.1349999451012701950018172471561148e+00	1.1969326950032950932096926618419242e-05	2.9961562325177690653128462295837514e-03
2.4878831048544112761657031978087246e-03	1.1470118537569344622887843299649301e+00	1.2079195516829051932238428534242199e-05	3.0098757617218786784088852440631180e-03
2.4649118367161936329425185084135260e-03	1.1590791833561100900887289127930941e+00	1.2191767371930234097855777688154597e-05	3.0238682898661983814343442312327729e-03
2.4418078223460779211943428104201461e-03	1.1712030389098625049773385308507978e+00	1.2307126238878934648415818080999053e-05	3.0381403784833409884723177809656260e-03
2.4185733258172466063562751754440389e-03	1.1833845521371776940760380144511415e+00	1.2425359354185369433680856408371137e-05	3.0526988222889739125364574574939690e-03
2.3952106456978135098514590050342317e-03	1.1956248824179614841645333075041151e+00	1.2546557646892386768517775355013746e-05	3.0675506594360746154431428979748884e-03
2.3717221156107431644517683835971033e-03	1.2079252177881480578272967756508810e+00	1.2670815929124975448587079673346941e-05	3.0827031823228323866629666027215492e-03
2.3481101048100594789220111331354129e-03	1.2202867759792016399142943140055943e+00	1.2798233098405265377070661348281743e-05	3.0981639489894171621124194642420698e-03
2.3243770187739413618411471373483905e-03	1.2327108055044412670666363747870044e+00	1.2928912352577316798415724538512838e-05	3.1139407951414295998763997563234565e-03
2.3005252998153310834787080946754666e-03	1.2451985867947753326094566506166897e+00	1.3062961418255263656519019300780727e-05	3.1300418468406573675368401237658896e-03
2.2765574277107108749433345870155068e-03	1.2577514333866010876880489780950429e+00	1.3200492793784051505813786641460957e-05	3.1464755339068110073416021123743177e-03
2.2524759203477346816347218619090108e-03	1.2703706931648054720073392080450181e+00	1.3341624007784751084407530711824147e-05	3.1632506040772214120364928065529058e-03
2.2282833343924352175962932699694093e-03	1.2830577496639986338015396842635092e+00	1.3486477894446970717406613708893145e-05	3.1803761379750748326617655892081725e-03
2.2039822659767616318254738874230602e-03	1.2958140234313214736514854085505845e+00	1.3635182886830054392378597294502438e-05	3.1978615649406680804849733684930444e-03
2.1795753514072403297403360046315311e-03	1.3086409734543948217568655662639565e+00	1.3787873329543453181208524923422607e-05	3.2157166797844167860420934863955444e-03
2.1550652678955909361196520588414600e-03	1.3215400986582218734659211008666790e+00	1.3944689812295918672444245885387860e-05	3.2339516605249771773324912228758932e-03
2.1304547343121711946711377353531770e-03	1.3345129394751188465061195642570544e+00	1.4105779525934132516321589057965956e-05	3.2525770871808845055234131289993021e-03
2.1057465119631689411711542019035800e-03	1.3475610794920332275225260880952073e+00	1.4271296642735337432123167303349790e-05	3.2716039616896108320248008327899485e-03
2.0809434053925063427225854309215037e-03	1.3606861471799163638591372067265880e+00	1.4441402722876908532682740477716390e-05	3.2910437290339479429150510744639037e-03
2.0560482632094715608557868247880650e-03	1.3738898177101496441349156600358919e+00	1.4616267149180211718512000828450180e-05	3.3109082996621794995595548997256442e-03
2.0310639789431460829995375748619016e-03	1.3871738148633834320639520337516428e+00	1.4796067592418349588694692525376051e-05	3.3312100732956779287784856542381050e-03
2.0059934919247524051534603371750377e-03	1.4005399130365378502192608347163986e+00	1.4980990509689532517577269566874387e-05	3.3519619642254104503422916650924065e-03
1.9808397881991067878121673649086807e-03	1.4139899393541373046024882701635565e+00	1.5171231678592128308639812514190635e-05	3.3731774282074370240417230485112478e-03
1.9556059014664257181556929655171335e-03	1.4275257758906094520683049136569102e+00	1.5366996770196526237212191016414253e-05	3.3948704910769113793429485418984465e-03
1.9302949140558027885721429208639190e-03	1.4411493620106776367503663785472330e+00	1.5568501964095722512557999192691510e-05	3.4170557792104448022248188201613721e-03
1.9049099579317452648888352282721494e-03	1.4548626968355175362937313062027375e+00	1.5775974609134297874174819142032476e-05	3.4397485519780620304055160806687656e-03
1.8794542157352370158368642722718970e-03	1.4686678418429381697511571433168584e+00	1.5989653933767953990620906980610653e-05	3.4629647363384828391382307918784673e-03
1.8539309218608770881136358724221943e-03	1.4825669236104893131295333602850549e+00	1.6209791810397242760849234585440858e-05	3.4867209637452290981446178671076569e-03
1.8283433635717314532550512374883501e-03	1.4965621367110970731206773444488337e+00	1.6436653578454373403075422891247192e-05	3.5110346095462285985385586656922197e-03
1.8026948821536297757204239567795231e-03	1.5106557467715928205542513929933739e+00	1.6670518931506485889534820702206944e-05	3.5359238350763252814122579580690798e-03
1.7769888741107399504544446892906795e-03	1.5248500937053345047897357761307848e+00	1.6911682874178761809002237891307982e-05	3.5614076326605928205794101490314100e-03
1.7512287924043611734699634718353981e-03	1.5391475951310309554126576217442963e+00	1.7160456755303302466732253069593145e-05	3.5875058737667905988786590281535346e-03
1.7254181477369920328245793676370021e-03	1.5535507499908774005560779439130759e+00	1.7417169384372941758527083500730592e-05	3.6142393605679307331493806150378868e-03
1.6995605098838541888137035794390652e-03	1.5680621423822033553340175292016353e+00	1.7682168239132342891764000665786920e-05	3.6416298812010056060143938041788902e-03
1.6736595090741853635141084704057864e-03	1.5826844456180326460816610802359506e+00	1.7955820772982463407867380205943968e-05	3.6697002690357564406295438827936750e-03
1.6477188374247583633948346549682330e-03	1.5974204265332712985216453717515892e+00	1.8238515831820932225814661241028439e-05	3.6984744662982845880436354033847413e-03
1.6217422504282365750150615363905335e-03	1.6122729500546854427553385156509069e+00	1.8530665191004047862213026983557575e-05	3.7279775924287049811384979683930779e-03
1.5957335684991417502006231053288068e-03	1.6272449840544230382819410755101829e+00	1.8832705224312069955894085895946802e-05	3.7582360175903561881925027725532503e-03
1.5696966785803879777776072475247983e-03	1.6423396045085867441799431196035545e+00	1.9145098718146787153689459053138626e-05	3.7892774417908164927842138599126658e-03
1.5436355358135276763721401864836846e-03	1.6575600009842994501203645256424523e+00	1.9468336845710426244513929047739821e-05	3.8211309801227052702338707368971032e-03
1.5175541652760625103408646499031208e-03	1.6729094824808401009890068986706755e+00	1.9802941317632605128208061716998786e-05	3.8538272546856318874599994279361670e-03
1.4914566637893957373727639095408534e-03	1.6883914836527895701442817695287434e+00	2.0149466727455953489533730757713111e-05	3.8873984938104455148692232608014444e-03
1.4653472018012442023214117934193000e-03	1.7040095714457417806589749190342241e+00	2.0508503112594590838466256154800064e-05	3.9218786392740062918675690515313540e-03
1.4392300253465897284838971857782829e-03	1.7197674521780350818426553940217863e+00	2.0880678753881678755947010865642818e-05	3.9573034622680400998975459173111880e-03
1.4131094580915329476388173457596148e-03	1.7356689791051783931989767401849789e+00	2.1266663239668008223504273046910597e-05	3.9937106889704077800169109407057253e-03
1.3869899034647197924011215944590526e-03	1.7517181605072261174793635421615845e+00	2.1667170823675914225383954905392482e-05	4.0311401366626461451767366736241012e-03
1.3608758468813443311158589019121576e-03	1.7679191683433413169362996004401085e+00	2.2082964109513625366621219612196789e-05	4.0696338614454637488027464827211018e-03
1.3347718580650940140638551083454037e-03	1.7842763475222308018567745358343893e+00	2.2514858098987077753727108686311040e-05	4.1092363187257869683099565958066952e-03
1.3086825934737976891265051466399389e-03	1.8007942258420989700622722558039649e+00	2.2963724646194644333429454101730555e-05	4.1499945377870299220362008316989367e-03
1.2826127988349662573182929454243653e-03	1.8174775246593188075482333254942873e+00	2.3430497364955797078934620390059528e-05	4.1919583119109262457560262455567461e-03
1.2565673117978842968769483090793842e-03	1.8343311703512382280563913956717031e+00	2.3916177043526325589498982047370669e-05	4.2351804056973384938174153746249765e-03
1.2305510647094225683840554228787157e-03	1.8513603066455199411938017071762100e+00	2.4421837627931180101399525582646478e-05	4.2797167814312593962420758675462090e-03
1.2045690875213007223795467773922398e-03	1.8685703078962596742075854569051686e+00	2.4948632843768441431094679074167277e-05	4.3256268465776174269315418353454968e-03
1.1786265108371420590247945174367754e-03	1.8859667933959640391761719570115674e+00	2.5497803536203293228100309376512288e-05	4.3729737247490572621289494511823500e-03
1.1527285691083338104703569900156807e-03	1.9035556428224386499007568876286646e+00	2.6070685819316603525430854445457863e-05	4.4218245527949577176597589999823068e-03
1.1268806039884438844465214760029359e-03	1.9213430129309056378016963410211466e+00	2.6668720139282918963678725555849316e-05	4.4722508070079247155345342041910920e-03
1.1010880678567559721806330195936007e-03	1.9393353556144315291464943419093769e+00	2.7293461371368265525522607231531708e-05	4.5243286618443753553350738146976484e-03
1.0753565275223780672144672501251409e-03	1.9575394374702283575325103577724620e+00	2.7946590088869440803995766741698203e-05	4.5781393850175435215655047306122352e-03
1.0496916681213646376987956546674079e-03	1.9759623610258587316506074410409022e+00	2.8629925163358758296722615088943679e-05	4.6337697733549259776774385109904468e-03
1.0240992972203811955001494624979272e-03	1.9946115877981417174078042794173804e+00	2.9345437880551176513018397635596165e-05	4.6913126344305571410097067111359214e-03
9.9858534914164466203526781946744800e-04	2.0134949633789888339893731198996287e+00	3.0095267785502900681852636395556491e-05	4.7508673197007725163971485869890499e-03
9.7315588952520845315383257596483218e-04	2.0326207447669329828045087200031255e+00	3.0881740505569723428605097190704151e-05	4.8125403157085858824854796811814258e-03
9.4781712014614447049686976434623049e-04	2.0519976301912628627580902768884896e+00	3.1707387840685335302452381248130937e-05	4.8764459008985119159608492449879658e-03
9.2257538400582460398377049540484296e-04	2.0716347917080535378812708128548005e+00	3.2574970459397102280756065300943805e-05	4.9427068767272784844343849963462754e-03
8.9743717071834429689758022909081186e-04	2.0915419108847200197996635571202131e+00	3.3487503597360732161371238478879507e-05	5.0114553830987482223023809712471439e-03
8.7240912221518606729784394977077069e-04	2.1117292179328876031902968558579837e+00	3.4448286224675315280465449515886843e-05	5.0828338097329099583524740840958408e-03
8.4749803879352159508058053099414163e-04	2.1322075346994171678099026315263942e+00	3.5460934232055723310605034904866535e-05	5.1569958169471651156768271116254607e-03
8.2271088553613191286272828729720113e-04	2.1529883219836061243205910631619527e+00	3.6529418286530437715482447024312396e-05	5.2341074815424041268946204983705920e-03
7.9805479913382698808597853783938663e-04	2.1740837317164289311349285610839918e+00	3.7658107129050248618909105204185999e-05	5.3143485861193118239879084082182195e-03
7.7353709514451602377439696722396879e-04	2.1955066646170318112307488700966143e+00	3.8851817234038950118025172323420535e-05	5.3979140732919514433363424721650839e-03
7.4916527572677380272911425981980685e-04	2.2172708340348025036277892079980276e+00	4.0115869930753372093596574330302490e-05	5.4850156900277216959130736320905647e-03
7.2494703788993184353264518746707294e-04	2.2393908367949452684453155928971388e+00	4.1456157306269093253666979666857474e-05	5.5758838518646856452171685018862699e-03
7.0089028230747333094032204231656781e-04	2.2618822319949763145644189598725870e+00	4.2879218480074706706143248320577078e-05	5.6707697622137641618304743256674119e-03
6.7700312274591930042288295362092002e-04	2.2847616288530725283741092104494662e+00	4.4392328173597170257797263573984656e-05	5.7699478285643992143837206180542512e-03
6.5329389616756926852521172345069323e-04	2.3080467848919048206028464218574271e+00	4.6003599911194763418415135197879386e-05	5.8737184254564856513346254759006739e-03
6.2977117357253234249891300438454330e-04	2.3317567159598717742395414014056749e+00	4.7722106703894539513278014272689641e-05	5.9824110639129083142929869986190821e-03
6.0644377165361050934551134927313855e-04	2.3559118198535286747505994025588450e+00	4.9558022711655323857825243031723637e-05	6.0963880390990772295213509382113041e-03
5.8332076534696163985687515544580694e-04	2.3805340156205482161633178164213165e+00	5.1522790191260225387021367756678360e-05	6.2160486428714546051495623476794640e-03
5.6041150137230216381352824931786085e-04	2.4056469010044743503983319608603760e+00	5.3629317064027500551532324560656045e-05	6.3418340463508205708870772390020664e-03
5.3772561286898327662368939669396161e-04	2.4312759309570098429428347023573079e+00	5.5892211745463626485290936975728128e-05	6.4742329806907813838276695242682126e-03
5.1527303524892530188333745598825903e-04	2.4574486207112868407653843244127434e+00	5.8328063554949335598781804863282713e-05	6.6137883730964114914640661713729673e-03
4.9306402340453369970517752101513916e-04	2.4841947776071123324901080113476589e+00	6.0955779185206705354998284655763326e-05	6.7611051315832662255457446749983199e-03
4.7110917042985414430474544996693733e-04	2.5115467667210172719638154862916638e+00	6.3796988518698751265679058018846613e-05	6.9168593182160173563838723238484786e-03
4.4941942803698160008019523062356764e-04	2.5395398164250195655050988598186693e+00	6.6876536750823684910592902044342209e-05	7.0818090096613220384882672973531805e-03
4.2800612887790322435194359978916283e-04	2.5682123713374049487571139261656245e+00	7.0223084621651174116656738484642321e-05	7.2568072199291663524370321249444230e-03
4.0688101101551089850393517818812390e-04	2.5976065018147643772040342042211234e+00	7.3869844993506838742569717331557261e-05	7.4428173587461814625699142681391882e-03
3.8605624482770898075156203581396705e-04	2.6277683812714673050603586199248236e+00	7.7855492639877242656308056489775674e-05	7.6409318277858932653721461206959787e-03
3.6554446267694763394240998408197876e-04	2.6587488453414299336922330806998236e+00	8.2225295785873285504717968208930664e-05	7.8523945266448519570260276114092271e-03
3.4535879173615866381390457197752236e-04	2.6906040504088262561480579787298532e+00	8.7032533893242323895605468781308092e-05	8.0786282659737688304134489016818182e-03
3.2551289043357823025673218948290583e-04	2.7233962535921164358809155025247147e+00	9.2340288210544299613809092343142141e-05	8.3212683877940113645946031934016402e-03
3.0602098906672222766257727311740765e-04	2.7571947422342565572099775536622466e+00	9.8223722367340303888115563323200608e-05	8.5822043032504529260791951144627778e-03
2.8689793524432438092745144076138758e-04	2.7920769488433951075390611207798444e+00	1.0477301375912911993570042936314986e-04	8.8636312202076654966799314904931782e-03
2.6815924495031555737022675919047719e-04	2.8281297979706499670685784341252601e+00	1.1209715869705828927199189560451444e-04	9.1681151125141231026714628839467792e-03
2.4982116019391602988638954283553674e-04	2.8654513457527867010463289911225336e+00	1.2032896462740153842925482991809573e-04	9.4986750770986870569965645215094334e-03
2.3190071442548988209217877577329077e-04	2.9041527923184054838403565235843390e+00	1.2963167584112625602444499458486451e-04	9.8588887826249858813623576094988188e-03
2.1441580717389357400507447558188636e-04	2.9443609742263299966361719557410693e+00	1.4020787848736528407580827558962033e-04	1.0253028963254542996806500309333120e-02
1.9738528971841450724088242311101012e-04	2.9862214819963687965539307806797065e+00	1.5231163473446596723929377647424890e-04	1.0686242213466681738361673077215473e-02
1.8082906407638765679926582435707096e-04	3.0299026018591052731823278135795140e+00	1.6626526859904310102821496161406469e-04	1.1164786273127527042277397667640947e-02
1.6476819820831316636354917628614517e-04	3.0756003593193216485565027691792030e+00	1.8248297669200196938716872898915901e-04	1.1696349504770737799666002555373219e-02
1.4922506117726369442818604653356844e-04	3.1235450581614925115054495971795246e+00	2.0150465789169232655798232540161982e-04	1.2290487951667437182523497094849160e-02
1.3422348314006949122908997144068987e-04	3.1740098837032823266242502119078120e+00	2.2404539358794521221361499950656372e-04	1.2959233977424698628341578826113892e-02
1.1978894663327215573090778798804471e-04	3.2273224097466787174208840889454323e+00	2.5106951189918507311755787236237840e-04	1.3717960917552533977457337915485515e-02
1.0594881786354120572019102418179843e-04	3.2838802777749967766404651283203621e+00	2.8390438765633931019634112331527560e-04	1.4586639410468667597770503967465400e-02
9.2732629965865351145195789188194763e-05	3.3441730174460179743896435329449046e+00	3.2442059004182085306646955072074591e-04	1.5591710267710619478628582878272147e-02
8.0172435022374764245737118607330684e-05	3.4088131597037504229286174544587081e+00	3.7532702505630471623782947517071709e-04	1.6768960015888510621832395434091437e-02
6.8303249008980665294881806245490114e-05	3.4785818670743324210582354825517667e+00	4.4067421627598354205918930818303451e-04	1.8168089888732430641595310737561396e-02
5.7163625471440637749833596568096512e-05	3.5544981069241085592678380741179165e+00	5.2675401777144104121420251551894113e-04	1.9860274647199286428982603610271025e-02
4.6796412804675819101907756164050199e-05	3.6379277386133073400452735945108021e+00	6.4380184603464389648406904754248951e-04	2.1951286355894755696921060145031996e-02
3.7249782728607497553254298692182731e-05	3.7307640011813384062058445428874200e+00	8.0944880994628645736632821162579101e-04	2.4605661889131226251126083708768050e-02
2.8578676850993639433045822908407128e-05	3.8357444883321715353475508649722160e+00	1.0563609880608916130161257431278484e-03	2.8094603298367929635444868953397957e-02
2.0846933161156169945168722177121439e-05	3.9570519925307792858976503819932425e+00	1.4511765575438908799059980640546582e-03	3.2900355923305132296456470058087010e-02
1.4130596708240435077159866631990168e-05	4.1015753502762737971463979962971389e+00	2.1493212751303219947876061582804381e-03	3.9974612711353706901792963728888664e-02
8.5234863212843198458696515751326640e-06	4.2819631917111143525539953846039150e+00	3.5943949862663253582731038257672765e-03	5.1506955470929954932665238650625641e-02
4.1475642695334676265899431554045328e-06	4.5258542597891725490590987549960267e+00	7.5871770489140749517405868710121999e-03	7.3992940843068258530295017105365106e-02
1.1683201817467978308413336588087081e-06	4.9179240319642632567467017240557129e+00	3.5915322606683896834425287475478452e-02	1.4166381239858073267600146935423053e-01
0.0000000000000000000000000000000000e+00	0.0000000000000000000000000000000000e+00	1.3493523892898483163033412421960166e-05	2.9604742762627020663133341724277035e-03