9.1991953485684117343172989712969916e-07	-4.9645766050099107435775088007980592e+00	3.5324107405002363327865728406117849e-02	1.4046032179372921800818257873057726e-01
3.2712549246503308414505168340915713e-06	-4.5759529742972683863966561002684871e+00	7.4475503691311717717330682252312554e-03	7.3304745285266109905410125142900902e-02
6.7319459592285564092472124335975047e-06	-4.3344036875147047530849393409465419e+00	3.5232089566150988936023532893129713e-03	5.0992819687038251066279973219312830e-02
1.1173754939788249470965584353381874e-05	-4.1558651722860818512642872728352202e+00	2.1042194554064016536334707042659895e-03	3.9552202886324634158425471690244093e-02
1.6502055208767754547872494402019810e-05	-4.0129043598270064090577269502128335e+00	1.4192168019255836675121973725333341e-03	3.2535602451706505250061703289606170e-02
2.2644025469680356604568651186380018e-05	-3.8929690601544798887902478268167102e+00	1.0321024499332810058647129451746705e-03	2.7769854151360004665319407829872310e-02
2.9540619992967195636893309396768182e-05	-3.7892240806770648135777734592432849e+00	7.9015801056773113933968512722378989e-04	2.4310491827553885452944495732326803e-02
3.7142255785877029578375739809564697e-05	-3.6975198151070361275951173134092115e+00	6.2793667557837391257055333128895526e-04	2.1678980798098322471241311532246538e-02
4.5406247063608938601454560304983820e-05	-3.6151407575750912280616935996541634e+00	5.1337010891016188690320616336495608e-04	1.9606232850325671978143987835282211e-02
5.4295157136045146075436599637313777e-05	-3.5402091791572524513125570960348999e+00	4.2915668848652150989572045663064835e-04	1.7929009435912999986465809411965948e-02
6.3775677142022128044063637675181343e-05	-3.4713705676836184694236497610936759e+00	3.6525599602210869203956787572844192e-04	1.6542382892152746870406152391821851e-02
7.3817828779291446241028919542842217e-05	-3.4076145311206248688577378751896538e+00	3.1549819627264880700155585010184130e-04	1.5375752946314620711214680571366939e-02
8.4394377217757814492509016259674069e-05	-3.3481665603679071470762203433296002e+00	2.7591262730729751563335677294381078e-04	1.4379823717961810580341705396895503e-02
9.5480386320702141975832938723219064e-05	-3.2924194004904117029825998874887533e+00	2.4384462479515734588246532336056697e-04	1.3519103428813734248796826454362158e-02
1.0705287364913165410477534119649340e-04	-3.2398877830672655171946256799293511e+00	2.1746162269960401873766442267527430e-04	1.2767371076350042566848607589566111e-02
1.1909053750255366843034501093279482e-04	-3.1901775626081751410462376961119077e+00	1.9546358567872520359691633663929759e-04	1.2104823514153435085626446416409480e-02
1.3157353726511224167525007264279038e-04	-3.1429640725760222181929547326683406e+00	1.7690630700213014268667246064268214e-04	1.1516217427082192711697061794776113e-02
1.4448331404085022050839774108885700e-04	-3.0979765740690938470601993895419743e+00	1.6108981109370580034845162016354179e-04	1.0989623031077518161187159040603843e-02
1.5780244230478752326573908533280557e-04	-3.0549868434556663407176600820831717e+00	1.4748573903991001761038605865795290e-04	1.0515566373548848040920697457590828e-02
1.7151450581821279116962630410588065e-04	-3.0138006403670379965212944026704237e+00	1.3568884734558145025285464069516480e-04	1.0086425620404472943643713611535825e-02
1.8560399279796879403241689044193278e-04	-2.9742512232311479138601597778129603e+00	1.2538385452836766413839671045938925e-04	9.6959975587902656476875981519442846e-03
2.0005620655846371832637717810086979e-04	-2.9361943480637271068973437426024602e+00	1.1632230703995465130124496271581073e-04	9.3391807390209347771066487532711639e-03
2.1485718872935308172923272049998315e-04	-2.8995043600380965872202792242931867e+00	1.0830613554563470835110097210083747e-04	9.0117401466831833097407480834458083e-03
2.2999365279908545155208721985439108e-04	-2.8640711024735372962500321316954570e+00	1.0117577033261100832773842196186375e-04	8.7101298911994249882738096984547880e-03
2.4545292621570351025457334777770237e-04	-2.8297974457278040378059600351101795e+00	9.4801421067272726015357236368937809e-05	8.4313578509190577590471663021109707e-03
2.6122289963909562559469333443378067e-04	-2.7965972921147000183531825634111671e+00	8.9076589734324196323022648952787521e-05	8.1728811091209511959060569395047851e-03
2.7729198221594283205422229487625247e-04	-2.7643939505553394808628966309250574e+00	8.3913183744139761150913575851167449e-05	7.9325242915239681318210400926623799e-03
2.9364906196264869671947890990960902e-04	-2.7331188014244838641029426993854266e+00	7.9237791704713032832651364058411474e-05	7.7084151478055495396520644550837581e-03
3.1028347050867827476690582932306289e-04	-2.7027101913664402769380100423918894e+00	7.4988814858024621873002700622735715e-05	7.4989332647254751918745866523462613e-03
3.2718495158453311336061120080762464e-04	-2.6731125119803458543434238619434215e+00	7.1114235726464287642172897613813558e-05	7.3026688839950353620709285371416663e-03
3.4434363274346977723001037672124485e-04	-2.6442754267307539720279177490136123e+00	6.7569866503888964137175549926537232e-05	7.1183895711571197201687533553322290e-03
3.6174999989023149827610254978537810e-04	-2.6161532182660613717231797617662883e+00	6.4317962322891809395976956820096555e-05	6.9450130393409862246090029178584456e-03
3.7939487425812754027098058752904851e-04	-2.5887042342465622058689927433873147e+00	6.1326114667775841763703750898764719e-05	6.7815848386363771443185433256587424e-03
3.9726939153124251696186212276494738e-04	-2.5618904143038750665865888946144091e+00	5.8566361783259532099474637090924980e-05	6.6272599219791187673575792866993356e-03
4.1536498285403421112350797133770688e-04	-2.5356768842360548295305550622865387e+00	5.6014468555880356104570851298676645e-05	6.4812873221096989732471220238888680e-03
4.3367335750811382127126765482227535e-04	-2.5100316062485806545489364623004584e+00	5.3649339779934067323018292133377566e-05	6.3429973424324752811148233723153953e-03
4.5218648706716837383547994054036593e-04	-2.4849250761704245355619360489723893e+00	5.1452539169608028958288629770394356e-05	6.2117907923195917441940649427385951e-03
4.7089659086700713052348334032138654e-04	-2.4603300602461397557144355122690240e+00	4.9407892780730483242671813564737884e-05	6.0871298951547292044680675836328181e-03
4.8979612264955569948974466840584203e-04	-2.4362213654329781853450814198575814e+00	4.7501160246209775414059284998994701e-05	5.9685305728179509265372619567435164e-03
5.0887775825804589484773665135459857e-04	-2.4125756381940370836262259911322523e+00	4.5719760824734958347558184418992860e-05	5.8555558689141798665655118282645889e-03
5.2813438427626390828322495239402196e-04	-2.3893711876329321725235283238790886e+00	4.4052544010371520225877457634380814e-05	5.7478103189088304806801742351550588e-03
5.4755908751801137170875709852798789e-04	-2.3665878295070736231040530844239226e+00	4.2489596566409580624724044665691942e-05	5.6449351114627250814607429501151348e-03
5.6714514528429648737956256841167259e-04	-2.3442067482194604406682262353892084e+00	4.1022079486990942000418050598276501e-05	5.5466039138988277374405436038389572e-03
5.8688601631552445112468674246672938e-04	-2.3222103743493897649237715516138038e+00	3.9642089669897608607286824788342504e-05	5.4525192575728723421084638182552477e-03
6.0677533237435794548482629012985890e-04	-2.3005822756611042413854602143631988e+00	3.8342542088809988255540658990343586e-05	5.3624093972366497006473218102605512e-03
6.2680689040218269202063706063537689e-04	-2.2793070598422076464870426376858167e+00	3.7117069047076243715009597530527757e-05	5.2760255732512752868901146882983194e-03
6.4697464519841549483850629283203787e-04	-2.2583702874832818127895778679611425e+00	3.5959933725498524498303578746780729e-05	5.1931396174765331306501619955757787e-03
6.6727270257737815418447786482206375e-04	-2.2377583940265186958835943805543626e+00	3.4865955740116372290843814523682509e-05	5.1135418534095595258121666655884104e-03
6.8769531296225081376302079269797612e-04	-2.2174586195922816730360360959314357e+00	3.3830446830096110733762377385373349e-05	5.0370392491210851403915616151603485e-03
7.0823686537981348840306385684539047e-04	-2.1974589457446808536043033601078035e+00	3.2849155121812242634164689736344836e-05	4.9634537880914955849828840159653482e-03
7.2889188182336912739334835897617468e-04	-2.1777480383855925849598535899970360e+00	3.1918216679379701298587900637222401e-05	4.8926210284582246803549090501805160e-03
7.4965501195448661668428682164497776e-04	-2.1583151960751952593954395405207617e+00	3.1034113266943849763682866452924140e-05	4.8243888256686391339102384885982147e-03
7.7052102811706755990548879229703120e-04	-2.1391503031693755649572947406984173e+00	3.0193635423846951446035085739815851e-05	4.7586161972618642922274131294810380e-03
7.9148482063977729136089607427143184e-04	-2.1202437872430056289329383115794484e+00	2.9393850098117526877531012726313076e-05	4.6951723116171840796116950081461674e-03
8.1254139340513153463324685708600675e-04	-2.1015865803353308316342499857825876e+00	2.8632072202680137827431995013237018e-05	4.6339355851165436248736770736491133e-03
8.3368585966553224327263632073591300e-04	-2.0831700836113711908974683237388234e+00	2.7905839557092715255212297637705222e-05	4.5747928743635179829511061978266277e-03
8.5491343808833093803896281200189440e-04	-2.0649861350828357907629851583803347e+00	2.7212890759331806962488181721386860e-05	4.5176387519530330651647234139379003e-03
8.7621944901359230877374534866595266e-04	-2.0470269800748292340426827924049214e+00	2.6551145600234685167645189659855919e-05	4.4623748558537122517745806568832891e-03
8.9759931090965822817185154756286103e-04	-2.0292852441616293767475097855013736e+00	2.5918687690135225726743526308999980e-05	4.4089093037957196120618670342927788e-03
9.1904853701289269059197435645661410e-04	-2.0117539083269016593883058534712684e+00	2.5313749014982699520020792008468325e-05	4.3571561651904425308440549932184429e-03
9.4056273213913889738577269292093167e-04	-1.9944262861316105300004140930301417e+00	2.4734696179414230717654619529460453e-05	4.3070349840763811602133196600567042e-03
9.6213758965545581504217209501454646e-04	-1.9772960026971995692860277202158378e+00	2.4180018128165672713824456219373186e-05	4.2584703474146238621805894599622041e-03
9.8376888860163612366764752827401079e-04	-1.9603569753328496028528590458067954e+00	2.3648315165913653218919397599525733e-05	4.2113914937691441163277340275906501e-03
1.0054524909518519603809428137838343e-03	-1.9436033956542192785687352824226818e+00	2.3138289120011576840673424610276441e-05	4.1657319580199874562264061229381276e-03
1.0271843390075392128142897914897902e-03	-1.9270297130573900678149209301412084e+00	2.2648734511326621556057313909201712e-05	4.1214292482863164185373524878658708e-03
1.0489604529133240597960630234935637e-03	-1.9106306194260870205989073995105824e+00	2.2178530616089463365980993794207863e-05	4.0784245516938431408140476391809965e-03
1.0707769282884246479745796050859027e-03	-1.8944010349628913513630312551339849e+00	2.1726634316817729042086701027152478e-05	4.0366624660179486087466741718903784e-03
1.0926299339665329690616528180096982e-03	-1.8783360950463258752243251598404370e+00	2.1292073653369035817979907645873555e-05	3.9960907545786187671434591867470888e-03
1.1145157098377030963960314622689075e-03	-1.8624311380255717653919645675269401e+00	2.0873941996353121078319164470878605e-05	3.9566601220636754556668558965975310e-03
1.1364305647862471904157849489219941e-03	-1.8466816938733299671925359463098549e+00	2.0471392774762631680451692369367969e-05	3.9183240092189377030494435880381952e-03
1.1583708747190747242965316973103604e-03	-1.8310834736251146214375371302682504e+00	2.0083634698000628521301070862397872e-05	3.8810384045732429894497410983010328e-03
1.1803330806793073199363965302099650e-03	-1.8156323595401811258609156254381541e+00	1.9709927419684156469073692512753671e-05	3.8447616715672085816302233412001359e-03
1.2023136870403650662575284712011231e-03	-1.8003243959254534245376004910854745e+00	1.9349577596850642089640078162722772e-05	3.8094543896310647012488188049057089e-03
1.2243092597760534585510990197448077e-03	-1.7851557805693149833352996155881139e+00	1.9001935303624963153538251876869393e-05	3.7750792079121223032761696773817954e-03
1.2463164248024860374555289964692286e-03	-1.7701228567370447808626601259230571e+00	1.8666390763135930240589415999887812e-05	3.7416007104892502157717466008601398e-03
1.2683318663879589961730030176982102e-03	-1.7552221056840822412608008012805492e+00	1.8342371365599940554273454623111901e-05	3.7089852920325289783613288160470885e-03
1.2903523256271527678356130943553738e-03	-1.7404501396472531843977580156509450e+00	1.8029338944100114547310428535280887e-05	3.6772010429730817737950431472030694e-03
1.3123745989762739630706298324310913e-03	-1.7258036952776347536478488462553363e+00	1.7726787282752233792201587199689797e-05	3.6462176433427283015304217319588415e-03
1.3343955368459708488594552137249555e-03	-1.7112796274819265025232975787418671e+00	1.7434239834724711696431879879369065e-05	3.6160062645270926782555811639911465e-03
1.3564120422490585028854820539337742e-03	-1.6968749036420673007376798491443315e+00	1.7151247630020276294045063852557366e-05	3.5865394782504406984056854506075631e-03
1.3784210695002773343903003582901059e-03	-1.6825865981854284695234980848435242e+00	1.6877387355076216362715123825624654e-05	3.5577911721769667171285941256073882e-03
1.4004196229654821760677423201064810e-03	-1.6684118874802533337052982827801521e+00	1.6612259588135838840332781082103297e-05	3.5297364715724859129490521726319698e-03
1.4224047558578198324437737260455851e-03	-1.6543480450331292515287929622624243e+00	1.6355487176018777920365318686153225e-05	3.5023516665233736154135728684684611e-03
1.4443735690786019114655213689546158e-03	-1.6403924369671940107673375585156012e+00	1.6106713739400029870470114456027152e-05	3.4756141442568780201042090416419172e-03
1.4663232101007179555575706853711447e-03	-1.6265425177615153242347950034151252e+00	1.5865602295021257372015061653950643e-05	3.4495023261492682704217760949965431e-03
1.4882508718925622202742134302691040e-03	-1.6127958262336586438544635259323769e+00	1.5631833984423924484283958514845423e-05	3.4239956090462361903822835736115627e-03
1.5101537918805667330356018792679451e-03	-1.5991499817488911328068358320770985e+00	1.5405106899830294521679013337758598e-05	3.3990743105540451623491228889037471e-03
1.5320292509485442362695731098778534e-03	-1.5856026806407730170975210485636272e+00	1.5185134998720953305621826474273108e-05	3.3747196179905502974302217194914314e-03
1.5538745724721479461606056102459431e-03	-1.5721516928290746722224846343715396e+00	1.4971647099479955184776559190483526e-05	3.3509135407127832193849369961330647e-03
1.5756871213868513471645376487359104e-03	-1.5587948586220402417714688265560798e+00	1.4764385951212805276252966678767554e-05	3.3276388655626391566219600469513793e-03
1.5974643032879410460787798816826434e-03	-1.5455300856910066234047499424268569e+00	1.4563107371498641912749601104594955e-05	3.3048791151946199663763814451374608e-03
1.6192035635610995313526383648182424e-03	-1.5323553462062894711004772528355014e+00	1.4367579446425208374742269184356196e-05	3.2826185090698354461131539212498074e-03
1.6409023865422329828980158174466173e-03	-1.5192686741240736463433887589150588e+00	1.4177581787781408401225507836524349e-05	3.2608419269187774487510224584912896e-03
1.6625582947052724744712290194776397e-03	-1.5062681626148016329356234895855917e+00	1.3992904842754350038793132475775428e-05	3.2395348744919607992330318730890597e-03
1.6841688478767453882809203709855065e-03	-1.4933519616242463708203486881116693e+00	1.3813349251901870910390846637192966e-05	3.2186834514325523085041362601285793e-03
1.7057316424759779707985659470154060e-03	-1.4805182755590906443097522042037892e+00	1.3638725251552940493962189650016674e-05	3.1982743211187443042849613246295682e-03
1.7272443107798500212735682162032314e-03	-1.4677653610894188569046982407510032e+00	1.3468852117131745193161523067085939e-05	3.1782946823360140762028893479209281e-03
1.7487045202110790149129980745077229e-03	-1.4550915250610634803151787112528324e+00	1.3303557644210814698529386284657176e-05	3.1587322426506717016923667272192890e-03
1.7701099726490637915424350338200492e-03	-1.4424951225112419447658415528229053e+00	1.3142677664377890887195915893095827e-05	3.1395751933663482186772111040740621e-03
1.7914584037623675362450818049214339e-03	-1.4299745547813740824029540605627114e+00	1.2986055593253595213924833333856329e-05	3.1208121859544141392319697356772506e-03
1.8127475823619663693669890530814770e-03	-1.4175282677213889085898732464210263e+00	1.2833542008225166927091692542435792e-05	3.1024323098578341530959739924650731e-03
1.8339753097744336595217706031397367e-03	-1.4051547499802156524557272318172121e+00	1.2684994253668146251760847652113061e-05	3.0844250715757373089581093099613483e-03
1.8551394192342713683549818147418460e-03	-1.3928525313775103518954925996033102e+00	1.2540276071615101796245105712942052e-05	3.0667803749430843047747994942606516e-03
1.8762377752946385082075488858400335e-03	-1.3806201813519985630058999809798766e+00	1.2399257256000336687166974467643549e-05	3.0494885025263086134012211440784945e-03
1.8972682732557633079869157706412299e-03	-1.3684563074821191115755832174969710e+00	1.2261813328763719391514704188512027e-05	3.0325400980617532380969538450419414e-03
1.9182288386103600904128885549447665e-03	-1.3563595540749354297977532697735815e+00	1.2127825236236944538840681231858043e-05	3.0159261498691712735460280798009247e-03
1.9391174265054043056941232914656705e-03	-1.3443286008195417752655288208230853e+00	1.1997179064363036648256319654036488e-05	2.9996379751775522534473844328220727e-03
1.9599320212196497723746197603908957e-03	-1.3323621615014332470572309809850594e+00	1.1869765771416014568725765697271381e-05	2.9836672053051189549713442270893689e-03
1.9806706356563010656416060130086983e-03	-1.3204589827745325634877634879767274e+00	1.1745480936993452052290538649279312e-05	2.9680057716395482186554854089668733e-03
2.0013313108502812779974524920895480e-03	-1.3086178429877744743690148140637526e+00	1.1624224526151197307657025108770568e-05	2.9526458923683380488089583594746224e-03
2.0219121154895611599081419937107383e-03	-1.2968375510633417461446761823008265e+00	1.1505900667637643948993093062382692e-05	2.9375800599128021035004975356164405e-03
2.0424111454500400244033859719146345e-03	-1.2851169454238260645623141236536496e+00	1.1390417445265476849870890563781293e-05	2.9228010290224490346525187962159152e-03
2.0628265233434918582933961069397698e-03	-1.2734548929657540260595703122112701e+00	1.1277686701532465906154135877823166e-05	2.9083018054895227287328008058038664e-03
2.0831563980781119060318927374507744e-03	-1.2618502880770736211265335062603796e+00	1.1167623852670292127149865270684375e-05	2.8940756354462626946385061649270531e-03
2.1033989444312196568173112670018620e-03	-1.2503020516963411507827453205625463e+00	1.1060147714362142065178961687214872e-05	2.8801159952100118962420880601290460e-03
2.1235523626336937424425251739639769e-03	-1.2388091304114831840910946037764572e+00	1.0955180337426418471275074814809439e-05	2.8664165816436705796863209970668863e-03
2.1436148779657328088902381210899847e-03	-1.2273704955961337135445979449380132e+00	1.0852646852815855492547038092311072e-05	2.8529713030011857385347053314531848e-03
2.1635847403635540203765563671242812e-03	-1.2159851425816637860151606410619068e+00	1.0752475325329017685814151959386409e-05	2.8397742702297918958684066893342761e-03
2.1834602240366575479072583000244549e-03	-1.2046520898631302119719182300598733e+00	1.0654596615474984236926169027183023e-05	2.8268197887025935813960723583746661e-03
2.2032396270953012389769923560226020e-03	-1.1933703783374720647528474967843845e+00	1.0558944248972316678688314666694728e-05	2.8141023503568157181425287075192356e-03
2.2229212711878447107610049832538887e-03	-1.1821390705723791070965365812530870e+00	1.0465454293400490605948094417719863e-05	2.8016166262146564587927506000753404e-03
2.2425035011476364026443466442291006e-03	-1.1709572501043455128662148324021569e+00	1.0374065241556120226209565534755121e-05	2.7893574592651681642253842839465124e-03
2.2619846846491307087467683763735240e-03	-1.1598240207645057373991960683679446e+00	1.0284717901097773264932818629712604e-05	2.7773198576869756185802062444536300e-03
2.2813632118729352279212813222450865e-03	-1.1487385060309275436669434385200941e+00	1.0197355290092193067330501636931750e-05	2.7654989883929248210619678072594914e-03
2.3006374951795004555744016368633199e-03	-1.1376998484061103940601821763551931e+00	1.0111922538101523519925949203338563e-05	2.7538901708789486303382101675057019e-03
2.3198059687911759341672403282722635e-03	-1.1267072088185060197481792389485960e+00	1.0028366792475860147672511806360481e-05	2.7424888713605443303441742492046057e-03
2.3388670884823680107230839163515721e-03	-1.1157597660469423044149893510953542e+00	9.9466371295382995206124814148919822e-06	2.7312906971812893893431010026291038e-03
2.3578193312775449512891503761224893e-03	-1.1048567161668919648889277863623736e+00	9.8666844703707853459154417714102420e-06	2.7202913914787812923820376007258757e-03
2.3766611951568452633136387883499340e-03	-1.0939972720175841529481285921332445e+00	9.7884615009285956070573664551023634e-06	2.7094868280942808298181475700230529e-03
2.3953911987690547047135219174855558e-03	-1.0831806626890102945807878352368260e+00	9.7119225962294103616953439605328307e-06	2.6988730067131706504760320789259014e-03
2.4140078811517266387342505003429730e-03	-1.0724061330279254601163974474285503e+00	9.6370237483796623161480983762826013e-06	2.6884460482241168482143344189850635e-03
2.4325098014582291506686775832222391e-03	-1.0616729431619935381690951157000349e+00	9.5637224982164096286293690820662160e-06	2.6782021902855450757596448325716418e-03
2.4508955386915106987652272039518887e-03	-1.0509803680412686692759527207422253e+00	9.4919778703573806975934455515112636e-06	2.6681377830887180537066042321734269e-03
2.4691636914443840484982744960089594e-03	-1.0403276969962469676088809412408259e+00	9.4217503114652135695772283574352831e-06	2.6582492853073319340011569515394026e-03
2.4873128776461358568008487472870705e-03	-1.0297142333117616936395614623030118e+00	9.3530016315443299191303829074391785e-06	2.6485332602241380665625967753587662e-03
2.5053417343152765496813264194508994e-03	-1.0191392938160318970066654123901318e+00	9.2856949481004201610470783420093378e-06	2.6389863720256473228040584566001333e-03
2.5232489173182520905577442983934511e-03	-1.0086022084842092753555513287718257e+00	9.2197946330032406327337052983873396e-06	2.6296053822564890286307145140991586e-03
2.5410331011339458843012269752985101e-03	-9.9810232005580072920973707860541299e-01	9.1552662619033986283830359570097038e-06	2.6203871464254783107596966168227374e-03
2.5586929786238054190671115563106594e-03	-9.8763898366537496278148363623289126e-01	9.0920765660630838153716152686035153e-06	2.6113286107558966221803919912608928e-03
2.5762272608074343292832073390146054e-03	-9.7721156648599060476738732660951865e-01	9.0301933864693478735577673521914811e-06	2.6024268090729125600866503416079715e-03
2.5936346766434963825838393035155688e-03	-9.6681944738481081197849009931757852e-01	8.9695856301065863738064417023287281e-06	2.5936788598214658295269455149129480e-03
2.6109139728157834641551629487383514e-03	-9.5646201659039527478374468723155902e-01	8.9102232282723822922980462781398218e-06	2.5850819632083081912995564652064537e-03
2.6280639135243049662764179824623071e-03	-9.4613867537118506233697489810251658e-01	8.8520770968278698674804585221694310e-06	2.5766333984622431751320092524551181e-03
2.6450832802812611004906553262626060e-03	-9.3584883572471891636324320608343741e-01	8.7951190982803081763572489561062330e-06	2.5683305212069328213440881886225796e-03
2.6619708717117675458508957703391036e-03	-9.2559192007714150776563763510264581e-01	8.7393220056016502573483361186986213e-06	2.5601707609409461995867283078092276e-03
2.6787255033592035394849003275497637e-03	-9.1536736099258488771073033829265387e-01	8.6846594676925875119265584818204534e-06	2.5521516186200122963071416164801230e-03
2.6953460074950600151503957173221474e-03	-9.0517460089202396617971235684623234e-01	8.6311059764068696394583215411133281e-06	2.5442706643367103174226065260730864e-03
2.7118312329331687108201792362195702e-03	-8.9501309178122540342325867125483263e-01	8.5786368350556743658544937010447218e-06	2.5365255350930846811380302589963890e-03
2.7281800448481973064443540325676903e-03	-8.8488229498742686604776332332207491e-01	8.5272281283164534823834267537013548e-06	2.5289139326619110548630151238077684e-03
2.7443913245982996262109910239758033e-03	-8.7478168090440023815627412457754939e-01	8.4768566934750350581363224430044840e-06	2.5214336215325647185511775562717228e-03
2.7604639695518137537461202897852790e-03	-8.6471072874556814378827634929669331e-01	8.4275000929338372074553250549455933e-06	2.5140824269376542412631829475226628e-03
2.7763968929179045712186487216783381e-03	-8.5466892630485808099548011682835330e-01	8.3791365879228659456522661735961668e-06	2.5068582329567827987311367416511987e-03
2.7921890235810507513103294262762770e-03	-8.4465576972499263808604673622315681e-01	8.3317451133537464339624765350376686e-06	2.4997589806939872363407855425257740e-03
2.8078393059392796111686329706686777e-03	-8.3467076327292770361562029853245400e-01	8.2853052537603899189855198647241465e-06	2.4927826665255819369210841472767896e-03
2.8233466997460564861251304475068458e-03	-8.2471341912216333548391736160947515e-01	8.2397972202730432847163716913753471e-06	2.4859273404153013765501333176212492e-03
2.8387101799557384041485570376544772e-03	-8.1478325714166406023024414944210426e-01	8.1952018285754185806269964094895087e-06	2.4791911042937925865805381750445456e-03
2.8539287365725048454148976961525127e-03	-8.0487980469113686805120325498389510e-01	8.1515004777973693357166009978382860e-06	2.4725721104996571840496620604304199e-03
2.8690013745026812604293937181298532e-03	-7.9500259642242608662264984161563117e-01	8.1086751302981811137736323647573435e-06	2.4660685602793827421819765625645108e-03
2.8839271134103737999647979261917185e-03	-7.8515117408679468978033336338226213e-01	8.0667082922979869134857179698882237e-06	2.4596787023436355663196732167338525e-03
2.8987049875763363855644156112331409e-03	-7.7532508634787145578197662820814764e-01	8.0255829953171141498086739376491781e-06	2.4534008314775119015706115967441999e-03
2.9133340457599938251305039650307364e-03	-7.6552388860005276265363180664409798e-01	7.9852827783853287932666800369778220e-06	2.4472332872024626773100379794628098e-03
2.9278133510645471585804450661086192e-03	-7.5574714279215672169009901364044176e-01	7.9457916709849728157245885816515866e-06	2.4411744524877185107163828402612246e-03
2.9421419808050898078886129663012313e-03	-7.4599441725613582958391678330306892e-01	7.9070941766939017740542265725988146e-06	2.4352227525091472390036072891509053e-03
2.9563190263796654080188996699867128e-03	-7.3626528654066238843478784175737536e-01	7.8691752574959279414421015208990185e-06	2.4293766534535760941491043094834181e-03
2.9703435931432004140747415514453488e-03	-7.2655933124940862316035969831507571e-01	7.8320203187281681049464502239581785e-06	2.4236346613667051167731400110239615e-03
2.9842148002842467190496136421034921e-03	-7.1687613788385073838640792624431979e-01	7.7956151946362907149308194545816940e-06	2.4179953210428278470493346213482031e-03
2.9979317807044715792769304573012935e-03	-7.0721529869043312129977088737780176e-01	7.7599461345101607557882908145647870e-06	2.4124572149546600289383671914185852e-03
3.0114936809008341343153361035629505e-03	-6.9757641151193553160498338709477585e-01	7.7249997893737983328458245552385506e-06	2.4070189622216572991121647313879986e-03
3.0248996608503897276692285345934122e-03	-6.8795907964289244195823138044526145e-01	7.6907631992049039612070836642837881e-06	2.4016792176152788651587540098324654e-03
3.0381488938976650873936642745576752e-03	-6.7836291168891971837082256638987295e-01	7.6572237806604649509084342084516102e-06	2.3964366705997262537848021593755946e-03
3.0512405666445492140868925353826481e-03	-6.6878752142980957544225567094113573e-01	7.6243693152861478176094714063774301e-06	2.3912900444067545579539618760674763e-03
3.0641738788426465507201765314523997e-03	-6.5923252768626022037626063036391582e-01	7.5921879381883056990271190762606774e-06	2.3862380951432184469154065725838739e-03
3.0769480432880406767558939460989390e-03	-6.4969755419011182619655964151382233e-01	7.5606681271484914190922058324110994e-06	2.3812796109300767260961859836436859e-03
3.0895622857184183805054670161083252e-03	-6.4018222945796546127794968183936564e-01	7.5297986921613699352052759827026788e-06	2.3764134110716376334903641666312773e-03
3.1020158447125055210106222287534694e-03	-6.3068618666806636137725814313338474e-01	7.4995687653778719958441046130307885e-06	2.3716383452538825123982870403924332e-03
3.1143079715917675961206871535967593e-03	-6.2120906354033747323689970834631266e-01	7.4699677914363272572465774257493522e-06	2.3669532927707581731475766176550264e-03
3.1264379303243293890101651198333388e-03	-6.1175050221945353634699097015670176e-01	7.4409855181651629712000305957788995e-06	2.3623571617773783045705610878592968e-03
3.1384049974310694731641443871879515e-03	-6.0231014916085011179216206209578090e-01	7.4126119876415565700387192875804644e-06	2.3578488885691218658192048772511960e-03
3.1502084618938467177929401994993120e-03	-5.9288765501956592391106997757823506e-01	7.3848375275911897597742613473767871e-06	2.3534274368856616179901436710755107e-03
3.1618476250658172535743871005416805e-03	-5.8348267454182066086203319081183762e-01	7.3576527431149706321982429428692619e-06	2.3490917972389989721416036204737099e-03
3.1733218005838016343333201513256867e-03	-5.7409486645923399271822739628761205e-01	7.3310485087292712027742010686745100e-06	2.3448409862646222569989235493433802e-03
3.1846303142826631654463295128753353e-03	-5.6472389338559501854070011770136758e-01	7.3050159607068729021483157212446131e-06	2.3406740460949444601165262670971080e-03
3.1957725041116595660254597509721970e-03	-5.5536942171609465468440079897421419e-01	7.2795464897064239826393492676216189e-06	2.3365900437542135778751739418539900e-03
3.2067477200527312908367477948292024e-03	-5.4603112152893663265211387578327744e-01	7.2546317336787925028552833185844767e-06	2.3325880705741240234991269758461207e-03
3.2175553240406909609314081935014063e-03	-5.3670866648924579300205135146653880e-01	7.2302635710392483566340966552343992e-06	2.3286672416293911834121321686359371e-03
3.2281946898852794405288950086595526e-03	-5.2740173375519524864604403981678681e-01	7.2064341140949294354551382436456025e-06	2.3248266951925832703058451736897668e-03
3.2386652031950551531516862169162198e-03	-5.1811000388627675250806180674771023e-01	7.1831357027175420683284292166322622e-06	2.3210655922075351806725498406024748e-03
3.2489662613030842536739669248137932e-03	-5.0883316075364124678073352224466774e-01	7.1603608982517158825181674775805915e-06	2.3173831157806982047994899309720045e-03
3.2590972731944002660585738770373243e-03	-4.9957089145243909944522908367723141e-01	7.1381024776498795921013310318045936e-06	2.3137784706898072333254678994579917e-03
3.2690576594352027603150195304552527e-03	-4.9032288621609195354060339641885140e-01	7.1163534278249482825314077716343005e-06	2.3102508829092736271452632680590232e-03
3.2788468521037655777633347227785617e-03	-4.8108883833243043084099940071349485e-01	7.0951069402125157704691295237405607e-06	2.3067995991517372334371965345763311e-03
3.2884642947230260221342103199529288e-03	-4.7186844406163414882219339754428853e-01	7.0743564055346287560645716643106843e-06	2.3034238864252352028555886724813499e-03
3.2979094421948273164312518196256555e-03	-4.6266140255591263252732050449578709e-01	7.0540954087575838560091854219113840e-06	2.3001230316054683509254250382886996e-03
3.3071817607357874828394141041707527e-03	-4.5346741578086773539860762474409075e-01	7.0343177242365352504916364506128052e-06	2.2968963410226678665512944886047748e-03
3.3162807278147686362577699426985685e-03	-4.4428618843848012933261794904259100e-01	7.0150173110400305745383764144485621e-06	2.2937431400625862553568915230775566e-03
3.3252058320919214921991125737470154e-03	-4.3511742789166428793962739533395257e-01	6.9961883084479067553255529107975522e-06	2.2906627727811565654448119194705963e-03
3.3339565733592806777312706813253314e-03	-4.2596084409033817184704544199928931e-01	6.9778250316162766092354392798278251e-06	2.2876546015323832255153403902833255e-03
3.3425324624828872006982765786836602e-03	-4.1681614949895553430157764263511474e-01	6.9599219674036219825795175993045010e-06	2.2847180066090462749458037171561043e-03
3.3509330213464151784832631553243098e-03	-4.0768305902545040253996040894757140e-01	6.9424737703522808176896717122355629e-06	2.2818523858958184248342049961506205e-03
3.3591577827962806538570647931814549e-03	-3.9856128995154485849333259689230041e-01	6.9254752588198744769513465896839162e-06	2.2790571545344112983095884151941991e-03
3.3672062905882110327646531334747335e-03	-3.8945056186437274428908843042957009e-01	6.9089214112554686453805098619081887e-06	2.2763317446003833956319586727267361e-03
3.3750780993352543679746606350874817e-03	-3.8035059658937335649179208404416131e-01	6.8928073626154968028088971071283508e-06	2.2736756047912578507665433972954569e-03
3.3827727744572083840668150649151066e-03	-3.7126111812441057071657855202742011e-01	6.8771284009147002185771241094994519e-06	2.2710882001256129253547677205751598e-03
3.3902898921314497939434668877007749e-03	-3.6218185257507415765663105698302278e-01	6.8618799639075532497193668237471846e-06	2.2685690116528224556773442656836880e-03
3.3976290392451450955849643026564891e-03	-3.5311252809112131506696929002978584e-01	6.8470576358958479609014326960587143e-06	2.2661175361731371590038082663512215e-03
3.4047898133488246607610958402050965e-03	-3.4405287480401765009648482749066084e-01	6.8326571446583082438496108532040432e-06	2.2637332859678108467670129413009924e-03
3.4117718226113025354762231536243842e-03	-3.3500262476553800470201936865652082e-01	6.8186743584982911806029046176753180e-06	2.2614157885389882109311351779546448e-03
3.4185746857759249656565408179118343e-03	-3.2596151188738862574765622960841227e-01	6.8051052834058128272169570657932838e-06	2.2591645863590829729861149960393773e-03
3.4251980321181312415560414196113096e-03	-3.1692927188181324272230637866951342e-01	6.7919460603303073264115465390134620e-06	2.2569792366293868371379823222405931e-03
3.4316415014043110211155578579884769e-03	-3.0790564220314663163488763360021259e-01	6.7791929625606926997626921033010864e-06	2.2548593110476608941768975051843552e-03
3.4379047438519428465903580035162633e-03	-2.9889036199028021531223037708673256e-01	6.7668423932094742113103739248223318e-06	2.2528043955844719027344760152450040e-03
3.4439874200909991106820519827464828e-03	-2.8988317201000517968565809063105004e-01	6.7548908827977672033734421311667533e-06	2.2508140902680462516361669820676847e-03
3.4498892011266032586689699790225876e-03	-2.8088381460119947427964946196956905e-01	6.7433350869382661312523066309445229e-06	2.2488880089774244012294863347874886e-03
3.4556097683029255321084740637099479e-03	-2.7189203361982591450205579289153593e-01	6.7321717841133254976789592898588859e-06	2.2470257792437082323704616887699004e-03
3.4611488132683040680523134669099391e-03	-2.6290757438470941489605777231247713e-01	6.7213978735454518247710724469332538e-06	2.2452270420592030177102950746040122e-03
3.4665060379415786658249268751037959e-03	-2.5393018362406215759305256331913343e-01	6.7110103731576339994331921252296507e-06	2.2434914516942646887127524142022153e-03
3.4716811544796250217034295236495706e-03	-2.4495960942272624007757843518057691e-01	6.7010064176210625713098143036633620e-06	2.2418186755216717203103974427873920e-03
3.4766738852460777107325510814832033e-03	-2.3599560117010405224892826417133160e-01	6.6913832564879071402489924337450295e-06	2.2402083938483493093717190672033577e-03
3.4814839627812306648210799091009331e-03	-2.2703790950874730578506044732566684e-01	6.6821382524069350993881060890127413e-06	2.2386602997542815985804727156491725e-03
3.4861111297731043575995255494328661e-03	-2.1808628628357628006842533855679095e-01	6.6732688794198649447326550244738045e-06	2.2371740989384555086263617696104285e-03
3.4905551390296693596614777510664083e-03	-2.0914048449170145944850251022794881e-01	6.6647727213364533552342256424319008e-06	2.2357495095716873028399698800754045e-03
3.4948157534522163731424753152209769e-03	-2.0020025823282031736524653453927055e-01	6.6566474701864175108363038541412208e-06	2.2343862621561903330442447437056697e-03
3.4988927460098632924788297474041625e-03	-1.9126536266016255476158499459294083e-01	6.6488909247463928615569248056024574e-06	2.2330840993917495163475610553050539e-03
3.5027858997151902689938091051659322e-03	-1.8233555393195762414136002297760247e-01	6.6415009891402219907251541431353102e-06	2.2318427760483749822493498691407508e-03
3.5064950076009941810297270823623739e-03	-1.7341058916339886740289727641366673e-01	6.6344756715109625233980512826613333e-06	2.2306620588453140196528437127366290e-03
3.5100198726981543290229665231782572e-03	-1.6449022637907906597237287288226488e-01	6.6278130827630914018460045740329491e-06	2.2295417263363069556001836365635789e-03
3.5133603080146015865377542114327368e-03	-1.5557422446587264650518432404554225e-01	6.6215114353734694611144659479631967e-06	2.2284815688009789227468317504625578e-03
3.5165161365153836441588104120181782e-03	-1.4666234312624020520436321043606714e-01	6.6155690422697142590869466234211324e-06	2.2274813881422656313508912132888773e-03
3.5194871911038193836107417368771388e-03	-1.3775434283193140926791319249980008e-01	6.6099843157747107104427735391263091e-06	2.2265409977897772640630588772199249e-03
3.5222733146037358148342862014629411e-03	-1.2884998477806270572698030255088623e-01	6.6047557666160683993584320273618061e-06	2.2256602226090104679027993985283102e-03
3.5248743597427813993108686897283823e-03	-1.1994903083754661654044838777250311e-01	6.5998820029994116527978983397449482e-06	2.2248388988163241370020768283909445e-03
3.5272901891368099689859618338154540e-03	-1.1105124351584972479798982130496199e-01	6.5953617297444636903684782393401326e-06	2.2240768738996002711866671189265096e-03
3.5295206752753298319914101771453019e-03	-1.0215638590605676074567438317276703e-01	6.5911937474829595685160801671990181e-06	2.2233740065445166681567464098525884e-03
3.5315657005080130342948482337662265e-03	-9.3264221644218478543732536552151262e-02	6.5873769519174943421498114146312154e-06	2.2227301665663635695673121427856866e-03
3.5334251570322601206934295110230933e-03	-8.4374514864961275618691274576067912e-02	6.5839103331404830071586835077611097e-06	2.2221452348473416420937648351183667e-03
3.5350989468818161094975731261056952e-03	-7.5487030157336746572424919226030653e-02	6.5807929750124774902882503510086483e-06	2.2216191032792838417714741007040409e-03
3.5365869819164337630924592646090256e-03	-6.6601532520889583216994421412689974e-02	6.5780240545991533424311534384392267e-06	2.2211516747117487914861785291233292e-03
3.5378891838125806015908879956224070e-03	-5.7717787321922431743313885351818137e-02	6.5756028416663449882000303537374146e-06	2.2207428629054383052416738900711262e-03
3.5390054840551864692677150351639215e-03	-4.8835560249936497599751037130846182e-02	6.5735286982325735063526635276348278e-06	2.2203925924908966263483961915921336e-03
3.5399358239304288236571190621156934e-03	-3.9954617274226848619699556407096194e-02	6.5718010781785750772005363436568141e-06	2.2201007989324538174132483258153368e-03
3.5406801545195532753603627428657758e-03	-3.1074724600611507531389666520628853e-02	6.5704195269134015471341630287127056e-06	2.2198674284973805552821556603581312e-03
3.5412384366937272630119310713108004e-03	-2.2195648628273546416153142443105660e-02	6.5693836810967271373164825518206095e-06	2.2196924382302263510862033894058179e-03
3.5416106411099251027422557379400245e-03	-1.3317155906695498131895803935162498e-02	6.5686932684170572720763811978473768e-06	2.2195757959323179413585803931513949e-03
3.5417967482078430051101107855713119e-03	-4.4390130926654833373512592892715710e-03	6.5683481074255969296698344313685219e-06	2.2195174801463992878222298934730807e-03
3.5417967482078430051101107855713119e-03	4.4390130926654833373512592892715710e-03	6.5683481074255969296698344313685219e-06	2.2195174801463992878222298934730807e-03
3.5416106411099251027422557379400245e-03	1.3317155906695498131895803935162498e-02	6.5686932684170572720763811978473768e-06	2.2195757959323179413585803931513949e-03
3.5412384366937272630119310713108004e-03	2.2195648628273546416153142443105660e-02	6.5693836810967271373164825518206095e-06	2.2196924382302263510862033894058179e-03
3.5406801545195532753603627428657758e-03	3.1074724600611507531389666520628853e-02	6.5704195269134015471341630287127056e-06	2.2198674284973805552821556603581312e-03
3.5399358239304288236571190621156934e-03	3.9954617274226848619699556407096194e-02	6.5718010781785750772005363436568141e-06	2.2201007989324538174132483258153368e-03
3.5390054840551864692677150351639215e-03	4.8835560249936497599751037130846182e-02	6.5735286982325735063526635276348278e-06	2.2203925924908966263483961915921336e-03
3.5378891838125806015908879956224070e-03	5.7717787321922431743313885351818137e-02	6.5756028416663449882000303537374146e-06	2.2207428629054383052416738900711262e-03
3.5365869819164337630924592646090256e-03	6.6601532520889583216994421412689974e-02	6.5780240545991533424311534384392267e-06	2.2211516747117487914861785291233292e-03
3.5350989468818161094975731261056952e-03	7.5487030157336746572424919226030653e-02	6.5807929750124774902882503510086483e-06	2.2216191032792838417714741007040409e-03
3.5334251570322601206934295110230933e-03	8.4374514864961275618691274576067912e-02	6.5839103331404830071586835077611097e-06	2.2221452348473416420937648351183667e-03
3.5315657005080130342948482337662265e-03	9.3264221644218478543732536552151262e-02	6.5873769519174943421498114146312154e-06	2.2227301665663635695673121427856866e-03
3.5295206752753298319914101771453019e-03	1.0215638590605676074567438317276703e-01	6.5911937474829595685160801671990181e-06	2.2233740065445166681567464098525884e-03
3.5272901891368099689859618338154540e-03	1.1105124351584972479798982130496199e-01	6.5953617297444636903684782393401326e-06	2.2240768738996002711866671189265096e-03
3.5248743597427813993108686897283823e-03	1.1994903083754661654044838777250311e-01	6.5998820029994116527978983397449482e-06	2.2248388988163241370020768283909445e-03
3.5222733146037358148342862014629411e-03	1.2884998477806270572698030255088623e-01	6.6047557666160683993584320273618061e-06	2.2256602226090104679027993985283102e-03
3.5194871911038193836107417368771388e-03	1.3775434283193140926791319249980008e-01	6.6099843157747107104427735391263091e-06	2.2265409977897772640630588772199249e-03
3.5165161365153836441588104120181782e-03	1.4666234312624020520436321043606714e-01	6.6155690422697142590869466234211324e-06	2.2274813881422656313508912132888773e-03
3.5133603080146015865377542114327368e-03	1.5557422446587264650518432404554225e-01	6.6215114353734694611144659479631967e-06	2.2284815688009789227468317504625578e-03
3.5100198726981543290229665231782572e-03	1.6449022637907906597237287288226488e-01	6.6278130827630914018460045740329491e-06	2.2295417263363069556001836365635789e-03
3.5064950076009941810297270823623739e-03	1.7341058916339886740289727641366673e-01	6.6344756715109625233980512826613333e-06	2.2306620588453140196528437127366290e-03
3.5027858997151902689938091051659322e-03	1.8233555393195762414136002297760247e-01	6.6415009891402219907251541431353102e-06	2.2318427760483749822493498691407508e-03
3.4988927460098632924788297474041625e-03	1.9126536266016255476158499459294083e-01	6.6488909247463928615569248056024574e-06	2.2330840993917495163475610553050539e-03
3.4948157534522163731424753152209769e-03	2.0020025823282031736524653453927055e-01	6.6566474701864175108363038541412208e-06	2.2343862621561903330442447437056697e-03
3.4905551390296693596614777510664083e-03	2.0914048449170145944850251022794881e-01	6.6647727213364533552342256424319008e-06	2.2357495095716873028399698800754045e-03
3.4861111297731043575995255494328661e-03	2.1808628628357628006842533855679095e-01	6.6732688794198649447326550244738045e-06	2.2371740989384555086263617696104285e-03
3.4814839627812306648210799091009331e-03	2.2703790950874730578506044732566684e-01	6.6821382524069350993881060890127413e-06	2.2386602997542815985804727156491725e-03
3.4766738852460777107325510814832033e-03	2.3599560117010405224892826417133160e-01	6.6913832564879071402489924337450295e-06	2.2402083938483493093717190672033577e-03
3.4716811544796250217034295236495706e-03	2.4495960942272624007757843518057691e-01	6.7010064176210625713098143036633620e-06	2.2418186755216717203103974427873920e-03
3.4665060379415786658249268751037959e-03	2.5393018362406215759305256331913343e-01	6.7110103731576339994331921252296507e-06	2.2434914516942646887127524142022153e-03
3.4611488132683040680523134669099391e-03	2.6290757438470941489605777231247713e-01	6.7213978735454518247710724469332538e-06	2.2452270420592030177102950746040122e-03
3.4556097683029255321084740637099479e-03	2.7189203361982591450205579289153593e-01	6.7321717841133254976789592898588859e-06	2.2470257792437082323704616887699004e-03
3.4498892011266032586689699790225876e-03	2.8088381460119947427964946196956905e-01	6.7433350869382661312523066309445229e-06	2.2488880089774244012294863347874886e-03
3.4439874200909991106820519827464828e-03	2.8988317201000517968565809063105004e-01	6.7548908827977672033734421311667533e-06	2.2508140902680462516361669820676847e-03
3.4379047438519428465903580035162633e-03	2.9889036199028021531223037708673256e-01	6.7668423932094742113103739248223318e-06	2.2528043955844719027344760152450040e-03
3.4316415014043110211155578579884769e-03	3.0790564220314663163488763360021259e-01	6.7791929625606926997626921033010864e-06	2.2548593110476608941768975051843552e-03
3.4251980321181312415560414196113096e-03	3.1692927188181324272230637866951342e-01	6.7919460603303073264115465390134620e-06	2.2569792366293868371379823222405931e-03
3.4185746857759249656565408179118343e-03	3.2596151188738862574765622960841227e-01	6.8051052834058128272169570657932838e-06	2.2591645863590829729861149960393773e-03
3.4117718226113025354762231536243842e-03	3.3500262476553800470201936865652082e-01	6.8186743584982911806029046176753180e-06	2.2614157885389882109311351779546448e-03
3.4047898133488246607610958402050965e-03	3.4405287480401765009648482749066084e-01	6.8326571446583082438496108532040432e-06	2.2637332859678108467670129413009924e-03
3.3976290392451450955849643026564891e-03	3.5311252809112131506696929002978584e-01	6.8470576358958479609014326960587143e-06	2.2661175361731371590038082663512215e-03
3.3902898921314497939434668877007749e-03	3.6218185257507415765663105698302278e-01	6.8618799639075532497193668237471846e-06	2.2685690116528224556773442656836880e-03
3.3827727744572083840668150649151066e-03	3.7126111812441057071657855202742011e-01	6.8771284009147002185771241094994519e-06	2.2710882001256129253547677205751598e-03
3.3750780993352543679746606350874817e-03	3.8035059658937335649179208404416131e-01	6.8928073626154968028088971071283508e-06	2.2736756047912578507665433972954569e-03
3.3672062905882110327646531334747335e-03	3.8945056186437274428908843042957009e-01	6.9089214112554686453805098619081887e-06	2.2763317446003833956319586727267361e-03
3.3591577827962806538570647931814549e-03	3.9856128995154485849333259689230041e-01	6.9254752588198744769513465896839162e-06	2.2790571545344112983095884151941991e-03
3.3509330213464151784832631553243098e-03	4.0768305902545040253996040894757140e-01	6.9424737703522808176896717122355629e-06	2.2818523858958184248342049961506205e-03
3.3425324624828872006982765786836602e-03	4.1681614949895553430157764263511474e-01	6.9599219674036219825795175993045010e-06	2.2847180066090462749458037171561043e-03
3.3339565733592806777312706813253314e-03	4.2596084409033817184704544199928931e-01	6.9778250316162766092354392798278251e-06	2.2876546015323832255153403902833255e-03
3.3252058320919214921991125737470154e-03	4.3511742789166428793962739533395257e-01	6.9961883084479067553255529107975522e-06	2.2906627727811565654448119194705963e-03
3.3162807278147686362577699426985685e-03	4.4428618843848012933261794904259100e-01	7.0150173110400305745383764144485621e-06	2.2937431400625862553568915230775566e-03
3.3071817607357874828394141041707527e-03	4.5346741578086773539860762474409075e-01	7.0343177242365352504916364506128052e-06	2.2968963410226678665512944886047748e-03
3.2979094421948273164312518196256555e-03	4.6266140255591263252732050449578709e-01	7.0540954087575838560091854219113840e-06	2.3001230316054683509254250382886996e-03
3.2884642947230260221342103199529288e-03	4.7186844406163414882219339754428853e-01	7.0743564055346287560645716643106843e-06	2.3034238864252352028555886724813499e-03
3.2788468521037655777633347227785617e-03	4.8108883833243043084099940071349485e-01	7.0951069402125157704691295237405607e-06	2.3067995991517372334371965345763311e-03
3.2690576594352027603150195304552527e-03	4.9032288621609195354060339641885140e-01	7.1163534278249482825314077716343005e-06	2.3102508829092736271452632680590232e-03
3.2590972731944002660585738770373243e-03	4.9957089145243909944522908367723141e-01	7.1381024776498795921013310318045936e-06	2.3137784706898072333254678994579917e-03
3.2489662613030842536739669248137932e-03	5.0883316075364124678073352224466774e-01	7.1603608982517158825181674775805915e-06	2.3173831157806982047994899309720045e-03
3.2386652031950551531516862169162198e-03	5.1811000388627675250806180674771023e-01	7.1831357027175420683284292166322622e-06	2.3210655922075351806725498406024748e-03
3.2281946898852794405288950086595526e-03	5.2740173375519524864604403981678681e-01	7.2064341140949294354551382436456025e-06	2.3248266951925832703058451736897668e-03
3.2175553240406909609314081935014063e-03	5.3670866648924579300205135146653880e-01	7.2302635710392483566340966552343992e-06	2.3286672416293911834121321686359371e-03
3.2067477200527312908367477948292024e-03	5.4603112152893663265211387578327744e-01	7.2546317336787925028552833185844767e-06	2.3325880705741240234991269758461207e-03
3.1957725041116595660254597509721970e-03	5.5536942171609465468440079897421419e-01	7.2795464897064239826393492676216189e-06	2.3365900437542135778751739418539900e-03
3.1846303142826631654463295128753353e-03	5.6472389338559501854070011770136758e-01	7.3050159607068729021483157212446131e-06	2.3406740460949444601165262670971080e-03
3.1733218005838016343333201513256867e-03	5.7409486645923399271822739628761205e-01	7.3310485087292712027742010686745100e-06	2.3448409862646222569989235493433802e-03
3.1618476250658172535743871005416805e-03	5.8348267454182066086203319081183762e-01	7.3576527431149706321982429428692619e-06	2.3490917972389989721416036204737099e-03
3.1502084618938467177929401994993120e-03	5.9288765501956592391106997757823506e-01	7.3848375275911897597742613473767871e-06	2.3534274368856616179901436710755107e-03
3.1384049974310694731641443871879515e-03	6.0231014916085011179216206209578090e-01	7.4126119876415565700387192875804644e-06	2.3578488885691218658192048772511960e-03
3.1264379303243293890101651198333388e-03	6.1175050221945353634699097015670176e-01	7.4409855181651629712000305957788995e-06	2.3623571617773783045705610878592968e-03
3.1143079715917675961206871535967593e-03	6.2120906354033747323689970834631266e-01	7.4699677914363272572465774257493522e-06	2.3669532927707581731475766176550264e-03
3.1020158447125055210106222287534694e-03	6.3068618666806636137725814313338474e-01	7.4995687653778719958441046130307885e-06	2.3716383452538825123982870403924332e-03
3.0895622857184183805054670161083252e-03	6.4018222945796546127794968183936564e-01	7.5297986921613699352052759827026788e-06	2.3764134110716376334903641666312773e-03
3.0769480432880406767558939460989390e-03	6.4969755419011182619655964151382233e-01	7.5606681271484914190922058324110994e-06	2.3812796109300767260961859836436859e-03
3.0641738788426465507201765314523997e-03	6.5923252768626022037626063036391582e-01	7.5921879381883056990271190762606774e-06	2.3862380951432184469154065725838739e-03
3.0512405666445492140868925353826481e-03	6.6878752142980957544225567094113573e-01	7.6243693152861478176094714063774301e-06	2.3912900444067545579539618760674763e-03
3.0381488938976650873936642745576752e-03	6.7836291168891971837082256638987295e-01	7.6572237806604649509084342084516102e-06	2.3964366705997262537848021593755946e-03
3.0248996608503897276692285345934122e-03	6.8795907964289244195823138044526145e-01	7.6907631992049039612070836642837881e-06	2.4016792176152788651587540098324654e-03
3.0114936809008341343153361035629505e-03	6.9757641151193553160498338709477585e-01	7.7249997893737983328458245552385506e-06	2.4070189622216572991121647313879986e-03
2.9979317807044715792769304573012935e-03	7.0721529869043312129977088737780176e-01	7.7599461345101607557882908145647870e-06	2.4124572149546600289383671914185852e-03
2.9842148002842467190496136421034921e-03	7.1687613788385073838640792624431979e-01	7.7956151946362907149308194545816940e-06	2.4179953210428278470493346213482031e-03
2.9703435931432004140747415514453488e-03	7.2655933124940862316035969831507571e-01	7.8320203187281681049464502239581785e-06	2.4236346613667051167731400110239615e-03
2.9563190263796654080188996699867128e-03	7.3626528654066238843478784175737536e-01	7.8691752574959279414421015208990185e-06	2.4293766534535760941491043094834181e-03
2.9421419808050898078886129663012313e-03	7.4599441725613582958391678330306892e-01	7.9070941766939017740542265725988146e-06	2.4352227525091472390036072891509053e-03
2.9278133510645471585804450661086192e-03	7.5574714279215672169009901364044176e-01	7.9457916709849728157245885816515866e-06	2.4411744524877185107163828402612246e-03
2.9133340457599938251305039650307364e-03	7.6552388860005276265363180664409798e-01	7.9852827783853287932666800369778220e-06	2.4472332872024626773100379794628098e-03
2.8987049875763363855644156112331409e-03	7.7532508634787145578197662820814764e-01	8.0255829953171141498086739376491781e-06	2.4534008314775119015706115967441999e-03
2.8839271134103737999647979261917185e-03	7.8515117408679468978033336338226213e-01	8.0667082922979869134857179698882237e-06	2.4596787023436355663196732167338525e-03
2.8690013745026812604293937181298532e-03	7.9500259642242608662264984161563117e-01	8.1086751302981811137736323647573435e-06	2.4660685602793827421819765625645108e-03
2.8539287365725048454148976961525127e-03	8.0487980469113686805120325498389510e-01	8.1515004777973693357166009978382860e-06	2.4725721104996571840496620604304199e-03
2.8387101799557384041485570376544772e-03	8.1478325714166406023024414944210426e-01	8.1952018285754185806269964094895087e-06	2.4791911042937925865805381750445456e-03
2.8233466997460564861251304475068458e-03	8.2471341912216333548391736160947515e-01	8.2397972202730432847163716913753471e-06	2.4859273404153013765501333176212492e-03
2.8078393059392796111686329706686777e-03	8.3467076327292770361562029853245400e-01	8.2853052537603899189855198647241465e-06	2.4927826665255819369210841472767896e-03
2.7921890235810507513103294262762770e-03	8.4465576972499263808604673622315681e-01	8.3317451133537464339624765350376686e-06	2.4997589806939872363407855425257740e-03
2.7763968929179045712186487216783381e-03	8.5466892630485808099548011682835330e-01	8.3791365879228659456522661735961668e-06	2.5068582329567827987311367416511987e-03
2.7604639695518137537461202897852790e-03	8.6471072874556814378827634929669331e-01	8.4275000929338372074553250549455933e-06	2.5140824269376542412631829475226628e-03
2.7443913245982996262109910239758033e-03	8.7478168090440023815627412457754939e-01	8.4768566934750350581363224430044840e-06	2.5214336215325647185511775562717228e-03
2.7281800448481973064443540325676903e-03	8.8488229498742686604776332332207491e-01	8.5272281283164534823834267537013548e-06	2.5289139326619110548630151238077684e-03
2.7118312329331687108201792362195702e-03	8.9501309178122540342325867125483263e-01	8.5786368350556743658544937010447218e-06	2.5365255350930846811380302589963890e-03
2.6953460074950600151503957173221474e-03	9.0517460089202396617971235684623234e-01	8.6311059764068696394583215411133281e-06	2.5442706643367103174226065260730864e-03
2.6787255033592035394849003275497637e-03	9.1536736099258488771073033829265387e-01	8.6846594676925875119265584818204534e-06	2.5521516186200122963071416164801230e-03
2.6619708717117675458508957703391036e-03	9.2559192007714150776563763510264581e-01	8.7393220056016502573483361186986213e-06	2.5601707609409461995867283078092276e-03
2.6450832802812611004906553262626060e-03	9.3584883572471891636324320608343741e-01	8.7951190982803081763572489561062330e-06	2.5683305212069328213440881886225796e-03
2.6280639135243049662764179824623071e-03	9.4613867537118506233697489810251658e-01	8.8520770968278698674804585221694310e-06	2.5766333984622431751320092524551181e-03
2.6109139728157834641551629487383514e-03	9.5646201659039527478374468723155902e-01	8.9102232282723822922980462781398218e-06	2.5850819632083081912995564652064537e-03
2.5936346766434963825838393035155688e-03	9.6681944738481081197849009931757852e-01	8.9695856301065863738064417023287281e-06	2.5936788598214658295269455149129480e-03
2.5762272608074343292832073390146054e-03	9.7721156648599060476738732660951865e-01	9.0301933864693478735577673521914811e-06	2.6024268090729125600866503416079715e-03
2.5586929786238054190671115563106594e-03	9.8763898366537496278148363623289126e-01	9.0920765660630838153716152686035153e-06	2.6113286107558966221803919912608928e-03
2.5410331011339458843012269752985101e-03	9.9810232005580072920973707860541299e-01	9.1552662619033986283830359570097038e-06	2.6203871464254783107596966168227374e-03
2.5232489173182520905577442983934511e-03	1.0086022084842092753555513287718257e+00	9.2197946330032406327337052983873396e-06	2.6296053822564890286307145140991586e-03
2.5053417343152765496813264194508994e-03	1.0191392938160318970066654123901318e+00	9.2856949481004201610470783420093378e-06	2.6389863720256473228040584566001333e-03
2.4873128776461358568008487472870705e-03	1.0297142333117616936395614623030118e+00	9.3530016315443299191303829074391785e-06	2.6485332602241380665625967753587662e-03
2.4691636914443840484982744960089594e-03	1.0403276969962469676088809412408259e+00	9.4217503114652135695772283574352831e-06	2.6582492853073319340011569515394026e-03
2.4508955386915106987652272039518887e-03	1.0509803680412686692759527207422253e+00	9.4919778703573806975934455515112636e-06	2.6681377830887180537066042321734269e-03
2.4325098014582291506686775832222391e-03	1.0616729431619935381690951157000349e+00	9.5637224982164096286293690820662160e-06	2.6782021902855450757596448325716418e-03
2.4140078811517266387342505003429730e-03	1.0724061330279254601163974474285503e+00	9.6370237483796623161480983762826013e-06	2.6884460482241168482143344189850635e-03
2.3953911987690547047135219174855558e-03	1.0831806626890102945807878352368260e+00	9.7119225962294103616953439605328307e-06	2.6988730067131706504760320789259014e-03
2.3766611951568452633136387883499340e-03	1.0939972720175841529481285921332445e+00	9.7884615009285956070573664551023634e-06	2.7094868280942808298181475700230529e-03
2.3578193312775449512891503761224893e-03	1.1048567161668919648889277863623736e+00	9.8666844703707853459154417714102420e-06	2.7202913914787812923820376007258757e-03
2.3388670884823680107230839163515721e-03	1.1157597660469423044149893510953542e+00	9.9466371295382995206124814148919822e-06	2.7312906971812893893431010026291038e-03
2.3198059687911759341672403282722635e-03	1.1267072088185060197481792389485960e+00	1.0028366792475860147672511806360481e-05	2.7424888713605443303441742492046057e-03
2.3006374951795004555744016368633199e-03	1.1376998484061103940601821763551931e+00	1.0111922538101523519925949203338563e-05	2.7538901708789486303382101675057019e-03
2.2813632118729352279212813222450865e-03	1.1487385060309275436669434385200941e+00	1.0197355290092193067330501636931750e-05	2.7654989883929248210619678072594914e-03
2.2619846846491307087467683763735240e-03	1.1598240207645057373991960683679446e+00	1.0284717901097773264932818629712604e-05	2.7773198576869756185802062444536300e-03
2.2425035011476364026443466442291006e-03	1.1709572501043455128662148324021569e+00	1.0374065241556120226209565534755121e-05	2.7893574592651681642253842839465124e-03
2.2229212711878447107610049832538887e-03	1.1821390705723791070965365812530870e+00	1.0465454293400490605948094417719863e-05	2.8016166262146564587927506000753404e-03
2.2032396270953012389769923560226020e-03	1.1933703783374720647528474967843845e+00	1.0558944248972316678688314666694728e-05	2.8141023503568157181425287075192356e-03
2.1834602240366575479072583000244549e-03	1.2046520898631302119719182300598733e+00	1.0654596615474984236926169027183023e-05	2.8268197887025935813960723583746661e-03
2.1635847403635540203765563671242812e-03	1.2159851425816637860151606410619068e+00	1.0752475325329017685814151959386409e-05	2.8397742702297918958684066893342761e-03
2.1436148779657328088902381210899847e-03	1.2273704955961337135445979449380132e+00	1.0852646852815855492547038092311072e-05	2.8529713030011857385347053314531848e-03
2.1235523626336937424425251739639769e-03	1.2388091304114831840910946037764572e+00	1.0955180337426418471275074814809439e-05	2.8664165816436705796863209970668863e-03
2.1033989444312196568173112670018620e-03	1.2503020516963411507827453205625463e+00	1.1060147714362142065178961687214872e-05	2.8801159952100118962420880601290460e-03
2.0831563980781119060318927374507744e-03	1.2618502880770736211265335062603796e+00	1.1167623852670292127149865270684375e-05	2.8940756354462626946385061649270531e-03
2.0628265233434918582933961069397698e-03	1.2734548929657540260595703122112701e+00	1.1277686701532465906154135877823166e-05	2.9083018054895227287328008058038664e-03
2.0424111454500400244033859719146345e-03	1.2851169454238260645623141236536496e+00	1.1390417445265476849870890563781293e-05	2.9228010290224490346525187962159152e-03
2.0219121154895611599081419937107383e-03	1.2968375510633417461446761823008265e+00	1.1505900667637643948993093062382692e-05	2.9375800599128021035004975356164405e-03
2.0013313108502812779974524920895480e-03	1.3086178429877744743690148140637526e+00	1.1624224526151197307657025108770568e-05	2.9526458923683380488089583594746224e-03
1.9806706356563010656416060130086983e-03	1.3204589827745325634877634879767274e+00	1.1745480936993452052290538649279312e-05	2.9680057716395482186554854089668733e-03
1.9599320212196497723746197603908957e-03	1.3323621615014332470572309809850594e+00	1.1869765771416014568725765697271381e-05	2.9836672053051189549713442270893689e-03
1.9391174265054043056941232914656705e-03	1.3443286008195417752655288208230853e+00	1.1997179064363036648256319654036488e-05	2.9996379751775522534473844328220727e-03
1.9182288386103600904128885549447665e-03	1.3563595540749354297977532697735815e+00	1.2127825236236944538840681231858043e-05	3.0159261498691712735460280798009247e-03
1.8972682732557633079869157706412299e-03	1.3684563074821191115755832174969710e+00	1.2261813328763719391514704188512027e-05	3.0325400980617532380969538450419414e-03
1.8762377752946385082075488858400335e-03	1.3806201813519985630058999809798766e+00	1.2399257256000336687166974467643549e-05	3.0494885025263086134012211440784945e-03
1.8551394192342713683549818147418460e-03	1.3928525313775103518954925996033102e+00	1.2540276071615101796245105712942052e-05	3.0667803749430843047747994942606516e-03
1.8339753097744336595217706031397367e-03	1.4051547499802156524557272318172121e+00	1.2684994253668146251760847652113061e-05	3.0844250715757373089581093099613483e-03
1.8127475823619663693669890530814770e-03	1.4175282677213889085898732464210263e+00	1.2833542008225166927091692542435792e-05	3.1024323098578341530959739924650731e-03
1.7914584037623675362450818049214339e-03	1.4299745547813740824029540605627114e+00	1.2986055593253595213924833333856329e-05	3.1208121859544141392319697356772506e-03
1.7701099726490637915424350338200492e-03	1.4424951225112419447658415528229053e+00	1.3142677664377890887195915893095827e-05	3.1395751933663482186772111040740621e-03
1.7487045202110790149129980745077229e-03	1.4550915250610634803151787112528324e+00	1.3303557644210814698529386284657176e-05	3.1587322426506717016923667272192890e-03
1.7272443107798500212735682162032314e-03	1.4677653610894188569046982407510032e+00	1.3468852117131745193161523067085939e-05	3.1782946823360140762028893479209281e-03
1.7057316424759779707985659470154060e-03	1.4805182755590906443097522042037892e+00	1.3638725251552940493962189650016674e-05	3.1982743211187443042849613246295682e-03
1.6841688478767453882809203709855065e-03	1.4933519616242463708203486881116693e+00	1.3813349251901870910390846637192966e-05	3.2186834514325523085041362601285793e-03
1.6625582947052724744712290194776397e-03	1.5062681626148016329356234895855917e+00	1.3992904842754350038793132475775428e-05	3.2395348744919607992330318730890597e-03
1.6409023865422329828980158174466173e-03	1.5192686741240736463433887589150588e+00	1.4177581787781408401225507836524349e-05	3.2608419269187774487510224584912896e-03
1.6192035635610995313526383648182424e-03	1.5323553462062894711004772528355014e+00	1.4367579446425208374742269184356196e-05	3.2826185090698354461131539212498074e-03
1.5974643032879410460787798816826434e-03	1.5455300856910066234047499424268569e+00	1.4563107371498641912749601104594955e-05	3.3048791151946199663763814451374608e-03
1.5756871213868513471645376487359104e-03	1.5587948586220402417714688265560798e+00	1.4764385951212805276252966678767554e-05	3.3276388655626391566219600469513793e-03
1.5538745724721479461606056102459431e-03	1.5721516928290746722224846343715396e+00	1.4971647099479955184776559190483526e-05	3.3509135407127832193849369961330647e-03
1.5320292509485442362695731098778534e-03	1.5856026806407730170975210485636272e+00	1.5185134998720953305621826474273108e-05	3.3747196179905502974302217194914314e-03
1.5101537918805667330356018792679451e-03	1.5991499817488911328068358320770985e+00	1.5405106899830294521679013337758598e-05	3.3990743105540451623491228889037471e-03
1.4882508718925622202742134302691040e-03	1.6127958262336586438544635259323769e+00	1.5631833984423924484283958514845423e-05	3.4239956090462361903822835736115627e-03
1.4663232101007179555575706853711447e-03	1.6265425177615153242347950034151252e+00	1.5865602295021257372015061653950643e-05	3.4495023261492682704217760949965431e-03
1.4443735690786019114655213689546158e-03	1.6403924369671940107673375585156012e+00	1.6106713739400029870470114456027152e-05	3.4756141442568780201042090416419172e-03
1.4224047558578198324437737260455851e-03	1.6543480450331292515287929622624243e+00	1.6355487176018777920365318686153225e-05	3.5023516665233736154135728684684611e-03
1.4004196229654821760677423201064810e-03	1.6684118874802533337052982827801521e+00	1.6612259588135838840332781082103297e-05	3.5297364715724859129490521726319698e-03
1.3784210695002773343903003582901059e-03	1.6825865981854284695234980848435242e+00	1.6877387355076216362715123825624654e-05	3.5577911721769667171285941256073882e-03
1.3564120422490585028854820539337742e-03	1.6968749036420673007376798491443315e+00	1.7151247630020276294045063852557366e-05	3.5865394782504406984056854506075631e-03
1.3343955368459708488594552137249555e-03	1.7112796274819265025232975787418671e+00	1.7434239834724711696431879879369065e-05	3.6160062645270926782555811639911465e-03
1.3123745989762739630706298324310913e-03	1.7258036952776347536478488462553363e+00	1.7726787282752233792201587199689797e-05	3.6462176433427283015304217319588415e-03
1.2903523256271527678356130943553738e-03	1.7404501396472531843977580156509450e+00	1.8029338944100114547310428535280887e-05	3.6772010429730817737950431472030694e-03
1.2683318663879589961730030176982102e-03	1.7552221056840822412608008012805492e+00	1.8342371365599940554273454623111901e-05	3.7089852920325289783613288160470885e-03
1.2463164248024860374555289964692286e-03	1.7701228567370447808626601259230571e+00	1.8666390763135930240589415999887812e-05	3.7416007104892502157717466008601398e-03
1.2243092597760534585510990197448077e-03	1.7851557805693149833352996155881139e+00	1.9001935303624963153538251876869393e-05	3.7750792079121223032761696773817954e-03
1.2023136870403650662575284712011231e-03	1.8003243959254534245376004910854745e+00	1.9349577596850642089640078162722772e-05	3.8094543896310647012488188049057089e-03
1.1803330806793073199363965302099650e-03	1.8156323595401811258609156254381541e+00	1.9709927419684156469073692512753671e-05	3.8447616715672085816302233412001359e-03
1.1583708747190747242965316973103604e-03	1.8310834736251146214375371302682504e+00	2.0083634698000628521301070862397872e-05	3.8810384045732429894497410983010328e-03
1.1364305647862471904157849489219941e-03	1.8466816938733299671925359463098549e+00	2.0471392774762631680451692369367969e-05	3.9183240092189377030494435880381952e-03
1.1145157098377030963960314622689075e-03	1.8624311380255717653919645675269401e+00	2.0873941996353121078319164470878605e-05	3.9566601220636754556668558965975310e-03
1.0926299339665329690616528180096982e-03	1.8783360950463258752243251598404370e+00	2.1292073653369035817979907645873555e-05	3.9960907545786187671434591867470888e-03
1.0707769282884246479745796050859027e-03	1.8944010349628913513630312551339849e+00	2.1726634316817729042086701027152478e-05	4.0366624660179486087466741718903784e-03
1.0489604529133240597960630234935637e-03	1.9106306194260870205989073995105824e+00	2.2178530616089463365980993794207863e-05	4.0784245516938431408140476391809965e-03
1.0271843390075392128142897914897902e-03	1.9270297130573900678149209301412084e+00	2.2648734511326621556057313909201712e-05	4.1214292482863164185373524878658708e-03
1.0054524909518519603809428137838343e-03	1.9436033956542192785687352824226818e+00	2.3138289120011576840673424610276441e-05	4.1657319580199874562264061229381276e-03
9.8376888860163612366764752827401079e-04	1.9603569753328496028528590458067954e+00	2.3648315165913653218919397599525733e-05	4.2113914937691441163277340275906501e-03
9.6213758965545581504217209501454646e-04	1.9772960026971995692860277202158378e+00	2.4180018128165672713824456219373186e-05	4.2584703474146238621805894599622041e-03
9.4056273213913889738577269292093167e-04	1.9944262861316105300004140930301417e+00	2.4734696179414230717654619529460453e-05	4.3070349840763811602133196600567042e-03
9.1904853701289269059197435645661410e-04	2.0117539083269016593883058534712684e+00	2.5313749014982699520020792008468325e-05	4.3571561651904425308440549932184429e-03
8.9759931090965822817185154756286103e-04	2.0292852441616293767475097855013736e+00	2.5918687690135225726743526308999980e-05	4.4089093037957196120618670342927788e-03
8.7621944901359230877374534866595266e-04	2.0470269800748292340426827924049214e+00	2.6551145600234685167645189659855919e-05	4.4623748558537122517745806568832891e-03
8.5491343808833093803896281200189440e-04	2.0649861350828357907629851583803347e+00	2.7212890759331806962488181721386860e-05	4.5176387519530330651647234139379003e-03
8.3368585966553224327263632073591300e-04	2.0831700836113711908974683237388234e+00	2.7905839557092715255212297637705222e-05	4.5747928743635179829511061978266277e-03
8.1254139340513153463324685708600675e-04	2.1015865803353308316342499857825876e+00	2.8632072202680137827431995013237018e-05	4.6339355851165436248736770736491133e-03
7.9148482063977729136089607427143184e-04	2.1202437872430056289329383115794484e+00	2.9393850098117526877531012726313076e-05	4.6951723116171840796116950081461674e-03
7.7052102811706755990548879229703120e-04	2.1391503031693755649572947406984173e+00	3.0193635423846951446035085739815851e-05	4.7586161972618642922274131294810380e-03
7.4965501195448661668428682164497776e-04	2.1583151960751952593954395405207617e+00	3.1034113266943849763682866452924140e-05	4.8243888256686391339102384885982147e-03
7.2889188182336912739334835897617468e-04	2.1777480383855925849598535899970360e+00	3.1918216679379701298587900637222401e-05	4.8926210284582246803549090501805160e-03
7.0823686537981348840306385684539047e-04	2.1974589457446808536043033601078035e+00	3.2849155121812242634164689736344836e-05	4.9634537880914955849828840159653482e-03
6.8769531296225081376302079269797612e-04	2.2174586195922816730360360959314357e+00	3.3830446830096110733762377385373349e-05	5.0370392491210851403915616151603485e-03
6.6727270257737815418447786482206375e-04	2.2377583940265186958835943805543626e+00	3.4865955740116372290843814523682509e-05	5.1135418534095595258121666655884104e-03
6.4697464519841549483850629283203787e-04	2.2583702874832818127895778679611425e+00	3.5959933725498524498303578746780729e-05	5.1931396174765331306501619955757787e-03
6.2680689040218269202063706063537689e-04	2.2793070598422076464870426376858167e+00	3.7117069047076243715009597530527757e-05	5.2760255732512752868901146882983194e-03
6.0677533237435794548482629012985890e-04	2.3005822756611042413854602143631988e+00	3.8342542088809988255540658990343586e-05	5.3624093972366497006473218102605512e-03
5.8688601631552445112468674246672938e-04	2.3222103743493897649237715516138038e+00	3.9642089669897608607286824788342504e-05	5.4525192575728723421084638182552477e-03
5.6714514528429648737956256841167259e-04	2.3442067482194604406682262353892084e+00	4.1022079486990942000418050598276501e-05	5.5466039138988277374405436038389572e-03
5.4755908751801137170875709852798789e-04	2.3665878295070736231040530844239226e+00	4.2489596566409580624724044665691942e-05	5.6449351114627250814607429501151348e-03
5.2813438427626390828322495239402196e-04	2.3893711876329321725235283238790886e+00	4.4052544010371520225877457634380814e-05	5.7478103189088304806801742351550588e-03
5.0887775825804589484773665135459857e-04	2.4125756381940370836262259911322523e+00	4.5719760824734958347558184418992860e-05	5.8555558689141798665655118282645889e-03
4.8979612264955569948974466840584203e-04	2.4362213654329781853450814198575814e+00	4.7501160246209775414059284998994701e-05	5.9685305728179509265372619567435164e-03
4.7089659086700713052348334032138654e-04	2.4603300602461397557144355122690240e+00	4.9407892780730483242671813564737884e-05	6.0871298951547292044680675836328181e-03
4.5218648706716837383547994054036593e-04	2.4849250761704245355619360489723893e+00	5.1452539169608028958288629770394356e-05	6.2117907923195917441940649427385951e-03
4.3367335750811382127126765482227535e-04	2.5100316062485806545489364623004584e+00	5.3649339779934067323018292133377566e-05	6.3429973424324752811148233723153953e-03
4.1536498285403421112350797133770688e-04	2.5356768842360548295305550622865387e+00	5.6014468555880356104570851298676645e-05	6.4812873221096989732471220238888680e-03
3.9726939153124251696186212276494738e-04	2.5618904143038750665865888946144091e+00	5.8566361783259532099474637090924980e-05	6.6272599219791187673575792866993356e-03
3.7939487425812754027098058752904851e-04	2.5887042342465622058689927433873147e+00	6.1326114667775841763703750898764719e-05	6.7815848386363771443185433256587424e-03
3.6174999989023149827610254978537810e-04	2.6161532182660613717231797617662883e+00	6.4317962322891809395976956820096555e-05	6.9450130393409862246090029178584456e-03
3.4434363274346977723001037672124485e-04	2.6442754267307539720279177490136123e+00	6.7569866503888964137175549926537232e-05	7.1183895711571197201687533553322290e-03
3.2718495158453311336061120080762464e-04	2.6731125119803458543434238619434215e+00	7.1114235726464287642172897613813558e-05	7.3026688839950353620709285371416663e-03
3.1028347050867827476690582932306289e-04	2.7027101913664402769380100423918894e+00	7.4988814858024621873002700622735715e-05	7.4989332647254751918745866523462613e-03
2.9364906196264869671947890990960902e-04	2.7331188014244838641029426993854266e+00	7.9237791704713032832651364058411474e-05	7.7084151478055495396520644550837581e-03
2.7729198221594283205422229487625247e-04	2.7643939505553394808628966309250574e+00	8.3913183744139761150913575851167449e-05	7.9325242915239681318210400926623799e-03
2.6122289963909562559469333443378067e-04	2.7965972921147000183531825634111671e+00	8.9076589734324196323022648952787521e-05	8.1728811091209511959060569395047851e-03
2.4545292621570351025457334777770237e-04	2.8297974457278040378059600351101795e+00	9.4801421067272726015357236368937809e-05	8.4313578509190577590471663021109707e-03
2.2999365279908545155208721985439108e-04	2.8640711024735372962500321316954570e+00	1.0117577033261100832773842196186375e-04	8.7101298911994249882738096984547880e-03
2.1485718872935308172923272049998315e-04	2.8995043600380965872202792242931867e+00	1.0830613554563470835110097210083747e-04	9.0117401466831833097407480834458083e-03
2.0005620655846371832637717810086979e-04	2.9361943480637271068973437426024602e+00	1.1632230703995465130124496271581073e-04	9.3391807390209347771066487532711639e-03
1.8560399279796879403241689044193278e-04	2.9742512232311479138601597778129603e+00	1.2538385452836766413839671045938925e-04	9.6959975587902656476875981519442846e-03
1.7151450581821279116962630410588065e-04	3.0138006403670379965212944026704237e+00	1.3568884734558145025285464069516480e-04	1.0086425620404472943643713611535825e-02
1.5780244230478752326573908533280557e-04	3.0549868434556663407176600820831717e+00	1.4748573903991001761038605865795290e-04	1.0515566373548848040920697457590828e-02
1.4448331404085022050839774108885700e-04	3.0979765740690938470601993895419743e+00	1.6108981109370580034845162016354179e-04	1.0989623031077518161187159040603843e-02
1.3157353726511224167525007264279038e-04	3.1429640725760222181929547326683406e+00	1.7690630700213014268667246064268214e-04	1.1516217427082192711697061794776113e-02
1.1909053750255366843034501093279482e-04	3.1901775626081751410462376961119077e+00	1.9546358567872520359691633663929759e-04	1.2104823514153435085626446416409480e-02
1.0705287364913165410477534119649340e-04	3.2398877830672655171946256799293511e+00	2.1746162269960401873766442267527430e-04	1.2767371076350042566848607589566111e-02
9.5480386320702141975832938723219064e-05	3.2924194004904117029825998874887533e+00	2.4384462479515734588246532336056697e-04	1.3519103428813734248796826454362158e-02
8.4394377217757814492509016259674069e-05	3.3481665603679071470762203433296002e+00	2.7591262730729751563335677294381078e-04	1.4379823717961810580341705396895503e-02
7.3817828779291446241028919542842217e-05	3.4076145311206248688577378751896538e+00	3.1549819627264880700155585010184130e-04	1.5375752946314620711214680571366939e-02
6.3775677142022128044063637675181343e-05	3.4713705676836184694236497610936759e+00	3.6525599602210869203956787572844192e-04	1.6542382892152746870406152391821851e-02
5.4295157136045146075436599637313777e-05	3.5402091791572524513125570960348999e+00	4.2915668848652150989572045663064835e-04	1.7929009435912999986465809411965948e-02
4.5406247063608938601454560304983820e-05	3.6151407575750912280616935996541634e+00	5.1337010891016188690320616336495608e-04	1.9606232850325671978143987835282211e-02
3.7142255785877029578375739809564697e-05	3.6975198151070361275951173134092115e+00	6.2793667557837391257055333128895526e-04	2.1678980798098322471241311532246538e-02
2.9540619992967195636893309396768182e-05	3.7892240806770648135777734592432849e+00	7.9015801056773113933968512722378989e-04	2.4310491827553885452944495732326803e-02
2.2644025469680356604568651186380018e-05	3.8929690601544798887902478268167102e+00	1.0321024499332810058647129451746705e-03	2.7769854151360004665319407829872310e-02
1.6502055208767754547872494402019810e-05	4.0129043598270064090577269502128335e+00	1.4192168019255836675121973725333341e-03	3.2535602451706505250061703289606170e-02
1.1173754939788249470965584353381874e-05	4.1558651722860818512642872728352202e+00	2.1042194554064016536334707042659895e-03	3.9552202886324634158425471690244093e-02
6.7319459592285564092472124335975047e-06	4.3344036875147047530849393409465419e+00	3.5232089566150988936023532893129713e-03	5.0992819687038251066279973219312830e-02
3.2712549246503308414505168340915713e-06	4.5759529742972683863966561002684871e+00	7.4475503691311717717330682252312554e-03	7.3304745285266109905410125142900902e-02
9.1991953485684117343172989712969916e-07	4.9645766050099107435775088007980592e+00	3.5324107405002363327865728406117849e-02	1.4046032179372921800818257873057726e-01
0.0000000000000000000000000000000000e+00	0.0000000000000000000000000000000000e+00	1.1376350039656705270728160737937153e-05	2.7183156360175648184126743182087712e-03