7.7849104767441241473589381715898431e-07	-4.9969142839156720726455589805527044e+00	3.4922550242776126831977378078774820e-02	1.3963756014870819991397820260145305e-01
2.7715059866988144996859577739281131e-06	-4.6106449204952646312210929650725924e+00	7.3530127444417630147163649985758722e-03	7.2835175595359346578282393798640513e-02
5.7088648395644340376781161000147161e-06	-4.3706923214947035933904489659677689e+00	3.4751210399712768042141441652115931e-03	5.0642586159996876269027507262072771e-02
9.4832368764435871503203651148169852e-06	-4.1934127712716554915247866524723009e+00	2.0738104846918612833563591160765392e-03	3.9264853518411577006425149119018996e-02
1.4015354484910549039076024234179027e-05	-4.0515142831348240564312987044350140e+00	1.3977048614380295848511559354697493e-03	3.2287778690100643080099695025645017e-02
1.9244199183675497690621074343808184e-05	-3.9325108035976036158181038413797274e+00	1.0157989647741419220646991186744244e-03	2.7549455148877358790183232333046781e-02
2.5120284034188756814670113283305126e-05	-3.8296039196038683285160767581339097e+00	7.7721132423189469854699510370610757e-04	2.4110371948216894636981214325937177e-02
3.1602044318158883136398038525938828e-05	-3.7386667734757588300120732991433021e+00	6.1730291867484308534271073708915768e-04	2.1494538466472624936930635167439081e-02
3.8653690167954824997891731442226716e-05	-3.6569989973964996134357315320827415e+00	5.0441045237724932921113875015559463e-04	1.9434315605634561951539773292407098e-02
4.6243826944932852089970627211148458e-05	-3.5827334905761018612867696120579938e+00	4.2145544273469850189093094901540813e-04	1.7767354771873609833395461433004731e-02
5.4344516566273118410867299623412142e-05	-3.5145235151223924263994009961627099e+00	3.5852946131687695788015699443134381e-04	1.6389307047460552455688858461891586e-02
6.2930610024501649685183068292809514e-05	-3.4513645532988221861364741591371456e+00	3.0954522401009388562112750832797065e-04	1.5229965868268239334919236278912201e-02
7.1979255847258265776216324445274523e-05	-3.3924866530778802395667069402169182e+00	2.7058607380342690539435491995767563e-04	1.4240313123899896146297263083063099e-02
8.1469527686764240156732961114227550e-05	-3.3372861726546987865677831717156389e+00	2.3903401021296636234552789166910495e-04	1.3385058995136752806807541740935807e-02
9.1382135444306658883091538781672592e-05	-3.2852807613857684573703122398810960e+00	2.1308214419383585194578181926394644e-04	1.2638133077812886048513386538835745e-02
1.0169919670371216630536515581416720e-04	-3.2360786672381937095468426704963467e+00	1.9144890514534108686797758644063848e-04	1.1979846970559118204622746863632611e-02
1.1240405279386315111940249772972838e-04	-3.1893572137895372698544867510024944e+00	1.7320367093339643018638213845509795e-04	1.1395046425646093558250249995900361e-02
1.2348111858382162384010930777637317e-04	-3.1448473365460800356462718799427666e+00	1.5765666071522656903737408108455791e-04	1.0871871923868261974548869142505007e-02
1.3491575824721471184377777185687172e-04	-3.1023222353919582785972366807606523e+00	1.4428730105942672838700013227021584e-04	1.0400905739445929801582253242683761e-02
1.4669418134345237475942613521319216e-04	-3.0615888913998352168100547485908999e+00	1.3269638670984893679484329287668577e-04	9.9745716032966022673471499048589834e-03
1.5880335502110455661608810089196026e-04	-3.0224816197315706576371224038752632e+00	1.2257338434539866512242463080203852e-04	9.5867036458562148609685661179275374e-03
1.7123092917758282386978109664264416e-04	-2.9848570974462238699610084810446090e+00	1.1367362064415270160107529129457083e-04	9.2322313337429880972980538805117403e-03
1.8396517214951139230559813984102221e-04	-2.9485904778953445990050593048463935e+00	1.0580206970540813489728543370984053e-04	8.9069454828713087718127643499984765e-03
1.9699491505004619715586278356689385e-04	-2.9135723178770238082327367985627697e+00	9.8801637033026289590056597764796782e-05	8.6073219633383147638586979323067560e-03
2.1030950327226790271208917068587180e-04	-2.8797061211392286934843024151316766e+00	9.2544564066957801606494805652046217e-05	8.3303871247445146085028319765423144e-03
2.2389875398152703894795202298146276e-04	-2.8469063551627568178282295525186176e+00	8.6926034727689095323153527580471919e-05	8.0736138382423283784566505962806194e-03
2.3775291865158066720789249125168646e-04	-2.8150968355336444346534719675102425e+00	8.1859359615436562157734784495487167e-05	7.8348403098718192654151628766731174e-03
2.5186264987857193441189253644311542e-04	-2.7842093988186669661953740897775458e+00	7.7272306388596314308364990551131908e-05	7.6122060393620323471464707160379396e-03
2.6621897184684738731431835997555514e-04	-2.7541828040626038641808719382778376e+00	7.3104273582751632803230574945844000e-05	7.4041008351306109296180092425143420e-03
2.8081325393096446651978818684302446e-04	-2.7249618170718515390739425597740692e+00	6.9304092470123938675733788155977069e-05	7.2091238757287630195264641537045002e-03
2.9563718700606032467379401614107135e-04	-2.6964964420459915412489710531684984e+00	6.5828301711017945113583882932509844e-05	7.0260505767915678262790155223408190e-03
3.1068276210922516414282292948118239e-04	-2.6687412729011273803928149601347650e+00	6.2639781557081453453822432395225728e-05	6.8538055770284645692446877026515247e-03
3.2594225115151761142388348871304148e-04	-2.6416549425143083399191496708545516e+00	5.9706664084863818543830310154673505e-05	6.6914405613810492474276998947038627e-03
3.4140818942668960584755383945080917e-04	-2.6151996526124414095796209262091799e+00	5.7001457216568304210815568203577918e-05	6.5381159379276560653916755492882020e-03
3.5707335970076921074419707943649655e-04	-2.5893407704916358573385593203855433e+00	5.4500335691702041198223056351618097e-05	6.3930856075153478468870659537290388e-03
3.7293077769808161622617911141262272e-04	-2.5640464814431834044722123188622933e+00	5.2182563426147291693564720547654222e-05	6.2556842324083247393545886538295619e-03
3.8897367882538703832223273330855330e-04	-2.5392874878691077516911382737474651e+00	5.0030020024543891498173018991666656e-05	6.1253165372284640712116008386452685e-03
4.0519550599760560364666721816344470e-04	-2.5150367477322243955519614010006358e+00	4.8026810423286045694271549343061995e-05	6.0014482726541649358146587015367896e-03
4.2158989844689037482340772489445680e-04	-2.4912692463059636408101122731425891e+00	4.6158941313738635347407875006826472e-05	5.8835985473157955193841049060845162e-03
4.3815068141223900359535027286364975e-04	-2.4679617962449748216172765282833649e+00	4.4414051538651361118271151279960622e-05	5.7713332915888251073692142264607018e-03
4.5487185661991095258679016867792323e-04	-2.4450928618469974689597252159276112e+00	4.2781186362758427121943107176419453e-05	5.6642596625808853119365366928786945e-03
4.7174759347604884140042356505849239e-04	-2.4226424040639807740445791528944980e+00	4.1250607603276338943830309369774913e-05	5.5620212355274843881368708987357436e-03
4.8877222090241839291414469888887134e-04	-2.4005917433799359402898079897594615e+00	3.9813633222026644478479415361078179e-05	5.4642938552843679621315337698608658e-03
5.0594021975434868515281162688353490e-04	-2.3789234381307486919699914380051201e+00	3.8462501241823186001549935085538477e-05	5.3707820443103432536171708660931160e-03
5.2324621576699070746822923018204330e-04	-2.3576211762175466925803911787396929e+00	3.7190253839741376283035915583334202e-05	5.2812158817434869263420615359039867e-03
5.4068497298209606945987714634154008e-04	-2.3366696784761510786291899461771014e+00	3.5990638251756766107984920664924742e-05	5.1953482828551944743586228163088493e-03
5.5825138761279613439359117669152325e-04	-2.3160546122231850884744370099706639e+00	3.4858021744236450477826507219545265e-05	5.1129526200645618469102444935178966e-03
5.7594048230845649600393888628474837e-04	-2.2957625137144899365259324754269735e+00	3.3787318403645245783408560794375748e-05	5.0338206363849724536031614763054426e-03
5.9374740078569369061514066078607384e-04	-2.2757807184315038744336079269201181e+00	3.2773925893831881013167323978585530e-05	4.9577606101022968543729451650565796e-03
6.1166740279515471255944450957888585e-04	-2.2560972982625086451331074568800818e+00	3.1813670651274744586027864251224330e-05	4.8845957359990676905209601133503064e-03
6.2969585939674598077849799302068474e-04	-2.2367010047732126115781205912448432e+00	3.0902760248799827173147285887005072e-05	4.8141626938158943562490811764249000e-03
6.4782824851871635658806290890633833e-04	-2.2175812178691192924703522631753569e+00	3.0037741870028761659445115617474338e-05	4.7463103790971399974294226208371245e-03
6.6606015077839884069415398179457051e-04	-2.1987278992438477398063969406396006e+00	2.9215466009914984227613498279477092e-05	4.6808987752747441005594092942104283e-03
6.8438724554454021328538781567160432e-04	-2.1801315500857351887241024512987735e+00	2.8433054658818289256365040756351756e-05	4.6177979489394753278281582489567276e-03
7.0280530722303327776828171556589887e-04	-2.1617831725818782361861637196072311e+00	2.7687873344669175731104134221086075e-05	4.5568871528430115280994844930343122e-03
7.2131020174954335758475796412874744e-04	-2.1436742348160763457184195347802803e+00	2.6977506504647211649414683464905612e-05	4.4980540233557704249343648195826232e-03
7.3989788327401565070631003681624139e-04	-2.1257966387064313863234399378659418e+00	2.6299735738229778313582315818712889e-05	4.4411938609460787429446405233373734e-03
7.5856439102338559679220313586846043e-04	-2.1081426906708712087737273718680374e+00	2.5652520560484403951532871920000488e-05	4.3862089838043004920149008839279916e-03
7.7730584633001002909037572153424956e-04	-2.0907050747456355608248095200385361e+00	2.5033981330506342924312970128896978e-05	4.3330081460584096347212534774811635e-03
7.9611844981440936792469481601452664e-04	-2.0734768279136487541896586964476698e+00	2.4442384076897864054292978109703653e-05	4.2815060131540209729964274959093369e-03
8.1499847871187500051124567399559663e-04	-2.0564513174274244076898382402190368e+00	2.3876126981727585259375533351233541e-05	4.2316226879339733477995856342196857e-03
8.3394228433336389070414374655415221e-04	-2.0396222199353064519670906926338904e+00	2.3333728317780231053224632225930801e-05	4.1832832817764679430059199261283633e-03
8.5294628965188533509065052536165964e-04	-2.0229835022409549243879207173437440e+00	2.2813815662154748060705512629463432e-05	4.1364175258582284492026804068540219e-03
8.7200698700629218427654455487571507e-04	-2.0065294035444632532246760957254831e+00	2.2315116233246473625865207303350912e-05	4.0909594182181926969832647807702141e-03
8.9112093591502912848267617540379052e-04	-1.9902544190297082789964387597518076e+00	2.1836448218558198375864579496402356e-05	4.0468469028228660823089904683069435e-03
9.1028476099297111448932427537488851e-04	-1.9741532846767929036924511035897934e+00	2.1376712978202655735352176343302127e-05	4.0040215772891857997003964834861837e-03
9.2949514996501203087090599826782805e-04	-1.9582209631910058711889819308554104e+00	2.0934888023861805667969809693738550e-05	3.9624284263150434682551718615775738e-03
9.4874885177054311078793116480911773e-04	-1.9424526309508172083739537614577327e+00	2.0510020685751030107083550888445162e-05	3.9220155782102928137230837469004374e-03
9.6804267475339702630305775811507856e-04	-1.9268436658872424283672960909970834e+00	2.0101222391127004089218883517914314e-05	3.8827340822195381975752828270491970e-03
9.8737348493223177306782447176047774e-04	-1.9113896362156076062548811999698763e+00	1.9707663487349829974301229783184474e-05	3.8445377045885140622268838553666318e-03
1.0067382043466920505183132228723754e-03	-1.8960862899484717493966452289919876e+00	1.9328568550691367155876044437581543e-05	3.8073827415537190739272960396919375e-03
1.0261338094750183699177545945275603e-03	-1.8809295451253338505948173312969228e+00	1.8963212129163875600797623383589343e-05	3.7712278476346542627961163717642114e-03
1.0455573297190786241990816627770779e-03	-1.8659154807008744072608433905536063e+00	1.8610914873786840560213428192986945e-05	3.7360338777833530467056335578332933e-03
1.0650058459530760451490221911230029e-03	-1.8510403280389456692524173245561671e+00	1.8271040018050523480562033412465555e-05	3.7017637421001408239571912338792285e-03
1.0844764891324437741361455964041260e-03	-1.8363004629644100470544926016972540e+00	1.7942990169986684730677289700298414e-05	3.6683822719605072486067717219974318e-03
1.1039664389596718408645447691377989e-03	-1.8216923983293002647368467980188120e+00	1.7626204385316784196355763920782700e-05	3.6358560965180002747959403308542492e-03
1.1234729226040291096666375113586951e-03	-1.8072127770536974322208591880272031e+00	1.7320155493697855819422687843519124e-05	3.6041535286542047528569367094206614e-03
1.1429932134723424414152582188388703e-03	-1.7928583656052460956903386839177789e+00	1.7024347653195957707474810936057859e-05	3.5732444595409107794122072962383762e-03
1.1625246300281794792279513766173165e-03	-1.7786260478843938189106661336938555e+00	1.6738314110846093474851493126332677e-05	3.5431002610630260927354987140068581e-03
1.1820645346569514875074756962824100e-03	-1.7645128194852966230057816889603032e+00	1.6461615149556576939970199941475537e-05	3.5136936954249536275045561905479506e-03
1.2016103325746098059865088919371639e-03	-1.7505157823049054594486067608975672e+00	1.6193836203728444228958566608092047e-05	3.4849988313291744883308510916601283e-03
1.2211594707777548482428800125455556e-03	-1.7366321394750733753938054960975886e+00	1.5934586127823988450163703213796986e-05	3.4569909661746318027631273293482702e-03
1.2407094370331111917835738799011872e-03	-1.7228591905946250485822136602873908e+00	1.5683495603764842008711006911689163e-05	3.4296465537750566873257008477578731e-03
1.2602577589044470897735211790828543e-03	-1.7091943272402336282292113175452141e+00	1.5440215674496847093849715382407631e-05	3.4029431371443575142880886666405441e-03
1.2798020028151325103350888160281367e-03	-1.6956350287366752482245951312755120e+00	1.5204416392350033823779256888664910e-05	3.3768592859382560381688269825824927e-03
1.2993397731446373270028622984786116e-03	-1.6821788581685976857659205889733512e+00	1.4975785571967935470721703586176201e-05	3.3513745381790647926930257927230748e-03
1.3188687113573712220275541646809471e-03	-1.6688234586173628103201703032903861e+00	1.4754027638599018813268775375873708e-05	3.3264693459243546345734989460400860e-03
1.3383864951623598384632026278611720e-03	-1.6555665496078172385105186532043019e+00	1.4538862563449640373503798737135983e-05	3.3021250245706931880617067294550131e-03
1.3578908377023382865559844920858494e-03	-1.6424059237510248883597971207821571e+00	1.4330024878606075613602917674229646e-05	3.2783237055110248992314468271059402e-03
1.3773794867709237833839388533683649e-03	-1.6293394435700703917713322984699942e+00	1.4127262764754487034244448363150178e-05	3.2550482918889460013198143122847289e-03
1.3968502240566044448810481599349004e-03	-1.6163650384970238019278895321657380e+00	1.3930337205572379330434308135999563e-05	3.2322824172153974068730472842958555e-03
1.4163008644123514781730078131514168e-03	-1.6034807020300538410382255495783987e+00	1.3739021203242024359232651795051359e-05	3.2100104066334149730453842473253501e-03
1.4357292551497276244110895272578144e-03	-1.5906844890404972163711519855246677e+00	1.3553099050053298987285184987771285e-05	3.1882172406347689019156343333267630e-03
1.4551332753564260294790820043484595e-03	-1.5779745132204425695771604607841862e+00	1.3372365651527172965473232989466485e-05	3.1668885210487948337543184333807346e-03
1.4745108352362310933624948309928659e-03	-1.5653489446620759341026579624108881e+00	1.3196625896907683376380379234174810e-05	3.1460104391386478193678011145802406e-03
1.4938598754704465626180357174923865e-03	-1.5528060075606660006933903420808825e+00	1.3025694073244882406963528803575645e-05	3.1255697456537558070716036134699971e-03
1.5131783665998864535653570453979258e-03	-1.5403439780336472749544620808607298e+00	1.2859393319628560505459410806694399e-05	3.1055537226995526754304915676180893e-03
1.5324643084265715734450964345687608e-03	-1.5279611820487920648184952227062574e+00	1.2697555118436592110626010014717339e-05	3.0859501572967576147605987684926442e-03
1.5517157294343186694257513010141727e-03	-1.5156559934549523973420992935287775e+00	1.2540018820736111599531624616368342e-05	3.0667473165126494304539272848917523e-03
1.5709306862274507891131658806754337e-03	-1.5034268321093042497637404988967407e+00	1.2386631203223569910825845434721284e-05	3.0479339240560605664358188984825401e-03
1.5901072629868964724490173080315786e-03	-1.4912721620954423296730081691821944e+00	1.2237246054313848514392508359277887e-05	3.0294991382362750528335093939830331e-03
1.6092435709429820896273025824196504e-03	-1.4791904900270571584735274158730858e+00	1.2091723787191497563691841284625486e-05	3.0114325311937364139206166679338048e-03
1.6283377478642561550377673307071610e-03	-1.4671803634322802062991518622070257e+00	1.1949931077821018663542967751782837e-05	2.9937240693175266918714599286710219e-03
1.6473879575617169326942840892428024e-03	-1.4552403692141098321797184113959593e+00	1.1811740526079882373565474951175945e-05	2.9763640947710295849663182959652974e-03
1.6663923894078452419677547468594653e-03	-1.4433691321826330973183202053711425e+00	1.1677030338329391975160836036003448e-05	2.9593433080530961181436340500692448e-03
1.6853492578698732009729989260293457e-03	-1.4315653136550382231784406788856112e+00	1.1545684029876122702199067970956207e-05	2.9426527515274412671105714392148326e-03
1.7042568020567468262313399993524109e-03	-1.4198276101196714476434851987599758e+00	1.1417590145901855662541842655255673e-05	2.9262837938579603578599321817290666e-03
1.7231132852792660499579928291185362e-03	-1.4081547519606320059791982021225344e+00	1.1292641999553915460071746155082483e-05	2.9102281152922060523171410110048313e-03
1.7419169946229099211014070355310701e-03	-1.3965455022396214865495145715690977e+00	1.1170737425991706062499441253765499e-05	2.8944776937394473811069743645169489e-03
1.7606662405328776162439326382370181e-03	-1.3849986555319703012862487604973906e+00	1.1051778551280000480076817429433257e-05	2.8790247915935749968728058516154110e-03
1.7793593564108974879844831207919041e-03	-1.3735130368139557579814382857657390e+00	1.0935671575106053061836526599168025e-05	2.8638619432546517182641063385335239e-03
1.7979946982233768015184132596273478e-03	-1.3620875003987044012583526295925200e+00	1.0822326566376654074863705504423686e-05	2.8489819433061617072715910324026526e-03
1.8165706441204841290985818253734093e-03	-1.3507209289181369738837134848059084e+00	1.0711657270823539004807078026845197e-05	2.8343778353080098407945865980958492e-03
1.8350855940657746558947404500204191e-03	-1.3394122323485685187368802094112312e+00	1.0603580929811731913320373004963689e-05	2.8200429011680872226825953007495120e-03
1.8535379694759859635769707568765378e-03	-1.3281603470777196885007015805204028e+00	1.0498018109606011278110443821069416e-05	2.8059706510577694512010617791613256e-03
1.8719262128706482593492985119841166e-03	-1.3169642350110290726329053174968320e+00	1.0394892540406248954333473219814301e-05	2.7921548138390694357398472420383904e-03
1.8902487875311685636249423394975787e-03	-1.3058228827152810376300539718961183e+00	1.0294130964513348213065181339033760e-05	2.7785893279733427751522764212197742e-03
1.9085041771690631107157093904263878e-03	-1.2947353005976798922247750608221664e+00	1.0195662993034309735086046813650344e-05	2.7652683328834559717723912277676873e-03
1.9266908856030262019269793679561050e-03	-1.2837005221186097619725625142789557e+00	1.0099420970577958830661440672975549e-05	2.7521861607431896897180514548358368e-03
1.9448074364445370241688074544050579e-03	-1.2727176030364209637086285491075280e+00	1.0005339847432410535898886048038104e-05	2.7393373286693732659499175820850705e-03
1.9628523727917185514615926319193107e-03	-1.2617856206826784383205680928161013e+00	9.9133570587517365799289780704247205e-06	2.7267165312938440243723720532564762e-03
1.9808242569311746205923033074564261e-03	-1.2509036732663964158725956840890021e+00	9.8234124103128053388022637461628892e-06	2.7143186336938058967276347021477967e-03
1.9987216700475426521444924440543432e-03	-1.2400708792058663967950385709071265e+00	9.7354479704341424473446208582291978e-06	2.7021386646605357792756410841358941e-03
2.0165432119405103082717724988763204e-03	-1.2292863764867631473211373433344016e+00	9.6494079676771318989398293998041632e-06	2.6901718102876614890856553697461280e-03
2.0342875007490546707837330277965319e-03	-1.2185493220452861046829732141123123e+00	9.5652386939761502891055562470322905e-06	2.6784134078614199219506463410925529e-03
2.0519531726826723171839859649971481e-03	-1.2078588911751617160414320344300518e+00	9.4828884128684864316574014105883807e-06	2.6668589400364051754198721947543777e-03
2.0695388817593779961532984354527383e-03	-1.1972142769573961157605843692811989e+00	9.4023072725173138856765195776269926e-06	2.6555040292813404944759035640719131e-03
2.0870432995502584837465845399388309e-03	-1.1866146897117274745776421846616008e+00	9.3234472232417085677893806698771109e-06	2.6443444325803608792580886135485004e-03
2.1044651149303766617650303603674755e-03	-1.1760593564687836048039160695844351e+00	9.2462619392868772908253891917446707e-06	2.6333760363761805163840423356014862e-03
2.1218030338358289233377899344202732e-03	-1.1655475204620032303807686697652651e+00	9.1707067445855129362417960743721176e-06	2.6225948517423458534145229339053541e-03
2.1390557790267666992419711491305884e-03	-1.1550784406384289627335702568969093e+00	9.0967385422776338813180288361900332e-06	2.6119970097725457100388307842645799e-03
2.1562220898562002321204508990926359e-03	-1.1446513911875266786925614858778269e+00	9.0243157477715048749785844982419908e-06	2.6015787571756685118739278299373836e-03
2.1733007220444097235057729265556039e-03	-1.1342656610872298749518147028003070e+00	8.9533982251423701393529805539947927e-06	2.5913364520659674014695435734758100e-03
2.1902904474587956582563618138402923e-03	-1.1239205536664488594928890825790639e+00	8.8839472266788450334942598769797079e-06	2.5812665599383201706918383335082689e-03
2.2071900538990064894176924750622166e-03	-1.1136153861833235053902247708343405e+00	8.8159253353989905179554389401898148e-06	2.5713656498191559276466159287766127e-03
2.2239983448871879593948058430058090e-03	-1.1033494894185348952207517542894301e+00	8.7492964103694083799397161648182226e-06	2.5616303905841671572644963414997634e-03
2.2407141394632041554889843072988619e-03	-1.0931222072830256721961269873927418e+00	8.6840255346712119401858884462942236e-06	2.5520575474344371168630598289619695e-03
2.2573362719846859632639783462790734e-03	-1.0829328964395114238048704133068051e+00	8.6200789658665083061845797406745149e-06	2.5426439785230908679145694854166137e-03
2.2738635919317679030047978522993417e-03	-1.0727809259371960821157803882453112e+00	8.5574240888281305406888448062027777e-06	2.5333866317250260252368909424060321e-03
2.2902949637163794250921463633268121e-03	-1.0626656768591332498776389819754981e+00	8.4960293708038330631120261755997362e-06	2.5242825415426986650254576028963552e-03
2.3066292664959616111032784500280750e-03	-1.0525865419817026627770764893821271e+00	8.4358643185940586037376560452125450e-06	2.5153288261413327668424613446317795e-03
2.3228653939914848898641602389450534e-03	-1.0425429254456967776485836241786559e+00	8.3768994377297436033981874522839357e-06	2.5065226845072899122878775100375913e-03
2.3390022543096478418931628416526122e-03	-1.0325342424385368289539529537251397e+00	8.3191061935434910630824025347637113e-06	2.4978613937236814248465493083925669e-03
2.3550387697691414414835966693036202e-03	-1.0225599188871607098097238998289435e+00	8.2624569740338422314524762480575047e-06	2.4893423063576292830020751100550752e-03
2.3709738767308671823140772607033801e-03	-1.0126193911611467915410662166911943e+00	8.2069250544283549527110751788735008e-06	2.4809628479538864257581800994488776e-03
2.3868065254320014586814941128335161e-03	-1.0027121057856583738858238138803202e+00	8.1524845633567780645961411277495119e-06	2.4727205146298128414137280332114679e-03
2.4025356798238023384692065092036710e-03	-9.9283751916381292809211415726987080e-01	8.0991104505508265534896631053436101e-06	2.4646128707669723323477099112818063e-03
2.4181603174130584735891488015333432e-03	-9.8299509730809872398028539697837362e-01	8.0467784559919376036369686449294333e-06	2.4566375467948672345889511990995245e-03
2.4336794291070833562427507419096616e-03	-9.7318431558047888186457918089659053e-01	7.9954650804329475206944376184598073e-06	2.4487922370625657106441649874735464e-03
2.4490920190621614519055451344298814e-03	-9.6340465844083941922069230844741604e-01	7.9451475572238961782387903346737421e-06	2.4410746977941995193640230205667999e-03
2.4643971045353559290533098751127977e-03	-9.5365561920345352448961000893650404e-01	7.8958038253761598113758377306490561e-06	2.4334827451245203179360397905150092e-03
2.4795937157395907675609870415490271e-03	-9.4393669980114913722522593467752364e-01	7.8474125038028537600951140274326841e-06	2.4260142532109004228665750138294148e-03
2.4946808957019229683359745209059746e-03	-9.3424741055688099242888670408771988e-01	7.7999528666769517876985366557294034e-06	2.4186671524183503427034274607821546e-03
2.5096577001249234116999525427750242e-03	-9.2458726996242164181318266220247397e-01	7.7534048198518541725032379658470507e-06	2.4114394275743010327921013792134085e-03
2.5245231972510876266204821661234646e-03	-9.1495580446389863750038291324281052e-01	7.7077488782922179739963203682410833e-06	2.4043291162900643972801546953632154e-03
2.5392764677302003421516538418829316e-03	-9.0535254825391709324265762366570159e-01	7.6629661444657536610156892872529128e-06	2.3973343073460417137520643292415649e-03
2.5539166044895802011487185697094446e-03	-8.9577704307001826114492293916227941e-01	7.6190382876494055768981941934418061e-06	2.3904531391378969749233555166305937e-03
2.5684427126071334290067341437216219e-03	-8.8622883799923561227872713843184548e-01	7.5759475241058814696503901507689554e-06	2.3836837981810511824726670532452934e-03
2.5828539091871475711388644071085542e-03	-8.7670748928852021956507479844240133e-01	7.5336765980888896219143185325712793e-06	2.3770245176709849052222330299182647e-03
2.5971493232387586462395218417099235e-03	-8.6721256016081704095518457141189292e-01	7.4922087636376912561346741201121908e-06	2.3704735760969604073348761100216816e-03
2.6113280955570272119491936175508811e-03	-8.5774362063658301847721307964009639e-01	7.4515277671236904011475222719508623e-06	2.3640292959068918093760918561145670e-03
2.6253893786065609090359549096338152e-03	-8.4830024736054677064180091647933734e-01	7.4116178305137721377534326689791015e-06	2.3576900422212024833249494684210149e-03
2.6393323364076230431348731927466987e-03	-8.3888202343351808689508341066905669e-01	7.3724636353169713104093479315811577e-06	2.3514542215936135913670914720579812e-03
2.6531561444246686827695425623021532e-03	-8.2948853824906345665443881567101700e-01	7.3340503071828150338521821112234487e-06	2.3453202808169067211756253784306893e-03
2.6668599894572516019854813874048086e-03	-8.2011938733487150393391740696135390e-01	7.2963634011213407320955673756102756e-06	2.3392867057717972870014502943500419e-03
2.6804430695332471784644931273203391e-03	-8.1077417219863947232397815725804578e-01	7.2593888873163536197259533498609400e-06	2.3333520203171440736038653776295308e-03
2.6939045938043380763279546828482364e-03	-8.0145250017831883356745462474066713e-01	7.2231131375049596084744029053599849e-06	2.3275147852198042955211593773438596e-03
2.7072437824437111997031128390814286e-03	-7.9215398429656469445656472596655339e-01	7.1875229118977973068372154132325803e-06	2.3217735971225231048549426798125198e-03
2.7204598665459160011171604994043406e-03	-7.8287824311923996847677384798484374e-01	7.1526053466157013945833444048052761e-06	2.3161270875483218661989079028221993e-03
2.7335520880288357703730226483255361e-03	-7.7362490061783127675036836462970442e-01	7.1183479416197641504883303123188252e-06	2.3105739219399209705419225131496084e-03
2.7465196995377250171054535515508242e-03	-7.6439358603563926265321826538534885e-01	7.0847385491129269063559486633657108e-06	2.3051127987328007084136549319656328e-03
2.7593619643512674959626301466806717e-03	-7.5518393375761146037917133335094702e-01	7.0517653623923329965518590784023689e-06	2.2997424484605679793214410453760150e-03
2.7720781562896108094485087586667907e-03	-7.4599558318369106326940496428827020e-01	7.0194169051327123834044584068161512e-06	2.2944616328913575793486151403300246e-03
2.7846675596243348619370653726283817e-03	-7.3682817860555990569700771413557802e-01	6.9876820210820493098280367384825673e-06	2.2892691441940546688575928809498617e-03
2.7971294689903127311793007546354908e-03	-7.2768136908665871476300587672014539e-01	6.9565498641517115570944917903747636e-06	2.2841638041331799531364559075428384e-03
2.8094631892994237726264447820069850e-03	-7.1855480834537221640167820108794095e-01	6.9260098888840964322445576884056126e-06	2.2791444632913312752632617660791608e-03
2.8216680356560799788623739544556330e-03	-7.0944815464127100545468491815501708e-01	6.8960518412816775258663834846238168e-06	2.2742100003181248770313455897169912e-03
2.8337433332745277830687893980923589e-03	-7.0036107066430622100045100403819965e-01	6.8666657499821204170810641207282475e-06	2.2693593212046266756273762629374552e-03
2.8456884173978886233559067734649317e-03	-6.9129322342685701629988333629028525e-01	6.8378419177648775233911622875583809e-06	2.2645913585823086672077819023131032e-03
2.8575026332189026755246585137713665e-03	-6.8224428415853458619577792202378203e-01	6.8095709133753746910593535808493690e-06	2.2599050710456081316670365641220822e-03
2.8691853358023412168603855904837418e-03	-6.7321392820365012223836219085423265e-01	6.7818435636535672290902161910201433e-06	2.2552994424972077961258985105460037e-03
2.8807358900090541043041410594032266e-03	-6.6420183492125751529352066278771067e-01	6.7546509459542730897450895955551463e-06	2.2507734815151936311886713768157544e-03
2.8921536704216198381554979735695794e-03	-6.5520768758768492457442136853560585e-01	6.7279843808472878350545029878776902e-06	2.2463262207412836103000737541576225e-03
2.9034380612715666386207033723208558e-03	-6.4623117330147248815941430742173304e-01	6.7018354250858518169510551365463053e-06	2.2419567162893556587577750468628958e-03
2.9145884563681338882667100855420694e-03	-6.3727198289063646996834015767329204e-01	6.6761958648325764329377774130827575e-06	2.2376640471735362494032898245757636e-03
2.9256042590285441899563739234309642e-03	-6.2832981082218302834888488476798030e-01	6.6510577091324450819019552797360186e-06	2.2334473147551427555091874735613021e-03
2.9364848820097571582536187853748405e-03	-6.1940435511379755801277760482024753e-01	6.6264131836229871134071903054461826e-06	2.2293056422078028315327496428251112e-03
2.9472297474416769036821740239613125e-03	-6.1049531724763820587217877597923480e-01	6.6022547244721811185736642629009597e-06	2.2252381740001028380109163596534799e-03
2.9578382867617859846342735812205262e-03	-6.0160240208616469786726995646232692e-01	6.5785749725350787404526579442737545e-06	2.2212440753951447321958385085619426e-03
2.9683099406511793921495510230018073e-03	-5.9272531778993604336610176103186625e-01	6.5553667677205530905859927659288926e-06	2.2173225319664169810970959908164564e-03
2.9786441589719728991708183102330485e-03	-5.8386377573731301110443228252020569e-01	6.5326231435599680708224298755075531e-06	2.2134727491294099844479242450191179e-03
2.9888404007060608491444865874669894e-03	-5.7501749044600350060724525555345425e-01	6.5103373219699375659211581026364813e-06	2.2096939516884302840574521498523106e-03
2.9988981338951991798434208767161019e-03	-5.6618617949639107004339511437107542e-01	6.4885027082016976742222109642491004e-06	2.2059853833980905418546981296684333e-03
3.0088168355823901778874859376933736e-03	-5.5736956345658892973034872280651743e-01	6.4671128859699518971758865568659426e-06	2.2023463065389739471905038540915600e-03
3.0185959917545461384262198671539925e-03	-5.4856736580916367403143399809574825e-01	6.4461616127543694697297636689203247e-06	2.1987760015069924170710420209885241e-03
3.0282350972864097636006657086577534e-03	-5.3977931287947490697367440796183450e-01	6.4256428152672216817774947823319916e-06	2.1952737664159777304817248353545170e-03
3.0377336558857097734580410569220543e-03	-5.3100513376557872216789590830849266e-01	6.4055505850809309623973225053586062e-06	2.1918389167130636366297277504694049e-03
3.0470911800395308246646598868774027e-03	-5.2224456026964472896001405154014234e-01	6.3858791744095834701741531977266012e-06	2.1884707848064350410331354142084960e-03
3.0563071909618774363321278797717630e-03	-5.1349732683083797743681251034992294e-01	6.3666229920387187047939856704498828e-06	2.1851687197050376447542456017639553e-03
3.0653812185424122091951644246806323e-03	-5.0476317045961872804190924555612967e-01	6.3477765993979599341163954861219553e-06	2.1819320866698579302898085680734340e-03
3.0743128012963491948866162058082599e-03	-4.9604183067341454006478333676240300e-01	6.3293347067712876831116991272709822e-06	2.1787602668763991901388909135160673e-03
3.0831014863154838267519544166137187e-03	-4.8733304943362061993878654952449451e-01	6.3112921696399857842438989840454300e-06	2.1756526570879944163133591469671204e-03
3.0917468292203413631140260755517358e-03	-4.7863657108388577777611753948528601e-01	6.2936439851535061351320372738432157e-06	2.1726086693396113445949923986329398e-03
3.1002483941134263186989607996862741e-03	-4.6995214228964269140128545818390707e-01	6.2763852887237049070957812425305301e-06	2.1696277306318188079602602033936482e-03
3.1086057535335558706044971948657418e-03	-4.6127951197884247371837980260660540e-01	6.2595113507381000244508556522858075e-06	2.1667092826345968294006177718490182e-03
3.1168184884112607222508096336499768e-03	-4.5261843128385478384298404025620932e-01	6.2430175733879877865733598826848760e-06	2.1638527814006856039000628049671556e-03
3.1248861880252373926999686599037416e-03	-4.4396865348449591721716786043337609e-01	6.2268994876074360024622874681011688e-06	2.1610576970881807096464743130539716e-03
3.1328084499598363700436726768970498e-03	-4.3532993395214845697063020614761456e-01	6.2111527501193423944115859877216590e-06	2.1583235136920935753046529642858183e-03
3.1405848800635710267023274926636796e-03	-4.2670203009493717005775296574411715e-01	6.1957731405849107226085051254031799e-06	2.1556497287846074377048348196962340e-03
3.1482150924086326418974658506915973e-03	-4.1808470130392688905923987895996769e-01	6.1807565588530534821747128047344224e-06	2.1530358532637697756959520344523872e-03
3.1556987092513973126832489566300485e-03	-4.0947770890030913576832665746996939e-01	6.1660990223063795029379766952517474e-06	2.1504814111103725231013312197393840e-03
3.1630353609939109601652702321821619e-03	-4.0088081608354521747997268213620311e-01	6.1517966633005676943469077383625553e-06	2.1479859391527812675136250157668650e-03
3.1702246861463390522952058488737134e-03	-3.9229378788043446288053978143370183e-01	6.1378457266940648586211635753189978e-06	2.1455489868394841518502919236413830e-03
3.1772663312903680692930243979283602e-03	-3.8371639109507716313168225812444925e-01	6.1242425674651762617249177916381138e-06	2.1431701160191403309512751772274140e-03
3.1841599510435461326859822931689021e-03	-3.7514839425970264661868748511783945e-01	6.1109836484137428044478117024667786e-06	2.1408489007279166138979940604507395e-03
3.1909052080245506045240983301599067e-03	-3.6658956758633374428382226985810440e-01	6.0980655379447184592855478140388564e-06	2.1385849269839093611515445280948372e-03
3.1975017728193708398815003448531073e-03	-3.5803968291925969781660160835170262e-01	6.0854849079310764025048370484533661e-06	2.1363777925884568202041118056088794e-03
3.2039493239483946436164685133913671e-03	-3.4949851368829032648950823600069797e-01	6.0732385316535822302696122511481464e-06	2.1342271069341548895849053276342368e-03
3.2102475478343873418634033666983868e-03	-3.4096583486276500131375891036585800e-01	6.0613232818150780452794770355231978e-06	2.1321324908193968133955925237781456e-03
3.2163961387713527301798007118678732e-03	-3.3244142290629067859231459686654357e-01	6.0497361286270222658513095407663871e-06	2.1300935762692645410075646000318804e-03
3.2223947988942655039728144554927576e-03	-3.2392505573218391995913041570910914e-01	6.0384741379661269608541357279431750e-06	2.1281100063626064524124786293538901e-03
3.2282432381496651130754974493725170e-03	-3.1541651265959247365545028001627814e-01	6.0275344695990275584319439128810131e-06	2.1261814350651428616335452973629556e-03
3.2339411742671013114153037077741057e-03	-3.0691557437027261309715486047040469e-01	6.0169143754730091106602670018700572e-06	2.1243075270684471806445338803625692e-03
3.2394883327314219948909127280207499e-03	-2.9842202286599902467601421330204123e-01	6.0066111980708991070204366666800986e-06	2.1224879576346568659167963966409316e-03
3.2448844467558942361133251049910044e-03	-2.8993564142658460811144550369706667e-01	5.9966223688283192944479568899301710e-06	2.1207224124467742900064895339528229e-03
3.2501292572561497338307159470728952e-03	-2.8145621456848810038436621096860054e-01	5.9869454066115682496278580499440175e-06	2.1190105874644234919925701871189935e-03
3.2552225128249461978931356512614093e-03	-2.7298352800398795915629724003325038e-01	5.9775779162544827208848098271513956e-06	2.1173521887849343730995926511233897e-03
3.2601639697077364877647656429881504e-03	-2.6451736860090144438116595945210893e-01	5.9685175871526991654431890685793674e-06	2.1157469325096313270627555874023728e-03
3.2649533917790376140928905215126906e-03	-2.5605752434282831829299310286033500e-01	5.9597621919138075987324022892376309e-06	2.1141945446152085378717516044304606e-03
3.2695905505195919989220557006104394e-03	-2.4760378428989904480270574906255348e-01	5.9513095850619579846532200691043469e-06	2.1126947608300792492244018717409196e-03
3.2740752249943136710205693487988908e-03	-2.3915593854000781023030654871844637e-01	5.9431577017955450617142806467261194e-06	2.1112473265155912187162712962768926e-03
3.2784072018310123486799186236028376e-03	-2.3071377819051110887032631776599647e-01	5.9353045567966608460269067610810689e-06	2.1098519965520053235204806179562682e-03
3.2825862751998886334652429394179882e-03	-2.2227709530037303974322034482334572e-01	5.9277482430910651989179445366370447e-06	2.1085085352291388907710207332012182e-03
3.2866122467937938049405607491469864e-03	-2.1384568285273884559731078766632683e-01	5.9204869309574839096006229298748093e-06	2.1072167161415797924361899467607577e-03
3.2904849258092479685644483088697674e-03	-2.0541933471791859234027071143280218e-01	5.9135188668851008320743501843971925e-06	2.1059763220883816782420888045988418e-03
3.2942041289282105669436929542651275e-03	-1.9699784561676323711345732737685849e-01	5.9068423725781658355731549770012197e-06	2.1047871449771549279846351229127122e-03
3.2977696803005975186326195248741589e-03	-1.8858101108441566666741570835007120e-01	5.9004558440066937803254201368200465e-06	2.1036489857324719928929616160891338e-03
3.3011814115275394988582437771744606e-03	-1.8016862743441960501771522765667955e-01	5.8943577505022815117787920519530393e-06	2.1025616542085097708686514786857213e-03
3.3044391616453761231156977750803624e-03	-1.7176049172316959099738544175411590e-01	5.8885466338981200694706700401264383e-06	2.1015249691058555284805310757192281e-03
3.3075427771103810376899109654364959e-03	-1.6335640171468551269224453389053644e-01	5.8830211077123280203483551503832458e-06	2.1005387578924066493791187528898190e-03
3.3104921117842131609898010367662534e-03	-1.5495615584569545724209985398118502e-01	5.8777798563737791360304704773130880e-06	2.0996028567282981599359110465324190e-03
3.3132870269200895562979981026481213e-03	-1.4655955319101089148577033342716540e-01	5.8728216344896436214428938622241896e-06	2.0987171103947955638427773927038886e-03
3.3159273911496756503066492370437799e-03	-1.3816639342917843177140097558376972e-01	5.8681452661539068475801534864199796e-06	2.0978813722270940133748767429165041e-03
3.3184130804706887427890687538519881e-03	-1.2977647680839269027522894219476063e-01	5.8637496442961731200892032735327954e-06	2.0970955040509682611039906069600641e-03
3.3207439782352109811057320614987417e-03	-1.2138960411265490068145485086259477e-01	5.8596337300701045015184491339587560e-06	2.0963593761232211769645320651534477e-03
3.3229199751387081991162421340116059e-03	-1.1300557662816222836344644375854219e-01	5.8557965522808861694930525422742684e-06	2.0956728670758818864881097825884244e-03
3.3249409692097512436185599464657883e-03	-1.0462419610991285954364848036165276e-01	5.8522372068511503045136937093197213e-06	2.0950358638641077913607437084968825e-03
3.3268068658004366328125410015243080e-03	-9.6245264748512140549545689982110503e-02	5.8489548563248301261153731919264399e-06	2.0944482617177478777157206628256154e-03
3.3285175775775036106338148079432966e-03	-8.7868585137165202461339602928004782e-02	5.8459487294084544993493090341232222e-06	2.0939099640965278051298499732256984e-03
3.3300730245141448782712054384877375e-03	-7.9493960238841658381896541601821367e-02	5.8432181205494315776999709943600869e-06	2.0934208826488203044049354226313543e-03
3.3314731338825084999090739862174267e-03	-7.1121193353598100452400804858563659e-02	5.8407623895509072946550969711215314e-06	2.0929809371739673990499806948325959e-03
3.3327178402468886938661168069007885e-03	-6.2750088086044251772953357579389043e-02	5.8385809612228212236844606430261067e-06	2.0925900555881239079987875732406978e-03
3.3338070854576034329734784427699032e-03	-5.4380448312938744734954512128919877e-02	5.8366733250688184534068417087362189e-06	2.0922481738935945894816427207240744e-03
3.3347408186455569893851448672795508e-03	-4.6012078150900602084603959476451161e-02	5.8350390350087117279990971291901374e-06	2.0919552361516401520198177862671449e-03
3.3355189962174857691786421809439267e-03	-3.7644781924222590451888088009424926e-02	5.8336777091362232380319485900772746e-06	2.0917111944587301920581468892630708e-03
3.3361415818518859912189609244370683e-03	-2.9278364132772698219455111024468067e-02	5.8325890295117701684757243401385972e-06	2.0915160089262239225615190592762817e-03
3.3366085464956219729570997891589294e-03	-2.0912629419970060578299757605204312e-02	5.8317727419900924722661114087543096e-06	2.0913696476634623366876769253284771e-03
3.3369198683612139932494245153328394e-03	-1.2547382540821714514939883727699639e-02	5.8312286560825553924237141374163363e-06	2.0912720867642582090748823227704839e-03
3.3370755329248049090470696875754322e-03	-4.1824283300066153759470309025027517e-03	5.8309566448539930554764579021024929e-06	2.0912233102967730779712576378225352e-03
3.3370755329248049090470696875754322e-03	4.1824283300066153759470309025027517e-03	5.8309566448539930554764579021024929e-06	2.0912233102967730779712576378225352e-03
3.3369198683612139932494245153328394e-03	1.2547382540821714514939883727699639e-02	5.8312286560825553924237141374163363e-06	2.0912720867642582090748823227704839e-03
3.3366085464956219729570997891589294e-03	2.0912629419970060578299757605204312e-02	5.8317727419900924722661114087543096e-06	2.0913696476634623366876769253284771e-03
3.3361415818518859912189609244370683e-03	2.9278364132772698219455111024468067e-02	5.8325890295117701684757243401385972e-06	2.0915160089262239225615190592762817e-03
3.3355189962174857691786421809439267e-03	3.7644781924222590451888088009424926e-02	5.8336777091362232380319485900772746e-06	2.0917111944587301920581468892630708e-03
3.3347408186455569893851448672795508e-03	4.6012078150900602084603959476451161e-02	5.8350390350087117279990971291901374e-06	2.0919552361516401520198177862671449e-03
3.3338070854576034329734784427699032e-03	5.4380448312938744734954512128919877e-02	5.8366733250688184534068417087362189e-06	2.0922481738935945894816427207240744e-03
3.3327178402468886938661168069007885e-03	6.2750088086044251772953357579389043e-02	5.8385809612228212236844606430261067e-06	2.0925900555881239079987875732406978e-03
3.3314731338825084999090739862174267e-03	7.1121193353598100452400804858563659e-02	5.8407623895509072946550969711215314e-06	2.0929809371739673990499806948325959e-03
3.3300730245141448782712054384877375e-03	7.9493960238841658381896541601821367e-02	5.8432181205494315776999709943600869e-06	2.0934208826488203044049354226313543e-03
3.3285175775775036106338148079432966e-03	8.7868585137165202461339602928004782e-02	5.8459487294084544993493090341232222e-06	2.0939099640965278051298499732256984e-03
3.3268068658004366328125410015243080e-03	9.6245264748512140549545689982110503e-02	5.8489548563248301261153731919264399e-06	2.0944482617177478777157206628256154e-03
3.3249409692097512436185599464657883e-03	1.0462419610991285954364848036165276e-01	5.8522372068511503045136937093197213e-06	2.0950358638641077913607437084968825e-03
3.3229199751387081991162421340116059e-03	1.1300557662816222836344644375854219e-01	5.8557965522808861694930525422742684e-06	2.0956728670758818864881097825884244e-03
3.3207439782352109811057320614987417e-03	1.2138960411265490068145485086259477e-01	5.8596337300701045015184491339587560e-06	2.0963593761232211769645320651534477e-03
3.3184130804706887427890687538519881e-03	1.2977647680839269027522894219476063e-01	5.8637496442961731200892032735327954e-06	2.0970955040509682611039906069600641e-03
3.3159273911496756503066492370437799e-03	1.3816639342917843177140097558376972e-01	5.8681452661539068475801534864199796e-06	2.0978813722270940133748767429165041e-03
3.3132870269200895562979981026481213e-03	1.4655955319101089148577033342716540e-01	5.8728216344896436214428938622241896e-06	2.0987171103947955638427773927038886e-03
3.3104921117842131609898010367662534e-03	1.5495615584569545724209985398118502e-01	5.8777798563737791360304704773130880e-06	2.0996028567282981599359110465324190e-03
3.3075427771103810376899109654364959e-03	1.6335640171468551269224453389053644e-01	5.8830211077123280203483551503832458e-06	2.1005387578924066493791187528898190e-03
3.3044391616453761231156977750803624e-03	1.7176049172316959099738544175411590e-01	5.8885466338981200694706700401264383e-06	2.1015249691058555284805310757192281e-03
3.3011814115275394988582437771744606e-03	1.8016862743441960501771522765667955e-01	5.8943577505022815117787920519530393e-06	2.1025616542085097708686514786857213e-03
3.2977696803005975186326195248741589e-03	1.8858101108441566666741570835007120e-01	5.9004558440066937803254201368200465e-06	2.1036489857324719928929616160891338e-03
3.2942041289282105669436929542651275e-03	1.9699784561676323711345732737685849e-01	5.9068423725781658355731549770012197e-06	2.1047871449771549279846351229127122e-03
3.2904849258092479685644483088697674e-03	2.0541933471791859234027071143280218e-01	5.9135188668851008320743501843971925e-06	2.1059763220883816782420888045988418e-03
3.2866122467937938049405607491469864e-03	2.1384568285273884559731078766632683e-01	5.9204869309574839096006229298748093e-06	2.1072167161415797924361899467607577e-03
3.2825862751998886334652429394179882e-03	2.2227709530037303974322034482334572e-01	5.9277482430910651989179445366370447e-06	2.1085085352291388907710207332012182e-03
3.2784072018310123486799186236028376e-03	2.3071377819051110887032631776599647e-01	5.9353045567966608460269067610810689e-06	2.1098519965520053235204806179562682e-03
3.2740752249943136710205693487988908e-03	2.3915593854000781023030654871844637e-01	5.9431577017955450617142806467261194e-06	2.1112473265155912187162712962768926e-03
3.2695905505195919989220557006104394e-03	2.4760378428989904480270574906255348e-01	5.9513095850619579846532200691043469e-06	2.1126947608300792492244018717409196e-03
3.2649533917790376140928905215126906e-03	2.5605752434282831829299310286033500e-01	5.9597621919138075987324022892376309e-06	2.1141945446152085378717516044304606e-03
3.2601639697077364877647656429881504e-03	2.6451736860090144438116595945210893e-01	5.9685175871526991654431890685793674e-06	2.1157469325096313270627555874023728e-03
3.2552225128249461978931356512614093e-03	2.7298352800398795915629724003325038e-01	5.9775779162544827208848098271513956e-06	2.1173521887849343730995926511233897e-03
3.2501292572561497338307159470728952e-03	2.8145621456848810038436621096860054e-01	5.9869454066115682496278580499440175e-06	2.1190105874644234919925701871189935e-03
3.2448844467558942361133251049910044e-03	2.8993564142658460811144550369706667e-01	5.9966223688283192944479568899301710e-06	2.1207224124467742900064895339528229e-03
3.2394883327314219948909127280207499e-03	2.9842202286599902467601421330204123e-01	6.0066111980708991070204366666800986e-06	2.1224879576346568659167963966409316e-03
3.2339411742671013114153037077741057e-03	3.0691557437027261309715486047040469e-01	6.0169143754730091106602670018700572e-06	2.1243075270684471806445338803625692e-03
3.2282432381496651130754974493725170e-03	3.1541651265959247365545028001627814e-01	6.0275344695990275584319439128810131e-06	2.1261814350651428616335452973629556e-03
3.2223947988942655039728144554927576e-03	3.2392505573218391995913041570910914e-01	6.0384741379661269608541357279431750e-06	2.1281100063626064524124786293538901e-03
3.2163961387713527301798007118678732e-03	3.3244142290629067859231459686654357e-01	6.0497361286270222658513095407663871e-06	2.1300935762692645410075646000318804e-03
3.2102475478343873418634033666983868e-03	3.4096583486276500131375891036585800e-01	6.0613232818150780452794770355231978e-06	2.1321324908193968133955925237781456e-03
3.2039493239483946436164685133913671e-03	3.4949851368829032648950823600069797e-01	6.0732385316535822302696122511481464e-06	2.1342271069341548895849053276342368e-03
3.1975017728193708398815003448531073e-03	3.5803968291925969781660160835170262e-01	6.0854849079310764025048370484533661e-06	2.1363777925884568202041118056088794e-03
3.1909052080245506045240983301599067e-03	3.6658956758633374428382226985810440e-01	6.0980655379447184592855478140388564e-06	2.1385849269839093611515445280948372e-03
3.1841599510435461326859822931689021e-03	3.7514839425970264661868748511783945e-01	6.1109836484137428044478117024667786e-06	2.1408489007279166138979940604507395e-03
3.1772663312903680692930243979283602e-03	3.8371639109507716313168225812444925e-01	6.1242425674651762617249177916381138e-06	2.1431701160191403309512751772274140e-03
3.1702246861463390522952058488737134e-03	3.9229378788043446288053978143370183e-01	6.1378457266940648586211635753189978e-06	2.1455489868394841518502919236413830e-03
3.1630353609939109601652702321821619e-03	4.0088081608354521747997268213620311e-01	6.1517966633005676943469077383625553e-06	2.1479859391527812675136250157668650e-03
3.1556987092513973126832489566300485e-03	4.0947770890030913576832665746996939e-01	6.1660990223063795029379766952517474e-06	2.1504814111103725231013312197393840e-03
3.1482150924086326418974658506915973e-03	4.1808470130392688905923987895996769e-01	6.1807565588530534821747128047344224e-06	2.1530358532637697756959520344523872e-03
3.1405848800635710267023274926636796e-03	4.2670203009493717005775296574411715e-01	6.1957731405849107226085051254031799e-06	2.1556497287846074377048348196962340e-03
3.1328084499598363700436726768970498e-03	4.3532993395214845697063020614761456e-01	6.2111527501193423944115859877216590e-06	2.1583235136920935753046529642858183e-03
3.1248861880252373926999686599037416e-03	4.4396865348449591721716786043337609e-01	6.2268994876074360024622874681011688e-06	2.1610576970881807096464743130539716e-03
3.1168184884112607222508096336499768e-03	4.5261843128385478384298404025620932e-01	6.2430175733879877865733598826848760e-06	2.1638527814006856039000628049671556e-03
3.1086057535335558706044971948657418e-03	4.6127951197884247371837980260660540e-01	6.2595113507381000244508556522858075e-06	2.1667092826345968294006177718490182e-03
3.1002483941134263186989607996862741e-03	4.6995214228964269140128545818390707e-01	6.2763852887237049070957812425305301e-06	2.1696277306318188079602602033936482e-03
3.0917468292203413631140260755517358e-03	4.7863657108388577777611753948528601e-01	6.2936439851535061351320372738432157e-06	2.1726086693396113445949923986329398e-03
3.0831014863154838267519544166137187e-03	4.8733304943362061993878654952449451e-01	6.3112921696399857842438989840454300e-06	2.1756526570879944163133591469671204e-03
3.0743128012963491948866162058082599e-03	4.9604183067341454006478333676240300e-01	6.3293347067712876831116991272709822e-06	2.1787602668763991901388909135160673e-03
3.0653812185424122091951644246806323e-03	5.0476317045961872804190924555612967e-01	6.3477765993979599341163954861219553e-06	2.1819320866698579302898085680734340e-03
3.0563071909618774363321278797717630e-03	5.1349732683083797743681251034992294e-01	6.3666229920387187047939856704498828e-06	2.1851687197050376447542456017639553e-03
3.0470911800395308246646598868774027e-03	5.2224456026964472896001405154014234e-01	6.3858791744095834701741531977266012e-06	2.1884707848064350410331354142084960e-03
3.0377336558857097734580410569220543e-03	5.3100513376557872216789590830849266e-01	6.4055505850809309623973225053586062e-06	2.1918389167130636366297277504694049e-03
3.0282350972864097636006657086577534e-03	5.3977931287947490697367440796183450e-01	6.4256428152672216817774947823319916e-06	2.1952737664159777304817248353545170e-03
3.0185959917545461384262198671539925e-03	5.4856736580916367403143399809574825e-01	6.4461616127543694697297636689203247e-06	2.1987760015069924170710420209885241e-03
3.0088168355823901778874859376933736e-03	5.5736956345658892973034872280651743e-01	6.4671128859699518971758865568659426e-06	2.2023463065389739471905038540915600e-03
2.9988981338951991798434208767161019e-03	5.6618617949639107004339511437107542e-01	6.4885027082016976742222109642491004e-06	2.2059853833980905418546981296684333e-03
2.9888404007060608491444865874669894e-03	5.7501749044600350060724525555345425e-01	6.5103373219699375659211581026364813e-06	2.2096939516884302840574521498523106e-03
2.9786441589719728991708183102330485e-03	5.8386377573731301110443228252020569e-01	6.5326231435599680708224298755075531e-06	2.2134727491294099844479242450191179e-03
2.9683099406511793921495510230018073e-03	5.9272531778993604336610176103186625e-01	6.5553667677205530905859927659288926e-06	2.2173225319664169810970959908164564e-03
2.9578382867617859846342735812205262e-03	6.0160240208616469786726995646232692e-01	6.5785749725350787404526579442737545e-06	2.2212440753951447321958385085619426e-03
2.9472297474416769036821740239613125e-03	6.1049531724763820587217877597923480e-01	6.6022547244721811185736642629009597e-06	2.2252381740001028380109163596534799e-03
2.9364848820097571582536187853748405e-03	6.1940435511379755801277760482024753e-01	6.6264131836229871134071903054461826e-06	2.2293056422078028315327496428251112e-03
2.9256042590285441899563739234309642e-03	6.2832981082218302834888488476798030e-01	6.6510577091324450819019552797360186e-06	2.2334473147551427555091874735613021e-03
2.9145884563681338882667100855420694e-03	6.3727198289063646996834015767329204e-01	6.6761958648325764329377774130827575e-06	2.2376640471735362494032898245757636e-03
2.9034380612715666386207033723208558e-03	6.4623117330147248815941430742173304e-01	6.7018354250858518169510551365463053e-06	2.2419567162893556587577750468628958e-03
2.8921536704216198381554979735695794e-03	6.5520768758768492457442136853560585e-01	6.7279843808472878350545029878776902e-06	2.2463262207412836103000737541576225e-03
2.8807358900090541043041410594032266e-03	6.6420183492125751529352066278771067e-01	6.7546509459542730897450895955551463e-06	2.2507734815151936311886713768157544e-03
2.8691853358023412168603855904837418e-03	6.7321392820365012223836219085423265e-01	6.7818435636535672290902161910201433e-06	2.2552994424972077961258985105460037e-03
2.8575026332189026755246585137713665e-03	6.8224428415853458619577792202378203e-01	6.8095709133753746910593535808493690e-06	2.2599050710456081316670365641220822e-03
2.8456884173978886233559067734649317e-03	6.9129322342685701629988333629028525e-01	6.8378419177648775233911622875583809e-06	2.2645913585823086672077819023131032e-03
2.8337433332745277830687893980923589e-03	7.0036107066430622100045100403819965e-01	6.8666657499821204170810641207282475e-06	2.2693593212046266756273762629374552e-03
2.8216680356560799788623739544556330e-03	7.0944815464127100545468491815501708e-01	6.8960518412816775258663834846238168e-06	2.2742100003181248770313455897169912e-03
2.8094631892994237726264447820069850e-03	7.1855480834537221640167820108794095e-01	6.9260098888840964322445576884056126e-06	2.2791444632913312752632617660791608e-03
2.7971294689903127311793007546354908e-03	7.2768136908665871476300587672014539e-01	6.9565498641517115570944917903747636e-06	2.2841638041331799531364559075428384e-03
2.7846675596243348619370653726283817e-03	7.3682817860555990569700771413557802e-01	6.9876820210820493098280367384825673e-06	2.2892691441940546688575928809498617e-03
2.7720781562896108094485087586667907e-03	7.4599558318369106326940496428827020e-01	7.0194169051327123834044584068161512e-06	2.2944616328913575793486151403300246e-03
2.7593619643512674959626301466806717e-03	7.5518393375761146037917133335094702e-01	7.0517653623923329965518590784023689e-06	2.2997424484605679793214410453760150e-03
2.7465196995377250171054535515508242e-03	7.6439358603563926265321826538534885e-01	7.0847385491129269063559486633657108e-06	2.3051127987328007084136549319656328e-03
2.7335520880288357703730226483255361e-03	7.7362490061783127675036836462970442e-01	7.1183479416197641504883303123188252e-06	2.3105739219399209705419225131496084e-03
2.7204598665459160011171604994043406e-03	7.8287824311923996847677384798484374e-01	7.1526053466157013945833444048052761e-06	2.3161270875483218661989079028221993e-03
2.7072437824437111997031128390814286e-03	7.9215398429656469445656472596655339e-01	7.1875229118977973068372154132325803e-06	2.3217735971225231048549426798125198e-03
2.6939045938043380763279546828482364e-03	8.0145250017831883356745462474066713e-01	7.2231131375049596084744029053599849e-06	2.3275147852198042955211593773438596e-03
2.6804430695332471784644931273203391e-03	8.1077417219863947232397815725804578e-01	7.2593888873163536197259533498609400e-06	2.3333520203171440736038653776295308e-03
2.6668599894572516019854813874048086e-03	8.2011938733487150393391740696135390e-01	7.2963634011213407320955673756102756e-06	2.3392867057717972870014502943500419e-03
2.6531561444246686827695425623021532e-03	8.2948853824906345665443881567101700e-01	7.3340503071828150338521821112234487e-06	2.3453202808169067211756253784306893e-03
2.6393323364076230431348731927466987e-03	8.3888202343351808689508341066905669e-01	7.3724636353169713104093479315811577e-06	2.3514542215936135913670914720579812e-03
2.6253893786065609090359549096338152e-03	8.4830024736054677064180091647933734e-01	7.4116178305137721377534326689791015e-06	2.3576900422212024833249494684210149e-03
2.6113280955570272119491936175508811e-03	8.5774362063658301847721307964009639e-01	7.4515277671236904011475222719508623e-06	2.3640292959068918093760918561145670e-03
2.5971493232387586462395218417099235e-03	8.6721256016081704095518457141189292e-01	7.4922087636376912561346741201121908e-06	2.3704735760969604073348761100216816e-03
2.5828539091871475711388644071085542e-03	8.7670748928852021956507479844240133e-01	7.5336765980888896219143185325712793e-06	2.3770245176709849052222330299182647e-03
2.5684427126071334290067341437216219e-03	8.8622883799923561227872713843184548e-01	7.5759475241058814696503901507689554e-06	2.3836837981810511824726670532452934e-03
2.5539166044895802011487185697094446e-03	8.9577704307001826114492293916227941e-01	7.6190382876494055768981941934418061e-06	2.3904531391378969749233555166305937e-03
2.5392764677302003421516538418829316e-03	9.0535254825391709324265762366570159e-01	7.6629661444657536610156892872529128e-06	2.3973343073460417137520643292415649e-03
2.5245231972510876266204821661234646e-03	9.1495580446389863750038291324281052e-01	7.7077488782922179739963203682410833e-06	2.4043291162900643972801546953632154e-03
2.5096577001249234116999525427750242e-03	9.2458726996242164181318266220247397e-01	7.7534048198518541725032379658470507e-06	2.4114394275743010327921013792134085e-03
2.4946808957019229683359745209059746e-03	9.3424741055688099242888670408771988e-01	7.7999528666769517876985366557294034e-06	2.4186671524183503427034274607821546e-03
2.4795937157395907675609870415490271e-03	9.4393669980114913722522593467752364e-01	7.8474125038028537600951140274326841e-06	2.4260142532109004228665750138294148e-03
2.4643971045353559290533098751127977e-03	9.5365561920345352448961000893650404e-01	7.8958038253761598113758377306490561e-06	2.4334827451245203179360397905150092e-03
2.4490920190621614519055451344298814e-03	9.6340465844083941922069230844741604e-01	7.9451475572238961782387903346737421e-06	2.4410746977941995193640230205667999e-03
2.4336794291070833562427507419096616e-03	9.7318431558047888186457918089659053e-01	7.9954650804329475206944376184598073e-06	2.4487922370625657106441649874735464e-03
2.4181603174130584735891488015333432e-03	9.8299509730809872398028539697837362e-01	8.0467784559919376036369686449294333e-06	2.4566375467948672345889511990995245e-03
2.4025356798238023384692065092036710e-03	9.9283751916381292809211415726987080e-01	8.0991104505508265534896631053436101e-06	2.4646128707669723323477099112818063e-03
2.3868065254320014586814941128335161e-03	1.0027121057856583738858238138803202e+00	8.1524845633567780645961411277495119e-06	2.4727205146298128414137280332114679e-03
2.3709738767308671823140772607033801e-03	1.0126193911611467915410662166911943e+00	8.2069250544283549527110751788735008e-06	2.4809628479538864257581800994488776e-03
2.3550387697691414414835966693036202e-03	1.0225599188871607098097238998289435e+00	8.2624569740338422314524762480575047e-06	2.4893423063576292830020751100550752e-03
2.3390022543096478418931628416526122e-03	1.0325342424385368289539529537251397e+00	8.3191061935434910630824025347637113e-06	2.4978613937236814248465493083925669e-03
2.3228653939914848898641602389450534e-03	1.0425429254456967776485836241786559e+00	8.3768994377297436033981874522839357e-06	2.5065226845072899122878775100375913e-03
2.3066292664959616111032784500280750e-03	1.0525865419817026627770764893821271e+00	8.4358643185940586037376560452125450e-06	2.5153288261413327668424613446317795e-03
2.2902949637163794250921463633268121e-03	1.0626656768591332498776389819754981e+00	8.4960293708038330631120261755997362e-06	2.5242825415426986650254576028963552e-03
2.2738635919317679030047978522993417e-03	1.0727809259371960821157803882453112e+00	8.5574240888281305406888448062027777e-06	2.5333866317250260252368909424060321e-03
2.2573362719846859632639783462790734e-03	1.0829328964395114238048704133068051e+00	8.6200789658665083061845797406745149e-06	2.5426439785230908679145694854166137e-03
2.2407141394632041554889843072988619e-03	1.0931222072830256721961269873927418e+00	8.6840255346712119401858884462942236e-06	2.5520575474344371168630598289619695e-03
2.2239983448871879593948058430058090e-03	1.1033494894185348952207517542894301e+00	8.7492964103694083799397161648182226e-06	2.5616303905841671572644963414997634e-03
2.2071900538990064894176924750622166e-03	1.1136153861833235053902247708343405e+00	8.8159253353989905179554389401898148e-06	2.5713656498191559276466159287766127e-03
2.1902904474587956582563618138402923e-03	1.1239205536664488594928890825790639e+00	8.8839472266788450334942598769797079e-06	2.5812665599383201706918383335082689e-03
2.1733007220444097235057729265556039e-03	1.1342656610872298749518147028003070e+00	8.9533982251423701393529805539947927e-06	2.5913364520659674014695435734758100e-03
2.1562220898562002321204508990926359e-03	1.1446513911875266786925614858778269e+00	9.0243157477715048749785844982419908e-06	2.6015787571756685118739278299373836e-03
2.1390557790267666992419711491305884e-03	1.1550784406384289627335702568969093e+00	9.0967385422776338813180288361900332e-06	2.6119970097725457100388307842645799e-03
2.1218030338358289233377899344202732e-03	1.1655475204620032303807686697652651e+00	9.1707067445855129362417960743721176e-06	2.6225948517423458534145229339053541e-03
2.1044651149303766617650303603674755e-03	1.1760593564687836048039160695844351e+00	9.2462619392868772908253891917446707e-06	2.6333760363761805163840423356014862e-03
2.0870432995502584837465845399388309e-03	1.1866146897117274745776421846616008e+00	9.3234472232417085677893806698771109e-06	2.6443444325803608792580886135485004e-03
2.0695388817593779961532984354527383e-03	1.1972142769573961157605843692811989e+00	9.4023072725173138856765195776269926e-06	2.6555040292813404944759035640719131e-03
2.0519531726826723171839859649971481e-03	1.2078588911751617160414320344300518e+00	9.4828884128684864316574014105883807e-06	2.6668589400364051754198721947543777e-03
2.0342875007490546707837330277965319e-03	1.2185493220452861046829732141123123e+00	9.5652386939761502891055562470322905e-06	2.6784134078614199219506463410925529e-03
2.0165432119405103082717724988763204e-03	1.2292863764867631473211373433344016e+00	9.6494079676771318989398293998041632e-06	2.6901718102876614890856553697461280e-03
1.9987216700475426521444924440543432e-03	1.2400708792058663967950385709071265e+00	9.7354479704341424473446208582291978e-06	2.7021386646605357792756410841358941e-03
1.9808242569311746205923033074564261e-03	1.2509036732663964158725956840890021e+00	9.8234124103128053388022637461628892e-06	2.7143186336938058967276347021477967e-03
1.9628523727917185514615926319193107e-03	1.2617856206826784383205680928161013e+00	9.9133570587517365799289780704247205e-06	2.7267165312938440243723720532564762e-03
1.9448074364445370241688074544050579e-03	1.2727176030364209637086285491075280e+00	1.0005339847432410535898886048038104e-05	2.7393373286693732659499175820850705e-03
1.9266908856030262019269793679561050e-03	1.2837005221186097619725625142789557e+00	1.0099420970577958830661440672975549e-05	2.7521861607431896897180514548358368e-03
1.9085041771690631107157093904263878e-03	1.2947353005976798922247750608221664e+00	1.0195662993034309735086046813650344e-05	2.7652683328834559717723912277676873e-03
1.8902487875311685636249423394975787e-03	1.3058228827152810376300539718961183e+00	1.0294130964513348213065181339033760e-05	2.7785893279733427751522764212197742e-03
1.8719262128706482593492985119841166e-03	1.3169642350110290726329053174968320e+00	1.0394892540406248954333473219814301e-05	2.7921548138390694357398472420383904e-03
1.8535379694759859635769707568765378e-03	1.3281603470777196885007015805204028e+00	1.0498018109606011278110443821069416e-05	2.8059706510577694512010617791613256e-03
1.8350855940657746558947404500204191e-03	1.3394122323485685187368802094112312e+00	1.0603580929811731913320373004963689e-05	2.8200429011680872226825953007495120e-03
1.8165706441204841290985818253734093e-03	1.3507209289181369738837134848059084e+00	1.0711657270823539004807078026845197e-05	2.8343778353080098407945865980958492e-03
1.7979946982233768015184132596273478e-03	1.3620875003987044012583526295925200e+00	1.0822326566376654074863705504423686e-05	2.8489819433061617072715910324026526e-03
1.7793593564108974879844831207919041e-03	1.3735130368139557579814382857657390e+00	1.0935671575106053061836526599168025e-05	2.8638619432546517182641063385335239e-03
1.7606662405328776162439326382370181e-03	1.3849986555319703012862487604973906e+00	1.1051778551280000480076817429433257e-05	2.8790247915935749968728058516154110e-03
1.7419169946229099211014070355310701e-03	1.3965455022396214865495145715690977e+00	1.1170737425991706062499441253765499e-05	2.8944776937394473811069743645169489e-03
1.7231132852792660499579928291185362e-03	1.4081547519606320059791982021225344e+00	1.1292641999553915460071746155082483e-05	2.9102281152922060523171410110048313e-03
1.7042568020567468262313399993524109e-03	1.4198276101196714476434851987599758e+00	1.1417590145901855662541842655255673e-05	2.9262837938579603578599321817290666e-03
1.6853492578698732009729989260293457e-03	1.4315653136550382231784406788856112e+00	1.1545684029876122702199067970956207e-05	2.9426527515274412671105714392148326e-03
1.6663923894078452419677547468594653e-03	1.4433691321826330973183202053711425e+00	1.1677030338329391975160836036003448e-05	2.9593433080530961181436340500692448e-03
1.6473879575617169326942840892428024e-03	1.4552403692141098321797184113959593e+00	1.1811740526079882373565474951175945e-05	2.9763640947710295849663182959652974e-03
1.6283377478642561550377673307071610e-03	1.4671803634322802062991518622070257e+00	1.1949931077821018663542967751782837e-05	2.9937240693175266918714599286710219e-03
1.6092435709429820896273025824196504e-03	1.4791904900270571584735274158730858e+00	1.2091723787191497563691841284625486e-05	3.0114325311937364139206166679338048e-03
1.5901072629868964724490173080315786e-03	1.4912721620954423296730081691821944e+00	1.2237246054313848514392508359277887e-05	3.0294991382362750528335093939830331e-03
1.5709306862274507891131658806754337e-03	1.5034268321093042497637404988967407e+00	1.2386631203223569910825845434721284e-05	3.0479339240560605664358188984825401e-03
1.5517157294343186694257513010141727e-03	1.5156559934549523973420992935287775e+00	1.2540018820736111599531624616368342e-05	3.0667473165126494304539272848917523e-03
1.5324643084265715734450964345687608e-03	1.5279611820487920648184952227062574e+00	1.2697555118436592110626010014717339e-05	3.0859501572967576147605987684926442e-03
1.5131783665998864535653570453979258e-03	1.5403439780336472749544620808607298e+00	1.2859393319628560505459410806694399e-05	3.1055537226995526754304915676180893e-03
1.4938598754704465626180357174923865e-03	1.5528060075606660006933903420808825e+00	1.3025694073244882406963528803575645e-05	3.1255697456537558070716036134699971e-03
1.4745108352362310933624948309928659e-03	1.5653489446620759341026579624108881e+00	1.3196625896907683376380379234174810e-05	3.1460104391386478193678011145802406e-03
1.4551332753564260294790820043484595e-03	1.5779745132204425695771604607841862e+00	1.3372365651527172965473232989466485e-05	3.1668885210487948337543184333807346e-03
1.4357292551497276244110895272578144e-03	1.5906844890404972163711519855246677e+00	1.3553099050053298987285184987771285e-05	3.1882172406347689019156343333267630e-03
1.4163008644123514781730078131514168e-03	1.6034807020300538410382255495783987e+00	1.3739021203242024359232651795051359e-05	3.2100104066334149730453842473253501e-03
1.3968502240566044448810481599349004e-03	1.6163650384970238019278895321657380e+00	1.3930337205572379330434308135999563e-05	3.2322824172153974068730472842958555e-03
1.3773794867709237833839388533683649e-03	1.6293394435700703917713322984699942e+00	1.4127262764754487034244448363150178e-05	3.2550482918889460013198143122847289e-03
1.3578908377023382865559844920858494e-03	1.6424059237510248883597971207821571e+00	1.4330024878606075613602917674229646e-05	3.2783237055110248992314468271059402e-03
1.3383864951623598384632026278611720e-03	1.6555665496078172385105186532043019e+00	1.4538862563449640373503798737135983e-05	3.3021250245706931880617067294550131e-03
1.3188687113573712220275541646809471e-03	1.6688234586173628103201703032903861e+00	1.4754027638599018813268775375873708e-05	3.3264693459243546345734989460400860e-03
1.2993397731446373270028622984786116e-03	1.6821788581685976857659205889733512e+00	1.4975785571967935470721703586176201e-05	3.3513745381790647926930257927230748e-03
1.2798020028151325103350888160281367e-03	1.6956350287366752482245951312755120e+00	1.5204416392350033823779256888664910e-05	3.3768592859382560381688269825824927e-03
1.2602577589044470897735211790828543e-03	1.7091943272402336282292113175452141e+00	1.5440215674496847093849715382407631e-05	3.4029431371443575142880886666405441e-03
1.2407094370331111917835738799011872e-03	1.7228591905946250485822136602873908e+00	1.5683495603764842008711006911689163e-05	3.4296465537750566873257008477578731e-03
1.2211594707777548482428800125455556e-03	1.7366321394750733753938054960975886e+00	1.5934586127823988450163703213796986e-05	3.4569909661746318027631273293482702e-03
1.2016103325746098059865088919371639e-03	1.7505157823049054594486067608975672e+00	1.6193836203728444228958566608092047e-05	3.4849988313291744883308510916601283e-03
1.1820645346569514875074756962824100e-03	1.7645128194852966230057816889603032e+00	1.6461615149556576939970199941475537e-05	3.5136936954249536275045561905479506e-03
1.1625246300281794792279513766173165e-03	1.7786260478843938189106661336938555e+00	1.6738314110846093474851493126332677e-05	3.5431002610630260927354987140068581e-03
1.1429932134723424414152582188388703e-03	1.7928583656052460956903386839177789e+00	1.7024347653195957707474810936057859e-05	3.5732444595409107794122072962383762e-03
1.1234729226040291096666375113586951e-03	1.8072127770536974322208591880272031e+00	1.7320155493697855819422687843519124e-05	3.6041535286542047528569367094206614e-03
1.1039664389596718408645447691377989e-03	1.8216923983293002647368467980188120e+00	1.7626204385316784196355763920782700e-05	3.6358560965180002747959403308542492e-03
1.0844764891324437741361455964041260e-03	1.8363004629644100470544926016972540e+00	1.7942990169986684730677289700298414e-05	3.6683822719605072486067717219974318e-03
1.0650058459530760451490221911230029e-03	1.8510403280389456692524173245561671e+00	1.8271040018050523480562033412465555e-05	3.7017637421001408239571912338792285e-03
1.0455573297190786241990816627770779e-03	1.8659154807008744072608433905536063e+00	1.8610914873786840560213428192986945e-05	3.7360338777833530467056335578332933e-03
1.0261338094750183699177545945275603e-03	1.8809295451253338505948173312969228e+00	1.8963212129163875600797623383589343e-05	3.7712278476346542627961163717642114e-03
1.0067382043466920505183132228723754e-03	1.8960862899484717493966452289919876e+00	1.9328568550691367155876044437581543e-05	3.8073827415537190739272960396919375e-03
9.8737348493223177306782447176047774e-04	1.9113896362156076062548811999698763e+00	1.9707663487349829974301229783184474e-05	3.8445377045885140622268838553666318e-03
9.6804267475339702630305775811507856e-04	1.9268436658872424283672960909970834e+00	2.0101222391127004089218883517914314e-05	3.8827340822195381975752828270491970e-03
9.4874885177054311078793116480911773e-04	1.9424526309508172083739537614577327e+00	2.0510020685751030107083550888445162e-05	3.9220155782102928137230837469004374e-03
9.2949514996501203087090599826782805e-04	1.9582209631910058711889819308554104e+00	2.0934888023861805667969809693738550e-05	3.9624284263150434682551718615775738e-03
9.1028476099297111448932427537488851e-04	1.9741532846767929036924511035897934e+00	2.1376712978202655735352176343302127e-05	4.0040215772891857997003964834861837e-03
8.9112093591502912848267617540379052e-04	1.9902544190297082789964387597518076e+00	2.1836448218558198375864579496402356e-05	4.0468469028228660823089904683069435e-03
8.7200698700629218427654455487571507e-04	2.0065294035444632532246760957254831e+00	2.2315116233246473625865207303350912e-05	4.0909594182181926969832647807702141e-03
8.5294628965188533509065052536165964e-04	2.0229835022409549243879207173437440e+00	2.2813815662154748060705512629463432e-05	4.1364175258582284492026804068540219e-03
8.3394228433336389070414374655415221e-04	2.0396222199353064519670906926338904e+00	2.3333728317780231053224632225930801e-05	4.1832832817764679430059199261283633e-03
8.1499847871187500051124567399559663e-04	2.0564513174274244076898382402190368e+00	2.3876126981727585259375533351233541e-05	4.2316226879339733477995856342196857e-03
7.9611844981440936792469481601452664e-04	2.0734768279136487541896586964476698e+00	2.4442384076897864054292978109703653e-05	4.2815060131540209729964274959093369e-03
7.7730584633001002909037572153424956e-04	2.0907050747456355608248095200385361e+00	2.5033981330506342924312970128896978e-05	4.3330081460584096347212534774811635e-03
7.5856439102338559679220313586846043e-04	2.1081426906708712087737273718680374e+00	2.5652520560484403951532871920000488e-05	4.3862089838043004920149008839279916e-03
7.3989788327401565070631003681624139e-04	2.1257966387064313863234399378659418e+00	2.6299735738229778313582315818712889e-05	4.4411938609460787429446405233373734e-03
7.2131020174954335758475796412874744e-04	2.1436742348160763457184195347802803e+00	2.6977506504647211649414683464905612e-05	4.4980540233557704249343648195826232e-03
7.0280530722303327776828171556589887e-04	2.1617831725818782361861637196072311e+00	2.7687873344669175731104134221086075e-05	4.5568871528430115280994844930343122e-03
6.8438724554454021328538781567160432e-04	2.1801315500857351887241024512987735e+00	2.8433054658818289256365040756351756e-05	4.6177979489394753278281582489567276e-03
6.6606015077839884069415398179457051e-04	2.1987278992438477398063969406396006e+00	2.9215466009914984227613498279477092e-05	4.6808987752747441005594092942104283e-03
6.4782824851871635658806290890633833e-04	2.2175812178691192924703522631753569e+00	3.0037741870028761659445115617474338e-05	4.7463103790971399974294226208371245e-03
6.2969585939674598077849799302068474e-04	2.2367010047732126115781205912448432e+00	3.0902760248799827173147285887005072e-05	4.8141626938158943562490811764249000e-03
6.1166740279515471255944450957888585e-04	2.2560972982625086451331074568800818e+00	3.1813670651274744586027864251224330e-05	4.8845957359990676905209601133503064e-03
5.9374740078569369061514066078607384e-04	2.2757807184315038744336079269201181e+00	3.2773925893831881013167323978585530e-05	4.9577606101022968543729451650565796e-03
5.7594048230845649600393888628474837e-04	2.2957625137144899365259324754269735e+00	3.3787318403645245783408560794375748e-05	5.0338206363849724536031614763054426e-03
5.5825138761279613439359117669152325e-04	2.3160546122231850884744370099706639e+00	3.4858021744236450477826507219545265e-05	5.1129526200645618469102444935178966e-03
5.4068497298209606945987714634154008e-04	2.3366696784761510786291899461771014e+00	3.5990638251756766107984920664924742e-05	5.1953482828551944743586228163088493e-03
5.2324621576699070746822923018204330e-04	2.3576211762175466925803911787396929e+00	3.7190253839741376283035915583334202e-05	5.2812158817434869263420615359039867e-03
5.0594021975434868515281162688353490e-04	2.3789234381307486919699914380051201e+00	3.8462501241823186001549935085538477e-05	5.3707820443103432536171708660931160e-03
4.8877222090241839291414469888887134e-04	2.4005917433799359402898079897594615e+00	3.9813633222026644478479415361078179e-05	5.4642938552843679621315337698608658e-03
4.7174759347604884140042356505849239e-04	2.4226424040639807740445791528944980e+00	4.1250607603276338943830309369774913e-05	5.5620212355274843881368708987357436e-03
4.5487185661991095258679016867792323e-04	2.4450928618469974689597252159276112e+00	4.2781186362758427121943107176419453e-05	5.6642596625808853119365366928786945e-03
4.3815068141223900359535027286364975e-04	2.4679617962449748216172765282833649e+00	4.4414051538651361118271151279960622e-05	5.7713332915888251073692142264607018e-03
4.2158989844689037482340772489445680e-04	2.4912692463059636408101122731425891e+00	4.6158941313738635347407875006826472e-05	5.8835985473157955193841049060845162e-03
4.0519550599760560364666721816344470e-04	2.5150367477322243955519614010006358e+00	4.8026810423286045694271549343061995e-05	6.0014482726541649358146587015367896e-03
3.8897367882538703832223273330855330e-04	2.5392874878691077516911382737474651e+00	5.0030020024543891498173018991666656e-05	6.1253165372284640712116008386452685e-03
3.7293077769808161622617911141262272e-04	2.5640464814431834044722123188622933e+00	5.2182563426147291693564720547654222e-05	6.2556842324083247393545886538295619e-03
3.5707335970076921074419707943649655e-04	2.5893407704916358573385593203855433e+00	5.4500335691702041198223056351618097e-05	6.3930856075153478468870659537290388e-03
3.4140818942668960584755383945080917e-04	2.6151996526124414095796209262091799e+00	5.7001457216568304210815568203577918e-05	6.5381159379276560653916755492882020e-03
3.2594225115151761142388348871304148e-04	2.6416549425143083399191496708545516e+00	5.9706664084863818543830310154673505e-05	6.6914405613810492474276998947038627e-03
3.1068276210922516414282292948118239e-04	2.6687412729011273803928149601347650e+00	6.2639781557081453453822432395225728e-05	6.8538055770284645692446877026515247e-03
2.9563718700606032467379401614107135e-04	2.6964964420459915412489710531684984e+00	6.5828301711017945113583882932509844e-05	7.0260505767915678262790155223408190e-03
2.8081325393096446651978818684302446e-04	2.7249618170718515390739425597740692e+00	6.9304092470123938675733788155977069e-05	7.2091238757287630195264641537045002e-03
2.6621897184684738731431835997555514e-04	2.7541828040626038641808719382778376e+00	7.3104273582751632803230574945844000e-05	7.4041008351306109296180092425143420e-03
2.5186264987857193441189253644311542e-04	2.7842093988186669661953740897775458e+00	7.7272306388596314308364990551131908e-05	7.6122060393620323471464707160379396e-03
2.3775291865158066720789249125168646e-04	2.8150968355336444346534719675102425e+00	8.1859359615436562157734784495487167e-05	7.8348403098718192654151628766731174e-03
2.2389875398152703894795202298146276e-04	2.8469063551627568178282295525186176e+00	8.6926034727689095323153527580471919e-05	8.0736138382423283784566505962806194e-03
2.1030950327226790271208917068587180e-04	2.8797061211392286934843024151316766e+00	9.2544564066957801606494805652046217e-05	8.3303871247445146085028319765423144e-03
1.9699491505004619715586278356689385e-04	2.9135723178770238082327367985627697e+00	9.8801637033026289590056597764796782e-05	8.6073219633383147638586979323067560e-03
1.8396517214951139230559813984102221e-04	2.9485904778953445990050593048463935e+00	1.0580206970540813489728543370984053e-04	8.9069454828713087718127643499984765e-03
1.7123092917758282386978109664264416e-04	2.9848570974462238699610084810446090e+00	1.1367362064415270160107529129457083e-04	9.2322313337429880972980538805117403e-03
1.5880335502110455661608810089196026e-04	3.0224816197315706576371224038752632e+00	1.2257338434539866512242463080203852e-04	9.5867036458562148609685661179275374e-03
1.4669418134345237475942613521319216e-04	3.0615888913998352168100547485908999e+00	1.3269638670984893679484329287668577e-04	9.9745716032966022673471499048589834e-03
1.3491575824721471184377777185687172e-04	3.1023222353919582785972366807606523e+00	1.4428730105942672838700013227021584e-04	1.0400905739445929801582253242683761e-02
1.2348111858382162384010930777637317e-04	3.1448473365460800356462718799427666e+00	1.5765666071522656903737408108455791e-04	1.0871871923868261974548869142505007e-02
1.1240405279386315111940249772972838e-04	3.1893572137895372698544867510024944e+00	1.7320367093339643018638213845509795e-04	1.1395046425646093558250249995900361e-02
1.0169919670371216630536515581416720e-04	3.2360786672381937095468426704963467e+00	1.9144890514534108686797758644063848e-04	1.1979846970559118204622746863632611e-02
9.1382135444306658883091538781672592e-05	3.2852807613857684573703122398810960e+00	2.1308214419383585194578181926394644e-04	1.2638133077812886048513386538835745e-02
8.1469527686764240156732961114227550e-05	3.3372861726546987865677831717156389e+00	2.3903401021296636234552789166910495e-04	1.3385058995136752806807541740935807e-02
7.1979255847258265776216324445274523e-05	3.3924866530778802395667069402169182e+00	2.7058607380342690539435491995767563e-04	1.4240313123899896146297263083063099e-02
6.2930610024501649685183068292809514e-05	3.4513645532988221861364741591371456e+00	3.0954522401009388562112750832797065e-04	1.5229965868268239334919236278912201e-02
5.4344516566273118410867299623412142e-05	3.5145235151223924263994009961627099e+00	3.5852946131687695788015699443134381e-04	1.6389307047460552455688858461891586e-02
4.6243826944932852089970627211148458e-05	3.5827334905761018612867696120579938e+00	4.2145544273469850189093094901540813e-04	1.7767354771873609833395461433004731e-02
3.8653690167954824997891731442226716e-05	3.6569989973964996134357315320827415e+00	5.0441045237724932921113875015559463e-04	1.9434315605634561951539773292407098e-02
3.1602044318158883136398038525938828e-05	3.7386667734757588300120732991433021e+00	6.1730291867484308534271073708915768e-04	2.1494538466472624936930635167439081e-02
2.5120284034188756814670113283305126e-05	3.8296039196038683285160767581339097e+00	7.7721132423189469854699510370610757e-04	2.4110371948216894636981214325937177e-02
1.9244199183675497690621074343808184e-05	3.9325108035976036158181038413797274e+00	1.0157989647741419220646991186744244e-03	2.7549455148877358790183232333046781e-02
1.4015354484910549039076024234179027e-05	4.0515142831348240564312987044350140e+00	1.3977048614380295848511559354697493e-03	3.2287778690100643080099695025645017e-02
9.4832368764435871503203651148169852e-06	4.1934127712716554915247866524723009e+00	2.0738104846918612833563591160765392e-03	3.9264853518411577006425149119018996e-02
5.7088648395644340376781161000147161e-06	4.3706923214947035933904489659677689e+00	3.4751210399712768042141441652115931e-03	5.0642586159996876269027507262072771e-02
2.7715059866988144996859577739281131e-06	4.6106449204952646312210929650725924e+00	7.3530127444417630147163649985758722e-03	7.2835175595359346578282393798640513e-02
7.7849104767441241473589381715898431e-07	4.9969142839156720726455589805527044e+00	3.4922550242776126831977378078774820e-02	1.3963756014870819991397820260145305e-01
0.0000000000000000000000000000000000e+00	0.0000000000000000000000000000000000e+00	1.0099219184603633831866839966035159e-05	2.5611922637856851057945944990760921e-03