7.4579604455874940166279017392941581e-07	-5.0051943677695857633643809018094393e+00	3.4820796563336408751020830597963128e-02	1.3942837696531173658291984131307076e-01
2.6558792405975775260179617554737552e-06	-4.6195233498159846304678333182413380e+00	7.3290952957593930467864134965387686e-03	7.2715907163380056315196879284514065e-02
5.4719915567252111339335634758917696e-06	-4.3799761531588001688446355911355862e+00	3.4629691893025230639444151024089897e-03	5.0553701923545089789286380338542266e-02
9.0915996922006082576809249405125540e-06	-4.2030160061314887982202534778898086e+00	2.0661335690276666370778430023402186e-03	3.9191979593295240148065394608297741e-02
1.3438962467775664201590030822201701e-05	-4.0613868524483838833096027447546363e+00	1.3922786690885246003993438789942040e-03	3.2224967666751727092121356009861775e-02
1.8455771897688304940745477815909785e-05	-3.9426194798936682862074147899793720e+00	1.0116897119017555646514337766385519e-03	2.7493626201518980644854370224537845e-02
2.4094736593055421174816504496081039e-05	-3.8399248400143874171740245316086837e+00	7.7395044433735250278442706680479520e-04	2.4059705972757446719528818415527887e-02
3.0316133847097072202376714042009863e-05	-3.7491818666497798308512257861159730e+00	6.1462635509345070027187420260718412e-04	2.1447864108806233642405186029947153e-02
3.7085758215087568507790204892146608e-05	-3.6676940455754605536893754139169811e+00	5.0215666163695866608466035951215742e-04	1.9390830454056013757114175269942827e-02
4.4373603504228441048378865352799217e-05	-3.5935969812940618349478870865216088e+00	4.1951934030070299562650517797844241e-04	1.7726482982868669488799409834478211e-02
5.2152966002783158904669675146859161e-05	-3.5255459146193365507118286991303297e+00	3.5683934989136168655708309127902950e-04	1.6350620108516847747692545373407263e-02
6.0399806785723840083810461927234137e-05	-3.4625378228211059295909158676421151e+00	3.0805028262106680862126207100972798e-04	1.5193135487818668384890453907674926e-02
6.9092282102859214579515558716984760e-05	-3.4038039135581940690133973185285757e+00	2.6924913554237775912840720656410043e-04	1.4205081714835610735648642209100634e-02
7.8210387577723817368379599908798188e-05	-3.3487414644303501228227944502385377e+00	2.3782717582474071103652989492024068e-04	1.3351220375159161710107050563619376e-02
8.7735682212751146066454994228963439e-05	-3.2968688672051312485160271957532271e+00	2.1198400351610019616721925831029422e-04	1.2605519394806483920172995107578443e-02
9.7651070012058936549802931896498889e-05	-3.2477949788079993123297668067107269e+00	1.9044271348739034826108165947542451e-04	1.1948319575988483242096675726384772e-02
1.0794062424205735849152037109250926e-04	-3.2011976291185882287103464084325545e+00	1.7227611535321353785872708890273184e-04	1.1364489338477321446946170793560547e-02
1.1858944391990284855843044778035416e-04	-3.1568081795969130715293637726189337e+00	1.5679700319569397998686439294172997e-04	1.0842187044685273913908510775048781e-02
1.2958353511297019526115521167869448e-04	-3.1144001922304908150061376470546537e+00	1.4348676964622080354842592823519847e-04	1.0372009277431403731262117454702208e-02
1.4090971164916664208455474477168699e-04	-3.0737809587706127531747162195808343e+00	1.3194773402186388508527012385333142e-04	9.9463913626456978076731992628802617e-03
1.5255551123058195815568898839029447e-04	-3.0347850631437165598329896780666679e+00	1.2187056165116644202881957218249533e-04	9.5591769333003103248989000407766851e-03
1.6450912392585869389497636465410316e-04	-2.9972694166445164113193082600818059e+00	1.1301153336056444778259683638613835e-04	9.2053033228982829997972620066249054e-03
1.7675933072386656397656968267574732e-04	-2.9611093781404427559026398029763658e+00	1.0517639131013871766636130374580517e-04	8.8805679199128660882162105485547209e-03
1.8929545034895589461080217170650890e-04	-2.9261956858487507631670111375058291e+00	9.8208665573102689265326221854065860e-05	8.5814521313494168099157479222253191e-03
2.0210729292295554814786617867159977e-04	-2.8924320045581017876093941346465181e+00	9.1981110191652663422742027080309969e-05	8.3049870066448226080998335051208699e-03
2.1518511934928069446157968086807115e-04	-2.8597329454309940518115671847901347e+00	8.6389333367911265015536807635045704e-05	8.0486494339585189823304729301511446e-03
2.2851960551612898634929078117318900e-04	-2.8280224528499133304119486132892499e+00	8.1346999620091123235970678628964894e-05	7.8102810746053885053988578988983902e-03
2.4210181058696174608570548089024393e-04	-2.7972324793359578797873795856591088e+00	7.6782173952272449997382603496624434e-05	7.5880244178727591209238860208455843e-03
2.5592314878016866741323440435077244e-04	-2.7673018887462157709876642902319832e+00	7.2634506376262849263983471138610767e-05	7.3802718728432334334125737217791806e-03
2.6997536414525055462638002404568559e-04	-2.7381755419818665862436340929873341e+00	6.8853042157361605633481845927787826e-05	7.1856248918247923293790090097381754e-03
2.8425050792675736065786603635854751e-04	-2.7098035298209670024375652480527140e+00	6.5394503095842511000330893558878650e-05	7.0028608877047917816938318376650526e-03
2.9874091817454867930859200183335725e-04	-2.6821405252607800041297293313246130e+00	6.2221927015418159101255398087244652e-05	6.8309062612242557606412108803558966e-03
3.1343920131339718834649034658180605e-04	-2.6551452336314238799419288050142390e+00	5.9303582242640631192288037773847577e-05	6.6688142581785915177672021079605616e-03
3.2833821542931570240737320803739948e-04	-2.6287799232301133714128361386217490e+00	5.6612095063246729820649381404021949e-05	6.5157466745717275637513094118226744e-03
3.4343105506637196974401156591129778e-04	-2.6030100226827125630454286738225568e+00	5.4123743492634119624082926145236465e-05	6.3709586498290176852641580518326439e-03
3.5871103735778625595414862596728684e-04	-2.5778037739256016941563691220810664e+00	5.1817881929525366528628826710032856e-05	6.2337859552388568171915634179196231e-03
3.7417168934004205624383672809078483e-04	-2.5531319318044648614579089328162091e+00	4.9676469560807677306814433831599524e-05	6.1036343115939253328240228076288010e-03
3.8980673631956055861170596949818540e-04	-2.5289675029461369819493270865199930e+00	4.7683681574122486798807678438934642e-05	5.9799703670507585934304046952320517e-03
4.0561009117896549503366381381842036e-04	-2.5052855178779860219757975439543353e+00	4.5825586889813814304907549381732776e-05	5.8623140410879999666305630413021343e-03
4.2157584452470687094520382593816524e-04	-2.4820628314234869500979107952467801e+00	4.4089879654050478848834686467805080e-05	5.7502319986203299960349254821404130e-03
4.3769825559030591955451576275869014e-04	-2.4592779472508319123132294454585797e+00	4.2465654432829759214646529176325888e-05	5.6433320638525731571530592622652813e-03
4.5397174382011933023248071475785299e-04	-2.4369108631378773488985812908429492e+00	4.0943217123465672109043289073482417e-05	5.5412584193234851005831215592404074e-03
4.7039088106761281832074500248493470e-04	-2.4149429340753831625767145409430811e+00	3.9513925210079045956124184821558861e-05	5.4436874640194577297049514764742997e-03
4.8695038434993753671195264118499202e-04	-2.3933567507875448726663167941466150e+00	3.8170052245735526047358232284290246e-05	5.3503242271101724725258467157007587e-03
5.0364510910732572412303497223030211e-04	-2.3721360316246122802294671976594878e+00	3.6904672430081154194499535829829698e-05	5.2608992520399559651188390536027666e-03
5.2047004292163487661222475452820128e-04	-2.3512655260928461100625075377585259e+00	3.5711561930199486305598074706816646e-05	5.1751658803679851538021501091567350e-03
5.3742029965341308143808283209477197e-04	-2.3307309285447111359863350972955617e+00	3.4585114211020076834425108689961263e-05	5.0928978766305194245362086511703415e-03
5.5449111396124819368130480888868552e-04	-2.3105188007669497456683494519492620e+00	3.3520267135568847564662800876762600e-05	5.0138873451730146922662547216362409e-03
5.7167783617099686211449631584924813e-04	-2.2906165023839072008574378036804353e+00	3.2512439991807935404395066679925368e-05	4.9379428978154412798845115986687410e-03
5.8897592746584663820643784649354521e-04	-2.2710121281444933996680165943183893e+00	3.1557478922574171877760498933727894e-05	4.8648880377191364533825518844823296e-03
6.0638095537111308097821456625398773e-04	-2.2516944512885324702048286786357992e+00	3.0651609494238806256393402392733088e-05	4.7945597301921919162102969236656893e-03
6.2388858951027071897261984301957192e-04	-2.2326528722960624129189307092109904e+00	2.9791395350622767018820163063740146e-05	4.7268071356192931141699967169851043e-03
6.4149459761100991561477941502405069e-04	-2.2138773724147211215571905055404976e+00	2.8973702071117526627593216048855458e-05	4.6614904834030803244955857261743366e-03
6.5919484174214174226043297847408960e-04	-2.1953584714383963904163960851135938e+00	2.8195665493489762202753521009852630e-05	4.5984800688947237281073388482719393e-03
6.7698527476397443682455997947878840e-04	-2.1770871892770381324542538897602773e+00	2.7454663878482305746014639900419949e-05	4.5376553578815009149197049958106398e-03
6.9486193697638737258837649061992296e-04	-2.1590550109147481025001084826216142e+00	2.6748293389808952874729899963922304e-05	4.4789041853773055759810013128454743e-03
7.1282095295025688078675731200026920e-04	-2.1412538544024743074802450365632717e+00	2.6074346443249600044307637746014640e-05	4.4221220372998157540574475864936080e-03
7.3085852852916438277471646180201365e-04	-2.1236760415740841045462031566758414e+00	2.5430792545298644611452730773135913e-05	4.3672114051736519551431859890232488e-03
7.4897094798945969706384957519346991e-04	-2.1063142712113017746207840250087737e+00	2.4815761297621101846654005817037155e-05	4.3140812053196506038224094510279427e-03
7.6715457134777714592098223889911007e-04	-2.0891615944148316004095434322684775e+00	2.4227527290374633687921034527852875e-05	4.2626462551151403323170262178220103e-03
7.8540583180602308357533555795807591e-04	-2.0722113919666640530617242488258026e+00	2.3664496646836186773938139729455039e-05	4.2128267998706764197945989970096952e-03
8.0372123332468274968137023143995091e-04	-2.0554573534926828172483149632465479e+00	2.3125195015007279189721857188774615e-05	4.1645480846912990365837397841341489e-03
8.2209734831604239228578845637889095e-04	-2.0388934582557608069651646017139517e+00	2.2608256830003403574147976103478960e-05	4.1177399663967273895270360397077662e-03
8.4053081544959853423945528855275846e-04	-2.0225139574279817235271558918883194e+00	2.2112415694911841732024814653659778e-05	4.0723365611829803982359443251975595e-03
8.5901833756253805227265341203096937e-04	-2.0063133577068120697464428074645163e+00	2.1636495748126823490531160748949854e-05	4.0282759242327010782546353237172504e-03
8.7755667966872738309027043559756426e-04	-1.9902864061542840957365278446467019e+00	2.1179403902516279807531132328125612e-05	3.9854997579354572044001623214154427e-03
8.9614266706015279458123881468467828e-04	-1.9744280761507943783206102304006596e+00	2.0740122856615134730203672574482015e-05	3.9439531457729607922329006193648406e-03
9.1477318349521165185910504888583501e-04	-1.9587335543661987212886854296019885e+00	2.0317704790769348937739864991981855e-05	3.9035843092662804866953564361457092e-03
9.3344516946867171603550298153992645e-04	-1.9431982286606826395550631066991585e+00	1.9911265672099434799790457081414147e-05	3.8643443856801121381310945191313596e-03
9.5215562055849593082824937880612406e-04	-1.9278176768365714900877550524177635e+00	1.9519980101584090388496199968332956e-05	3.8261872244392690604584206393118895e-03
9.7090158584507758676256098726074492e-04	-1.9125876561699559795272962381929684e+00	1.9143076644711371108132135735891625e-05	3.7890692004400407455098786695795312e-03
9.8968016639874849121582475751276564e-04	-1.8975040936578684727907627572922541e+00	1.8779833594196977358222699859623457e-05	3.7529490426384325145247141267832150e-03
1.0084885138317137324619567796635685e-03	-1.8825630769228578567104917796910388e+00	1.8429575119386854425838429549606924e-05	3.7177876764723540124945604471617462e-03
1.0273238289108334018695740214217294e-03	-1.8677608457222661900081545067051240e+00	1.8091667762279190844903095029745845e-05	3.6835480788288246316173908272330087e-03
1.0461833602279165419192645574577345e-03	-1.8530937840143874753897153747629134e+00	1.7765517244732891000739334336203760e-05	3.6501951444029889358211013054139118e-03
1.0650644029244176811986996357039698e-03	-1.8385584125380558066823377238947214e+00	1.7450565555472027302987030519755110e-05	3.6176955624155661114321178326709937e-03
1.0839642974676334442822937800435151e-03	-1.8241513818661262323398850374627032e+00	1.7146288289030379202787386393390856e-05	3.5860177027613383440850513666859850e-03
1.1028804284756875343343740551751940e-03	-1.8098694658968287101852580906170229e+00	1.6852192211876438927543965064791196e-05	3.5551315107551720377952909676704217e-03
1.1218102235887683584901070965929908e-03	-1.7957095557501387496938046244359607e+00	1.6567813033676434112933861730823994e-05	3.5250084097253784942311804293524139e-03
1.1407511523842460284714354192071670e-03	-1.7816686540391573549427268756476644e+00	1.6292713364041568851635881145542380e-05	3.4956212107782660451087268041615710e-03
1.1597007253334456153578428133344573e-03	-1.7677438694890624291171003933446267e+00	1.6026480837209109302020126738437642e-05	3.4669440291236464654503502128002595e-03
1.1786564927979924428173837184537280e-03	-1.7539324118785143956271336053649106e+00	1.5768726388962266157076924741635091e-05	3.4389522064098169590859144727317814e-03
1.1976160440637738364438853986376279e-03	-1.7402315872804972845556171873350817e+00	1.5519082671732959578902304110392016e-05	3.4116222385689982540126466849973081e-03
1.2165770064106809829175215115760439e-03	-1.7266387935814765952992600356707166e+00	1.5277202595281963742415500374497735e-05	3.3849317087211117966744666622461836e-03
1.2355370442164051822144259537827334e-03	-1.7131515162594777726020815621355745e+00	1.5042757981636315764147873146754203e-05	3.3588592247257718900673964158292646e-03
1.2544938580926655146514153819473115e-03	-1.6997673244032525997857184518733797e+00	1.4815438324104718295884402253990506e-05	3.3333843610100170371833874895505713e-03
1.2734451840523404406128163365619397e-03	-1.6864838669561215812890635543648192e+00	1.4594949641205698853658005963596307e-05	3.3084876043331030675628195531178006e-03
1.2923887927060646926573778995925099e-03	-1.6732988691693729668939593607985405e+00	1.4381013417245891958496898465943680e-05	3.2841503031800619412329680220738009e-03
1.3113224884869355416791443484709349e-03	-1.6602101292512763493578437936676795e+00	1.4173365622090344873138148278704463e-05	3.2603546205030744935579789178727037e-03
1.3302441089020496067788165566336417e-03	-1.6472155151988422072982964326913039e+00	1.3971755803384843306768456589959634e-05	3.2370834895543468267356630062595181e-03
1.3491515238096632748059157882650580e-03	-1.6343129618004385740597090824255511e+00	1.3775946245132047229278514665176235e-05	3.2143205725764125777316366641711939e-03
1.3680426347208369032482700751327561e-03	-1.6215004677982712945686433586038319e+00	1.3585711187097569855275049549478845e-05	3.1920502221358660723075987355936526e-03
1.3869153741244856670106633821779722e-03	-1.6087760932005532152763734938816781e+00	1.3400836100036764877310954345010349e-05	3.1702574449046932077015824998003496e-03
1.4057677048348185114702854687455826e-03	-1.5961379567339374059920241986578557e+00	1.3221117012194686892599945591261375e-05	3.1489278677098100591204358987013826e-03
1.4245976193602014980284187717480477e-03	-1.5835842334274766441703962838799729e+00	1.3046359882946403461523873051961728e-05	3.1280477056863227373887354272235635e-03
1.4434031392925331551281160612275396e-03	-1.5711131523200017350232576235467864e+00	1.2876380019817787157023359976404822e-05	3.1076037323835446669828423339121674e-03
1.4621823147162675346998635038344527e-03	-1.5587229942833900293871728770067364e+00	1.2711001535462696593166750541776108e-05	3.0875832516850900999415750434270648e-03
1.4809332236362657571536311057087966e-03	-1.5464120899547274389302121456466617e+00	1.2550056841475113811943053250303925e-05	3.0679740714155305569362962058528545e-03
1.4996539714236991238583183640629124e-03	-1.5341788177708565657502838686911832e+00	1.2393386176187911442713391253157287e-05	3.0487644785162654313577252183277085e-03
1.5183426902792665833995818961962561e-03	-1.5220216020992540706240976418793483e+00	1.2240837163856629919560042299025986e-05	3.0299432156825184995918054997368255e-03
1.5369975387130266396047920492613946e-03	-1.5099389114595955358385739943056864e+00	1.2092264402849741535532492320204594e-05	3.0114994593618171303939271594940120e-03
1.5556167010401788535895407104646337e-03	-1.4979292568307489345089698281240539e+00	1.1947529080668833892443552023663066e-05	2.9934227990220196938473089175481308e-03
1.5741983868921630738317980954581169e-03	-1.4859911900382911991045465436901232e+00	1.1806498613805150175826315336912964e-05	2.9757032176039997803971677017282816e-03
1.5927408307424755703047902890986975e-03	-1.4741233022179688203337617801127383e+00	1.1669046310604921698641891674773350e-05	2.9583310730805366844414173119819193e-03
1.6112422914466304827122715786804703e-03	-1.4623242223508251965090460435743680e+00	1.1535051055466647274607405195288140e-05	2.9412970810488569435576131870198215e-03
1.6297010517957225404678018169375453e-03	-1.4505926158659966708662883031070469e+00	1.1404397012830451907049535607947106e-05	2.9245922982896724772139586482353058e-03
1.6481154180830729855894631854252202e-03	-1.4389271833074377248415216185690136e+00	1.1276973349544263994433982132604538e-05	2.9082081072305127751382813488480560e-03
1.6664837196834651330225723215963675e-03	-1.4273266590610753502989966258035491e+00	1.1152673974305007700315794538411879e-05	2.8921362012556927680070832685922479e-03
1.6848043086444991321785238978035699e-03	-1.4157898101391147583845900357339095e+00	1.1031397292976406424923679236547619e-05	2.8763685708094314833467369153030745e-03
1.7030755592896173377000663230805422e-03	-1.4043154350184247117332148023743900e+00	1.0913045978679309801940014438887540e-05	2.8608974902424726927475216990122559e-03
1.7212958678323723391192933767485935e-03	-1.3929023625301221781976241916851363e+00	1.0797526755636563139132843681031928e-05	2.8457155053560875645745774067160359e-03
1.7394636520015292146597460881110828e-03	-1.3815494507976538717999444408147284e+00	1.0684750195833116596996670929062142e-05	2.8308154216005879956102963766224549e-03
1.7575773506766120349366880445762736e-03	-1.3702555862208376407204497211600405e+00	1.0574630527624022784950092608699535e-05	2.8161902928884723342091192331191777e-03
1.7756354235335221136532218994245347e-03	-1.3590196825034805599974302921840189e+00	1.0467085455488825212074164317699648e-05	2.8018334109850848109382534351878572e-03
1.7936363506998720458355780890489789e-03	-1.3478406797223338809476182217413075e+00	1.0362035990191161661425906923163510e-05	2.7877382954422162428297407442036772e-03
1.8115786324196952466650288497202778e-03	-1.3367175434352784963873511498510475e+00	1.0259406288657704682255022717017815e-05	2.7738986840424246705283383618924447e-03
1.8294607887272055585537694662296274e-03	-1.3256492638267590474800270604261795e+00	1.0159123502941293908121755530516223e-05	2.7603085237240270255733685404555712e-03
1.8472813591292955801327280347293197e-03	-1.3146348548886009085035476551677564e+00	1.0061117637679694429224173965187653e-05	2.7469619619587216859669554853938339e-03
1.8650389022964757342538101100777743e-03	-1.3036733536344526669615229599808558e+00	9.9653214155042141364201708215377175e-06	2.7338533385556604689214329232515799e-03
1.8827319957619687758258203313288582e-03	-1.2927638193461979432910034160219994e+00	9.8716701498917667902207961525739958e-06	2.7209771778675096017589917011956980e-03
1.9003592356286864842908547006208989e-03	-1.2819053328507749947749552072920632e+00	9.7801016249901801326061113907696372e-06	2.7083281813756337629759339705228050e-03
1.9179192362838267271310247429508950e-03	-1.2710969958259310070009119370818101e+00	9.6905559819798942037557968748370655e-06	2.6959012206330156478228977845523546e-03
1.9354106301208399548326480950329783e-03	-1.2603379301335207390154215347038105e+00	9.6029756115659226596326470038369319e-06	2.6836913305448950306801366661183137e-03
1.9528320672685245268009156407232523e-03	-1.2496272771790366652040892126842133e+00	9.5173050522222844394415384059481633e-06	2.6716937029683844933745594618033740e-03
1.9701822153270201022695914841022630e-03	-1.2389641972961303252999565925499607e+00	9.4334908938372587232803268188120080e-06	2.6599036806135016449314795892732802e-03
1.9874597591104776887807787912251675e-03	-1.2283478691549526014609404808811365e+00	9.3514816864319579706418210880021070e-06	2.6483167512291568819336368488488462e-03
2.0046634003961938499898988509538050e-03	-1.2177774891932044085457638264348451e+00	9.2712278536470201476515981580419278e-06	2.6369285420586580278505538173052011e-03
2.0217918576800050593589967284380672e-03	-1.2072522710688491061791694949551924e+00	9.1926816107128449136524693153549504e-06	2.6257348145502444895612648176819408e-03
2.0388438659377462701428586145458876e-03	-1.1967714451334940917971945452054737e+00	9.1157968866378786007254321564261644e-06	2.6147314593090493229564395982200499e-03
2.0558181763925854768905802693676073e-03	-1.1863342579255017646261333926408361e+00	9.0405292503671158609103699160431818e-06	2.6039144912777127940153853287193091e-03
2.0727135562880533900632917411284427e-03	-1.1759399716819395943967387940377634e+00	8.9668358406793471828736050462855486e-06	2.5932800451336402294756044269005058e-03
2.0895287886665943526236999169211143e-03	-1.1655878638685256009307249638713604e+00	8.8946752996068462113963033856645908e-06	2.5828243708916143672033775805293551e-03
2.1062626721534713137227103251167412e-03	-1.1552772267267693508828865042957981e+00	8.8240077091752548397583782330236860e-06	2.5725438297011418921222981681764535e-03
2.1229140207458640569315057642083927e-03	-1.1450073668375497904348496872625182e+00	8.7547945312744749402877105604748419e-06	2.5624348898285389174812129017795121e-03
2.1394816636070059748583963323216338e-03	-1.1347776047004100285998704449090380e+00	8.6869985504834933416053203511539908e-06	2.5524941228143440962743640110990611e-03
2.1559644448652105035070218142981097e-03	-1.1245872743278857235159094724592683e+00	8.6205838196833243825920735170888663e-06	2.5427181997971938161752872542459724e-03
2.1723612234176438925424790639004347e-03	-1.1144357228542181506955505003704872e+00	8.5555156083027189777602488203515157e-06	2.5331038879958042979200546386418937e-03
2.1886708727387063050679528874547999e-03	-1.1043223101578354841104111944802079e+00	8.4917603530510218675733544941483881e-06	2.5236480473411829187837716630876616e-03
2.2048922806928883251313337700192002e-03	-1.0942464084970164249155044504074452e+00	8.4292856110016157126384174325714856e-06	2.5143476272516380579487333499945836e-03
2.2210243493519748148063330136407703e-03	-1.0842074021581791862839851634873949e+00	8.3680600148978233610666310567947966e-06	2.5051996635435753655664333879806811e-03
2.2370659948164727164724131781750082e-03	-1.0742046871162660956570963243397583e+00	8.3080532305609951580927717364482257e-06	2.4962012754714605820069219164283306e-03
2.2530161470411438503622657978610440e-03	-1.0642376707067198095017227904828271e+00	8.2492359162878298860585754775697132e-06	2.4873496628906967153916363336343276e-03
2.2688737496645280224682205046587020e-03	-1.0543057713085714451287293091221537e+00	8.1915796841308055994047288186031098e-06	2.4786421035375082213217612427230322e-03
2.2846377598423458428550723206954412e-03	-1.0444084180381839074514167114872287e+00	8.1350570629619668107657142599427209e-06	2.4700759504202483876795441427877114e-03
2.3003071480846745681482973794468848e-03	-1.0345450504532154079114383445565766e+00	8.0796414632262608083890869358525182e-06	2.4616486293168498605934665171590813e-03
2.3158808980967940327948388771473730e-03	-1.0247151182663887147418602585898328e+00	8.0253071432961692750251432549707674e-06	2.4533576363734234979794773503375081e-03
2.3313580066236033295097940522295070e-03	-1.0149180810686711096773265133340209e+00	7.9720291773445703138907793759105967e-06	2.4452005357992787478770459048559795e-03
2.3467374832975123475758527821240577e-03	-1.0051534080614884227758599031891671e+00	7.9197834246576167045669154143861706e-06	2.4371749576538906719793919452474832e-03
2.3620183504897155853973199747331898e-03	-9.9542057779761393636586314637572343e-01	7.8685465003139528941927621506707665e-06	2.4292785957215756380141009044681079e-03
2.3771996431647588275903948971285615e-03	-9.8571907793038944934252257424518303e-01	7.8182957471608381809980267652107772e-06	2.4215092054698605781533395316671423e-03
2.3922804087383123232217808402184229e-03	-9.7604840497095142836176136223705561e-01	7.7690092090217173500728224246481258e-06	2.4138646020877404732041053586100487e-03
2.4072597069380670265581240246873636e-03	-9.6640806405314999362766409009937305e-01	7.7206656050735016788400885625646560e-06	2.4063426586002162269091840455683167e-03
2.4221366096676732705125065986710184e-03	-9.5679756870586254136309736880597698e-01	7.6732443053353102976374182284016822e-06	2.3989413040556911335341706601319464e-03
2.4369102008736439412270547491229207e-03	-9.4721644063241713706022888028896337e-01	7.6267253072136905959861263549772286e-06	2.3916585217829794512625982214643872e-03
2.4515795764151468149885159622080654e-03	-9.3766420949685346475521039994849179e-01	7.5810892130524017141002937886823513e-06	2.3844923477148458582872512993498524e-03
2.4661438439366132107486591538010569e-03	-9.2814041271676112674596512777720212e-01	7.5363172086377210373008348130456919e-06	2.3774408687751504246106958388631280e-03
2.4806021227430925074775218902721271e-03	-9.1864459526244649180318775313971267e-01	7.4923910426129328727571392001398247e-06	2.3705022213268207730324352068463645e-03
2.4949535436782843797448788477221297e-03	-9.0917630946219012215443308580507604e-01	7.4492930067581930396606909966795922e-06	2.3636745896780118793487756174027113e-03
2.5091972490051828214133060193591436e-03	-8.9973511481336710236148993059773170e-01	7.4070059170943439790911298975694988e-06	2.3569562046439449883876357647530387e-03
2.5233323922892681600363685060415344e-03	-8.9032057779921237668932334418753965e-01	7.3655130957714924183382757339307980e-06	2.3503453421620408781335438477960072e-03
2.5373581382841853171930791135996161e-03	-8.8093227171102250385782743135443094e-01	7.3247983537052650956817435855887915e-06	2.3438403219580796354665424611992913e-03
2.5512736628198485460750273402620454e-03	-8.7156977647559408562718765217903724e-01	7.2848459739256363723692941749750631e-06	2.3374395062612296305279988501388050e-03
2.5650781526929147805208420652117566e-03	-8.6223267848770754333574657773122578e-01	7.2456406956050829059337966652595420e-06	2.3311412985658928811978939463259199e-03
2.5787708055595695625442348800608099e-03	-8.5292057044747292762524537037898542e-01	7.2071676987345725291928524019858456e-06	2.3249441424384128475770507847470759e-03
2.5923508298305712812511359351506132e-03	-8.4363305120236207308836657930372649e-01	7.1694125894175441319926755586503718e-06	2.3188465203667842277222184073437046e-03
2.6058174445685011577653614101122604e-03	-8.3436972559375867208296695491392649e-01	7.1323613857535892421634776086085840e-06	2.3128469526515928569587625220502647e-03
2.6191698793871680511184897116723079e-03	-8.2513020430786475987644527226046614e-01	7.0960005042850102544478453288786293e-06	2.3069439963364976400231970956427422e-03
2.6324073743531187416140514219743398e-03	-8.1591410373080869486699266461442903e-01	7.0603167469808105440776217359315974e-06	2.3011362441766458450070916669655858e-03
2.6455291798892058734299764014334716e-03	-8.0672104580780600005914681628641843e-01	7.0252972887339733161863766352707429e-06	2.2954223236434883196890516404883743e-03
2.6585345566801672095397398178049344e-03	-7.9755065790623042142952468009224586e-01	6.9909296653491139117455021277981636e-06	2.2898008959645324968670210532624211e-03
2.6714227755801712716633778927018299e-03	-7.8840257268245827054654434829698665e-01	6.9572017619987490078456473152596167e-06	2.2842706551966386628176740123034721e-03
2.6841931175222858080503178793285352e-03	-7.7927642795235456716793733876947773e-01	6.9241018021275199965127370909359440e-06	2.2788303273315290847228766660241028e-03
2.6968448734298268544924187889759211e-03	-7.7017186656527469607080594067745542e-01	6.8916183367847407951636541805668634e-06	2.2734786694322404281436156433107503e-03
2.7093773441295474310184549419266023e-03	-7.6108853628146025383780625854501192e-01	6.8597402343666161592678825198778321e-06	2.2682144687993076312511112332434530e-03
2.7217898402666261500912192919213025e-03	-7.5202608965271249777279288039401786e-01	6.8284566707503987118004196741885602e-06	2.2630365421655222137850781147029056e-03
2.7340816822214172035908885096109989e-03	-7.4298418390623133191403209604144143e-01	6.7977571198036246225082356271742422e-06	2.2579437349181600500076393529595754e-03
2.7462522000279243471177712118492172e-03	-7.3396248083151208497985249571064922e-01	6.7676313442523921970318762759565201e-06	2.2529349203476230805588708810070853e-03
2.7583007332939626128017806350227569e-03	-7.2496064667019646214927325710141747e-01	6.7380693868934274071879168247327484e-06	2.2480089989214864229654251374358840e-03
2.7702266311229725574098059853739604e-03	-7.1597835200877799641604650936810981e-01	6.7090615621354182604219466963123157e-06	2.2431648975829870006712392991336406e-03
2.7820292520374528925713162799141362e-03	-7.0701527167406609489842009199502870e-01	6.6805984478557983482831609628929790e-06	2.2384015690730322736897856525103840e-03
2.7937079639039783498070600089042367e-03	-6.9807108463131637948274954835383616e-01	6.6526708775598212509417288754059935e-06	2.2337179912748480404784955967691725e-03
2.8052621438597706060932913482976469e-03	-6.8914547388493846760478347851489680e-01	6.6252699328293938790454935490340821e-06	2.2291131665804227033847620893048085e-03
2.8166911782407910372129647032058560e-03	-6.8023812638169563546765172256937775e-01	6.5983869360497303392190469877695286e-06	2.2245861212779419552719081344526311e-03
2.8279944625113249773678800483002620e-03	-6.7134873291631395978763112749783455e-01	6.5720134434024504202231214373415533e-06	2.2201359049594426526850417257051190e-03
2.8391714011950280456303798617836717e-03	-6.6247698803942155208697224452445164e-01	6.5461412381142800983452493459128779e-06	2.2157615899479477852666399781973461e-03
2.8502214078074059539275353819875782e-03	-6.5362258996774138809150182447377790e-01	6.5207623239510172264207699787446762e-06	2.2114622707433760206851525739029750e-03
2.8611439047897000384540383063411496e-03	-6.4478524049646400006945847135854077e-01	6.4958689189469053702902853600149624e-06	2.2072370634865493825512224091439424e-03
2.8719383234441515577353940742341335e-03	-6.3596464491372894777313008734813650e-01	6.4714534493600140616666908401677312e-06	2.2030851054406512842947484788788848e-03
2.8826041038706185769998217547344666e-03	-6.2716051191714651951705216790634666e-01	6.4475085438446559288744916296760808e-06	2.1990055544895144688702520095121135e-03
2.8931406949045200110131090005723173e-03	-6.1837255353229354405866835540499137e-01	6.4240270278322815437171435597260641e-06	2.1949975886521444623180858491467126e-03
2.9035475540560821269934327164458097e-03	-6.0960048503311952128090029126005832e-01	6.4010019181126826018292230132219916e-06	2.1910604056129090045311477733523377e-03
2.9138241474508635165228947381089026e-03	-6.0084402486420150989644877570175212e-01	6.3784264176077043795145745254404290e-06	2.1871932222668476352293906756714272e-03
2.9239699497715352313432643229024632e-03	-5.9210289456478834794469758989986088e-01	6.3562939103300203575637753205000214e-06	2.1833952742795782457981773147192396e-03
2.9339844442008934433648656104941608e-03	-5.8337681869457683094963490108026299e-01	6.3345979565198564827564982249209746e-06	2.1796658156612990136887649045139738e-03
2.9438671223660826348966860554166091e-03	-5.7466552476116443725176578832866627e-01	6.3133322879528707013099851540591937e-06	2.1760041183544047678144719105797230e-03
2.9536174842840079517584185522928356e-03	-5.6596874314912507401573610507188650e-01	6.2924908034126960397005787284699236e-06	2.1724094718342565402133767682938297e-03
2.9632350383079159602673666405626799e-03	-5.5728620705065612435337480763762041e-01	6.2720675643219434685938637495668378e-06	2.1688811827226618878762101024771507e-03
2.9727193010751236397826736462935087e-03	-5.4861765239774680931257035175677683e-01	6.2520567905257348572423109682991057e-06	2.1654185744136415631880451603926693e-03
2.9820697974558760161868819778061245e-03	-5.3996281779581954141765415622763512e-01	6.2324528562220972546001974478826925e-06	2.1620209867110753136322787639158100e-03
2.9912860605033133990152959982616186e-03	-5.3132144445879754209626850545338781e-01	6.2132502860337982222253061923589184e-06	2.1586877754778360407224510872488251e-03
3.0003676314045297265073103006355940e-03	-5.2269327614555352662698675131684993e-01	6.1944437512164386548842148799434746e-06	2.1554183122960372819023576194122392e-03
3.0093140594327040492275893585873255e-03	-5.1407805909769572998186207305267327e-01	6.1760280659978450817337380841847947e-06	2.1522119841380340327273066672104299e-03
3.0181249019002876946431425093738872e-03	-5.0547554197864895777169748346337507e-01	6.1579981840440184324520952914390690e-06	2.1490681930478313334654377205318898e-03
3.0267997241132301526779275704777101e-03	-4.9688547581398970095201318307524652e-01	6.1403491950471012337475623093098929e-06	2.1459863558325688360205734116116660e-03
3.0353380993262272063122003902706696e-03	-4.8830761393299565341394948876093042e-01	6.1230763214310206959266777527178830e-06	2.1429659037637627737898680511693920e-03
3.0437396086989753022424547719932356e-03	-4.7974171191137122034933297837628223e-01	6.1061749151706516508756238748890607e-06	2.1400062822879994071699762092072128e-03
3.0520038412534166149438762552010787e-03	-4.7118752751511180451474471511384270e-01	6.0896404547205212784884766248166003e-06	2.1371069507467861378715204887802739e-03
3.0601303938319597036373663488996544e-03	-4.6264482064547080929256021986190892e-01	6.0734685420492474489160206808653294e-06	2.1342673821052781015528820861340390e-03
3.0681188710566610960969699370086674e-03	-4.5411335328499440372490949886451756e-01	6.0576548997760647292963344850974967e-06	2.1314870626896091847829809678888009e-03
3.0759688852893535563642892641514610e-03	-4.4559288944459015735220798122096719e-01	6.0421953684059470492610672210447854e-06	2.1287654919325670919886425980293809e-03
3.0836800565927072056719875001705659e-03	-4.3708319511159667350458593365707861e-01	6.0270859036599840613759540556098560e-06	2.1261021821273623326634290291354663e-03
3.0912520126922100676117170073826670e-03	-4.2858403819882233037037226393694967e-01	6.0123225738978097224367702469490320e-06	2.1234966581892508294339174676318560e-03
3.0986843889390550001914995777464913e-03	-4.2009518849452218131816944869137234e-01	5.9979015576290168918562135657953371e-06	2.1209484574247792832754713911124758e-03
3.1059768282739203592789137075745582e-03	-4.1161641761328297111866860013969935e-01	5.9838191411106211090155663398644710e-06	2.1184571293084314919368823414844827e-03
3.1131289811916321103716068722108865e-03	-4.0314749894778709436698223280213292e-01	5.9700717160277604703685825514492368e-06	2.1160222352664625192364009792517701e-03
3.1201405057066954690154404566427017e-03	-3.9468820762142715794442192762390404e-01	5.9566557772549369613970384401717293e-06	2.1136433484677159732171632371844174e-03
3.1270110673196845048309181772921199e-03	-3.8623832044174361211295687720334184e-01	5.9435679206952179754541513448222424e-06	2.1113200536212276862551259408848998e-03
3.1337403389844784903270254622015798e-03	-3.7779761585465868607605262235167603e-01	5.9308048411949253242964979392278492e-06	2.1090519467804268153712440950386413e-03
3.1403280010763341137839457322919108e-03	-3.6936587389948060477660587506152600e-01	5.9183633305314430536958503979957722e-06	2.1068386351537528107454576847598684e-03
3.1467737413607830057676698459008450e-03	-3.6094287616465277548994145658413772e-01	5.9062402754718750495029262983259900e-06	2.1046797369215138485973436824224864e-03
3.1530772549633443515857011017934060e-03	-3.5252840574422331650700310087808119e-01	5.8944326559003789707554601599615943e-06	2.1025748810588192043601514860969594e-03
3.1592382443400426774798106831992828e-03	-3.4412224719501095693820615098679369e-01	5.8829375430120946816978990605261141e-06	2.1005237071644246659795550214441098e-03
3.1652564192487212068459682394640497e-03	-3.3572418649444396740118558909832426e-01	5.8717520975716732683256442552690522e-06	2.0985258652953364671731653856349407e-03
3.1711314967211414845313269230435485e-03	-3.2733401099904938703842773645393518e-01	5.8608735682344971018996451911130740e-06	2.0965810158070253679903448973499578e-03
3.1768632010358602625333448195696184e-03	-3.1895150940357039385155354047073101e-01	5.8502992899287624271770700578110560e-06	2.0946888291991084358845596577548464e-03
3.1824512636918749294586974220449011e-03	-3.1057647170069022360339072376268019e-01	5.8400266822966737735432284864045560e-06	2.0928489859663617951232183018378120e-03
3.1878954233830290491239076010349819e-03	-3.0220868914134157835196971338192475e-01	5.8300532481930742712724008882560203e-06	2.0910611764549331256109773408223818e-03
3.1931954259731698509226598825090347e-03	-2.9384795419558097982855432274964007e-01	5.8203765722399078535142766469689395e-06	2.0893251007236280135432486990144470e-03
3.1983510244720497862667046065636193e-03	-2.8549406051400801610417299272391450e-01	5.8109943194349784807236549793500769e-06	2.0876404684101493947658168499134647e-03
3.2033619790119645317415918264888240e-03	-2.7714680288970990301994511351240044e-01	5.8019042338135380746672544252060788e-06	2.0860069986021742959229383773737045e-03
3.2082280568251200808123636079736063e-03	-2.6880597722071223536614480656715373e-01	5.7931041371612989239065701942053830e-06	2.0844244197131568766807736434341355e-03
3.2129490322217218221688804535937782e-03	-2.6047138047291723743147810425917202e-01	5.7845919277775280457036767213282383e-06	2.0828924693627514164085496313824615e-03
3.2175246865687787543109832224889939e-03	-2.5214281064351123892464790988185371e-01	5.7763655792869404787910394957393181e-06	2.0814108942617533782412974940189454e-03
3.2219548082696162329299942964485683e-03	-2.4382006672482350098255198062403127e-01	5.7684231394991658501090200878946799e-06	2.0799794501014610296703323854151468e-03
3.2262391927440908902296681599451760e-03	-2.3550294866861889858268237847456130e-01	5.7607627293146179140382001286166193e-06	2.0785979014473643086434387190684114e-03
3.2303776424095016037261102870109315e-03	-2.2719125735080733070359879222015948e-01	5.7533825416756502075945102836168650e-06	2.0772660216370717042527395429239991e-03
3.2343699666621906264470963735940159e-03	-2.1888479453655307853282134659493644e-01	5.7462808405619325977123383733120675e-06	2.0759835926823898778210772367290736e-03
3.2382159818598292209867718268910578e-03	-2.1058336284576766538722993334889754e-01	5.7394559600290334110186276564091860e-06	2.0747504051754745896888104343682142e-03
3.2419155113043823667276688267255966e-03	-2.0228676571897009024416832097498507e-01	5.7329063032892401222582733921357015e-06	2.0735662581989752251325966279946151e-03
3.2454683852257473328799731805423497e-03	-1.9399480738349861031597345871102078e-01	5.7266303418336983208171505022877493e-06	2.0724309592400988352687841137418034e-03
3.2488744407660611299656881933366955e-03	-1.8570729282005853734844843240554728e-01	5.7206266145949939580672828129337611e-06	2.0713443241085231309445610170231981e-03
3.2521335219646720691467096921401093e-03	-1.7742402772959078767539439934050188e-01	5.7148937271493477806188150778868676e-06	2.0703061768580912947355824689277880e-03
3.2552454797437708725112143985866068e-03	-1.6914481850044618788667992841875764e-01	5.7094303509576334519233090193399243e-06	2.0693163497122248132941476686660997e-03
3.2582101718946769882391616947329099e-03	-1.6086947217585078661660831015991643e-01	5.7042352226444722299696172241282343e-06	2.0683746829929937842921169543537657e-03
3.2610274630647759726089008755068988e-03	-1.5259779642164765876358030552353762e-01	5.6993071433146972721859479031240880e-06	2.0674810250537873237735097897091947e-03
3.2636972247451040062236132188508920e-03	-1.4432959949430091172381613730348760e-01	5.6946449779065197476235053220358049e-06	2.0666352322155297954099893932232428e-03
3.2662193352585758147664839566531988e-03	-1.3606469020914781425592622866710277e-01	5.6902476545807670161024012016770679e-06	2.0658371687063916073258212367008092e-03
3.2685936797488524651722700729009971e-03	-1.2780287790888516766686882067233462e-01	5.6861141641456002470015779654610702e-06	2.0650867066049462790750089354037166e-03
3.2708201501698457064629320124710224e-03	-1.1954397243227622638404328913062260e-01	5.6822435595161550573722100617903352e-06	2.0643837257867283751287081175650024e-03
3.2728986452758557207664588682549389e-03	-1.1128778408306465089746246399990598e-01	5.6786349552085841086422699542607851e-06	2.0637281138741497358597270203041817e-03
3.2748290706123393443489153992509063e-03	-1.0303412359908214074890333325130951e-01	5.6752875268680151700833837282153165e-06	2.0631197661897342163726819247750104e-03
3.2766113385073060109659477019620211e-03	-9.4782802121536548925128251847218342e-02	5.6722005108299719904177866728719564e-06	2.0625585857126338713965540867115277e-03
3.2782453680633388606054102920591898e-03	-8.6533631164467421878280602165443463e-02	5.6693732037148384698316403686246788e-06	2.0620444830383922045056216396776017e-03
3.2797310851502386458695016917714495e-03	-7.8286422584356041632459658496236461e-02	5.6668049620549791451225702862321197e-06	2.0615773763419227357482753114087994e-03
3.2810684223982882559532072349812036e-03	-7.0040988549877168211177672695071427e-02	5.6644952019541609412662145424203598e-06	2.0611571913436737368400895537981786e-03
3.2822573191921358645347755244633520e-03	-6.1797141511779792091968044218557068e-02	5.6624433987789525526057214875940447e-06	2.0607838612789525408393928839932766e-03
3.2832977216652948930207970694762696e-03	-5.3554694172884307704374494610848166e-02	5.6606490868818087442712491005227890e-06	2.0604573268703853570215088435933377e-03
3.2841895826952591645993049649905212e-03	-4.5313459458183610265162004123017264e-02	5.6591118593555773564070349510190256e-06	2.0601775363034910147887471058539356e-03
3.2849328618992318075640945750548661e-03	-3.7073250485035699606076116056909405e-02	5.6578313678191968964703947353468144e-06	2.0599444452053495261262643813965264e-03
3.2855275256304666484960233994658480e-03	-2.8833880533435446198252600110381343e-02	5.6568073222343823635854115003434318e-06	2.0597580166263487975166611370505574e-03
3.2859735469752210172353312601473913e-03	-2.0595163016353236404242343839682464e-02	5.6560394907531264082645025879049611e-06	2.0596182210249952424906917829520084e-03
3.2862709057503190662651285036307521e-03	-1.2356911450128266171918217049339763e-02	5.6555276995958721346954248502298613e-06	2.0595250362557764482102304564755243e-03
3.2864195885013248872615548320257109e-03	-4.1189394249042949903231461003265690e-03	5.6552718329602428446276537643956875e-06	2.0594784475600664367114090237207219e-03
3.2864195885013248872615548320257109e-03	4.1189394249042949903231461003265690e-03	5.6552718329602428446276537643956875e-06	2.0594784475600664367114090237207219e-03
3.2862709057503190662651285036307521e-03	1.2356911450128266171918217049339763e-02	5.6555276995958721346954248502298613e-06	2.0595250362557764482102304564755243e-03
3.2859735469752210172353312601473913e-03	2.0595163016353236404242343839682464e-02	5.6560394907531264082645025879049611e-06	2.0596182210249952424906917829520084e-03
3.2855275256304666484960233994658480e-03	2.8833880533435446198252600110381343e-02	5.6568073222343823635854115003434318e-06	2.0597580166263487975166611370505574e-03
3.2849328618992318075640945750548661e-03	3.7073250485035699606076116056909405e-02	5.6578313678191968964703947353468144e-06	2.0599444452053495261262643813965264e-03
3.2841895826952591645993049649905212e-03	4.5313459458183610265162004123017264e-02	5.6591118593555773564070349510190256e-06	2.0601775363034910147887471058539356e-03
3.2832977216652948930207970694762696e-03	5.3554694172884307704374494610848166e-02	5.6606490868818087442712491005227890e-06	2.0604573268703853570215088435933377e-03
3.2822573191921358645347755244633520e-03	6.1797141511779792091968044218557068e-02	5.6624433987789525526057214875940447e-06	2.0607838612789525408393928839932766e-03
3.2810684223982882559532072349812036e-03	7.0040988549877168211177672695071427e-02	5.6644952019541609412662145424203598e-06	2.0611571913436737368400895537981786e-03
3.2797310851502386458695016917714495e-03	7.8286422584356041632459658496236461e-02	5.6668049620549791451225702862321197e-06	2.0615773763419227357482753114087994e-03
3.2782453680633388606054102920591898e-03	8.6533631164467421878280602165443463e-02	5.6693732037148384698316403686246788e-06	2.0620444830383922045056216396776017e-03
3.2766113385073060109659477019620211e-03	9.4782802121536548925128251847218342e-02	5.6722005108299719904177866728719564e-06	2.0625585857126338713965540867115277e-03
3.2748290706123393443489153992509063e-03	1.0303412359908214074890333325130951e-01	5.6752875268680151700833837282153165e-06	2.0631197661897342163726819247750104e-03
3.2728986452758557207664588682549389e-03	1.1128778408306465089746246399990598e-01	5.6786349552085841086422699542607851e-06	2.0637281138741497358597270203041817e-03
3.2708201501698457064629320124710224e-03	1.1954397243227622638404328913062260e-01	5.6822435595161550573722100617903352e-06	2.0643837257867283751287081175650024e-03
3.2685936797488524651722700729009971e-03	1.2780287790888516766686882067233462e-01	5.6861141641456002470015779654610702e-06	2.0650867066049462790750089354037166e-03
3.2662193352585758147664839566531988e-03	1.3606469020914781425592622866710277e-01	5.6902476545807670161024012016770679e-06	2.0658371687063916073258212367008092e-03
3.2636972247451040062236132188508920e-03	1.4432959949430091172381613730348760e-01	5.6946449779065197476235053220358049e-06	2.0666352322155297954099893932232428e-03
3.2610274630647759726089008755068988e-03	1.5259779642164765876358030552353762e-01	5.6993071433146972721859479031240880e-06	2.0674810250537873237735097897091947e-03
3.2582101718946769882391616947329099e-03	1.6086947217585078661660831015991643e-01	5.7042352226444722299696172241282343e-06	2.0683746829929937842921169543537657e-03
3.2552454797437708725112143985866068e-03	1.6914481850044618788667992841875764e-01	5.7094303509576334519233090193399243e-06	2.0693163497122248132941476686660997e-03
3.2521335219646720691467096921401093e-03	1.7742402772959078767539439934050188e-01	5.7148937271493477806188150778868676e-06	2.0703061768580912947355824689277880e-03
3.2488744407660611299656881933366955e-03	1.8570729282005853734844843240554728e-01	5.7206266145949939580672828129337611e-06	2.0713443241085231309445610170231981e-03
3.2454683852257473328799731805423497e-03	1.9399480738349861031597345871102078e-01	5.7266303418336983208171505022877493e-06	2.0724309592400988352687841137418034e-03
3.2419155113043823667276688267255966e-03	2.0228676571897009024416832097498507e-01	5.7329063032892401222582733921357015e-06	2.0735662581989752251325966279946151e-03
3.2382159818598292209867718268910578e-03	2.1058336284576766538722993334889754e-01	5.7394559600290334110186276564091860e-06	2.0747504051754745896888104343682142e-03
3.2343699666621906264470963735940159e-03	2.1888479453655307853282134659493644e-01	5.7462808405619325977123383733120675e-06	2.0759835926823898778210772367290736e-03
3.2303776424095016037261102870109315e-03	2.2719125735080733070359879222015948e-01	5.7533825416756502075945102836168650e-06	2.0772660216370717042527395429239991e-03
3.2262391927440908902296681599451760e-03	2.3550294866861889858268237847456130e-01	5.7607627293146179140382001286166193e-06	2.0785979014473643086434387190684114e-03
3.2219548082696162329299942964485683e-03	2.4382006672482350098255198062403127e-01	5.7684231394991658501090200878946799e-06	2.0799794501014610296703323854151468e-03
3.2175246865687787543109832224889939e-03	2.5214281064351123892464790988185371e-01	5.7763655792869404787910394957393181e-06	2.0814108942617533782412974940189454e-03
3.2129490322217218221688804535937782e-03	2.6047138047291723743147810425917202e-01	5.7845919277775280457036767213282383e-06	2.0828924693627514164085496313824615e-03
3.2082280568251200808123636079736063e-03	2.6880597722071223536614480656715373e-01	5.7931041371612989239065701942053830e-06	2.0844244197131568766807736434341355e-03
3.2033619790119645317415918264888240e-03	2.7714680288970990301994511351240044e-01	5.8019042338135380746672544252060788e-06	2.0860069986021742959229383773737045e-03
3.1983510244720497862667046065636193e-03	2.8549406051400801610417299272391450e-01	5.8109943194349784807236549793500769e-06	2.0876404684101493947658168499134647e-03
3.1931954259731698509226598825090347e-03	2.9384795419558097982855432274964007e-01	5.8203765722399078535142766469689395e-06	2.0893251007236280135432486990144470e-03
3.1878954233830290491239076010349819e-03	3.0220868914134157835196971338192475e-01	5.8300532481930742712724008882560203e-06	2.0910611764549331256109773408223818e-03
3.1824512636918749294586974220449011e-03	3.1057647170069022360339072376268019e-01	5.8400266822966737735432284864045560e-06	2.0928489859663617951232183018378120e-03
3.1768632010358602625333448195696184e-03	3.1895150940357039385155354047073101e-01	5.8502992899287624271770700578110560e-06	2.0946888291991084358845596577548464e-03
3.1711314967211414845313269230435485e-03	3.2733401099904938703842773645393518e-01	5.8608735682344971018996451911130740e-06	2.0965810158070253679903448973499578e-03
3.1652564192487212068459682394640497e-03	3.3572418649444396740118558909832426e-01	5.8717520975716732683256442552690522e-06	2.0985258652953364671731653856349407e-03
3.1592382443400426774798106831992828e-03	3.4412224719501095693820615098679369e-01	5.8829375430120946816978990605261141e-06	2.1005237071644246659795550214441098e-03
3.1530772549633443515857011017934060e-03	3.5252840574422331650700310087808119e-01	5.8944326559003789707554601599615943e-06	2.1025748810588192043601514860969594e-03
3.1467737413607830057676698459008450e-03	3.6094287616465277548994145658413772e-01	5.9062402754718750495029262983259900e-06	2.1046797369215138485973436824224864e-03
3.1403280010763341137839457322919108e-03	3.6936587389948060477660587506152600e-01	5.9183633305314430536958503979957722e-06	2.1068386351537528107454576847598684e-03
3.1337403389844784903270254622015798e-03	3.7779761585465868607605262235167603e-01	5.9308048411949253242964979392278492e-06	2.1090519467804268153712440950386413e-03
3.1270110673196845048309181772921199e-03	3.8623832044174361211295687720334184e-01	5.9435679206952179754541513448222424e-06	2.1113200536212276862551259408848998e-03
3.1201405057066954690154404566427017e-03	3.9468820762142715794442192762390404e-01	5.9566557772549369613970384401717293e-06	2.1136433484677159732171632371844174e-03
3.1131289811916321103716068722108865e-03	4.0314749894778709436698223280213292e-01	5.9700717160277604703685825514492368e-06	2.1160222352664625192364009792517701e-03
3.1059768282739203592789137075745582e-03	4.1161641761328297111866860013969935e-01	5.9838191411106211090155663398644710e-06	2.1184571293084314919368823414844827e-03
3.0986843889390550001914995777464913e-03	4.2009518849452218131816944869137234e-01	5.9979015576290168918562135657953371e-06	2.1209484574247792832754713911124758e-03
3.0912520126922100676117170073826670e-03	4.2858403819882233037037226393694967e-01	6.0123225738978097224367702469490320e-06	2.1234966581892508294339174676318560e-03
3.0836800565927072056719875001705659e-03	4.3708319511159667350458593365707861e-01	6.0270859036599840613759540556098560e-06	2.1261021821273623326634290291354663e-03
3.0759688852893535563642892641514610e-03	4.4559288944459015735220798122096719e-01	6.0421953684059470492610672210447854e-06	2.1287654919325670919886425980293809e-03
3.0681188710566610960969699370086674e-03	4.5411335328499440372490949886451756e-01	6.0576548997760647292963344850974967e-06	2.1314870626896091847829809678888009e-03
3.0601303938319597036373663488996544e-03	4.6264482064547080929256021986190892e-01	6.0734685420492474489160206808653294e-06	2.1342673821052781015528820861340390e-03
3.0520038412534166149438762552010787e-03	4.7118752751511180451474471511384270e-01	6.0896404547205212784884766248166003e-06	2.1371069507467861378715204887802739e-03
3.0437396086989753022424547719932356e-03	4.7974171191137122034933297837628223e-01	6.1061749151706516508756238748890607e-06	2.1400062822879994071699762092072128e-03
3.0353380993262272063122003902706696e-03	4.8830761393299565341394948876093042e-01	6.1230763214310206959266777527178830e-06	2.1429659037637627737898680511693920e-03
3.0267997241132301526779275704777101e-03	4.9688547581398970095201318307524652e-01	6.1403491950471012337475623093098929e-06	2.1459863558325688360205734116116660e-03
3.0181249019002876946431425093738872e-03	5.0547554197864895777169748346337507e-01	6.1579981840440184324520952914390690e-06	2.1490681930478313334654377205318898e-03
3.0093140594327040492275893585873255e-03	5.1407805909769572998186207305267327e-01	6.1760280659978450817337380841847947e-06	2.1522119841380340327273066672104299e-03
3.0003676314045297265073103006355940e-03	5.2269327614555352662698675131684993e-01	6.1944437512164386548842148799434746e-06	2.1554183122960372819023576194122392e-03
2.9912860605033133990152959982616186e-03	5.3132144445879754209626850545338781e-01	6.2132502860337982222253061923589184e-06	2.1586877754778360407224510872488251e-03
2.9820697974558760161868819778061245e-03	5.3996281779581954141765415622763512e-01	6.2324528562220972546001974478826925e-06	2.1620209867110753136322787639158100e-03
2.9727193010751236397826736462935087e-03	5.4861765239774680931257035175677683e-01	6.2520567905257348572423109682991057e-06	2.1654185744136415631880451603926693e-03
2.9632350383079159602673666405626799e-03	5.5728620705065612435337480763762041e-01	6.2720675643219434685938637495668378e-06	2.1688811827226618878762101024771507e-03
2.9536174842840079517584185522928356e-03	5.6596874314912507401573610507188650e-01	6.2924908034126960397005787284699236e-06	2.1724094718342565402133767682938297e-03
2.9438671223660826348966860554166091e-03	5.7466552476116443725176578832866627e-01	6.3133322879528707013099851540591937e-06	2.1760041183544047678144719105797230e-03
2.9339844442008934433648656104941608e-03	5.8337681869457683094963490108026299e-01	6.3345979565198564827564982249209746e-06	2.1796658156612990136887649045139738e-03
2.9239699497715352313432643229024632e-03	5.9210289456478834794469758989986088e-01	6.3562939103300203575637753205000214e-06	2.1833952742795782457981773147192396e-03
2.9138241474508635165228947381089026e-03	6.0084402486420150989644877570175212e-01	6.3784264176077043795145745254404290e-06	2.1871932222668476352293906756714272e-03
2.9035475540560821269934327164458097e-03	6.0960048503311952128090029126005832e-01	6.4010019181126826018292230132219916e-06	2.1910604056129090045311477733523377e-03
2.8931406949045200110131090005723173e-03	6.1837255353229354405866835540499137e-01	6.4240270278322815437171435597260641e-06	2.1949975886521444623180858491467126e-03
2.8826041038706185769998217547344666e-03	6.2716051191714651951705216790634666e-01	6.4475085438446559288744916296760808e-06	2.1990055544895144688702520095121135e-03
2.8719383234441515577353940742341335e-03	6.3596464491372894777313008734813650e-01	6.4714534493600140616666908401677312e-06	2.2030851054406512842947484788788848e-03
2.8611439047897000384540383063411496e-03	6.4478524049646400006945847135854077e-01	6.4958689189469053702902853600149624e-06	2.2072370634865493825512224091439424e-03
2.8502214078074059539275353819875782e-03	6.5362258996774138809150182447377790e-01	6.5207623239510172264207699787446762e-06	2.2114622707433760206851525739029750e-03
2.8391714011950280456303798617836717e-03	6.6247698803942155208697224452445164e-01	6.5461412381142800983452493459128779e-06	2.2157615899479477852666399781973461e-03
2.8279944625113249773678800483002620e-03	6.7134873291631395978763112749783455e-01	6.5720134434024504202231214373415533e-06	2.2201359049594426526850417257051190e-03
2.8166911782407910372129647032058560e-03	6.8023812638169563546765172256937775e-01	6.5983869360497303392190469877695286e-06	2.2245861212779419552719081344526311e-03
2.8052621438597706060932913482976469e-03	6.8914547388493846760478347851489680e-01	6.6252699328293938790454935490340821e-06	2.2291131665804227033847620893048085e-03
2.7937079639039783498070600089042367e-03	6.9807108463131637948274954835383616e-01	6.6526708775598212509417288754059935e-06	2.2337179912748480404784955967691725e-03
2.7820292520374528925713162799141362e-03	7.0701527167406609489842009199502870e-01	6.6805984478557983482831609628929790e-06	2.2384015690730322736897856525103840e-03
2.7702266311229725574098059853739604e-03	7.1597835200877799641604650936810981e-01	6.7090615621354182604219466963123157e-06	2.2431648975829870006712392991336406e-03
2.7583007332939626128017806350227569e-03	7.2496064667019646214927325710141747e-01	6.7380693868934274071879168247327484e-06	2.2480089989214864229654251374358840e-03
2.7462522000279243471177712118492172e-03	7.3396248083151208497985249571064922e-01	6.7676313442523921970318762759565201e-06	2.2529349203476230805588708810070853e-03
2.7340816822214172035908885096109989e-03	7.4298418390623133191403209604144143e-01	6.7977571198036246225082356271742422e-06	2.2579437349181600500076393529595754e-03
2.7217898402666261500912192919213025e-03	7.5202608965271249777279288039401786e-01	6.8284566707503987118004196741885602e-06	2.2630365421655222137850781147029056e-03
2.7093773441295474310184549419266023e-03	7.6108853628146025383780625854501192e-01	6.8597402343666161592678825198778321e-06	2.2682144687993076312511112332434530e-03
2.6968448734298268544924187889759211e-03	7.7017186656527469607080594067745542e-01	6.8916183367847407951636541805668634e-06	2.2734786694322404281436156433107503e-03
2.6841931175222858080503178793285352e-03	7.7927642795235456716793733876947773e-01	6.9241018021275199965127370909359440e-06	2.2788303273315290847228766660241028e-03
2.6714227755801712716633778927018299e-03	7.8840257268245827054654434829698665e-01	6.9572017619987490078456473152596167e-06	2.2842706551966386628176740123034721e-03
2.6585345566801672095397398178049344e-03	7.9755065790623042142952468009224586e-01	6.9909296653491139117455021277981636e-06	2.2898008959645324968670210532624211e-03
2.6455291798892058734299764014334716e-03	8.0672104580780600005914681628641843e-01	7.0252972887339733161863766352707429e-06	2.2954223236434883196890516404883743e-03
2.6324073743531187416140514219743398e-03	8.1591410373080869486699266461442903e-01	7.0603167469808105440776217359315974e-06	2.3011362441766458450070916669655858e-03
2.6191698793871680511184897116723079e-03	8.2513020430786475987644527226046614e-01	7.0960005042850102544478453288786293e-06	2.3069439963364976400231970956427422e-03
2.6058174445685011577653614101122604e-03	8.3436972559375867208296695491392649e-01	7.1323613857535892421634776086085840e-06	2.3128469526515928569587625220502647e-03
2.5923508298305712812511359351506132e-03	8.4363305120236207308836657930372649e-01	7.1694125894175441319926755586503718e-06	2.3188465203667842277222184073437046e-03
2.5787708055595695625442348800608099e-03	8.5292057044747292762524537037898542e-01	7.2071676987345725291928524019858456e-06	2.3249441424384128475770507847470759e-03
2.5650781526929147805208420652117566e-03	8.6223267848770754333574657773122578e-01	7.2456406956050829059337966652595420e-06	2.3311412985658928811978939463259199e-03
2.5512736628198485460750273402620454e-03	8.7156977647559408562718765217903724e-01	7.2848459739256363723692941749750631e-06	2.3374395062612296305279988501388050e-03
2.5373581382841853171930791135996161e-03	8.8093227171102250385782743135443094e-01	7.3247983537052650956817435855887915e-06	2.3438403219580796354665424611992913e-03
2.5233323922892681600363685060415344e-03	8.9032057779921237668932334418753965e-01	7.3655130957714924183382757339307980e-06	2.3503453421620408781335438477960072e-03
2.5091972490051828214133060193591436e-03	8.9973511481336710236148993059773170e-01	7.4070059170943439790911298975694988e-06	2.3569562046439449883876357647530387e-03
2.4949535436782843797448788477221297e-03	9.0917630946219012215443308580507604e-01	7.4492930067581930396606909966795922e-06	2.3636745896780118793487756174027113e-03
2.4806021227430925074775218902721271e-03	9.1864459526244649180318775313971267e-01	7.4923910426129328727571392001398247e-06	2.3705022213268207730324352068463645e-03
2.4661438439366132107486591538010569e-03	9.2814041271676112674596512777720212e-01	7.5363172086377210373008348130456919e-06	2.3774408687751504246106958388631280e-03
2.4515795764151468149885159622080654e-03	9.3766420949685346475521039994849179e-01	7.5810892130524017141002937886823513e-06	2.3844923477148458582872512993498524e-03
2.4369102008736439412270547491229207e-03	9.4721644063241713706022888028896337e-01	7.6267253072136905959861263549772286e-06	2.3916585217829794512625982214643872e-03
2.4221366096676732705125065986710184e-03	9.5679756870586254136309736880597698e-01	7.6732443053353102976374182284016822e-06	2.3989413040556911335341706601319464e-03
2.4072597069380670265581240246873636e-03	9.6640806405314999362766409009937305e-01	7.7206656050735016788400885625646560e-06	2.4063426586002162269091840455683167e-03
2.3922804087383123232217808402184229e-03	9.7604840497095142836176136223705561e-01	7.7690092090217173500728224246481258e-06	2.4138646020877404732041053586100487e-03
2.3771996431647588275903948971285615e-03	9.8571907793038944934252257424518303e-01	7.8182957471608381809980267652107772e-06	2.4215092054698605781533395316671423e-03
2.3620183504897155853973199747331898e-03	9.9542057779761393636586314637572343e-01	7.8685465003139528941927621506707665e-06	2.4292785957215756380141009044681079e-03
2.3467374832975123475758527821240577e-03	1.0051534080614884227758599031891671e+00	7.9197834246576167045669154143861706e-06	2.4371749576538906719793919452474832e-03
2.3313580066236033295097940522295070e-03	1.0149180810686711096773265133340209e+00	7.9720291773445703138907793759105967e-06	2.4452005357992787478770459048559795e-03
2.3158808980967940327948388771473730e-03	1.0247151182663887147418602585898328e+00	8.0253071432961692750251432549707674e-06	2.4533576363734234979794773503375081e-03
2.3003071480846745681482973794468848e-03	1.0345450504532154079114383445565766e+00	8.0796414632262608083890869358525182e-06	2.4616486293168498605934665171590813e-03
2.2846377598423458428550723206954412e-03	1.0444084180381839074514167114872287e+00	8.1350570629619668107657142599427209e-06	2.4700759504202483876795441427877114e-03
2.2688737496645280224682205046587020e-03	1.0543057713085714451287293091221537e+00	8.1915796841308055994047288186031098e-06	2.4786421035375082213217612427230322e-03
2.2530161470411438503622657978610440e-03	1.0642376707067198095017227904828271e+00	8.2492359162878298860585754775697132e-06	2.4873496628906967153916363336343276e-03
2.2370659948164727164724131781750082e-03	1.0742046871162660956570963243397583e+00	8.3080532305609951580927717364482257e-06	2.4962012754714605820069219164283306e-03
2.2210243493519748148063330136407703e-03	1.0842074021581791862839851634873949e+00	8.3680600148978233610666310567947966e-06	2.5051996635435753655664333879806811e-03
2.2048922806928883251313337700192002e-03	1.0942464084970164249155044504074452e+00	8.4292856110016157126384174325714856e-06	2.5143476272516380579487333499945836e-03
2.1886708727387063050679528874547999e-03	1.1043223101578354841104111944802079e+00	8.4917603530510218675733544941483881e-06	2.5236480473411829187837716630876616e-03
2.1723612234176438925424790639004347e-03	1.1144357228542181506955505003704872e+00	8.5555156083027189777602488203515157e-06	2.5331038879958042979200546386418937e-03
2.1559644448652105035070218142981097e-03	1.1245872743278857235159094724592683e+00	8.6205838196833243825920735170888663e-06	2.5427181997971938161752872542459724e-03
2.1394816636070059748583963323216338e-03	1.1347776047004100285998704449090380e+00	8.6869985504834933416053203511539908e-06	2.5524941228143440962743640110990611e-03
2.1229140207458640569315057642083927e-03	1.1450073668375497904348496872625182e+00	8.7547945312744749402877105604748419e-06	2.5624348898285389174812129017795121e-03
2.1062626721534713137227103251167412e-03	1.1552772267267693508828865042957981e+00	8.8240077091752548397583782330236860e-06	2.5725438297011418921222981681764535e-03
2.0895287886665943526236999169211143e-03	1.1655878638685256009307249638713604e+00	8.8946752996068462113963033856645908e-06	2.5828243708916143672033775805293551e-03
2.0727135562880533900632917411284427e-03	1.1759399716819395943967387940377634e+00	8.9668358406793471828736050462855486e-06	2.5932800451336402294756044269005058e-03
2.0558181763925854768905802693676073e-03	1.1863342579255017646261333926408361e+00	9.0405292503671158609103699160431818e-06	2.6039144912777127940153853287193091e-03
2.0388438659377462701428586145458876e-03	1.1967714451334940917971945452054737e+00	9.1157968866378786007254321564261644e-06	2.6147314593090493229564395982200499e-03
2.0217918576800050593589967284380672e-03	1.2072522710688491061791694949551924e+00	9.1926816107128449136524693153549504e-06	2.6257348145502444895612648176819408e-03
2.0046634003961938499898988509538050e-03	1.2177774891932044085457638264348451e+00	9.2712278536470201476515981580419278e-06	2.6369285420586580278505538173052011e-03
1.9874597591104776887807787912251675e-03	1.2283478691549526014609404808811365e+00	9.3514816864319579706418210880021070e-06	2.6483167512291568819336368488488462e-03
1.9701822153270201022695914841022630e-03	1.2389641972961303252999565925499607e+00	9.4334908938372587232803268188120080e-06	2.6599036806135016449314795892732802e-03
1.9528320672685245268009156407232523e-03	1.2496272771790366652040892126842133e+00	9.5173050522222844394415384059481633e-06	2.6716937029683844933745594618033740e-03
1.9354106301208399548326480950329783e-03	1.2603379301335207390154215347038105e+00	9.6029756115659226596326470038369319e-06	2.6836913305448950306801366661183137e-03
1.9179192362838267271310247429508950e-03	1.2710969958259310070009119370818101e+00	9.6905559819798942037557968748370655e-06	2.6959012206330156478228977845523546e-03
1.9003592356286864842908547006208989e-03	1.2819053328507749947749552072920632e+00	9.7801016249901801326061113907696372e-06	2.7083281813756337629759339705228050e-03
1.8827319957619687758258203313288582e-03	1.2927638193461979432910034160219994e+00	9.8716701498917667902207961525739958e-06	2.7209771778675096017589917011956980e-03
1.8650389022964757342538101100777743e-03	1.3036733536344526669615229599808558e+00	9.9653214155042141364201708215377175e-06	2.7338533385556604689214329232515799e-03
1.8472813591292955801327280347293197e-03	1.3146348548886009085035476551677564e+00	1.0061117637679694429224173965187653e-05	2.7469619619587216859669554853938339e-03
1.8294607887272055585537694662296274e-03	1.3256492638267590474800270604261795e+00	1.0159123502941293908121755530516223e-05	2.7603085237240270255733685404555712e-03
1.8115786324196952466650288497202778e-03	1.3367175434352784963873511498510475e+00	1.0259406288657704682255022717017815e-05	2.7738986840424246705283383618924447e-03
1.7936363506998720458355780890489789e-03	1.3478406797223338809476182217413075e+00	1.0362035990191161661425906923163510e-05	2.7877382954422162428297407442036772e-03
1.7756354235335221136532218994245347e-03	1.3590196825034805599974302921840189e+00	1.0467085455488825212074164317699648e-05	2.8018334109850848109382534351878572e-03
1.7575773506766120349366880445762736e-03	1.3702555862208376407204497211600405e+00	1.0574630527624022784950092608699535e-05	2.8161902928884723342091192331191777e-03
1.7394636520015292146597460881110828e-03	1.3815494507976538717999444408147284e+00	1.0684750195833116596996670929062142e-05	2.8308154216005879956102963766224549e-03
1.7212958678323723391192933767485935e-03	1.3929023625301221781976241916851363e+00	1.0797526755636563139132843681031928e-05	2.8457155053560875645745774067160359e-03
1.7030755592896173377000663230805422e-03	1.4043154350184247117332148023743900e+00	1.0913045978679309801940014438887540e-05	2.8608974902424726927475216990122559e-03
1.6848043086444991321785238978035699e-03	1.4157898101391147583845900357339095e+00	1.1031397292976406424923679236547619e-05	2.8763685708094314833467369153030745e-03
1.6664837196834651330225723215963675e-03	1.4273266590610753502989966258035491e+00	1.1152673974305007700315794538411879e-05	2.8921362012556927680070832685922479e-03
1.6481154180830729855894631854252202e-03	1.4389271833074377248415216185690136e+00	1.1276973349544263994433982132604538e-05	2.9082081072305127751382813488480560e-03
1.6297010517957225404678018169375453e-03	1.4505926158659966708662883031070469e+00	1.1404397012830451907049535607947106e-05	2.9245922982896724772139586482353058e-03
1.6112422914466304827122715786804703e-03	1.4623242223508251965090460435743680e+00	1.1535051055466647274607405195288140e-05	2.9412970810488569435576131870198215e-03
1.5927408307424755703047902890986975e-03	1.4741233022179688203337617801127383e+00	1.1669046310604921698641891674773350e-05	2.9583310730805366844414173119819193e-03
1.5741983868921630738317980954581169e-03	1.4859911900382911991045465436901232e+00	1.1806498613805150175826315336912964e-05	2.9757032176039997803971677017282816e-03
1.5556167010401788535895407104646337e-03	1.4979292568307489345089698281240539e+00	1.1947529080668833892443552023663066e-05	2.9934227990220196938473089175481308e-03
1.5369975387130266396047920492613946e-03	1.5099389114595955358385739943056864e+00	1.2092264402849741535532492320204594e-05	3.0114994593618171303939271594940120e-03
1.5183426902792665833995818961962561e-03	1.5220216020992540706240976418793483e+00	1.2240837163856629919560042299025986e-05	3.0299432156825184995918054997368255e-03
1.4996539714236991238583183640629124e-03	1.5341788177708565657502838686911832e+00	1.2393386176187911442713391253157287e-05	3.0487644785162654313577252183277085e-03
1.4809332236362657571536311057087966e-03	1.5464120899547274389302121456466617e+00	1.2550056841475113811943053250303925e-05	3.0679740714155305569362962058528545e-03
1.4621823147162675346998635038344527e-03	1.5587229942833900293871728770067364e+00	1.2711001535462696593166750541776108e-05	3.0875832516850900999415750434270648e-03
1.4434031392925331551281160612275396e-03	1.5711131523200017350232576235467864e+00	1.2876380019817787157023359976404822e-05	3.1076037323835446669828423339121674e-03
1.4245976193602014980284187717480477e-03	1.5835842334274766441703962838799729e+00	1.3046359882946403461523873051961728e-05	3.1280477056863227373887354272235635e-03
1.4057677048348185114702854687455826e-03	1.5961379567339374059920241986578557e+00	1.3221117012194686892599945591261375e-05	3.1489278677098100591204358987013826e-03
1.3869153741244856670106633821779722e-03	1.6087760932005532152763734938816781e+00	1.3400836100036764877310954345010349e-05	3.1702574449046932077015824998003496e-03
1.3680426347208369032482700751327561e-03	1.6215004677982712945686433586038319e+00	1.3585711187097569855275049549478845e-05	3.1920502221358660723075987355936526e-03
1.3491515238096632748059157882650580e-03	1.6343129618004385740597090824255511e+00	1.3775946245132047229278514665176235e-05	3.2143205725764125777316366641711939e-03
1.3302441089020496067788165566336417e-03	1.6472155151988422072982964326913039e+00	1.3971755803384843306768456589959634e-05	3.2370834895543468267356630062595181e-03
1.3113224884869355416791443484709349e-03	1.6602101292512763493578437936676795e+00	1.4173365622090344873138148278704463e-05	3.2603546205030744935579789178727037e-03
1.2923887927060646926573778995925099e-03	1.6732988691693729668939593607985405e+00	1.4381013417245891958496898465943680e-05	3.2841503031800619412329680220738009e-03
1.2734451840523404406128163365619397e-03	1.6864838669561215812890635543648192e+00	1.4594949641205698853658005963596307e-05	3.3084876043331030675628195531178006e-03
1.2544938580926655146514153819473115e-03	1.6997673244032525997857184518733797e+00	1.4815438324104718295884402253990506e-05	3.3333843610100170371833874895505713e-03
1.2355370442164051822144259537827334e-03	1.7131515162594777726020815621355745e+00	1.5042757981636315764147873146754203e-05	3.3588592247257718900673964158292646e-03
1.2165770064106809829175215115760439e-03	1.7266387935814765952992600356707166e+00	1.5277202595281963742415500374497735e-05	3.3849317087211117966744666622461836e-03
1.1976160440637738364438853986376279e-03	1.7402315872804972845556171873350817e+00	1.5519082671732959578902304110392016e-05	3.4116222385689982540126466849973081e-03
1.1786564927979924428173837184537280e-03	1.7539324118785143956271336053649106e+00	1.5768726388962266157076924741635091e-05	3.4389522064098169590859144727317814e-03
1.1597007253334456153578428133344573e-03	1.7677438694890624291171003933446267e+00	1.6026480837209109302020126738437642e-05	3.4669440291236464654503502128002595e-03
1.1407511523842460284714354192071670e-03	1.7816686540391573549427268756476644e+00	1.6292713364041568851635881145542380e-05	3.4956212107782660451087268041615710e-03
1.1218102235887683584901070965929908e-03	1.7957095557501387496938046244359607e+00	1.6567813033676434112933861730823994e-05	3.5250084097253784942311804293524139e-03
1.1028804284756875343343740551751940e-03	1.8098694658968287101852580906170229e+00	1.6852192211876438927543965064791196e-05	3.5551315107551720377952909676704217e-03
1.0839642974676334442822937800435151e-03	1.8241513818661262323398850374627032e+00	1.7146288289030379202787386393390856e-05	3.5860177027613383440850513666859850e-03
1.0650644029244176811986996357039698e-03	1.8385584125380558066823377238947214e+00	1.7450565555472027302987030519755110e-05	3.6176955624155661114321178326709937e-03
1.0461833602279165419192645574577345e-03	1.8530937840143874753897153747629134e+00	1.7765517244732891000739334336203760e-05	3.6501951444029889358211013054139118e-03
1.0273238289108334018695740214217294e-03	1.8677608457222661900081545067051240e+00	1.8091667762279190844903095029745845e-05	3.6835480788288246316173908272330087e-03
1.0084885138317137324619567796635685e-03	1.8825630769228578567104917796910388e+00	1.8429575119386854425838429549606924e-05	3.7177876764723540124945604471617462e-03
9.8968016639874849121582475751276564e-04	1.8975040936578684727907627572922541e+00	1.8779833594196977358222699859623457e-05	3.7529490426384325145247141267832150e-03
9.7090158584507758676256098726074492e-04	1.9125876561699559795272962381929684e+00	1.9143076644711371108132135735891625e-05	3.7890692004400407455098786695795312e-03
9.5215562055849593082824937880612406e-04	1.9278176768365714900877550524177635e+00	1.9519980101584090388496199968332956e-05	3.8261872244392690604584206393118895e-03
9.3344516946867171603550298153992645e-04	1.9431982286606826395550631066991585e+00	1.9911265672099434799790457081414147e-05	3.8643443856801121381310945191313596e-03
9.1477318349521165185910504888583501e-04	1.9587335543661987212886854296019885e+00	2.0317704790769348937739864991981855e-05	3.9035843092662804866953564361457092e-03
8.9614266706015279458123881468467828e-04	1.9744280761507943783206102304006596e+00	2.0740122856615134730203672574482015e-05	3.9439531457729607922329006193648406e-03
8.7755667966872738309027043559756426e-04	1.9902864061542840957365278446467019e+00	2.1179403902516279807531132328125612e-05	3.9854997579354572044001623214154427e-03
8.5901833756253805227265341203096937e-04	2.0063133577068120697464428074645163e+00	2.1636495748126823490531160748949854e-05	4.0282759242327010782546353237172504e-03
8.4053081544959853423945528855275846e-04	2.0225139574279817235271558918883194e+00	2.2112415694911841732024814653659778e-05	4.0723365611829803982359443251975595e-03
8.2209734831604239228578845637889095e-04	2.0388934582557608069651646017139517e+00	2.2608256830003403574147976103478960e-05	4.1177399663967273895270360397077662e-03
8.0372123332468274968137023143995091e-04	2.0554573534926828172483149632465479e+00	2.3125195015007279189721857188774615e-05	4.1645480846912990365837397841341489e-03
7.8540583180602308357533555795807591e-04	2.0722113919666640530617242488258026e+00	2.3664496646836186773938139729455039e-05	4.2128267998706764197945989970096952e-03
7.6715457134777714592098223889911007e-04	2.0891615944148316004095434322684775e+00	2.4227527290374633687921034527852875e-05	4.2626462551151403323170262178220103e-03
7.4897094798945969706384957519346991e-04	2.1063142712113017746207840250087737e+00	2.4815761297621101846654005817037155e-05	4.3140812053196506038224094510279427e-03
7.3085852852916438277471646180201365e-04	2.1236760415740841045462031566758414e+00	2.5430792545298644611452730773135913e-05	4.3672114051736519551431859890232488e-03
7.1282095295025688078675731200026920e-04	2.1412538544024743074802450365632717e+00	2.6074346443249600044307637746014640e-05	4.4221220372998157540574475864936080e-03
6.9486193697638737258837649061992296e-04	2.1590550109147481025001084826216142e+00	2.6748293389808952874729899963922304e-05	4.4789041853773055759810013128454743e-03
6.7698527476397443682455997947878840e-04	2.1770871892770381324542538897602773e+00	2.7454663878482305746014639900419949e-05	4.5376553578815009149197049958106398e-03
6.5919484174214174226043297847408960e-04	2.1953584714383963904163960851135938e+00	2.8195665493489762202753521009852630e-05	4.5984800688947237281073388482719393e-03
6.4149459761100991561477941502405069e-04	2.2138773724147211215571905055404976e+00	2.8973702071117526627593216048855458e-05	4.6614904834030803244955857261743366e-03
6.2388858951027071897261984301957192e-04	2.2326528722960624129189307092109904e+00	2.9791395350622767018820163063740146e-05	4.7268071356192931141699967169851043e-03
6.0638095537111308097821456625398773e-04	2.2516944512885324702048286786357992e+00	3.0651609494238806256393402392733088e-05	4.7945597301921919162102969236656893e-03
5.8897592746584663820643784649354521e-04	2.2710121281444933996680165943183893e+00	3.1557478922574171877760498933727894e-05	4.8648880377191364533825518844823296e-03
5.7167783617099686211449631584924813e-04	2.2906165023839072008574378036804353e+00	3.2512439991807935404395066679925368e-05	4.9379428978154412798845115986687410e-03
5.5449111396124819368130480888868552e-04	2.3105188007669497456683494519492620e+00	3.3520267135568847564662800876762600e-05	5.0138873451730146922662547216362409e-03
5.3742029965341308143808283209477197e-04	2.3307309285447111359863350972955617e+00	3.4585114211020076834425108689961263e-05	5.0928978766305194245362086511703415e-03
5.2047004292163487661222475452820128e-04	2.3512655260928461100625075377585259e+00	3.5711561930199486305598074706816646e-05	5.1751658803679851538021501091567350e-03
5.0364510910732572412303497223030211e-04	2.3721360316246122802294671976594878e+00	3.6904672430081154194499535829829698e-05	5.2608992520399559651188390536027666e-03
4.8695038434993753671195264118499202e-04	2.3933567507875448726663167941466150e+00	3.8170052245735526047358232284290246e-05	5.3503242271101724725258467157007587e-03
4.7039088106761281832074500248493470e-04	2.4149429340753831625767145409430811e+00	3.9513925210079045956124184821558861e-05	5.4436874640194577297049514764742997e-03
4.5397174382011933023248071475785299e-04	2.4369108631378773488985812908429492e+00	4.0943217123465672109043289073482417e-05	5.5412584193234851005831215592404074e-03
4.3769825559030591955451576275869014e-04	2.4592779472508319123132294454585797e+00	4.2465654432829759214646529176325888e-05	5.6433320638525731571530592622652813e-03
4.2157584452470687094520382593816524e-04	2.4820628314234869500979107952467801e+00	4.4089879654050478848834686467805080e-05	5.7502319986203299960349254821404130e-03
4.0561009117896549503366381381842036e-04	2.5052855178779860219757975439543353e+00	4.5825586889813814304907549381732776e-05	5.8623140410879999666305630413021343e-03
3.8980673631956055861170596949818540e-04	2.5289675029461369819493270865199930e+00	4.7683681574122486798807678438934642e-05	5.9799703670507585934304046952320517e-03
3.7417168934004205624383672809078483e-04	2.5531319318044648614579089328162091e+00	4.9676469560807677306814433831599524e-05	6.1036343115939253328240228076288010e-03
3.5871103735778625595414862596728684e-04	2.5778037739256016941563691220810664e+00	5.1817881929525366528628826710032856e-05	6.2337859552388568171915634179196231e-03
3.4343105506637196974401156591129778e-04	2.6030100226827125630454286738225568e+00	5.4123743492634119624082926145236465e-05	6.3709586498290176852641580518326439e-03
3.2833821542931570240737320803739948e-04	2.6287799232301133714128361386217490e+00	5.6612095063246729820649381404021949e-05	6.5157466745717275637513094118226744e-03
3.1343920131339718834649034658180605e-04	2.6551452336314238799419288050142390e+00	5.9303582242640631192288037773847577e-05	6.6688142581785915177672021079605616e-03
2.9874091817454867930859200183335725e-04	2.6821405252607800041297293313246130e+00	6.2221927015418159101255398087244652e-05	6.8309062612242557606412108803558966e-03
2.8425050792675736065786603635854751e-04	2.7098035298209670024375652480527140e+00	6.5394503095842511000330893558878650e-05	7.0028608877047917816938318376650526e-03
2.6997536414525055462638002404568559e-04	2.7381755419818665862436340929873341e+00	6.8853042157361605633481845927787826e-05	7.1856248918247923293790090097381754e-03
2.5592314878016866741323440435077244e-04	2.7673018887462157709876642902319832e+00	7.2634506376262849263983471138610767e-05	7.3802718728432334334125737217791806e-03
2.4210181058696174608570548089024393e-04	2.7972324793359578797873795856591088e+00	7.6782173952272449997382603496624434e-05	7.5880244178727591209238860208455843e-03
2.2851960551612898634929078117318900e-04	2.8280224528499133304119486132892499e+00	8.1346999620091123235970678628964894e-05	7.8102810746053885053988578988983902e-03
2.1518511934928069446157968086807115e-04	2.8597329454309940518115671847901347e+00	8.6389333367911265015536807635045704e-05	8.0486494339585189823304729301511446e-03
2.0210729292295554814786617867159977e-04	2.8924320045581017876093941346465181e+00	9.1981110191652663422742027080309969e-05	8.3049870066448226080998335051208699e-03
1.8929545034895589461080217170650890e-04	2.9261956858487507631670111375058291e+00	9.8208665573102689265326221854065860e-05	8.5814521313494168099157479222253191e-03
1.7675933072386656397656968267574732e-04	2.9611093781404427559026398029763658e+00	1.0517639131013871766636130374580517e-04	8.8805679199128660882162105485547209e-03
1.6450912392585869389497636465410316e-04	2.9972694166445164113193082600818059e+00	1.1301153336056444778259683638613835e-04	9.2053033228982829997972620066249054e-03
1.5255551123058195815568898839029447e-04	3.0347850631437165598329896780666679e+00	1.2187056165116644202881957218249533e-04	9.5591769333003103248989000407766851e-03
1.4090971164916664208455474477168699e-04	3.0737809587706127531747162195808343e+00	1.3194773402186388508527012385333142e-04	9.9463913626456978076731992628802617e-03
1.2958353511297019526115521167869448e-04	3.1144001922304908150061376470546537e+00	1.4348676964622080354842592823519847e-04	1.0372009277431403731262117454702208e-02
1.1858944391990284855843044778035416e-04	3.1568081795969130715293637726189337e+00	1.5679700319569397998686439294172997e-04	1.0842187044685273913908510775048781e-02
1.0794062424205735849152037109250926e-04	3.2011976291185882287103464084325545e+00	1.7227611535321353785872708890273184e-04	1.1364489338477321446946170793560547e-02
9.7651070012058936549802931896498889e-05	3.2477949788079993123297668067107269e+00	1.9044271348739034826108165947542451e-04	1.1948319575988483242096675726384772e-02
8.7735682212751146066454994228963439e-05	3.2968688672051312485160271957532271e+00	2.1198400351610019616721925831029422e-04	1.2605519394806483920172995107578443e-02
7.8210387577723817368379599908798188e-05	3.3487414644303501228227944502385377e+00	2.3782717582474071103652989492024068e-04	1.3351220375159161710107050563619376e-02
6.9092282102859214579515558716984760e-05	3.4038039135581940690133973185285757e+00	2.6924913554237775912840720656410043e-04	1.4205081714835610735648642209100634e-02
6.0399806785723840083810461927234137e-05	3.4625378228211059295909158676421151e+00	3.0805028262106680862126207100972798e-04	1.5193135487818668384890453907674926e-02
5.2152966002783158904669675146859161e-05	3.5255459146193365507118286991303297e+00	3.5683934989136168655708309127902950e-04	1.6350620108516847747692545373407263e-02
4.4373603504228441048378865352799217e-05	3.5935969812940618349478870865216088e+00	4.1951934030070299562650517797844241e-04	1.7726482982868669488799409834478211e-02
3.7085758215087568507790204892146608e-05	3.6676940455754605536893754139169811e+00	5.0215666163695866608466035951215742e-04	1.9390830454056013757114175269942827e-02
3.0316133847097072202376714042009863e-05	3.7491818666497798308512257861159730e+00	6.1462635509345070027187420260718412e-04	2.1447864108806233642405186029947153e-02
2.4094736593055421174816504496081039e-05	3.8399248400143874171740245316086837e+00	7.7395044433735250278442706680479520e-04	2.4059705972757446719528818415527887e-02
1.8455771897688304940745477815909785e-05	3.9426194798936682862074147899793720e+00	1.0116897119017555646514337766385519e-03	2.7493626201518980644854370224537845e-02
1.3438962467775664201590030822201701e-05	4.0613868524483838833096027447546363e+00	1.3922786690885246003993438789942040e-03	3.2224967666751727092121356009861775e-02
9.0915996922006082576809249405125540e-06	4.2030160061314887982202534778898086e+00	2.0661335690276666370778430023402186e-03	3.9191979593295240148065394608297741e-02
5.4719915567252111339335634758917696e-06	4.3799761531588001688446355911355862e+00	3.4629691893025230639444151024089897e-03	5.0553701923545089789286380338542266e-02
2.6558792405975775260179617554737552e-06	4.6195233498159846304678333182413380e+00	7.3290952957593930467864134965387686e-03	7.2715907163380056315196879284514065e-02
7.4579604455874940166279017392941581e-07	5.0051943677695857633643809018094393e+00	3.4820796563336408751020830597963128e-02	1.3942837696531173658291984131307076e-01
0.0000000000000000000000000000000000e+00	0.0000000000000000000000000000000000e+00	9.7949395697103159831912133405802479e-06	2.5223138862732910723091848642075894e-03