7.0014362801990691475410085488338224e-07	-5.0173612960373484110224886764155373e+00	3.4672056445163677325944490923930016e-02	1.3912208795261992248852485368595591e-01
2.4943627186630061308956249474779443e-06	-4.6325662268374322244516969094889305e+00	7.2941613096783877977943087111817335e-03	7.2541358152166393533719472525117352e-02
5.1409972768011024486070174998736175e-06	-4.3936122271621888734815271704722848e+00	3.4452303415444871190542989747427344e-03	5.0423673485419849555285597371758816e-02
8.5441883302069113296182387230162008e-06	-4.2171192583243600679977011419891695e+00	2.0549324722726045705919548911373795e-03	3.9085409797638580938629387313293151e-02
1.2633102183740730234592263521043881e-05	-4.0758839182732445770599521108314450e+00	1.3843648573750495430799146354054046e-03	3.2133141962825339221694983879338517e-02
1.7353203238176522081757779466946472e-05	-3.9574616732189240491114660203800247e+00	1.0056988644318608114810621159577449e-03	2.7412030515319936779910438156768186e-02
2.2660256066423290130289140158681358e-05	-3.8550771963618704411531327117393640e+00	7.6919809317034063684680450696793816e-04	2.3985675032754938350559351433543372e-02
2.8517102039303594436495936088403866e-05	-3.7646179072157452628630003549850270e+00	6.1072684494850177575230882830903226e-04	2.1379681768365658921437197190343365e-02
3.4891741391539874939711796606853649e-05	-3.6833929375288403343287227649014447e+00	4.9887409756757674729321839289660924e-04	1.9327321149306283590467840290607266e-02
4.1756100929173526437956975760534861e-05	-3.6095418552032893138675391245755556e+00	4.1670029570536883317247853813026359e-04	1.7666803113169694379082690713408103e-02
4.9085195557126210262748391985545511e-05	-3.5417227998429451785637021252526438e+00	3.5437915966296015418165544432501572e-04	1.6294141933563390764524507706909398e-02
5.6856532027015700509818820087513937e-05	-3.4789349388053117217761266996777070e+00	3.0587476735991837389811883110552060e-04	1.5139378100863055096454372832201621e-02
6.5049669835332051392941770834425340e-05	-3.4204111785511254248340819751157330e+00	2.6730405253746189303747794948201071e-04	1.4153667795428552150078969166289439e-02
7.3645888532257978765814061619842419e-05	-3.3655501434494702605520677587078763e+00	2.3607181282583596411136038066993493e-04	1.3301847912144354782497718947456030e-02
8.2627929648987283525196013064290151e-05	-3.3138713127340135753514639157773014e+00	2.1038712112937416527494790020806552e-04	1.2557942530370340439327452584031143e-02
9.1979792498086823728800291687016850e-05	-3.2649844352871932428461670739309528e+00	1.8897988234656314167450235343341611e-04	1.1902335234342211756786125771151080e-02
1.0168656984121949216004264727243105e-04	-3.2185680825569352705264389311495240e+00	1.7092791481601380993933295450097857e-04	1.1319927650095486703016858878254034e-02
1.1173431369105239619025284862745373e-04	-3.1743542398659339803928827092806475e+00	1.5554777044240827885453539193239885e-04	1.0798904334828514861536904363543763e-02
1.2210992431263535406396257258147432e-04	-3.1321169995292174080605497427917159e+00	1.4232371085858649800144610172438869e-04	1.0329882831656156643644619455373868e-02
1.3280105737503802206282354924345630e-04	-3.0916641082942257144541919317931008e+00	1.3086027994515793937734245274440266e-04	9.9053154514603762445701653015240725e-03
1.4379604550615091381952859407615702e-04	-3.0528305436853182658011938149384112e+00	1.2084989188354395211957312930513396e-04	9.5190597467881664775827912954702299e-03
1.5508383142254722502977902640081212e-04	-3.0154735600158778883203954947278285e+00	1.1205021951113507429456709258494530e-04	9.1660645746075038912934177238119341e-03
1.6665391046753321484382921342262903e-04	-2.9794688171028142839728454865194469e+00	1.0426812542957534566645140374218511e-04	8.8421369507945467955644024242717945e-03
1.7849628087456000020912398513411567e-04	-2.9447073188160657975892516286634244e+00	9.7348050762114299664012497387122206e-05	8.5437663926536762206710732991382666e-03
1.9060140043304849329050997660517357e-04	-2.9110929657470117196689295670079376e+00	9.1163497222747575181945247615557914e-05	8.2679908337296329482845098272094481e-03
2.0296014850502325352172859305387082e-04	-2.8785405794340412909452897647596046e+00	8.5610691819714726103508840213527867e-05	8.0122930460564576712157757615979401e-03
2.1556379254816647090195545694855321e-04	-2.8469742928323584805590106526400485e+00	8.0603815218638352603304340573007990e-05	7.7745197519895452911444483555132393e-03
2.2840395846099892917644209132061859e-04	-2.8163262282254278980650125487269433e+00	7.6071366038614750966086719788027902e-05	7.5528178196772033095153297136341704e-03
2.4147260419091228802371396355298590e-04	-2.7865354029126852494331692106055608e+00	7.1953360992333314910886855458304372e-05	7.3455834674213263001393981431518058e-03
2.5476199614436531506656871549196493e-04	-2.7575468170042087328650021131535208e+00	6.8199157368976682700758251800682793e-05	7.1514214779080050754912632329165767e-03
2.6826468801701077553397035326570051e-04	-2.7293106880130065328592933113045794e+00	6.4765743989587858256360533714347732e-05	6.9691121893957601677756125552683664e-03
2.8197350172447758481527670008471333e-04	-2.7017818046899118669506486001883253e+00	6.1616388406760818263731940452332928e-05	6.7975845834640296957060449221494212e-03
2.9588151016545063087113392697523794e-04	-2.6749189784104108696371653922028313e+00	5.8719557578491906186113433807528145e-05	6.6358941920807737400787778123053571e-03
3.0998202159017088530776913843758150e-04	-2.6486845749005753710222934482472833e+00	5.6048050336610317710036754109856977e-05	6.4832048441367942011722918870151955e-03
3.2426856538150001655645731798860466e-04	-2.6230441125392539220136443446536003e+00	5.3578295240175198554331939382326666e-05	6.3387734931997908416640357839087570e-03
3.3873487908377529853193844292928104e-04	-2.5979659161541324360343823422859368e+00	5.1289778576322355496432006151836700e-05	6.2019375349486295529326356818714382e-03
3.5337489653799747161660148004195174e-04	-2.5734208173283011108154289486348118e+00	4.9164575525548803939709578235253495e-05	6.0721041492771694116197990790323847e-03
3.6818273700136325457699957978779614e-04	-2.5493818938898687705043627868872565e+00	4.7186963663691296423557376262082174e-05	5.9487412988957493416938775035905490e-03
3.8315269514549611422894264108437813e-04	-2.5258242425726111288789344711900120e+00	4.5343102602687435097361067230695542e-05	5.8313700909582703500985138172048899e-03
3.9827923184151415333833367770983923e-04	-2.5027247798874985244089850813765040e+00	4.3620767083197055984465072225073894e-05	5.7195582662932377461468514105668080e-03
4.1355696565175716734346111089422309e-04	-2.4800620670912620967070278941879294e+00	4.2009123515289189374884874724223150e-05	5.6129146262455268093787536171361065e-03
4.2898066495794057425179201766794400e-04	-2.4578161558230909936668546931715630e+00	4.0498542028869646539291394912410727e-05	5.5110842429222950146265800742597506e-03
4.4454524066400608840500987633806991e-04	-2.4359684515379641198336771176866553e+00	3.9080437696536091764349387305480266e-05	5.4137443270048877118899587605769803e-03
4.6024573941923622353356487218827238e-04	-2.4145015923211449669163318975042737e+00	3.7747135840695631088879020344875041e-05	5.3206006499105250668632823582067905e-03
4.7607733731348651261981835501288981e-04	-2.3933993410433185199438865475709188e+00	3.6491757317475773157608209256442787e-05	5.2313844352291741127898282038032248e-03
4.9203533400182518558837105939078613e-04	-2.3726464891256091584346305555170324e+00	3.5308120444463140590681919895026473e-05	5.1458496489879626116389796745701844e-03
5.0811514722058629601130235679522490e-04	-2.3522287704407843655606978001358161e+00	3.4190656854422320982425735043018885e-05	5.0637706301491510242186586328009249e-03
5.2431230766094761794233660697401272e-04	-2.3321327840912085972225058618982662e+00	3.3134339048309922527542124717140533e-05	4.9849400124008152013136149001947959e-03
5.4062245416972936963670906639677862e-04	-2.3123459249834310262816181238286219e+00	3.2134617815100025224399768481163127e-05	4.9091668961971825242867042890212029e-03
5.5704132925024934638981807789147300e-04	-2.2928563212699606208900310586279086e+00	3.1187368003871093928626826251392153e-05	4.8362752364960036212928604490620693e-03
5.7356477483882752600181990548342785e-04	-2.2736527778558577009518720138897223e+00	3.0288841391230328643486134568358510e-05	4.7661024169969519857825258730800437e-03
5.9018872833496177833062428781074052e-04	-2.2547247252753350993604072379957449e+00	2.9435625596847045385746208659475826e-05	4.6984979861239387435439875905282062e-03
6.0690921886534081901582400911006294e-04	-2.2360621733349258419838015085489073e+00	2.8624608171284116880603358914890832e-05	4.6333225336870224533773092654293232e-03
6.2372236376375899633308183153362975e-04	-2.2176556689976357872000397298200728e+00	2.7852945121021715991033515721456665e-05	4.5704466902432155275232146356102113e-03
6.4062436525068219047559431485160072e-04	-2.1994962580490661784214872666405452e+00	2.7118033251520946384702687121530244e-05	4.5097502337597024794935046410887333e-03
6.5761150729771258257292601149484021e-04	-2.1815754501435756171236083903420559e+00	2.6417485805094419269491450293365714e-05	4.4511212903561653746804082145270569e-03
6.7468015266353588070651067712672858e-04	-2.1638851868776485693239557734494958e+00	2.5749110949988261253388129993866714e-05	4.3944556177365154346112245882565643e-03
6.9182674008912799026269787452929191e-04	-2.1464178125799855044226318555420448e+00	2.5110892743432129704353905969151064e-05	4.3396559614723708036986937282740270e-03
7.0904778164106648336708187805808301e-04	-2.1291660475444558497365482554651425e+00	2.4500974246884352558913443450199125e-05	4.2866314756183846211523737553766765e-03
7.2633986019275056814395685309119166e-04	-2.1121229634638156770166391423796298e+00	2.3917642518224382828538010512404399e-05	4.2352972002617019289572282542404259e-03
7.4369962703419457030958506763522703e-04	-2.0952819608497036735117551687380274e+00	2.3359315244789911034701838328827015e-05	4.1855735895661764661797628432559668e-03
7.6112379960183548206273663963092183e-04	-2.0786367482484923409723136673876630e+00	2.2824528814191961466675960247240226e-05	4.1373860846926869997431087892268844e-03
7.7860915932049470173460676506333475e-04	-2.0621813230835921059949516684250447e+00	2.2311927647803367042092983587765038e-05	4.0906647266816024304870273925684818e-03
7.9615254955026622013763034538011608e-04	-2.0459099539732108194909764068190082e+00	2.1820254645550570530365705733083929e-05	4.0453438049901110002698049799238034e-03
8.1375087363167566519158417151482763e-04	-2.0298171643887211318512624883679970e+00	2.1348342610840101530355430998329120e-05	4.0013615379006936694305034703584297e-03
8.3140109302297332654015412910432293e-04	-2.0138977175329899858384285802505351e+00	2.0895106541690856530794731672818343e-05	3.9586597814699577267606002983460126e-03
8.4910022552389527780123528232320333e-04	-1.9981466023305388376459189410885195e+00	2.0459536688893392392132469879950992e-05	3.9171837640797959530205519094897054e-03
8.6684534358065503563365548358761163e-04	-1.9825590204324527785706203261283717e+00	2.0040692294668726767380056789363713e-05	3.8768818439941662612943927169757134e-03
8.8463357266731828271239124980731987e-04	-1.9671303741487318773822004889256698e+00	1.9637695936176369800695630231061021e-05	3.8377052876220779111387212856352568e-03
9.0246208973906895659863713210293017e-04	-1.9518562552294420522859558148910936e+00	1.9249728407595067832136984744340103e-05	3.7996080664468542875369188497644582e-03
9.2032812175319993636803293663874245e-04	-1.9367324344237159290543334547535523e+00	1.8876024082596101248758816495544774e-05	3.7625466708086928182892514020962140e-03
9.3822894425395871702872784751252836e-04	-1.9217548517524973275236590791354058e+00	1.8515866706037360275304589883116904e-05	3.7264799389264349720827516067139207e-03
9.5616188001765057664865818876419637e-04	-1.9069196074370206071157443485513550e+00	1.8168585569785942006452124951388894e-05	3.6913688997190999741612524947113015e-03
9.7412429775465123918785345940104410e-04	-1.8922229534304583946540586273926713e+00	1.7833552032861679403860424342395948e-05	3.6571766281413704598007201335612009e-03
9.9211361086521007887708488048651290e-04	-1.8776612855050365110720015585512674e+00	1.7510176350696974491471981539664748e-05	3.6238681118826204056113090277994200e-03
1.0101272762461354283722746587500782e-03	-1.8632311358512712336127407244258448e+00	1.7197904782325325918089009144672598e-05	3.5914101283986210035635904704069401e-03
1.0281627931456472666348906608575914e-03	-1.8489291661498905963205528197055211e+00	1.6896216947823255856674391098864260e-05	3.5597711313507879021364257415677874e-03
1.0462177020638610165267226878163996e-03	-1.8347521610805098963279102828743269e+00	1.6604623411407031555436788328807179e-05	3.5289211456214975797605414093342782e-03
1.0642895836965307596933445229208207e-03	-1.8206970222342870729761462729323348e+00	1.6322663468285511219071216746046540e-05	3.4988316701571135663946717097739462e-03
1.0823760579198321192836294538964406e-03	-1.8067607624006256753054377813850505e+00	1.6049903115743898463656592041747051e-05	3.4694755879642307328344207704248567e-03
1.1004747828141054859095663275818366e-03	-1.7929405002005563844447084288305849e+00	1.5785933191023192987953570314208081e-05	3.4408270826503980728524871884467077e-03
1.1185834537246101741952740130414965e-03	-1.7792334550417429541799189164239320e+00	1.5530367660403578865215410335459827e-05	3.4128615609591971874756553425991199e-03
1.1366998023574604025299423902019358e-03	-1.7656369423721517649316838812191087e+00	1.5282842045528606224984045362525441e-05	3.3855555808018862029246312522364236e-03
1.1548215959090255053144187198531671e-03	-1.7521483692113195663043982206514806e+00	1.5043011974448099466647452100107055e-05	3.3588867843346077978425451325180314e-03
1.1729466362271802545435694145374720e-03	-1.7387652299398722572779831459786569e+00	1.4810551846134817475549153692034094e-05	3.3328338356720510621867195449010529e-03
1.1910727590028872552407123808693308e-03	-1.7254851023295071530494578357798798e+00	1.4585153598363352932626951763290870e-05	3.3073763628660138876357526576118286e-03
1.2091978329906826934882946918837192e-03	-1.7123056437970684358610202684033772e+00	1.4366525569847211366319603556307664e-05	3.2824949038110286726015405908059206e-03
1.2273197592567198067529064769679425e-03	-1.6992245878676348594264580714047551e+00	1.4154391448426740561073553288389746e-05	3.2581708557695213930891614700124999e-03
1.2454364704531018135974644950917054e-03	-1.6862397408327131290365352774931366e+00	1.3948489297899866642960775071023080e-05	3.2343864282362516983488019598897464e-03
1.2635459301173081381111956099832388e-03	-1.6733489785907011462793316614350911e+00	1.3748570656800991232251973958133226e-05	3.2111245988863628672908200405162388e-03
1.2816461319955850071273343157073430e-03	-1.6605502436577626719947410517773780e+00	1.3554399703070988376643633207389704e-05	3.1883690723735485199511340465317548e-03
1.2997350993892342625166045899431857e-03	-1.6478415423381480053014375809766804e+00	1.3365752479131806020032696668486518e-05	3.1661042417648764765014076017813809e-03
1.3178108845227928604556080469961653e-03	-1.6352209420438121101056473668689058e+00	1.3182416172390415811315627509743067e-05	3.1443151524169273474919666252692320e-03
1.3358715679331503386495122333492607e-03	-1.6226865687539294946599455240042704e+00	1.3004188446655503137235725502379552e-05	3.1229874681143081080485047740659876e-03
1.3539152578787028081564075086728854e-03	-1.6102366046055905561822256773545136e+00	1.2830876820362254589973095048367168e-05	3.1021074393064676882791093747891942e-03
1.3719400897676900314514065348846076e-03	-1.5978692856075928601199886319251673e+00	1.2662298087871072372027134528521528e-05	3.0816618732922308529903005133473653e-03
1.3899442256049071233377487879459045e-03	-1.5855828994698181543604602330270380e+00	1.2498277780439589510331266489319060e-05	3.0616381062137189034138541107785980e-03
1.4079258534560245769011533399890179e-03	-1.5733757835412165144318561235009125e+00	1.2338649663767997494776003880594084e-05	3.0420239767324659369740009440932046e-03
1.4258831869287898753918544425428521e-03	-1.5612463228499070969482972762086999e+00	1.2183255269288976182337327952138611e-05	3.0228078012706787198801234865999414e-03
1.4438144646704210886877066263732430e-03	-1.5491929482393543458424200621803001e+00	1.2031943456618567544160517731753586e-05	3.0039783507098257167137669483724198e-03
1.4617179498805377408215259988608489e-03	-1.5372141345949925756458573229376574e+00	1.1884570004805930991755109932562615e-05	2.9855248284471648475555367219633701e-03
1.4795919298390070302721571558255835e-03	-1.5253083991560537404677467513422509e+00	1.1740997230220512396505482792026104e-05	2.9674368497185090311740810158372795e-03
1.4974347154481143322070727914830848e-03	-1.5134742999077056800678196738437468e+00	1.1601093629096927218586950822351843e-05	2.9497044221025540960899250877910005e-03
1.5152446407884959451651697690417840e-03	-1.5017104340489337420789108379947969e+00	1.1464733542922731891882329079805250e-05	2.9323179271285183782896231912102001e-03
1.5330200626882993869667237361251248e-03	-1.4900154365318996992914975521725680e+00	1.1331796845003953553356446276823779e-05	2.9152681029147238961303857500285738e-03
1.5507593603050623096568352124144151e-03	-1.4783879786687903857065326447755613e+00	1.1202168646679294093830231923468813e-05	2.8985460277711361995613451085897508e-03
1.5684609347198253961008911367251641e-03	-1.4668267668024263449325038531116574e+00	1.1075739021777681423044153902191249e-05	2.8821431047038194584662617070248280e-03
1.5861232085430175186086454510084813e-03	-1.4553305410371397265167265726065447e+00	1.0952402748026522769211910982852978e-05	2.8660510467637961062596676317670493e-03
1.6037446255316730725667109272812393e-03	-1.4438980740266522313392248368574580e+00	1.0832059064220705762606389956387307e-05	2.8502618631869633112505159129276594e-03
1.6213236502175618287563309591379887e-03	-1.4325281698158895074456648530509864e+00	1.0714611442056061958861484689473252e-05	2.8347678462755449736067921148730233e-03
1.6388587675458309539707663746927463e-03	-1.4212196627338593174704292029077584e+00	1.0599967371616521431600353667138203e-05	2.8195615589750778384373622530981390e-03
1.6563484825237771022671479798333782e-03	-1.4099714163348982089002699246524856e+00	1.0488038159582322841595889459427005e-05	2.8046358231041707554323493349699148e-03
1.6737913198793837450836486479571413e-03	-1.3987823223857563866766656496369850e+00	1.0378738739298097485220720862759010e-05	2.7899837081972615713079843545273569e-03
1.6911858237292752491797351484746356e-03	-1.3876512998961439887661963401436092e+00	1.0271987491905043449089592344297695e-05	2.7755985209233487429145936319969119e-03
1.7085305572557546842101661976193398e-03	-1.3765772941905048898484733385186180e+00	1.0167706077801308915032337282596384e-05	2.7614737950462145394687155913306296e-03
1.7258241023926070000008080611376840e-03	-1.3655592760189173204025461709054631e+00	1.0065819277749617119451205096093584e-05	2.7476032818940018134523503560747073e-03
1.7430650595193631068320303168131560e-03	-1.3545962407051447332886387712655718e+00	9.9662548430015443295468505057846109e-06	2.7339809413081732224280799373589031e-03
1.7602520471637335664133757130944561e-03	-1.3436872073299761597594242977949345e+00	9.8689433538541163297366853670619248e-06	2.7206009330438854195749351558837390e-03
1.7773837017119330997578888339179966e-03	-1.3328312179481033970626178208102889e+00	9.7738180860968879967473667555809122e-06	2.7074576085956646724209062950524165e-03
1.7944586771266289809292243790406596e-03	-1.3220273368368833340092597137097308e+00	9.6808148848467483154153670691834268e-06	2.6945455034239869579577556104746825e-03
1.8114756446722576500395390443209139e-03	-1.3112746497754280755817907138134963e+00	9.5898720453036511999562595537779516e-06	2.6818593295599560478198921761658833e-03
1.8284332926474645798298605778442838e-03	-1.3005722633525537564751879567959190e+00	9.5009301999935834474704787834979007e-06	2.6693939685667476664171837061571181e-03
1.8453303261244326002694357783753439e-03	-1.2899193043022014809783131451843605e+00	9.4139322120955919022124652714230973e-06	2.6571444648378557989273592642851041e-03
1.8621654666948735553323979470035186e-03	-1.2793149188650211017749476556424154e+00	9.3288230744778260649330738518162329e-06	2.6451060192134471470458983415936729e-03
1.8789374522224673639346262173033935e-03	-1.2687582721748809295431909799748617e+00	9.2455498140935126837728332727887260e-06	2.6332739828973093395381859786912451e-03
1.8956450366015413095898840818377449e-03	-1.2582485476691342954519782716634815e+00	9.1640614014117492810044839092114879e-06	2.6216438516579748920862828208000244e-03
1.9122869895217907156166461041317733e-03	-1.2477849465215374894695712180727669e+00	9.0843086645801511724394168888689283e-06	2.6102112602986225586386407447396918e-03
1.9288620962388500980569447523805193e-03	-1.2373666870967732636844120610951962e+00	9.0062442080368631651581284719579986e-06	2.5989719773813065547655350897955658e-03
1.9453691573505314487467306715147330e-03	-1.2269930044255900937680240559408239e+00	8.9298223353083908841505041060128769e-06	2.5879219001919475919180484983538162e-03
1.9618069885785535067267472054159415e-03	-1.2166631496996199846673967801985538e+00	8.8549989757472432955701708177087532e-06	2.5770570499333427145415266930328563e-03
1.9781744205555927466546800010800201e-03	-1.2063763897849870209310221541893369e+00	8.7817316149796219846737628243910012e-06	2.5663735671342181406100222077797747e-03
1.9944702986174933661400646014244518e-03	-1.1961320067538653126032026275381679e+00	8.7099792288484485105725162659993947e-06	2.5558677072630648548535237523620404e-03
2.0106934826004798069369263385115275e-03	-1.1859292974331886731811708489957354e+00	8.6397022206509839414992127636694088e-06	2.5455358365361644345557109256694512e-03
2.0268428466432213136314357745065373e-03	-1.1757675729697554708043703216936693e+00	8.5708623614832514262565235455084095e-06	2.5353744279098360298228607215589672e-03
2.0429172789936037328307782948450785e-03	-1.1656461584110107881830521140824897e+00	8.5034227335155028197634595393690629e-06	2.5253800572475178184013757299740094e-03
2.0589156818200691999788067829107768e-03	-1.1555643923008244688731721578095147e+00	8.4373476760341465798771627104007030e-06	2.5155493996528405943162393240012664e-03
2.0748369710273895630433395195986780e-03	-1.1455216262896179640098031020886377e+00	8.3726027340959428324453912222237854e-06	2.5058792259603601773684365100947983e-03
2.0906800760767443649094537502788213e-03	-1.1355172247582252606171137995724802e+00	8.3091546096499334896945143954025885e-06	2.4963663993760915775612869365916078e-03
2.1064439398099789611150460954545038e-03	-1.1255505644549036964960132396113486e+00	8.2469711149915663275231441477459601e-06	2.4870078722604336472173099598983710e-03
2.1221275182779228976409438585585965e-03	-1.1156210341449392648676062456560491e+00	8.1860211284218430618661977204786500e-06	2.4778006830464904548373365254546912e-03
2.1377297805726530252430846352308822e-03	-1.1057280342723181935732588055879182e+00	8.1262745519921195697118060967075007e-06	2.4687419532871868034318331545127106e-03
2.1532497086635899921182354018738510e-03	-1.0958709766329622502229064335016745e+00	8.0677022712224544850369798192713907e-06	2.4598288848249420246776832082770599e-03
2.1686862972373207447992726847706181e-03	-1.0860492840590494707189363467483394e+00	8.0102761166881799649154072799891468e-06	2.4510587570780101018071761785185001e-03
2.1840385535410434868307755748826606e-03	-1.0762623901139649220290742019031849e+00	7.9539688273756917684680094109096817e-06	2.4424289244379168735606115077329050e-03
2.1993054972295352042407451864843583e-03	-1.0665097387974477728833695118871122e+00	7.8987540157143583038002202676206712e-06	2.4339368137727279962286674256578042e-03
2.2144861602155453739009601633854708e-03	-1.0567907842605214346030232126287887e+00	7.8446061341969606919812164031436451e-06	2.4255799220311658302072050013639941e-03
2.2295795865235228329277353891218958e-03	-1.0471049905298129197521781639344838e+00	7.7915004435062264523145633942879239e-06	2.4173558139428607117847785409234523e-03
2.2445848321465860112837478763750313e-03	-1.0374518312408859151826322489817884e+00	7.7394129820698341814299588795400802e-06	2.4092621198102733190225866106184885e-03
2.2595009649066498222880802951623211e-03	-1.0278307893802294403356448271486233e+00	7.6883205369707695932228239908856307e-06	2.4012965333880611075339984491527372e-03
2.2743270643176254730575849121143804e-03	-1.0182413570355604192920065643173515e+00	7.6382006161441266539570574963049833e-06	2.3934568098458840653752008249637773e-03
2.2890622214516123048853977318516224e-03	-1.0086830351541140901331091699123161e+00	7.5890314217953917234825074440506585e-06	2.3857407638108542325412053695494885e-03
2.3037055388080035077947500447511173e-03	-9.9915533330861095827158250255774063e-01	7.5407918249789424685036420035372342e-06	2.3781462674860304004885905068592393e-03
2.3182561301854301792752004247500622e-03	-9.8965776947060301882999977691301170e-01	7.4934613412789542783534611811042491e-06	2.3706712488415449408920188684537183e-03
2.3327131205564707195228778914579993e-03	-9.8018986979091527114284786017162233e-01	7.4470201075381510993688497002755103e-06	2.3633136898751245448236178291896115e-03
2.3470756459450549791132543002369520e-03	-9.7075116838691116745067446298433848e-01	7.4014488595828799105319133665729408e-06	2.3560716249389314664712084981065818e-03
2.3613428533064949044347600952315632e-03	-9.6134120713632261663225529152888491e-01	7.3567289108958422769057973293398814e-06	2.3489431391298072944747802102473401e-03
2.3755139004100756656723923634079541e-03	-9.5195953547739653871618787223744340e-01	7.3128421321904953012874633231908829e-06	2.3419263667401479100050113873942001e-03
2.3895879557241434057016709715712844e-03	-9.4260571021512077098158666636027759e-01	7.2697709318436496695541027161287700e-06	2.3350194897667766841454041780076270e-03
2.4035641983036278197779231898070452e-03	-9.3327929533330239362797974233845326e-01	7.2274982371451553059012093503087551e-06	2.3282207364753136305972639094325177e-03
2.4174418176799397690324330528528680e-03	-9.2397986181228130221696677198701631e-01	7.1860074763257855770198271359478959e-06	2.3215283800176616409458212127525627e-03
2.4312200137531860489804762726638139e-03	-9.1470698745207113346728515239289379e-01	7.1452825613265184304103126770889926e-06	2.3149407371003475341392706930394967e-03
2.4448979966866452807984844555116933e-03	-9.0546025670072847690436369819563436e-01	7.1053078712743760648273531140149839e-06	2.3084561667015658649363747851903374e-03
2.4584749868034506711668524823720123e-03	-8.9623926048775970210336716470585144e-01	7.0660682366318318284651241996228887e-06	2.3020730688348776456154452555734799e-03
2.4719502144854270989751173559392652e-03	-8.8704359606238272310064020455267113e-01	7.0275489239885315641741553143011023e-06	2.2957898833576147032099996049387555e-03
2.4853229200740316369754130595830599e-03	-8.7787286683646862986237004265824521e-01	6.9897356214657135793514800988902219e-06	2.2896050888221336590603894838993683e-03
2.4985923537733482062383936525346921e-03	-8.6872668223199536206382254254473156e-01	6.9526144247052533277299336042406872e-06	2.2835172013681517944875283481519046e-03
2.5117577755550885935730243103179832e-03	-8.5960465753285250219836866266395397e-01	6.9161718234167118129439556201973762e-06	2.2775247736544806512498247695508574e-03
2.5248184550655535393543077545583367e-03	-8.5050641374084284141091122187945269e-01	6.8803946884571363008316123419282189e-06	2.2716263938285523843446071026107148e-03
2.5377736715345090277810640084966070e-03	-8.4143157743573263957476460513527850e-01	6.8452702594196534113348056557130362e-06	2.2658206845322088960760224075698277e-03
2.5506227136859342856688735685076456e-03	-8.3237978063920847714400319255492939e-01	6.8107861327081129439599815151923215e-06	2.2601063019422948760006201443328448e-03
2.5633648796505993215763076308130562e-03	-8.2335066068260429541804921366713441e-01	6.7769302500761904320771556582841570e-06	2.2544819348446632778509132443778850e-03
2.5759994768804311163717429714111944e-03	-8.1434386007826765837831174982935922e-01	6.7436908876104416710548368646785513e-06	2.2489463037402656939651647240483059e-03
2.5885258220646288111858064702408529e-03	-8.0535902639443945670305934015881373e-01	6.7110566451378272873094228877767464e-06	2.2434981599820607389102657433115053e-03
2.6009432410474894308844138318464620e-03	-7.9639581213352622567153648375377668e-01	6.6790164360391935083366441576457561e-06	2.2381362849415311132305079757817853e-03
2.6132510687479068324788711672202652e-03	-7.8745387461364897544485332256501579e-01	6.6475594774511101100227896740591111e-06	2.2328594892036546603547503860597892e-03
2.6254486490805076799221849111005263e-03	-7.7853287585335694599549778442388206e-01	6.6166752808393312808309921320940285e-06	2.2276666117892266186071989853923549e-03
2.6375353348783893211084519628647275e-03	-7.6963248245939901045017916162172915e-01	6.5863536429279628644822876915053026e-06	2.2225565194034795598708517857328750e-03
2.6495104878174254811070230765170933e-03	-7.6075236551744956991643501446126386e-01	6.5565846369691929380816201386779004e-06	2.2175281057099943412179775161593060e-03
2.6613734783421066891689221369311727e-03	-7.5189220048568971952628863453375387e-01	6.5273586043391745827092940936436073e-06	2.2125802906289399114363852829179258e-03
2.6731236855928833272189193524963229e-03	-7.4305166709114822846839911187345063e-01	6.4986661464463424694749376348928423e-06	2.2077120196587221383287137996726969e-03
2.6847604973349801257104004920645741e-03	-7.3423044922871047471738055073176382e-01	6.4704981169391008187186141539896325e-06	2.2029222632201620747658386634123036e-03
2.6962833098886518401310766209362052e-03	-7.2542823486270691606431205481398018e-01	6.4428456142004415488981227004744555e-06	2.1982100160223623743931077956723243e-03
2.7076915280608507193095063883817787e-03	-7.1664471593099597052790359256288422e-01	6.4156999741176400330201962274296339e-06	2.1935742964494570075802983429519242e-03
2.7189845650782772261365114783777862e-03	-7.0787958825145932849218031470201802e-01	6.3890527631157337148296365056889732e-06	2.1890141459674741143691158792453837e-03
2.7301618425217862934829006495464657e-03	-6.9913255143083073279786326676808613e-01	6.3628957714440176759515919393730842e-06	2.1845286285505748576399478216921242e-03
2.7412227902621221940188735170807282e-03	-6.9040330877578214797061661496754454e-01	6.3372210067052927494854794581319454e-06	2.1801168301259625948395047816327641e-03
2.7521668463969558733291228563057451e-03	-6.8169156720619400191679422831240769e-01	6.3120206876180775024869613596694909e-06	2.1757778580367866535918246205836619e-03
2.7629934571891993421359430839778548e-03	-6.7299703717053882854997295147497476e-01	6.2872872380024468202345614596061774e-06	2.1715108405223935537526372497058138e-03
2.7737020770065724465144948623613214e-03	-6.6431943256331017341869231828183494e-01	6.2630132809805882900798810251268424e-06	2.1673149262153057398468226880988585e-03
2.7842921682623980355946202060886283e-03	-6.5565847064443105168974954541831420e-01	6.2391916333835743889702764520938860e-06	2.1631892836543338430082857992046017e-03
2.7947632013576022252399038688367867e-03	-6.4701387196057857373385271994980818e-01	6.2158153003562348349456740482960552e-06	2.1591331008132532462140829797192305e-03
2.8051146546238971143892673530693736e-03	-6.3838536026836358273791168759798904e-01	6.1928774701523805043413530807540344e-06	2.1551455846444993427441868518772243e-03
2.8153460142681239489177499878121922e-03	-6.2977266245930628566642247132947728e-01	6.1703715091129791099328405419059303e-06	2.1512259606373584138892732371624996e-03
2.8254567743177353467676132189400627e-03	-6.2117550848655090772165842218110735e-01	6.1482909568202143837220597920889039e-06	2.1473734723901525631800738184302051e-03
2.8354464365673957984341925969770834e-03	-6.1259363129326436520250226243616573e-01	6.1266295214206757545505441548352943e-06	2.1435873811959376829560525259009932e-03
2.8453145105266802393494986579960123e-03	-6.0402676674266583612584576596667872e-01	6.1053810751112253423448303937938988e-06	2.1398669656412530441722498624786004e-03
2.8550605133688510559490618981477639e-03	-5.9547465354963591575218370931945834e-01	6.0845396497813743422998714240962923e-06	2.1362115212174798384903654840820219e-03
2.8646839698806944358659938917311757e-03	-5.8693703321385577866702630524015919e-01	6.0640994328062723294250339816529000e-06	2.1326203599443839068914142819501561e-03
2.8741844124133975053774226900405977e-03	-5.7841364995442843355969049894811729e-01	6.0440547629846714164567240142446030e-06	2.1290928100054350028617427226097874e-03
2.8835613808344482145149058374335052e-03	-5.6990425064593575439680197685994253e-01	6.0244001266164732430364269361676464e-06	2.1256282153945112999650189300118604e-03
2.8928144224805404327016064762078087e-03	-5.6140858475588650524235172911170557e-01	6.0051301537147011178375967237826347e-06	2.1222259355736135005208866668042608e-03
2.9019430921114672059323923686374642e-03	-5.5292640428351204831755267303398107e-01	5.9862396143469628968195489602192898e-06	2.1188853451412278693699883936307508e-03
2.9109469518649856008850145611352306e-03	-5.4445746369986783867317728805485376e-01	5.9677234151016829434127164753887579e-06	2.1156058335109918376387112098001748e-03
2.9198255712126370224374956721689597e-03	-5.3600151988920016658596275011972961e-01	5.9495765956745843304181368440595944e-06	2.1123868046003295275787931325297934e-03
2.9285785269165073393459867634760965e-03	-5.2755833209153891288764627496009803e-01	5.9317943255710958278070287296626272e-06	2.1092276765287376708330602915407107e-03
2.9372054029869115887674994791135804e-03	-5.1912766184647833517247862734595813e-01	5.9143719009205426652733830924242431e-06	2.1061278813254149571844551177688502e-03
2.9457057906409884543344498751468733e-03	-5.1070927293810910637863385945399253e-01	5.8973047413981560257205569649272646e-06	2.1030868646459398858162446791420212e-03
2.9540792882621901250275028792552877e-03	-5.0230293134106598366825078348229646e-01	5.8805883872511041524786873913909794e-06	2.1001040854977137217865153425517644e-03
2.9623255013606535435584399201859806e-03	-4.9390840516765659680827578854014387e-01	5.8642184964249082513734555307828788e-06	2.0971790159738962109236447978997834e-03
2.9704440425344394437590676057087802e-03	-4.8552546461603791325421499167498780e-01	5.8481908417867594284737907118103136e-06	2.0943111409955722995642961387102918e-03
2.9784345314316259569543168450311952e-03	-4.7715388191940796364657378771868985e-01	5.8325013084423990937349306281784990e-06	2.0914999580618982631937576034781624e-03
2.9862965947132439378424575663377190e-03	-4.6879343129618139814578008374674473e-01	5.8171458911433649280249501744862757e-06	2.0887449770079853907175457945322043e-03
2.9940298660170415213642257352353670e-03	-4.6044388890111839257605273771855501e-01	5.8021206917815379854791346904567658e-06	2.0860457197702887183577232998715752e-03
3.0016339859220657737543033106166478e-03	-4.5210503277737733526602318030019635e-01	5.7874219169680540962913954834949096e-06	2.0834017201592772776074912867881094e-03
3.0091086019140496437594642781637991e-03	-4.4377664280946260223554231145887775e-01	5.7730458756937647417222888744257121e-06	2.0808125236391709329437574263983592e-03
3.0164533683515927541925659074346036e-03	-4.3545850067703957138677943416074300e-01	5.7589889770685492723335944819277555e-06	2.0782776871145371538618666664903283e-03
3.0236679464331248998740024758156706e-03	-4.2715038980958983695080884996182576e-01	5.7452477281368919964846478542749970e-06	2.0757967787235490082021999904279871e-03
3.0307520041646414358851231374765120e-03	-4.1885209534188036489356318285280243e-01	5.7318187317672445292261186070719963e-06	2.0733693776377132948435949261098544e-03
3.0377052163282000502040765310535606e-03	-4.1056340407022107951335649340554108e-01	5.7186986846127960990402795335347858e-06	2.0709950738678850680612215622551233e-03
3.0445272644511687174864077578570549e-03	-4.0228410440948609222593833320929875e-01	5.7058843751413724861593127328321126e-06	2.0686734680763918569038417552903048e-03
3.0512178367762149262539396782145215e-03	-3.9401398635087447663849796776679093e-01	5.6933726817322781245345542121505199e-06	2.0664041713950976638920921084327650e-03
3.0577766282320265603204781622498757e-03	-3.8575284142038716051651100964426894e-01	5.6811605708379858420239880098293420e-06	2.0641868052492433506039361504909532e-03
3.0642033404047550971575488089320091e-03	-3.7750046263799714615360972323503643e-01	5.6692450952086649317417427418917476e-06	2.0620210011869062951315570131110041e-03
3.0704976815101720613253272796630124e-03	-3.6925664447749088692535592117776166e-01	5.6576233921776209237277608655701943e-06	2.0599064007139282492409532649498084e-03
3.0766593663665299402929122193956443e-03	-3.6102118282695924035946713485866404e-01	5.6462926820057997328876922748878415e-06	2.0578426551341661420861676130549785e-03
3.0826881163681190331703090906673676e-03	-3.5279387494991698776229501185443408e-01	5.6352502662835849605687388262295011e-06	2.0558294253949261827672503909516534e-03
3.0885836594595119602869220208824922e-03	-3.4457451944703045813877253833587510e-01	5.6244935263881901790219919591356301e-06	2.0538663819374470156424473233279625e-03
3.0943457301104878133860504710552308e-03	-3.3636291621843332062706613965281171e-01	5.6140199219950181784631969119225038e-06	2.0519532045523028894286623545138430e-03
3.0999740692916281726632994041619763e-03	-3.2815886642661111569981246156120026e-01	5.6038269896414265462872124460073644e-06	2.0500895822396028226421529208073969e-03
3.1054684244505774581540394209226605e-03	-3.1996217245983558168635749996328121e-01	5.5939123413414037111303861708796531e-06	2.0482752130738665923327001524956967e-03
3.1108285494889603192601344553734835e-03	-3.1177263789613030043693409108444768e-01	5.5842736632497218483181369198693155e-06	2.0465098040734630484564671391727929e-03
3.1160542047399489976823201857952289e-03	-3.0359006746774963484060140708978877e-01	5.5749087143741929290497772357464918e-06	2.0447930710745007703612465169550861e-03
3.1211451569464738258695405982767308e-03	-2.9541426702615336205412539680164107e-01	5.5658153253347118189289360849451238e-06	2.0431247386090654421263215737151384e-03
3.1261011792400702454825900661838822e-03	-2.8724504350745982029994255154267181e-01	5.5569913971678258021418896104573902e-06	2.0415045397877025369870614924883046e-03
3.1309220511203559484638334031438808e-03	-2.7908220489836078452136551507928195e-01	5.5484349001756233305452628228064775e-06	2.0399322161860479745539745863636495e-03
3.1356075584351319572699896427191155e-03	-2.7092556020248166758920161350384796e-01	5.5401438728177862720963344967018841e-06	2.0384075177355133544888501602746034e-03
3.1401574933611016708187156573366008e-03	-2.6277491940717100965753898727359097e-01	5.5321164206456995557829783586116982e-06	2.0369302026179361829331088600183342e-03
3.1445716543852021088753120064010403e-03	-2.5463009345070356916488689774577321e-01	5.5243507152775599714746598284750710e-06	2.0355000371641091992411339637798966e-03
3.1488498462865417901123408571053450e-03	-2.4649089418988166534413152412345512e-01	5.5168449934134720698015819763264822e-06	2.0341167957561064861529240834172655e-03
3.1529918801189398780572751673482268e-03	-2.3835713436801974439255875593213949e-01	5.5095975558895637022786756762869359e-06	2.0327802607333275119109777969913676e-03
3.1569975731940614247425877992566561e-03	-2.3022862758329745009176111319782554e-01	5.5026067667701968247666259638697730e-06	2.0314902223021836132298143251755892e-03
3.1608667490651437342263300447673293e-03	-2.2210518825746677506629502350845219e-01	5.4958710524773908338906000428057192e-06	2.0302464784493546884975849191637559e-03
3.1645992375113090573930944935550962e-03	-2.1398663160489915141945764306139045e-01	5.4893889009566159888458860396589629e-06	2.0290488348585470359644739263695376e-03
3.1681948745224590157057858328840199e-03	-2.0587277360195860955551224624767151e-01	5.4831588608781534596600791547659200e-06	2.0278971048306863466014078463014967e-03
3.1716535022847463349850963954505830e-03	-1.9776343095668739194287192378363340e-01	5.4771795408732563041054536721700792e-06	2.0267911092074828502673351770735393e-03
3.1749749691666196509701973469475551e-03	-1.8965842107879065472736634071302280e-01	5.4714496088043822729805143546290823e-06	2.0257306762983085211090671686032844e-03
3.1781591297054373264821895957270373e-03	-1.8155756204990712478707885854730084e-01	5.4659677910688048387481325475441223e-06	2.0247156418103290778814280085694946e-03
3.1812058445946463955898133066798985e-03	-1.7346067259415280333237863833029066e-01	5.4607328719349432944447636063187560e-06	2.0237458487818362711151464980116881e-03
3.1841149806715229233806557215324915e-03	-1.6536757204892501978300514116324367e-01	5.4557436929107862349932122458701699e-06	2.0228211475187286356327235267734579e-03
3.1868864109054702408839835380062437e-03	-1.5727808033595434166955145279466699e-01	5.4509991521438152660448305642436751e-06	2.0219413955340915075430012736917445e-03
3.1895200143868716834843427009518177e-03	-1.4919201793259203796595368917049761e-01	5.4464982038518674387122171685550935e-06	2.0211064574908296631330134810042814e-03
3.1920156763164946279169495112438741e-03	-1.4110920584332097480498154954440182e-01	5.4422398577844057326018835185887629e-06	2.0203162051473084365030801417377273e-03
3.1943732879954427877532487953366407e-03	-1.3302946557147799418889029299878621e-01	5.4382231787136969532123322902253929e-06	2.0195705173059616167297750244535215e-03
3.1965927468156538902724342026789356e-03	-1.2495261909117598829771066026670109e-01	5.4344472859554257201564059499366577e-06	2.0188692797648268170594695604345696e-03
3.1986739562509400188749148156595785e-03	-1.1687848881941403452061871729031183e-01	5.4309113529183018453706578850388230e-06	2.0182123852719713513036759505147592e-03
3.2006168258485680648275912992473464e-03	-1.0880689758836409958144068671791657e-01	5.4276146066822463796082927834119983e-06	2.0175997334827739493065908620644361e-03
3.2024212712213778902376211443968957e-03	-1.0073766861782295527545833473511028e-01	5.4245563276047689838406873375216762e-06	2.0170312309200298970805157847561092e-03
3.2040872140404359608287875213509855e-03	-9.2670625487818073547316890420656261e-02	5.4217358489551761012208347748340130e-06	2.0165067909368494008726838152931197e-03
3.2056145820282223624388595012801669e-03	-8.4605592111356385073511498108988139e-02	5.4191525565762757053273518754248680e-06	2.0160263336823211508806059962961479e-03
3.2070033089523492692623028805706432e-03	-7.6542392707304893310917131108910868e-02	5.4168058885732702207670720262151725e-06	2.0155897860699152023476172251809182e-03
3.2082533346198090848239707041879593e-03	-6.8480851773392235267434592210244972e-02	5.4146953350295545911299485450393084e-06	2.0151970817486014020584725734855102e-03
3.2093646048717506285784091152798080e-03	-6.0420794059320371163622387571694438e-02	5.4128204377491614441115845240636436e-06	2.0148481610766616694717116170743688e-03
3.2103370715787818919775298964713197e-03	-5.2362044539975667796228542666270757e-02	5.4111807900256199108627899585379918e-06	2.0145429710981764964735949563329231e-03
3.2111706926367980379270272865935940e-03	-4.4304428388728714886573010834939667e-02	5.4097760364370189320531052489966298e-06	2.0142814655221680605725076454919865e-03
3.2118654319633334668485763376760599e-03	-3.6247770950812280089374398401690817e-02	5.4086058726670898618267605777087635e-06	2.0140636047043843557845720961128172e-03
3.2124212594944369211692795374239108e-03	-2.8191897716766866731510374897982099e-02	5.4076700453521468972584938250927975e-06	2.0138893556317107359641422972941131e-03
3.2128381511820687480600677256952845e-03	-2.0136634295943388816171985476584281e-02	5.4069683519537473490209718757035692e-06	2.0137586919091972393462627437208930e-03
3.2131160889920195877282436348476647e-03	-1.2081806390052520427044135794252908e-02	5.4065006406569570622278474073786296e-06	2.0136715937496920230019685217647033e-03
3.2132550609023499016229963440867791e-03	-4.0272397667503114510564254999108832e-03	5.4062668102941294278928241865855459e-06	2.0136280479660731841462237777827241e-03
3.2132550609023499016229963440867791e-03	4.0272397667503114510564254999108832e-03	5.4062668102941294278928241865855459e-06	2.0136280479660731841462237777827241e-03
3.2131160889920195877282436348476647e-03	1.2081806390052520427044135794252908e-02	5.4065006406569570622278474073786296e-06	2.0136715937496920230019685217647033e-03
3.2128381511820687480600677256952845e-03	2.0136634295943388816171985476584281e-02	5.4069683519537473490209718757035692e-06	2.0137586919091972393462627437208930e-03
3.2124212594944369211692795374239108e-03	2.8191897716766866731510374897982099e-02	5.4076700453521468972584938250927975e-06	2.0138893556317107359641422972941131e-03
3.2118654319633334668485763376760599e-03	3.6247770950812280089374398401690817e-02	5.4086058726670898618267605777087635e-06	2.0140636047043843557845720961128172e-03
3.2111706926367980379270272865935940e-03	4.4304428388728714886573010834939667e-02	5.4097760364370189320531052489966298e-06	2.0142814655221680605725076454919865e-03
3.2103370715787818919775298964713197e-03	5.2362044539975667796228542666270757e-02	5.4111807900256199108627899585379918e-06	2.0145429710981764964735949563329231e-03
3.2093646048717506285784091152798080e-03	6.0420794059320371163622387571694438e-02	5.4128204377491614441115845240636436e-06	2.0148481610766616694717116170743688e-03
3.2082533346198090848239707041879593e-03	6.8480851773392235267434592210244972e-02	5.4146953350295545911299485450393084e-06	2.0151970817486014020584725734855102e-03
3.2070033089523492692623028805706432e-03	7.6542392707304893310917131108910868e-02	5.4168058885732702207670720262151725e-06	2.0155897860699152023476172251809182e-03
3.2056145820282223624388595012801669e-03	8.4605592111356385073511498108988139e-02	5.4191525565762757053273518754248680e-06	2.0160263336823211508806059962961479e-03
3.2040872140404359608287875213509855e-03	9.2670625487818073547316890420656261e-02	5.4217358489551761012208347748340130e-06	2.0165067909368494008726838152931197e-03
3.2024212712213778902376211443968957e-03	1.0073766861782295527545833473511028e-01	5.4245563276047689838406873375216762e-06	2.0170312309200298970805157847561092e-03
3.2006168258485680648275912992473464e-03	1.0880689758836409958144068671791657e-01	5.4276146066822463796082927834119983e-06	2.0175997334827739493065908620644361e-03
3.1986739562509400188749148156595785e-03	1.1687848881941403452061871729031183e-01	5.4309113529183018453706578850388230e-06	2.0182123852719713513036759505147592e-03
3.1965927468156538902724342026789356e-03	1.2495261909117598829771066026670109e-01	5.4344472859554257201564059499366577e-06	2.0188692797648268170594695604345696e-03
3.1943732879954427877532487953366407e-03	1.3302946557147799418889029299878621e-01	5.4382231787136969532123322902253929e-06	2.0195705173059616167297750244535215e-03
3.1920156763164946279169495112438741e-03	1.4110920584332097480498154954440182e-01	5.4422398577844057326018835185887629e-06	2.0203162051473084365030801417377273e-03
3.1895200143868716834843427009518177e-03	1.4919201793259203796595368917049761e-01	5.4464982038518674387122171685550935e-06	2.0211064574908296631330134810042814e-03
3.1868864109054702408839835380062437e-03	1.5727808033595434166955145279466699e-01	5.4509991521438152660448305642436751e-06	2.0219413955340915075430012736917445e-03
3.1841149806715229233806557215324915e-03	1.6536757204892501978300514116324367e-01	5.4557436929107862349932122458701699e-06	2.0228211475187286356327235267734579e-03
3.1812058445946463955898133066798985e-03	1.7346067259415280333237863833029066e-01	5.4607328719349432944447636063187560e-06	2.0237458487818362711151464980116881e-03
3.1781591297054373264821895957270373e-03	1.8155756204990712478707885854730084e-01	5.4659677910688048387481325475441223e-06	2.0247156418103290778814280085694946e-03
3.1749749691666196509701973469475551e-03	1.8965842107879065472736634071302280e-01	5.4714496088043822729805143546290823e-06	2.0257306762983085211090671686032844e-03
3.1716535022847463349850963954505830e-03	1.9776343095668739194287192378363340e-01	5.4771795408732563041054536721700792e-06	2.0267911092074828502673351770735393e-03
3.1681948745224590157057858328840199e-03	2.0587277360195860955551224624767151e-01	5.4831588608781534596600791547659200e-06	2.0278971048306863466014078463014967e-03
3.1645992375113090573930944935550962e-03	2.1398663160489915141945764306139045e-01	5.4893889009566159888458860396589629e-06	2.0290488348585470359644739263695376e-03
3.1608667490651437342263300447673293e-03	2.2210518825746677506629502350845219e-01	5.4958710524773908338906000428057192e-06	2.0302464784493546884975849191637559e-03
3.1569975731940614247425877992566561e-03	2.3022862758329745009176111319782554e-01	5.5026067667701968247666259638697730e-06	2.0314902223021836132298143251755892e-03
3.1529918801189398780572751673482268e-03	2.3835713436801974439255875593213949e-01	5.5095975558895637022786756762869359e-06	2.0327802607333275119109777969913676e-03
3.1488498462865417901123408571053450e-03	2.4649089418988166534413152412345512e-01	5.5168449934134720698015819763264822e-06	2.0341167957561064861529240834172655e-03
3.1445716543852021088753120064010403e-03	2.5463009345070356916488689774577321e-01	5.5243507152775599714746598284750710e-06	2.0355000371641091992411339637798966e-03
3.1401574933611016708187156573366008e-03	2.6277491940717100965753898727359097e-01	5.5321164206456995557829783586116982e-06	2.0369302026179361829331088600183342e-03
3.1356075584351319572699896427191155e-03	2.7092556020248166758920161350384796e-01	5.5401438728177862720963344967018841e-06	2.0384075177355133544888501602746034e-03
3.1309220511203559484638334031438808e-03	2.7908220489836078452136551507928195e-01	5.5484349001756233305452628228064775e-06	2.0399322161860479745539745863636495e-03
3.1261011792400702454825900661838822e-03	2.8724504350745982029994255154267181e-01	5.5569913971678258021418896104573902e-06	2.0415045397877025369870614924883046e-03
3.1211451569464738258695405982767308e-03	2.9541426702615336205412539680164107e-01	5.5658153253347118189289360849451238e-06	2.0431247386090654421263215737151384e-03
3.1160542047399489976823201857952289e-03	3.0359006746774963484060140708978877e-01	5.5749087143741929290497772357464918e-06	2.0447930710745007703612465169550861e-03
3.1108285494889603192601344553734835e-03	3.1177263789613030043693409108444768e-01	5.5842736632497218483181369198693155e-06	2.0465098040734630484564671391727929e-03
3.1054684244505774581540394209226605e-03	3.1996217245983558168635749996328121e-01	5.5939123413414037111303861708796531e-06	2.0482752130738665923327001524956967e-03
3.0999740692916281726632994041619763e-03	3.2815886642661111569981246156120026e-01	5.6038269896414265462872124460073644e-06	2.0500895822396028226421529208073969e-03
3.0943457301104878133860504710552308e-03	3.3636291621843332062706613965281171e-01	5.6140199219950181784631969119225038e-06	2.0519532045523028894286623545138430e-03
3.0885836594595119602869220208824922e-03	3.4457451944703045813877253833587510e-01	5.6244935263881901790219919591356301e-06	2.0538663819374470156424473233279625e-03
3.0826881163681190331703090906673676e-03	3.5279387494991698776229501185443408e-01	5.6352502662835849605687388262295011e-06	2.0558294253949261827672503909516534e-03
3.0766593663665299402929122193956443e-03	3.6102118282695924035946713485866404e-01	5.6462926820057997328876922748878415e-06	2.0578426551341661420861676130549785e-03
3.0704976815101720613253272796630124e-03	3.6925664447749088692535592117776166e-01	5.6576233921776209237277608655701943e-06	2.0599064007139282492409532649498084e-03
3.0642033404047550971575488089320091e-03	3.7750046263799714615360972323503643e-01	5.6692450952086649317417427418917476e-06	2.0620210011869062951315570131110041e-03
3.0577766282320265603204781622498757e-03	3.8575284142038716051651100964426894e-01	5.6811605708379858420239880098293420e-06	2.0641868052492433506039361504909532e-03
3.0512178367762149262539396782145215e-03	3.9401398635087447663849796776679093e-01	5.6933726817322781245345542121505199e-06	2.0664041713950976638920921084327650e-03
3.0445272644511687174864077578570549e-03	4.0228410440948609222593833320929875e-01	5.7058843751413724861593127328321126e-06	2.0686734680763918569038417552903048e-03
3.0377052163282000502040765310535606e-03	4.1056340407022107951335649340554108e-01	5.7186986846127960990402795335347858e-06	2.0709950738678850680612215622551233e-03
3.0307520041646414358851231374765120e-03	4.1885209534188036489356318285280243e-01	5.7318187317672445292261186070719963e-06	2.0733693776377132948435949261098544e-03
3.0236679464331248998740024758156706e-03	4.2715038980958983695080884996182576e-01	5.7452477281368919964846478542749970e-06	2.0757967787235490082021999904279871e-03
3.0164533683515927541925659074346036e-03	4.3545850067703957138677943416074300e-01	5.7589889770685492723335944819277555e-06	2.0782776871145371538618666664903283e-03
3.0091086019140496437594642781637991e-03	4.4377664280946260223554231145887775e-01	5.7730458756937647417222888744257121e-06	2.0808125236391709329437574263983592e-03
3.0016339859220657737543033106166478e-03	4.5210503277737733526602318030019635e-01	5.7874219169680540962913954834949096e-06	2.0834017201592772776074912867881094e-03
2.9940298660170415213642257352353670e-03	4.6044388890111839257605273771855501e-01	5.8021206917815379854791346904567658e-06	2.0860457197702887183577232998715752e-03
2.9862965947132439378424575663377190e-03	4.6879343129618139814578008374674473e-01	5.8171458911433649280249501744862757e-06	2.0887449770079853907175457945322043e-03
2.9784345314316259569543168450311952e-03	4.7715388191940796364657378771868985e-01	5.8325013084423990937349306281784990e-06	2.0914999580618982631937576034781624e-03
2.9704440425344394437590676057087802e-03	4.8552546461603791325421499167498780e-01	5.8481908417867594284737907118103136e-06	2.0943111409955722995642961387102918e-03
2.9623255013606535435584399201859806e-03	4.9390840516765659680827578854014387e-01	5.8642184964249082513734555307828788e-06	2.0971790159738962109236447978997834e-03
2.9540792882621901250275028792552877e-03	5.0230293134106598366825078348229646e-01	5.8805883872511041524786873913909794e-06	2.1001040854977137217865153425517644e-03
2.9457057906409884543344498751468733e-03	5.1070927293810910637863385945399253e-01	5.8973047413981560257205569649272646e-06	2.1030868646459398858162446791420212e-03
2.9372054029869115887674994791135804e-03	5.1912766184647833517247862734595813e-01	5.9143719009205426652733830924242431e-06	2.1061278813254149571844551177688502e-03
2.9285785269165073393459867634760965e-03	5.2755833209153891288764627496009803e-01	5.9317943255710958278070287296626272e-06	2.1092276765287376708330602915407107e-03
2.9198255712126370224374956721689597e-03	5.3600151988920016658596275011972961e-01	5.9495765956745843304181368440595944e-06	2.1123868046003295275787931325297934e-03
2.9109469518649856008850145611352306e-03	5.4445746369986783867317728805485376e-01	5.9677234151016829434127164753887579e-06	2.1156058335109918376387112098001748e-03
2.9019430921114672059323923686374642e-03	5.5292640428351204831755267303398107e-01	5.9862396143469628968195489602192898e-06	2.1188853451412278693699883936307508e-03
2.8928144224805404327016064762078087e-03	5.6140858475588650524235172911170557e-01	6.0051301537147011178375967237826347e-06	2.1222259355736135005208866668042608e-03
2.8835613808344482145149058374335052e-03	5.6990425064593575439680197685994253e-01	6.0244001266164732430364269361676464e-06	2.1256282153945112999650189300118604e-03
2.8741844124133975053774226900405977e-03	5.7841364995442843355969049894811729e-01	6.0440547629846714164567240142446030e-06	2.1290928100054350028617427226097874e-03
2.8646839698806944358659938917311757e-03	5.8693703321385577866702630524015919e-01	6.0640994328062723294250339816529000e-06	2.1326203599443839068914142819501561e-03
2.8550605133688510559490618981477639e-03	5.9547465354963591575218370931945834e-01	6.0845396497813743422998714240962923e-06	2.1362115212174798384903654840820219e-03
2.8453145105266802393494986579960123e-03	6.0402676674266583612584576596667872e-01	6.1053810751112253423448303937938988e-06	2.1398669656412530441722498624786004e-03
2.8354464365673957984341925969770834e-03	6.1259363129326436520250226243616573e-01	6.1266295214206757545505441548352943e-06	2.1435873811959376829560525259009932e-03
2.8254567743177353467676132189400627e-03	6.2117550848655090772165842218110735e-01	6.1482909568202143837220597920889039e-06	2.1473734723901525631800738184302051e-03
2.8153460142681239489177499878121922e-03	6.2977266245930628566642247132947728e-01	6.1703715091129791099328405419059303e-06	2.1512259606373584138892732371624996e-03
2.8051146546238971143892673530693736e-03	6.3838536026836358273791168759798904e-01	6.1928774701523805043413530807540344e-06	2.1551455846444993427441868518772243e-03
2.7947632013576022252399038688367867e-03	6.4701387196057857373385271994980818e-01	6.2158153003562348349456740482960552e-06	2.1591331008132532462140829797192305e-03
2.7842921682623980355946202060886283e-03	6.5565847064443105168974954541831420e-01	6.2391916333835743889702764520938860e-06	2.1631892836543338430082857992046017e-03
2.7737020770065724465144948623613214e-03	6.6431943256331017341869231828183494e-01	6.2630132809805882900798810251268424e-06	2.1673149262153057398468226880988585e-03
2.7629934571891993421359430839778548e-03	6.7299703717053882854997295147497476e-01	6.2872872380024468202345614596061774e-06	2.1715108405223935537526372497058138e-03
2.7521668463969558733291228563057451e-03	6.8169156720619400191679422831240769e-01	6.3120206876180775024869613596694909e-06	2.1757778580367866535918246205836619e-03
2.7412227902621221940188735170807282e-03	6.9040330877578214797061661496754454e-01	6.3372210067052927494854794581319454e-06	2.1801168301259625948395047816327641e-03
2.7301618425217862934829006495464657e-03	6.9913255143083073279786326676808613e-01	6.3628957714440176759515919393730842e-06	2.1845286285505748576399478216921242e-03
2.7189845650782772261365114783777862e-03	7.0787958825145932849218031470201802e-01	6.3890527631157337148296365056889732e-06	2.1890141459674741143691158792453837e-03
2.7076915280608507193095063883817787e-03	7.1664471593099597052790359256288422e-01	6.4156999741176400330201962274296339e-06	2.1935742964494570075802983429519242e-03
2.6962833098886518401310766209362052e-03	7.2542823486270691606431205481398018e-01	6.4428456142004415488981227004744555e-06	2.1982100160223623743931077956723243e-03
2.6847604973349801257104004920645741e-03	7.3423044922871047471738055073176382e-01	6.4704981169391008187186141539896325e-06	2.2029222632201620747658386634123036e-03
2.6731236855928833272189193524963229e-03	7.4305166709114822846839911187345063e-01	6.4986661464463424694749376348928423e-06	2.2077120196587221383287137996726969e-03
2.6613734783421066891689221369311727e-03	7.5189220048568971952628863453375387e-01	6.5273586043391745827092940936436073e-06	2.2125802906289399114363852829179258e-03
2.6495104878174254811070230765170933e-03	7.6075236551744956991643501446126386e-01	6.5565846369691929380816201386779004e-06	2.2175281057099943412179775161593060e-03
2.6375353348783893211084519628647275e-03	7.6963248245939901045017916162172915e-01	6.5863536429279628644822876915053026e-06	2.2225565194034795598708517857328750e-03
2.6254486490805076799221849111005263e-03	7.7853287585335694599549778442388206e-01	6.6166752808393312808309921320940285e-06	2.2276666117892266186071989853923549e-03
2.6132510687479068324788711672202652e-03	7.8745387461364897544485332256501579e-01	6.6475594774511101100227896740591111e-06	2.2328594892036546603547503860597892e-03
2.6009432410474894308844138318464620e-03	7.9639581213352622567153648375377668e-01	6.6790164360391935083366441576457561e-06	2.2381362849415311132305079757817853e-03
2.5885258220646288111858064702408529e-03	8.0535902639443945670305934015881373e-01	6.7110566451378272873094228877767464e-06	2.2434981599820607389102657433115053e-03
2.5759994768804311163717429714111944e-03	8.1434386007826765837831174982935922e-01	6.7436908876104416710548368646785513e-06	2.2489463037402656939651647240483059e-03
2.5633648796505993215763076308130562e-03	8.2335066068260429541804921366713441e-01	6.7769302500761904320771556582841570e-06	2.2544819348446632778509132443778850e-03
2.5506227136859342856688735685076456e-03	8.3237978063920847714400319255492939e-01	6.8107861327081129439599815151923215e-06	2.2601063019422948760006201443328448e-03
2.5377736715345090277810640084966070e-03	8.4143157743573263957476460513527850e-01	6.8452702594196534113348056557130362e-06	2.2658206845322088960760224075698277e-03
2.5248184550655535393543077545583367e-03	8.5050641374084284141091122187945269e-01	6.8803946884571363008316123419282189e-06	2.2716263938285523843446071026107148e-03
2.5117577755550885935730243103179832e-03	8.5960465753285250219836866266395397e-01	6.9161718234167118129439556201973762e-06	2.2775247736544806512498247695508574e-03
2.4985923537733482062383936525346921e-03	8.6872668223199536206382254254473156e-01	6.9526144247052533277299336042406872e-06	2.2835172013681517944875283481519046e-03
2.4853229200740316369754130595830599e-03	8.7787286683646862986237004265824521e-01	6.9897356214657135793514800988902219e-06	2.2896050888221336590603894838993683e-03
2.4719502144854270989751173559392652e-03	8.8704359606238272310064020455267113e-01	7.0275489239885315641741553143011023e-06	2.2957898833576147032099996049387555e-03
2.4584749868034506711668524823720123e-03	8.9623926048775970210336716470585144e-01	7.0660682366318318284651241996228887e-06	2.3020730688348776456154452555734799e-03
2.4448979966866452807984844555116933e-03	9.0546025670072847690436369819563436e-01	7.1053078712743760648273531140149839e-06	2.3084561667015658649363747851903374e-03
2.4312200137531860489804762726638139e-03	9.1470698745207113346728515239289379e-01	7.1452825613265184304103126770889926e-06	2.3149407371003475341392706930394967e-03
2.4174418176799397690324330528528680e-03	9.2397986181228130221696677198701631e-01	7.1860074763257855770198271359478959e-06	2.3215283800176616409458212127525627e-03
2.4035641983036278197779231898070452e-03	9.3327929533330239362797974233845326e-01	7.2274982371451553059012093503087551e-06	2.3282207364753136305972639094325177e-03
2.3895879557241434057016709715712844e-03	9.4260571021512077098158666636027759e-01	7.2697709318436496695541027161287700e-06	2.3350194897667766841454041780076270e-03
2.3755139004100756656723923634079541e-03	9.5195953547739653871618787223744340e-01	7.3128421321904953012874633231908829e-06	2.3419263667401479100050113873942001e-03
2.3613428533064949044347600952315632e-03	9.6134120713632261663225529152888491e-01	7.3567289108958422769057973293398814e-06	2.3489431391298072944747802102473401e-03
2.3470756459450549791132543002369520e-03	9.7075116838691116745067446298433848e-01	7.4014488595828799105319133665729408e-06	2.3560716249389314664712084981065818e-03
2.3327131205564707195228778914579993e-03	9.8018986979091527114284786017162233e-01	7.4470201075381510993688497002755103e-06	2.3633136898751245448236178291896115e-03
2.3182561301854301792752004247500622e-03	9.8965776947060301882999977691301170e-01	7.4934613412789542783534611811042491e-06	2.3706712488415449408920188684537183e-03
2.3037055388080035077947500447511173e-03	9.9915533330861095827158250255774063e-01	7.5407918249789424685036420035372342e-06	2.3781462674860304004885905068592393e-03
2.2890622214516123048853977318516224e-03	1.0086830351541140901331091699123161e+00	7.5890314217953917234825074440506585e-06	2.3857407638108542325412053695494885e-03
2.2743270643176254730575849121143804e-03	1.0182413570355604192920065643173515e+00	7.6382006161441266539570574963049833e-06	2.3934568098458840653752008249637773e-03
2.2595009649066498222880802951623211e-03	1.0278307893802294403356448271486233e+00	7.6883205369707695932228239908856307e-06	2.4012965333880611075339984491527372e-03
2.2445848321465860112837478763750313e-03	1.0374518312408859151826322489817884e+00	7.7394129820698341814299588795400802e-06	2.4092621198102733190225866106184885e-03
2.2295795865235228329277353891218958e-03	1.0471049905298129197521781639344838e+00	7.7915004435062264523145633942879239e-06	2.4173558139428607117847785409234523e-03
2.2144861602155453739009601633854708e-03	1.0567907842605214346030232126287887e+00	7.8446061341969606919812164031436451e-06	2.4255799220311658302072050013639941e-03
2.1993054972295352042407451864843583e-03	1.0665097387974477728833695118871122e+00	7.8987540157143583038002202676206712e-06	2.4339368137727279962286674256578042e-03
2.1840385535410434868307755748826606e-03	1.0762623901139649220290742019031849e+00	7.9539688273756917684680094109096817e-06	2.4424289244379168735606115077329050e-03
2.1686862972373207447992726847706181e-03	1.0860492840590494707189363467483394e+00	8.0102761166881799649154072799891468e-06	2.4510587570780101018071761785185001e-03
2.1532497086635899921182354018738510e-03	1.0958709766329622502229064335016745e+00	8.0677022712224544850369798192713907e-06	2.4598288848249420246776832082770599e-03
2.1377297805726530252430846352308822e-03	1.1057280342723181935732588055879182e+00	8.1262745519921195697118060967075007e-06	2.4687419532871868034318331545127106e-03
2.1221275182779228976409438585585965e-03	1.1156210341449392648676062456560491e+00	8.1860211284218430618661977204786500e-06	2.4778006830464904548373365254546912e-03
2.1064439398099789611150460954545038e-03	1.1255505644549036964960132396113486e+00	8.2469711149915663275231441477459601e-06	2.4870078722604336472173099598983710e-03
2.0906800760767443649094537502788213e-03	1.1355172247582252606171137995724802e+00	8.3091546096499334896945143954025885e-06	2.4963663993760915775612869365916078e-03
2.0748369710273895630433395195986780e-03	1.1455216262896179640098031020886377e+00	8.3726027340959428324453912222237854e-06	2.5058792259603601773684365100947983e-03
2.0589156818200691999788067829107768e-03	1.1555643923008244688731721578095147e+00	8.4373476760341465798771627104007030e-06	2.5155493996528405943162393240012664e-03
2.0429172789936037328307782948450785e-03	1.1656461584110107881830521140824897e+00	8.5034227335155028197634595393690629e-06	2.5253800572475178184013757299740094e-03
2.0268428466432213136314357745065373e-03	1.1757675729697554708043703216936693e+00	8.5708623614832514262565235455084095e-06	2.5353744279098360298228607215589672e-03
2.0106934826004798069369263385115275e-03	1.1859292974331886731811708489957354e+00	8.6397022206509839414992127636694088e-06	2.5455358365361644345557109256694512e-03
1.9944702986174933661400646014244518e-03	1.1961320067538653126032026275381679e+00	8.7099792288484485105725162659993947e-06	2.5558677072630648548535237523620404e-03
1.9781744205555927466546800010800201e-03	1.2063763897849870209310221541893369e+00	8.7817316149796219846737628243910012e-06	2.5663735671342181406100222077797747e-03
1.9618069885785535067267472054159415e-03	1.2166631496996199846673967801985538e+00	8.8549989757472432955701708177087532e-06	2.5770570499333427145415266930328563e-03
1.9453691573505314487467306715147330e-03	1.2269930044255900937680240559408239e+00	8.9298223353083908841505041060128769e-06	2.5879219001919475919180484983538162e-03
1.9288620962388500980569447523805193e-03	1.2373666870967732636844120610951962e+00	9.0062442080368631651581284719579986e-06	2.5989719773813065547655350897955658e-03
1.9122869895217907156166461041317733e-03	1.2477849465215374894695712180727669e+00	9.0843086645801511724394168888689283e-06	2.6102112602986225586386407447396918e-03
1.8956450366015413095898840818377449e-03	1.2582485476691342954519782716634815e+00	9.1640614014117492810044839092114879e-06	2.6216438516579748920862828208000244e-03
1.8789374522224673639346262173033935e-03	1.2687582721748809295431909799748617e+00	9.2455498140935126837728332727887260e-06	2.6332739828973093395381859786912451e-03
1.8621654666948735553323979470035186e-03	1.2793149188650211017749476556424154e+00	9.3288230744778260649330738518162329e-06	2.6451060192134471470458983415936729e-03
1.8453303261244326002694357783753439e-03	1.2899193043022014809783131451843605e+00	9.4139322120955919022124652714230973e-06	2.6571444648378557989273592642851041e-03
1.8284332926474645798298605778442838e-03	1.3005722633525537564751879567959190e+00	9.5009301999935834474704787834979007e-06	2.6693939685667476664171837061571181e-03
1.8114756446722576500395390443209139e-03	1.3112746497754280755817907138134963e+00	9.5898720453036511999562595537779516e-06	2.6818593295599560478198921761658833e-03
1.7944586771266289809292243790406596e-03	1.3220273368368833340092597137097308e+00	9.6808148848467483154153670691834268e-06	2.6945455034239869579577556104746825e-03
1.7773837017119330997578888339179966e-03	1.3328312179481033970626178208102889e+00	9.7738180860968879967473667555809122e-06	2.7074576085956646724209062950524165e-03
1.7602520471637335664133757130944561e-03	1.3436872073299761597594242977949345e+00	9.8689433538541163297366853670619248e-06	2.7206009330438854195749351558837390e-03
1.7430650595193631068320303168131560e-03	1.3545962407051447332886387712655718e+00	9.9662548430015443295468505057846109e-06	2.7339809413081732224280799373589031e-03
1.7258241023926070000008080611376840e-03	1.3655592760189173204025461709054631e+00	1.0065819277749617119451205096093584e-05	2.7476032818940018134523503560747073e-03
1.7085305572557546842101661976193398e-03	1.3765772941905048898484733385186180e+00	1.0167706077801308915032337282596384e-05	2.7614737950462145394687155913306296e-03
1.6911858237292752491797351484746356e-03	1.3876512998961439887661963401436092e+00	1.0271987491905043449089592344297695e-05	2.7755985209233487429145936319969119e-03
1.6737913198793837450836486479571413e-03	1.3987823223857563866766656496369850e+00	1.0378738739298097485220720862759010e-05	2.7899837081972615713079843545273569e-03
1.6563484825237771022671479798333782e-03	1.4099714163348982089002699246524856e+00	1.0488038159582322841595889459427005e-05	2.8046358231041707554323493349699148e-03
1.6388587675458309539707663746927463e-03	1.4212196627338593174704292029077584e+00	1.0599967371616521431600353667138203e-05	2.8195615589750778384373622530981390e-03
1.6213236502175618287563309591379887e-03	1.4325281698158895074456648530509864e+00	1.0714611442056061958861484689473252e-05	2.8347678462755449736067921148730233e-03
1.6037446255316730725667109272812393e-03	1.4438980740266522313392248368574580e+00	1.0832059064220705762606389956387307e-05	2.8502618631869633112505159129276594e-03
1.5861232085430175186086454510084813e-03	1.4553305410371397265167265726065447e+00	1.0952402748026522769211910982852978e-05	2.8660510467637961062596676317670493e-03
1.5684609347198253961008911367251641e-03	1.4668267668024263449325038531116574e+00	1.1075739021777681423044153902191249e-05	2.8821431047038194584662617070248280e-03
1.5507593603050623096568352124144151e-03	1.4783879786687903857065326447755613e+00	1.1202168646679294093830231923468813e-05	2.8985460277711361995613451085897508e-03
1.5330200626882993869667237361251248e-03	1.4900154365318996992914975521725680e+00	1.1331796845003953553356446276823779e-05	2.9152681029147238961303857500285738e-03
1.5152446407884959451651697690417840e-03	1.5017104340489337420789108379947969e+00	1.1464733542922731891882329079805250e-05	2.9323179271285183782896231912102001e-03
1.4974347154481143322070727914830848e-03	1.5134742999077056800678196738437468e+00	1.1601093629096927218586950822351843e-05	2.9497044221025540960899250877910005e-03
1.4795919298390070302721571558255835e-03	1.5253083991560537404677467513422509e+00	1.1740997230220512396505482792026104e-05	2.9674368497185090311740810158372795e-03
1.4617179498805377408215259988608489e-03	1.5372141345949925756458573229376574e+00	1.1884570004805930991755109932562615e-05	2.9855248284471648475555367219633701e-03
1.4438144646704210886877066263732430e-03	1.5491929482393543458424200621803001e+00	1.2031943456618567544160517731753586e-05	3.0039783507098257167137669483724198e-03
1.4258831869287898753918544425428521e-03	1.5612463228499070969482972762086999e+00	1.2183255269288976182337327952138611e-05	3.0228078012706787198801234865999414e-03
1.4079258534560245769011533399890179e-03	1.5733757835412165144318561235009125e+00	1.2338649663767997494776003880594084e-05	3.0420239767324659369740009440932046e-03
1.3899442256049071233377487879459045e-03	1.5855828994698181543604602330270380e+00	1.2498277780439589510331266489319060e-05	3.0616381062137189034138541107785980e-03
1.3719400897676900314514065348846076e-03	1.5978692856075928601199886319251673e+00	1.2662298087871072372027134528521528e-05	3.0816618732922308529903005133473653e-03
1.3539152578787028081564075086728854e-03	1.6102366046055905561822256773545136e+00	1.2830876820362254589973095048367168e-05	3.1021074393064676882791093747891942e-03
1.3358715679331503386495122333492607e-03	1.6226865687539294946599455240042704e+00	1.3004188446655503137235725502379552e-05	3.1229874681143081080485047740659876e-03
1.3178108845227928604556080469961653e-03	1.6352209420438121101056473668689058e+00	1.3182416172390415811315627509743067e-05	3.1443151524169273474919666252692320e-03
1.2997350993892342625166045899431857e-03	1.6478415423381480053014375809766804e+00	1.3365752479131806020032696668486518e-05	3.1661042417648764765014076017813809e-03
1.2816461319955850071273343157073430e-03	1.6605502436577626719947410517773780e+00	1.3554399703070988376643633207389704e-05	3.1883690723735485199511340465317548e-03
1.2635459301173081381111956099832388e-03	1.6733489785907011462793316614350911e+00	1.3748570656800991232251973958133226e-05	3.2111245988863628672908200405162388e-03
1.2454364704531018135974644950917054e-03	1.6862397408327131290365352774931366e+00	1.3948489297899866642960775071023080e-05	3.2343864282362516983488019598897464e-03
1.2273197592567198067529064769679425e-03	1.6992245878676348594264580714047551e+00	1.4154391448426740561073553288389746e-05	3.2581708557695213930891614700124999e-03
1.2091978329906826934882946918837192e-03	1.7123056437970684358610202684033772e+00	1.4366525569847211366319603556307664e-05	3.2824949038110286726015405908059206e-03
1.1910727590028872552407123808693308e-03	1.7254851023295071530494578357798798e+00	1.4585153598363352932626951763290870e-05	3.3073763628660138876357526576118286e-03
1.1729466362271802545435694145374720e-03	1.7387652299398722572779831459786569e+00	1.4810551846134817475549153692034094e-05	3.3328338356720510621867195449010529e-03
1.1548215959090255053144187198531671e-03	1.7521483692113195663043982206514806e+00	1.5043011974448099466647452100107055e-05	3.3588867843346077978425451325180314e-03
1.1366998023574604025299423902019358e-03	1.7656369423721517649316838812191087e+00	1.5282842045528606224984045362525441e-05	3.3855555808018862029246312522364236e-03
1.1185834537246101741952740130414965e-03	1.7792334550417429541799189164239320e+00	1.5530367660403578865215410335459827e-05	3.4128615609591971874756553425991199e-03
1.1004747828141054859095663275818366e-03	1.7929405002005563844447084288305849e+00	1.5785933191023192987953570314208081e-05	3.4408270826503980728524871884467077e-03
1.0823760579198321192836294538964406e-03	1.8067607624006256753054377813850505e+00	1.6049903115743898463656592041747051e-05	3.4694755879642307328344207704248567e-03
1.0642895836965307596933445229208207e-03	1.8206970222342870729761462729323348e+00	1.6322663468285511219071216746046540e-05	3.4988316701571135663946717097739462e-03
1.0462177020638610165267226878163996e-03	1.8347521610805098963279102828743269e+00	1.6604623411407031555436788328807179e-05	3.5289211456214975797605414093342782e-03
1.0281627931456472666348906608575914e-03	1.8489291661498905963205528197055211e+00	1.6896216947823255856674391098864260e-05	3.5597711313507879021364257415677874e-03
1.0101272762461354283722746587500782e-03	1.8632311358512712336127407244258448e+00	1.7197904782325325918089009144672598e-05	3.5914101283986210035635904704069401e-03
9.9211361086521007887708488048651290e-04	1.8776612855050365110720015585512674e+00	1.7510176350696974491471981539664748e-05	3.6238681118826204056113090277994200e-03
9.7412429775465123918785345940104410e-04	1.8922229534304583946540586273926713e+00	1.7833552032861679403860424342395948e-05	3.6571766281413704598007201335612009e-03
9.5616188001765057664865818876419637e-04	1.9069196074370206071157443485513550e+00	1.8168585569785942006452124951388894e-05	3.6913688997190999741612524947113015e-03
9.3822894425395871702872784751252836e-04	1.9217548517524973275236590791354058e+00	1.8515866706037360275304589883116904e-05	3.7264799389264349720827516067139207e-03
9.2032812175319993636803293663874245e-04	1.9367324344237159290543334547535523e+00	1.8876024082596101248758816495544774e-05	3.7625466708086928182892514020962140e-03
9.0246208973906895659863713210293017e-04	1.9518562552294420522859558148910936e+00	1.9249728407595067832136984744340103e-05	3.7996080664468542875369188497644582e-03
8.8463357266731828271239124980731987e-04	1.9671303741487318773822004889256698e+00	1.9637695936176369800695630231061021e-05	3.8377052876220779111387212856352568e-03
8.6684534358065503563365548358761163e-04	1.9825590204324527785706203261283717e+00	2.0040692294668726767380056789363713e-05	3.8768818439941662612943927169757134e-03
8.4910022552389527780123528232320333e-04	1.9981466023305388376459189410885195e+00	2.0459536688893392392132469879950992e-05	3.9171837640797959530205519094897054e-03
8.3140109302297332654015412910432293e-04	2.0138977175329899858384285802505351e+00	2.0895106541690856530794731672818343e-05	3.9586597814699577267606002983460126e-03
8.1375087363167566519158417151482763e-04	2.0298171643887211318512624883679970e+00	2.1348342610840101530355430998329120e-05	4.0013615379006936694305034703584297e-03
7.9615254955026622013763034538011608e-04	2.0459099539732108194909764068190082e+00	2.1820254645550570530365705733083929e-05	4.0453438049901110002698049799238034e-03
7.7860915932049470173460676506333475e-04	2.0621813230835921059949516684250447e+00	2.2311927647803367042092983587765038e-05	4.0906647266816024304870273925684818e-03
7.6112379960183548206273663963092183e-04	2.0786367482484923409723136673876630e+00	2.2824528814191961466675960247240226e-05	4.1373860846926869997431087892268844e-03
7.4369962703419457030958506763522703e-04	2.0952819608497036735117551687380274e+00	2.3359315244789911034701838328827015e-05	4.1855735895661764661797628432559668e-03
7.2633986019275056814395685309119166e-04	2.1121229634638156770166391423796298e+00	2.3917642518224382828538010512404399e-05	4.2352972002617019289572282542404259e-03
7.0904778164106648336708187805808301e-04	2.1291660475444558497365482554651425e+00	2.4500974246884352558913443450199125e-05	4.2866314756183846211523737553766765e-03
6.9182674008912799026269787452929191e-04	2.1464178125799855044226318555420448e+00	2.5110892743432129704353905969151064e-05	4.3396559614723708036986937282740270e-03
6.7468015266353588070651067712672858e-04	2.1638851868776485693239557734494958e+00	2.5749110949988261253388129993866714e-05	4.3944556177365154346112245882565643e-03
6.5761150729771258257292601149484021e-04	2.1815754501435756171236083903420559e+00	2.6417485805094419269491450293365714e-05	4.4511212903561653746804082145270569e-03
6.4062436525068219047559431485160072e-04	2.1994962580490661784214872666405452e+00	2.7118033251520946384702687121530244e-05	4.5097502337597024794935046410887333e-03
6.2372236376375899633308183153362975e-04	2.2176556689976357872000397298200728e+00	2.7852945121021715991033515721456665e-05	4.5704466902432155275232146356102113e-03
6.0690921886534081901582400911006294e-04	2.2360621733349258419838015085489073e+00	2.8624608171284116880603358914890832e-05	4.6333225336870224533773092654293232e-03
5.9018872833496177833062428781074052e-04	2.2547247252753350993604072379957449e+00	2.9435625596847045385746208659475826e-05	4.6984979861239387435439875905282062e-03
5.7356477483882752600181990548342785e-04	2.2736527778558577009518720138897223e+00	3.0288841391230328643486134568358510e-05	4.7661024169969519857825258730800437e-03
5.5704132925024934638981807789147300e-04	2.2928563212699606208900310586279086e+00	3.1187368003871093928626826251392153e-05	4.8362752364960036212928604490620693e-03
5.4062245416972936963670906639677862e-04	2.3123459249834310262816181238286219e+00	3.2134617815100025224399768481163127e-05	4.9091668961971825242867042890212029e-03
5.2431230766094761794233660697401272e-04	2.3321327840912085972225058618982662e+00	3.3134339048309922527542124717140533e-05	4.9849400124008152013136149001947959e-03
5.0811514722058629601130235679522490e-04	2.3522287704407843655606978001358161e+00	3.4190656854422320982425735043018885e-05	5.0637706301491510242186586328009249e-03
4.9203533400182518558837105939078613e-04	2.3726464891256091584346305555170324e+00	3.5308120444463140590681919895026473e-05	5.1458496489879626116389796745701844e-03
4.7607733731348651261981835501288981e-04	2.3933993410433185199438865475709188e+00	3.6491757317475773157608209256442787e-05	5.2313844352291741127898282038032248e-03
4.6024573941923622353356487218827238e-04	2.4145015923211449669163318975042737e+00	3.7747135840695631088879020344875041e-05	5.3206006499105250668632823582067905e-03
4.4454524066400608840500987633806991e-04	2.4359684515379641198336771176866553e+00	3.9080437696536091764349387305480266e-05	5.4137443270048877118899587605769803e-03
4.2898066495794057425179201766794400e-04	2.4578161558230909936668546931715630e+00	4.0498542028869646539291394912410727e-05	5.5110842429222950146265800742597506e-03
4.1355696565175716734346111089422309e-04	2.4800620670912620967070278941879294e+00	4.2009123515289189374884874724223150e-05	5.6129146262455268093787536171361065e-03
3.9827923184151415333833367770983923e-04	2.5027247798874985244089850813765040e+00	4.3620767083197055984465072225073894e-05	5.7195582662932377461468514105668080e-03
3.8315269514549611422894264108437813e-04	2.5258242425726111288789344711900120e+00	4.5343102602687435097361067230695542e-05	5.8313700909582703500985138172048899e-03
3.6818273700136325457699957978779614e-04	2.5493818938898687705043627868872565e+00	4.7186963663691296423557376262082174e-05	5.9487412988957493416938775035905490e-03
3.5337489653799747161660148004195174e-04	2.5734208173283011108154289486348118e+00	4.9164575525548803939709578235253495e-05	6.0721041492771694116197990790323847e-03
3.3873487908377529853193844292928104e-04	2.5979659161541324360343823422859368e+00	5.1289778576322355496432006151836700e-05	6.2019375349486295529326356818714382e-03
3.2426856538150001655645731798860466e-04	2.6230441125392539220136443446536003e+00	5.3578295240175198554331939382326666e-05	6.3387734931997908416640357839087570e-03
3.0998202159017088530776913843758150e-04	2.6486845749005753710222934482472833e+00	5.6048050336610317710036754109856977e-05	6.4832048441367942011722918870151955e-03
2.9588151016545063087113392697523794e-04	2.6749189784104108696371653922028313e+00	5.8719557578491906186113433807528145e-05	6.6358941920807737400787778123053571e-03
2.8197350172447758481527670008471333e-04	2.7017818046899118669506486001883253e+00	6.1616388406760818263731940452332928e-05	6.7975845834640296957060449221494212e-03
2.6826468801701077553397035326570051e-04	2.7293106880130065328592933113045794e+00	6.4765743989587858256360533714347732e-05	6.9691121893957601677756125552683664e-03
2.5476199614436531506656871549196493e-04	2.7575468170042087328650021131535208e+00	6.8199157368976682700758251800682793e-05	7.1514214779080050754912632329165767e-03
2.4147260419091228802371396355298590e-04	2.7865354029126852494331692106055608e+00	7.1953360992333314910886855458304372e-05	7.3455834674213263001393981431518058e-03
2.2840395846099892917644209132061859e-04	2.8163262282254278980650125487269433e+00	7.6071366038614750966086719788027902e-05	7.5528178196772033095153297136341704e-03
2.1556379254816647090195545694855321e-04	2.8469742928323584805590106526400485e+00	8.0603815218638352603304340573007990e-05	7.7745197519895452911444483555132393e-03
2.0296014850502325352172859305387082e-04	2.8785405794340412909452897647596046e+00	8.5610691819714726103508840213527867e-05	8.0122930460564576712157757615979401e-03
1.9060140043304849329050997660517357e-04	2.9110929657470117196689295670079376e+00	9.1163497222747575181945247615557914e-05	8.2679908337296329482845098272094481e-03
1.7849628087456000020912398513411567e-04	2.9447073188160657975892516286634244e+00	9.7348050762114299664012497387122206e-05	8.5437663926536762206710732991382666e-03
1.6665391046753321484382921342262903e-04	2.9794688171028142839728454865194469e+00	1.0426812542957534566645140374218511e-04	8.8421369507945467955644024242717945e-03
1.5508383142254722502977902640081212e-04	3.0154735600158778883203954947278285e+00	1.1205021951113507429456709258494530e-04	9.1660645746075038912934177238119341e-03
1.4379604550615091381952859407615702e-04	3.0528305436853182658011938149384112e+00	1.2084989188354395211957312930513396e-04	9.5190597467881664775827912954702299e-03
1.3280105737503802206282354924345630e-04	3.0916641082942257144541919317931008e+00	1.3086027994515793937734245274440266e-04	9.9053154514603762445701653015240725e-03
1.2210992431263535406396257258147432e-04	3.1321169995292174080605497427917159e+00	1.4232371085858649800144610172438869e-04	1.0329882831656156643644619455373868e-02
1.1173431369105239619025284862745373e-04	3.1743542398659339803928827092806475e+00	1.5554777044240827885453539193239885e-04	1.0798904334828514861536904363543763e-02
1.0168656984121949216004264727243105e-04	3.2185680825569352705264389311495240e+00	1.7092791481601380993933295450097857e-04	1.1319927650095486703016858878254034e-02
9.1979792498086823728800291687016850e-05	3.2649844352871932428461670739309528e+00	1.8897988234656314167450235343341611e-04	1.1902335234342211756786125771151080e-02
8.2627929648987283525196013064290151e-05	3.3138713127340135753514639157773014e+00	2.1038712112937416527494790020806552e-04	1.2557942530370340439327452584031143e-02
7.3645888532257978765814061619842419e-05	3.3655501434494702605520677587078763e+00	2.3607181282583596411136038066993493e-04	1.3301847912144354782497718947456030e-02
6.5049669835332051392941770834425340e-05	3.4204111785511254248340819751157330e+00	2.6730405253746189303747794948201071e-04	1.4153667795428552150078969166289439e-02
5.6856532027015700509818820087513937e-05	3.4789349388053117217761266996777070e+00	3.0587476735991837389811883110552060e-04	1.5139378100863055096454372832201621e-02
4.9085195557126210262748391985545511e-05	3.5417227998429451785637021252526438e+00	3.5437915966296015418165544432501572e-04	1.6294141933563390764524507706909398e-02
4.1756100929173526437956975760534861e-05	3.6095418552032893138675391245755556e+00	4.1670029570536883317247853813026359e-04	1.7666803113169694379082690713408103e-02
3.4891741391539874939711796606853649e-05	3.6833929375288403343287227649014447e+00	4.9887409756757674729321839289660924e-04	1.9327321149306283590467840290607266e-02
2.8517102039303594436495936088403866e-05	3.7646179072157452628630003549850270e+00	6.1072684494850177575230882830903226e-04	2.1379681768365658921437197190343365e-02
2.2660256066423290130289140158681358e-05	3.8550771963618704411531327117393640e+00	7.6919809317034063684680450696793816e-04	2.3985675032754938350559351433543372e-02
1.7353203238176522081757779466946472e-05	3.9574616732189240491114660203800247e+00	1.0056988644318608114810621159577449e-03	2.7412030515319936779910438156768186e-02
1.2633102183740730234592263521043881e-05	4.0758839182732445770599521108314450e+00	1.3843648573750495430799146354054046e-03	3.2133141962825339221694983879338517e-02
8.5441883302069113296182387230162008e-06	4.2171192583243600679977011419891695e+00	2.0549324722726045705919548911373795e-03	3.9085409797638580938629387313293151e-02
5.1409972768011024486070174998736175e-06	4.3936122271621888734815271704722848e+00	3.4452303415444871190542989747427344e-03	5.0423673485419849555285597371758816e-02
2.4943627186630061308956249474779443e-06	4.6325662268374322244516969094889305e+00	7.2941613096783877977943087111817335e-03	7.2541358152166393533719472525117352e-02
7.0014362801990691475410085488338224e-07	5.0173612960373484110224886764155373e+00	3.4672056445163677325944490923930016e-02	1.3912208795261992248852485368595591e-01
0.0000000000000000000000000000000000e+00	0.0000000000000000000000000000000000e+00	9.3636714239388135745473680993782402e-06	2.4661602111903979655432600276625283e-03