6.7524575209088057114165559872232085e-07	-5.0243232546864151738769707014063286e+00	3.4587361260900824029774254253802273e-02	1.3894740867620632670044730619797317e-01
2.4062414463326930844277179973888064e-06	-4.6400276631005772880923421512562802e+00	7.2742840071434638089589650310924075e-03	7.2441856764979912109822168248301045e-02
4.9603543814547416529315762055150801e-06	-4.4014117569926805568571036671341152e+00	3.4351424238087203539604353302945154e-03	5.0349579312108060276160880789713770e-02
8.2453531446342038679736675487347010e-06	-4.2251849604321497249061250182742139e+00	2.0485653696467190596470621269333239e-03	3.9024702810478423852517138825540497e-02
1.2193072022026875194747277822653850e-05	-4.0841739241258151265477857544599826e+00	1.3798681315852532341474840080011704e-03	3.2080848850366107591168550260155531e-02
1.6751026488878038835703094335743702e-05	-3.9659481987904860161788094556012836e+00	1.0022959952888124082784994721707998e-03	2.7365575225800793492087468808161402e-02
2.1876642799836726627221840175436841e-05	-3.8637402884365278465771520742271953e+00	7.6649958110144021918431550020495598e-04	2.3943536630707975480848885936009810e-02
2.7534156647322160007995367171999643e-05	-3.7734424550258396122822123621264264e+00	6.0851326866925495056161849768401438e-04	2.1340880973364110328845123930657230e-02
3.3692767777592957741436641362716497e-05	-3.6923670521001111520053105059020287e+00	4.9701126401911663282006400634625377e-04	1.9291187177245796304133718894648677e-02
4.0325454287408584615087536119680031e-05	-3.6186559091240166754351278401818641e+00	4.1510093805496715806408892010248764e-04	1.7632854617434359675259274891219941e-02
4.7408165838758823191992731359719554e-05	-3.5509688197208071249203775691639741e+00	3.5298375393442540592107870766318173e-04	1.6262020746676465617787243196311901e-02
5.4919249932363061806949474773663816e-05	-3.4883062008433205623688058304243163e+00	3.0464113239848871199495215882779578e-04	1.5108809842696805810225905957165209e-02
6.2839029389726508218896101155498700e-05	-3.4299019282015251471639091711511566e+00	2.6620134759968884469952896347633135e-04	1.4124437193653605961244439240903202e-02
7.1149482223673159473327967632319306e-05	-3.3751553945361973662380231566254292e+00	2.3507689278240374030768086415133159e-04	1.3273782665974198112951049162135031e-02
7.9833993307628516304555335244207385e-05	-3.3235866994923057609450419308915654e+00	2.0948222812248129500539549054100488e-04	1.2530902379458536732481145494797978e-02
8.8877157882609869526047464145624476e-05	-3.2748061008072099120965916263963106e+00	1.8815113105951119876676577079294467e-04	1.1876204328761788644983365143812207e-02
9.8264623425691976332634768079818802e-05	-3.2284925929747183615862089270865730e+00	1.7016426790172861696083662280021048e-04	1.1294609086267788715558479438479853e-02
1.0798296051463480571908569409392510e-04	-3.1843785172040953304547347582025898e+00	1.5484032707524288987488026724897412e-04	1.0774316154745621486152246686815845e-02
1.1801955601600448889353875514786438e-04	-3.1422382683295668244325144940645342e+00	1.4166520125803144249282929667954023e-04	1.0305955036113233728955110884261347e-02
1.2836252373834005450180282709760955e-04	-3.1018798526375036411188568204592139e+00	1.3024469890869930794175787085368705e-04	9.8819877317885002463344409491458204e-03
1.3900062894481730758775376804074917e-04	-3.0631384721610380863223403431565791e+00	1.2027222828773307470390174684337513e-04	9.4962797358286192855419591959042183e-03
1.4992322400412187299021699703334855e-04	-3.0258715768652593844026652252967364e+00	1.1150625341799779559357975545478114e-04	9.1437864795747021964223988702225593e-03
1.6112019309448843900640204444694846e-04	-2.9899549982173080428748881461254826e+00	1.0375427368776170191156460586097497e-04	8.8203204714655735966251114100181474e-03
1.7258190434162037627854543295762026e-04	-2.9552798915999428647220825532295701e+00	9.6861247966586056239467697870303176e-05	8.5223758557876595420887088951289699e-03
1.8429916811748780599290874479611273e-04	-2.9217502920876558540582395219608832e+00	9.0701102839157974368959428783925139e-05	8.2469944934767829484773216429918708e-03
1.9626320048809708332241106371521275e-04	-2.8892811411958361144533968136988324e+00	8.5170416932630855013690385897650758e-05	7.9916625132929636916948202746433188e-03
2.0846559099771414402065185828838365e-04	-2.8577966794179991216897614748112079e+00	8.0183664180206341537724452894860801e-05	7.7542295248706107946163251784026150e-03
2.2089827413107410763990707687674000e-04	-2.8272291258447207792642570390368348e+00	7.5669589559766393653542969903846699e-05	7.5328448944419459909206075730806328e-03
2.3355350391540650543676847585723684e-04	-2.7975175852721337988235654710483709e+00	7.1568418113063744146142422515219726e-05	7.3259070134064879717578260404074348e-03
2.4642383121897160345513709410646178e-04	-2.7686071371870144903977507255641736e+00	6.7829684385139737101346492037761714e-05	7.1320225643675557954063438809395577e-03
2.5950208337829564316844337092632381e-04	-2.7404480713628767346828693266241684e+00	6.4410528878780815012664454776389061e-05	6.9499735544458747157140602099390826e-03
2.7278134584687422335946138408212625e-04	-2.7129952425463746133131341735610378e+00	6.1274349637412711081895078850299792e-05	6.7786904375306208534108216328620051e-03
2.8625494560710901578941158750536931e-04	-2.6862075225704693013459723593046326e+00	5.8389726439820298876915845951199796e-05	6.6172300497974559414721550830747512e-03
2.9991643612715773984975973445989370e-04	-2.6600473327031566281048086732546794e+00	5.5729556117265030007834879910743140e-05	6.4647573798511352000120518084593948e-03
3.1375958367711504154415191430939794e-04	-2.6344802424862729976378886402636813e+00	5.3270352727357485917134962389067184e-05	6.3205304161858412786815475315039093e-03
3.2777835484596387728684134123271888e-04	-2.6094746239960319494446718609661241e+00	5.0991677457145269973603720406444853e-05	6.1838874811600641292987883645920273e-03
3.4196690512317410608991556259400871e-04	-2.5850013525533559588881450881337431e+00	4.8875671357118879556422005665562507e-05	6.0542365870564581012319409829470638e-03
3.5631956842755951566789762699319299e-04	-2.5610335465659031188366849032097772e+00	4.6906670144160197876053959446936296e-05	5.9310464465165936451676075234006986e-03
3.7083084748172992446759938503524957e-04	-2.5375463404974834588646459141749824e+00	4.5070884926960417618885970106863799e-05	5.8138388442480205910381848603845096e-03
3.8549540494374025254397769644507832e-04	-2.5145166860110941988376540958629080e+00	4.3356136207496685143410581344790590e-05	5.7021821348794778119966249311250046e-03
4.0030805521878096818390573797731570e-04	-2.4919231771770470697485708078519246e+00	4.1751631186889546610206841865905144e-05	5.5956856772119336554678742405669939e-03
4.1526375688332486034590431084212202e-04	-2.4697458963217257284978582766027532e+00	4.0247776462936904616848855136512646e-05	5.4939950508551016873271689786718578e-03
4.3035760566232660850114896666959293e-04	-2.4479662776492127546793502603946149e+00	3.8836019802570875800425294573568441e-05	5.3967879295719478011207157345977917e-03
4.4558482790709365353112498864413159e-04	-2.4265669862234683397166184441738822e+00	3.7508715917663496511417041425384747e-05	5.3037705082472020173219644457134148e-03
4.6094077452749661250190878423590598e-04	-2.4055318102732127588299854344474546e+00	3.6259012150172007884266610612271360e-05	5.2146743985146205971370093843815518e-03
4.7642091533741837220698190194827827e-04	-2.3848455650910264006934067453528044e+00	3.5080750744633323431521844108907862e-05	5.1292539226861882906649586312527826e-03
4.9202083377687942992907411741767366e-04	-2.3644940070549154616285899423958232e+00	3.3968384999152631662520535071135811e-05	5.0472837474650642476926914337529310e-03
5.0773622197822760679678322941197643e-04	-2.3444637565145737257197691164758819e+00	3.2916907075603292338547289026993567e-05	4.9685568085649213660590574686174201e-03
5.2356287614722985708115856441023625e-04	-2.3247422284636574793939194494815894e+00	3.1921785642674006044063550148876643e-05	4.8928824852460336860570498789825069e-03
5.3949669223292507560142227886575352e-04	-2.3053175700698642050696733977018603e+00	3.0978911842294272634979287663157567e-05	4.8200849902605933578740660123117084e-03
5.5553366186275034788802920820333942e-04	-2.2861786042615154571397232854818454e+00	3.0084552326749579024735300658160002e-05	4.7500019460494687503045892595654892e-03
5.7166986852179012033169860941245479e-04	-2.2673147786767674445153286623023006e+00	2.9235308322802217161960708807809848e-05	4.6824831224657925854823232275818430e-03
5.8790148395706145212996340821212788e-04	-2.2487161193728166398795137797588266e+00	2.8428079849983677201656406023726879e-05	4.6173893149887917796697396325801757e-03
6.0422476478957541359527145327276987e-04	-2.2303731887702267145757932453522441e+00	2.7660034360462095106168603179817396e-05	4.5545913454708984414547613163501156e-03
6.2063604931853589911161039268822846e-04	-2.2122770473739816947599216173452448e+00	2.6928579183454583382149967616299807e-05	4.4939691700420389723330484846374468e-03
6.3713175450347913494894718767840692e-04	-2.1944192188698791892830770163786026e+00	2.6231337252752324054620917811790090e-05	4.4354110809653485687407233919757867e-03
6.5370837311144265777665965833111193e-04	-2.1767916582439099483994265549038195e+00	2.5566125675295803790377266088812554e-05	4.3788129910697681256152708151033300e-03
6.7036247101740097474736444303313147e-04	-2.1593867226145616155203879595480732e+00	2.4930936764865558098513027813964385e-05	4.3240777909349901066410795561937425e-03
6.8709068464723323155680467426604085e-04	-2.1421971445045617270559650189639973e+00	2.4323921220236256992314372231216444e-05	4.2711147703202548657836546420022892e-03
7.0388971855341045612321443608762322e-04	-2.1252160073102932427561146481383585e+00	2.3743373173508692688608823998289967e-05	4.2198390964491970633178410118743517e-03
7.2075634311441880991576547579989241e-04	-2.1084367227546904791902013300580451e+00	2.3187716873345655538536345660736840e-05	4.1701713427200305192202229090758512e-03
7.3768739234968160666268391286023422e-04	-2.0918530101334543442084452263545277e+00	2.2655494800760392843088429529210932e-05	4.1220370622299835225378374785190459e-03
7.5467976184241607521070140632946803e-04	-2.0754588771854181678684386624977109e+00	2.2145357042972188169021445087137940e-05	4.0753664012066723997268934316626677e-03
7.7173040676346916572077461562192001e-04	-2.0592486024362753446289379881710179e+00	2.1656051774496180613758372642060518e-05	4.0300937480449614530549800248968369e-03
7.8883633998972730413557150305869729e-04	-2.0432167188810081309958999938716095e+00	2.1186416714765929076529304000485452e-05	3.9861574141707251080357307085659596e-03
8.0599463031119417405119676802602190e-04	-2.0273579988845394132776317346976015e+00	2.0735371448767044340197094111404276e-05	3.9434993434052597343956623509603133e-03
8.2320240072128386301365941278540786e-04	-2.0116674401926265957123195068116495e+00	2.0301910511858816833449241179240201e-05	3.9020648468963166239650424628125245e-03
8.4045682678528890167481866285322517e-04	-1.9961402529560512479555503667886868e+00	1.9885097152567747698942212062149312e-05	3.8618023610225997214229413909088918e-03
8.5775513508235812255397181606744731e-04	-1.9807718476809199338947302098557580e+00	1.9484057697975902719767018349502496e-05	3.8226632259754635387921691751561337e-03
8.7509460171666164319811888420775755e-04	-1.9655578240265437609348673314811941e+00	1.9097976455667719562098743023552175e-05	3.7846014829806812701409746147571787e-03
8.9247255089373297360319815616504609e-04	-1.9504939603800467722533936823644332e+00	1.8726091094266624416141565224395829e-05	3.7475736883497975394851630940720386e-03
9.0988635355826421732932127466569750e-04	-1.9355762041436870728052579818760521e+00	1.8367688451576327799517829741493429e-05	3.7115387427492037032354802977771728e-03
9.2733342608989220541606263800949607e-04	-1.9208006626769637592612549482536064e+00	1.8022100725399547749405378535324327e-05	3.6764577342494777369248180192377857e-03
9.4481122905375350700541164223165619e-04	-1.9061635948410174956198074126483993e+00	1.7688702007372704981143630645040905e-05	3.6422937938709567621266790515927323e-03
9.6231726600280668063317652669909234e-04	-1.8916614030976911320236421648796835e+00	1.7366905124741608026540987030876234e-05	3.6090119624767282093987320271671041e-03
9.7984908232912272154689725867716805e-04	-1.8772906261199670393252275836635265e+00	1.7056158759005730709511217646900423e-05	3.5765790679836080011468544712061442e-03
9.9740426416153108198567047674159494e-04	-1.8630479318743989663525329969353671e+00	1.6755944813858340485517455699170289e-05	3.5449636119672575085392521910661606e-03
1.0149804373071803779605599905468048e-03	-1.8489301111396598035877161724909173e+00	1.6465776007915304466563757203526924e-05	3.5141356648311272124920931572215998e-03
1.0325752662347312788165727465323573e-03	-1.8349340714284777316942497281347841e+00	1.6185193670415545111899423907766343e-05	3.4840667687919140025818186436823624e-03
1.0501864530970452997898652540111489e-03	-1.8210568312830713068915132265157546e+00	1.5913765720440941270633733253376380e-05	3.4547298480079850865964693595595906e-03
1.0678117367913683573296203228392563e-03	-1.8072955149167536943186093897121803e+00	1.5651084812285851378678819025437612e-05	3.4260991252428832007262123773042166e-03
1.0854488920551329694673298436964940e-03	-1.7936473471766879073212068177626964e+00	1.5396766631443146862183266324455412e-05	3.3981500445145637755989759467735584e-03
1.1030957285956187610808031279606794e-03	-1.7801096488048652981780656944944598e+00	1.5150448327296284431986782049081603e-05	3.3708591992332749479954023720010901e-03
1.1207500902518182537862265586522156e-03	-1.7666798319762722548685216454593795e+00	1.4911787070042722543865125153822007e-05	3.3442042653777155040894806013023398e-03
1.1384098541869544940121469655710385e-03	-1.7533553960949259067098512743792250e+00	1.4680458720646368907664047041897407e-05	3.3181639393009388120089520203628112e-03
1.1560729301101895445997500156542076e-03	-1.7401339238300170359947636601683817e+00	1.4456156603746015060218412957532129e-05	3.2927178797949756197318959010180061e-03
1.1737372595261488186241419509703061e-03	-1.7270130773758136332171930800718108e+00	1.4238590374450430963350121243039798e-05	3.2678466540768177699206237906723285e-03
1.1914008150109661984916213981020054e-03	-1.7139905949202660758447000496523251e+00	1.4027484970844187594508013306591395e-05	3.2435316873886699127012308466757235e-03
1.2090615995136293396318836200710839e-03	-1.7010642873084275935134960023306298e+00	1.3822579644824580661836176229531585e-05	3.2197552159326158230643541118012345e-03
1.2267176456814739435601556732233303e-03	-1.6882320348878729244888321188476353e+00	1.3623627064600759306650599387426928e-05	3.1965002428843927303519596591208627e-03
1.2443670152087404978121030900032275e-03	-1.6754917845242740386919450700016385e+00	1.3430392482821357827807125974234156e-05	3.1737504972531140576064267387340513e-03
1.2620077982071673830345560478319103e-03	-1.6628415467761835707477418033327793e+00	1.3242652964865350009961663738091338e-05	3.1514903953737863559563817827687317e-03
1.2796381125976506713104966462812845e-03	-1.6502793932188922709855101424146704e+00	1.3060196672340158213631998619427230e-05	3.1297050048375579463936865542333661e-03
1.2972561035220536868564952102395903e-03	-1.6378034539079735843463555304397266e+00	1.2882822197287964744548517108580372e-05	3.1083800106810163582603531193734409e-03
1.3148599427742987468617262509512551e-03	-1.6254119149738128894279601947811990e+00	1.2710337943011578043423102925822973e-05	3.0875016836706974694698563995074900e-03
1.3324478282499196992817329256306002e-03	-1.6131030163390467832147350443321585e+00	1.2542561547800271855138955293780627e-05	3.0670568505324394423597617068078983e-03
1.3500179834132971574515499187299560e-03	-1.6008750495514142961575252562924060e+00	1.2379319348168290294028636535010246e-05	3.0470328659874494761985891698119549e-03
1.3675686567818389107753849791206432e-03	-1.5887263557250517525471961714866379e+00	1.2220445878518202287301747528671851e-05	3.0274175864680758164739809438111236e-03
1.3850981214264060613397324015478519e-03	-1.5766553235837503671263205132624654e+00	1.2065783404411529426583701282613690e-05	3.0081993453964023912520751223601392e-03
1.4026046744873211770629953602816694e-03	-1.5646603876001443859239343890275026e+00	1.1915181486873183364038620566995989e-05	2.9893669299180078051237756000892392e-03
1.4200866367053283274803954880503025e-03	-1.5527400262252110589340162657626309e+00	1.1768496575376993315768961788045183e-05	2.9709095589916424562236017510510861e-03
1.4375423519669064298710120038429894e-03	-1.5408927602028450624122024932083211e+00	1.1625591627359425767187690120124855e-05	2.9528168627432560672826866614748401e-03
1.4549701868633670205953298711745054e-03	-1.5291171509646219590056537828316375e+00	1.1486335752289664809711004222700630e-05	2.9350788629998234139001968990825301e-03
1.4723685302631955077401332568670136e-03	-1.5174117991001904176682062374732648e+00	1.1350603878488457055037181819740197e-05	2.9176859549248315831575457145865241e-03
1.4897357928971212750107377121437724e-03	-1.5057753428990334964203783950853092e+00	1.1218276441037240207794135804941356e-05	2.9006288896831642460550127113380483e-03
1.5070704069554268027112051335618255e-03	-1.4942064569596173893109294171700989e+00	1.1089239089254591203600026690089908e-05	2.8838987580684979075695735830235318e-03
1.5243708256970293507280342278759330e-03	-1.4827038508622035319138732419967000e+00	1.0963382412340304363636086774334890e-05	2.8674869750312574713029718119907348e-03
1.5416355230698908041780668518090784e-03	-1.4712662679018385520112931507467804e+00	1.0840601681899651744122506497890301e-05	2.8513852650497046871964729616293048e-03
1.5588629933423321013124835550984650e-03	-1.4598924838782577929552161862198518e+00	1.0720796610162666716831176722797867e-05	2.8355856482908900106028835767786600e-03
1.5760517507448483255012295945131762e-03	-1.4485813059396434357594077788606467e+00	1.0603871122806593157458448061116431e-05	2.8200804275120193066036273250067225e-03
1.5932003291220391228989465229619639e-03	-1.4373315714773688852400359104774611e+00	1.0489733145374820284910275309971446e-05	2.8048621756563016413565479636579231e-03
1.6103072815942866735645576402653350e-03	-1.4261421470690382346393072509073596e+00	1.0378294402363451006090443908450247e-05	2.7899237241005801544541791428581947e-03
1.6273711802288300602658203405110008e-03	-1.4150119274672943484344509292254324e+00	1.0269470228117823471435758663053886e-05	2.7752581515150291371229839821833446e-03
1.6443906157199006052824827550696188e-03	-1.4039398346320223778038554583890150e+00	1.0163179388746444289679156236687324e-05	2.7608587732979490494872722448917709e-03
1.6613641970775976363660660440254814e-03	-1.3929248168037182367293312706046477e+00	1.0059343914319457128251080566093669e-05	2.7467191315512273010995259209144251e-03
1.6782905513251982498942457243309315e-03	-1.3819658476159245320187144955575843e+00	9.9578889406734655751148377287708199e-06	2.7328329855643743184617314206456969e-03
1.6951683232046080098835091027594896e-03	-1.3710619252447604016452256616379735e+00	9.8587425601947072889245705185305544e-06	2.7191943027772081692909235910984931e-03
1.7119961748896722003181531399706344e-03	-1.3602120715936873540798900113825204e+00	9.7618356809986459329780941755081906e-06	2.7057972501932617259730254772690236e-03
1.7287727857070792766049570544084713e-03	-1.3494153315117611412139160799519541e+00	9.6671018939663764482491390960174383e-06	2.6926361862178375841007489514668845e-03
1.7454968518645995784556387484735350e-03	-1.3386707720437205118013599616715354e+00	9.5744773471371603321007029760059265e-06	2.6797056528963500296793195410629801e-03
1.7621670861864132071262921202066557e-03	-1.3279774817103579068447144118351104e+00	9.4839006269922211496226326022367208e-06	2.6670003685301814843580506384079895e-03
1.7787822178552912682995436105043889e-03	-1.3173345698177052559341902772771750e+00	9.3953126461979081789777857737501637e-06	2.6545152206487532643355671056898644e-03
1.7953409921614044693567585651219551e-03	-1.3067411657936504581706789898593041e+00	9.3086565374067237733934739640953573e-06	2.6422452593178764732582811151711596e-03
1.8118421702575423656738744124224818e-03	-1.2961964185506772913269821944051759e+00	9.2238775527427304645093410273258747e-06	2.6301856907657169025723302173413270e-03
1.8282845289205354022992187701517942e-03	-1.2856994958734937642570454578657926e+00	9.1409229686237089955705317296500169e-06	2.6183318713088856845339772710932848e-03
1.8446668603186803205813149927575121e-03	-1.2752495838303816565416082422978140e+00	9.0597419955963116172185624959251317e-06	2.6066793015622622134779309316988965e-03
1.8609879717849775180150951275346402e-03	-1.2648458862071634951736349723535862e+00	8.9802856928825125259704408132414466e-06	2.5952236209171739927093633716853653e-03
1.8772466855959965862486789986497289e-03	-1.2544876239627427951845347429543254e+00	8.9025068873560505288722911886863716e-06	2.5839606022735054993645700916925217e-03
1.8934418387561935279069776251442816e-03	-1.2441740347052293112722481768284129e+00	8.8263600966864254505898514815648431e-06	2.5728861470121903095360616538145213e-03
1.9095722827875100873938079799729524e-03	-1.2339043721877135617346321236403480e+00	8.7518014564054746882598571006418375e-06	2.5619962801953625583163532392037361e-03
1.9256368835240922426576014369890407e-03	-1.2236779058228042263291490918629027e+00	8.6787886506677337393541343059227982e-06	2.5512871459822098785481595164913816e-03
1.9416345209119712114341474886680842e-03	-1.2134939202150884006149095829501173e+00	8.6072808464907784712709359000260410e-06	2.5407550032492844464993808157813089e-03
1.9575640888135563430387293134114015e-03	-1.2033517147107183094118623412436443e+00	8.5372386312756522395006809988451231e-06	2.5303962214046954987004556953588228e-03
1.9734244948167950107059794549684384e-03	-1.1932506029633691250514844227038987e+00	8.4686239534203843060100330393723826e-06	2.5202072763862291962285736403731415e-03
1.9892146600488601041831058730045867e-03	-1.1831899125158511723929443757430147e+00	8.4014000658515864888608366467152371e-06	2.5101847468340232408619262537482787e-03
2.0049335189942309613247951566495115e-03	-1.1731689843966961900065102175752629e+00	8.3355314723102449290042483983188152e-06	2.5003253104289671723178448728637223e-03
2.0205800193170385835670834320815847e-03	-1.1631871727310716019109305802934971e+00	8.2709838762381694722836780828926626e-06	2.4906257403885075408178983029249140e-03
2.0361531216875507653739052965914917e-03	-1.1532438443654090726896778268463729e+00	8.2077241321211850216126883954610695e-06	2.4810829021120126815284792157019916e-03
2.0516517996126773433543472374887334e-03	-1.1433383785051640968937861969164001e+00	8.1457201991541028195881932771708753e-06	2.4716937499682969460256987664778190e-03
2.0670750392703801473863270971785225e-03	-1.1334701663651521286112011742735239e+00	8.0849410971008458548515985571335725e-06	2.4624553242183211186510942457871233e-03
2.0824218393478764237863887215687578e-03	-1.1236386108319338979355011587857474e+00	8.0253568642308681170132568153220534e-06	2.4533647480664763443706706037871852e-03
2.0976912108835285087952088363639204e-03	-1.1138431261377481891740416331243990e+00	7.9669385172202450923274763340550890e-06	2.4444192248342250494198718343350398e-03
2.1128821771123163683272779479339703e-03	-1.1040831375455145653348138992446702e+00	7.9096580129125620392338888680563808e-06	2.4356160352502157371350205419153125e-03
2.1279937733147932954814047090062552e-03	-1.0943580810444514025587462227624089e+00	7.8534882118410233666335586691360748e-06	2.4269525348513107516005560905101557e-03
2.1430250466694285786755445015853518e-03	-1.0846674030558762285443316098566680e+00	7.7984028434190841075325883537308267e-06	2.4184261514892685663706098003019143e-03
2.1579750561082443279627142683125256e-03	-1.0750105601487758169072510742041308e+00	7.7443764727123936298520989818822008e-06	2.4100343829381062120303885253401999e-03
2.1728428721756568821979813654064233e-03	-1.0653870187647528459438259132971307e+00	7.6913844687099705211869631339844909e-06	2.4017747945974343431350161474949487e-03
2.1876275768904363219645943186596242e-03	-1.0557962549519742517703982139182483e+00	7.6394029740173219722285525709876590e-06	2.3936450172873083093611646185658334e-03
2.2023282636107005888702750871395232e-03	-1.0462377541077637542194775027947333e+00	7.5884088758987048809360575910168119e-06	2.3856427451303745009364456690408142e-03
2.2169440369018635669898458851704614e-03	-1.0367110107294974670195902139382038e+00	7.5383797785999213636386983905291872e-06	2.3777657335173131707740017709397000e-03
2.2314740124074592225330593215285686e-03	-1.0272155281734770757010595617067360e+00	7.4892939768869687441057532427439529e-06	2.3700117971517878103108423998569753e-03
2.2459173167227665286294082021652886e-03	-1.0177508184214698278593640685734970e+00	7.4411304307395421899078416436917042e-06	2.3623788081713078223436968756297424e-03
2.2602730872711624285328495825659499e-03	-1.0083164018546185781011748784786825e+00	7.3938687411418343376668964346862573e-06	2.3548646943405964812264108885372443e-03
2.2745404721831325173790484403736610e-03	-9.9891180703443840838286624481199147e-01	7.3474891269163065412546129641705293e-06	2.3474674373142307318936756320166246e-03
2.2887186301778714544441677290803802e-03	-9.8953657049062894488621261126905574e-01	7.3019724025491356288772855504094742e-06	2.3401850709654839360479168738306955e-03
2.3028067304474073589883485091315794e-03	-9.8019023651544345378994341381868580e-01	7.2572999569588819965068538312251979e-06	2.3330156797784578606424844536415835e-03
2.3168039525431865973262690197268671e-03	-9.7087235696436715657047878470716927e-01	7.2134537331625922069581868578238424e-06	2.3259573973007366106845404938173458e-03
2.3307094862650574406483633359067490e-03	-9.6158249106286799480420538966017860e-01	7.1704162087960537789015416692941451e-06	2.3190084046539333848619048980412804e-03
2.3445225315525930660176995808859787e-03	-9.5232020521899332672929360265080180e-01	7.1281703774472724479097797326345593e-06	2.3121669290996313904351166173187393e-03
2.3582422983786962904002208840419243e-03	-9.4308507284159578296288974155870496e-01	7.0866997307644529770957966280628920e-06	2.3054312426583434702603017575192893e-03
2.3718680066454302728844728810068799e-03	-9.3387667416398077482258732856042061e-01	7.0459882413018429704807628205500032e-06	2.2987996607792314144897694085976302e-03
2.3853988860820211965788295968385847e-03	-9.2469459607277696201412495544810126e-01	7.0060203460687538053301109012842826e-06	2.2922705410584359673117818932500038e-03
2.3988341761449806520499740018832134e-03	-9.1553843194183937176183484809272436e-01	6.9667809307489118350205585746497245e-06	2.2858422820039725822021643255404174e-03
2.4121731259202970914477654149659801e-03	-9.0640778147100284201962069816648968e-01	6.9282553145590239316833986931810714e-06	2.2795133218452463890284545462541105e-03
2.4254149940276473093700051022437013e-03	-8.9730225052951105905595059815656580e-01	6.8904292357170712175282171761332357e-06	2.2732821373853329505812390603668318e-03
2.4385590485265804356446728674016545e-03	-8.8822145100395369499884355269911764e-01	6.8532888374923799649643685261005701e-06	2.2671472428942595201737083183955306e-03
2.4516045668246283990101804861741636e-03	-8.7916500065055104317835907962982729e-01	6.8168206548109651650877465911024991e-06	2.2611071890416049607498665134920634e-03
2.4645508355872982415006592559237894e-03	-8.7013252295163211649614512506316255e-01	6.7810116013910057897043444382947738e-06	2.2551605618668155252644652477320065e-03
2.4773971506499030334256124979984025e-03	-8.6112364697615843369856586794878412e-01	6.7458489573845965343396496024806142e-06	2.2493059817857085859680386574545482e-03
2.4901428169311894602975392464659262e-03	-8.5213800724415168644768945520382176e-01	6.7113203575031337006051870630883742e-06	2.2435421026317073781496806941501758e-03
2.5027871483487214279329310087599296e-03	-8.4317524359488917165405935484710326e-01	6.6774137796048373958261455064715607e-06	2.2378676107304171179854822510916485e-03
2.5153294677359802621616864548428700e-03	-8.3423500105873630296235215287937448e-01	6.6441175337239926283720802906755172e-06	2.2322812240062166762275030836781832e-03
2.5277691067611432669675932141496303e-03	-8.2531692973249069605119236971057089e-01	6.6114202515225121060059786429419519e-06	2.2267816911196005380346991450878324e-03
2.5401054058475035512027193343332426e-03	-8.1642068465811726723826652637566796e-01	6.5793108761453872847783224222142477e-06	2.2213677906340632403642729028340487e-03
2.5523377140954951409449343549030180e-03	-8.0754592570475850576738457703601889e-01	6.5477786524625049053374277940144476e-06	2.2160383302113730265070565098506571e-03
2.5644653892062884636971013865151380e-03	-7.9869231745390858841512621856812477e-01	6.5168131176801671022282978615501489e-06	2.2107921458341332562699363896906949e-03
2.5764877974069223234826301356117765e-03	-7.8985952908764431137664296314753756e-01	6.4864040923064671787345946749087612e-06	2.2056281010545793136216555615039716e-03
2.5884043133769394839297958510699014e-03	-7.8104723427980992886303517587981452e-01	6.4565416714554431077346672270521888e-06	2.2005450862686055055712192610494814e-03
2.6002143201764939410456288189708463e-03	-7.7225511109005691999727600584077562e-01	6.4272162164756593681515941110946536e-06	2.1955420180140608821161977665129042e-03
2.6119172091758988998860848345333098e-03	-7.6348284186064346443742208241014063e-01	6.3984183468895573075693615044418455e-06	2.1906178382923951545664111859654293e-03
2.6235123799865853710002830429405060e-03	-7.5473011311590200119673554636064678e-01	6.3701389326305671274424082366340629e-06	2.1857715139127760680491484369166405e-03
2.6349992403934421745743149082920607e-03	-7.4599661546428668241823026666535850e-01	6.3423690865655929642807417551239904e-06	2.1810020358578378060149603608333399e-03
2.6463772062885089837825664175643530e-03	-7.3728204350291582200758535146777903e-01	6.3151001572910683978908200280953919e-06	2.1763084186702563758800731884804739e-03
2.6576457016059948550789901646603338e-03	-7.2858609572452758523440466515062231e-01	6.2883237221913349386385898688835109e-06	2.1716896998593825450988568311557828e-03
2.6688041582585954830864082986587865e-03	-7.1990847442677017649223616553710868e-01	6.2620315807486223937248120141012208e-06	2.1671449393271958596402814617589386e-03
2.6798520160750831823819403395302606e-03	-7.1124888562375066481377846710295546e-01	6.2362157480944091411407408857125390e-06	2.1626732188128746702493385756817263e-03
2.6907887227391443388006147694236966e-03	-7.0260703895976934657806748657212152e-01	6.2108684487924137998626179870412831e-06	2.1582736413553069990805739516639469e-03
2.7016137337294397898152064380180334e-03	-6.9398264762516918790738539226064731e-01	6.1859821108439190304774874097737403e-06	2.1539453307728955785624780982109701e-03
2.7123265122608642879868982871957436e-03	-6.8537542827423242101546914916898050e-01	6.1615493599065545967452299210906096e-06	2.1496874311600375594509489744121938e-03
2.7229265292269818742694386766606656e-03	-6.7678510094505879443113126890496156e-01	6.1375630137180716468989451539750850e-06	2.1454991063996852854978919851024731e-03
2.7334132631436146399041842659327128e-03	-6.6821138898136230150832221928925011e-01	6.1140160767170246369878793323739671e-06	2.1413795396914192335787296243703205e-03
2.7437862000935629875458034090370160e-03	-6.5965401895612543961584859528001780e-01	6.0909017348526425475550172095101464e-06	2.1373279330944877823578566776672983e-03
2.7540448336724361148569927689787923e-03	-6.5111272059705218830789535936940256e-01	6.0682133505765181015406528484866254e-06	2.1333435070852909580067014732361770e-03
2.7641886649355720378228939603237463e-03	-6.4258722671376294281376732409250759e-01	6.0459444580090735739302742247010491e-06	2.1294255001288067672366320360213206e-03
2.7742172023460270471500402675214188e-03	-6.3407727312667660334122882078806117e-01	6.0240887582740754311630080508011162e-06	2.1255731682634792180084226595416791e-03
2.7841299617236150499905351682477032e-03	-6.2558259859752690474953478324356240e-01	6.0026401149947683338025985249126025e-06	2.1217857846991066958861142874713063e-03
2.7939264661949777915028572046670140e-03	-6.1710294476146187871164142411062300e-01	5.9815925499454828104179512952728001e-06	2.1180626394272880555596569064462317e-03
2.8036062461446674770337061354087531e-03	-6.0863805606067707496548019405360507e-01	5.9609402388528409461846297387216459e-06	2.1144030388440016464634801569727035e-03
2.8131688391672238265637510556967795e-03	-6.0018767967953483289616738225876698e-01	5.9406775073409414628559508858613946e-06	2.1108063053839095601672089633519727e-03
2.8226137900202280890638197299477953e-03	-5.9175156548112349257776222093129123e-01	5.9207988270151502911030074655231565e-06	2.1072717771659957045571367303915731e-03
2.8319406505783170260945591311596825e-03	-5.8332946594521196846514515973212446e-01	5.9012988116793558053112765887349800e-06	2.1037988076501619128901311166374615e-03
2.8411489797881403418682608604359600e-03	-5.7492113610755658194976459866613506e-01	5.8821722136817699206700384882927237e-06	2.1003867653044212197179670867557394e-03
2.8502383436242454915724831912069980e-03	-5.6652633350051846362666906655163421e-01	5.8634139203845678234661117357512367e-06	2.0970350332823417137044946834459985e-03
2.8592083150458742415080682408402233e-03	-5.5814481809495119488424028920524559e-01	5.8450189507528607654945151533277028e-06	2.0937430091104080409772483589570620e-03
2.8680584739546557839774227400808743e-03	-5.4977635224331966371963612883478772e-01	5.8269824520586886190003278858594242e-06	2.0905101043849807116903714295739790e-03
2.8767884071531816273131239065864169e-03	-5.4142070062401236378330028438794031e-01	5.8092996966959022470263403095887498e-06	2.0873357444785458851792413525095234e-03
2.8853977083044478873857783239799073e-03	-5.3307763018681057073614442413830078e-01	5.7919660791019806555835557627613176e-06	2.0842193682549603022323371260729149e-03
2.8938859778921510017812294382888365e-03	-5.2474691009947898813003508667189978e-01	5.7749771127829947931402551071952545e-06	2.0811604277934075219720420561901086e-03
2.9022528231818232719828953180622643e-03	-5.1642831169544356816404469636289587e-01	5.7583284274380891598812832532610999e-06	2.0781583881207926296880499708225820e-03
2.9104978581827950127127061938203120e-03	-5.0812160842252328269982806214399325e-01	5.7420157661800044717060989633661784e-06	2.0752127269523131335297891257049870e-03
2.9186207036109704514371963169100921e-03	-4.9982657579268364862480703315722643e-01	5.7260349828483098583995375912358101e-06	2.0723229344399538838929643365501310e-03
2.9266209868524048752837088447749931e-03	-4.9154299133278080073254607149055012e-01	5.7103820394121518081886050244512566e-06	2.0694885129286635501811807584335392e-03
2.9344983419276708675724304310443805e-03	-4.8327063453626585636664540445290621e-01	5.6950530034594596295276177510067913e-06	2.0667089767199794948958299907637422e-03
2.9422524094570018121777899750551216e-03	-4.7500928681582023069248705237566405e-01	5.6800440457696738952550072069379617e-06	2.0639838518428768132312682547516233e-03
2.9498828366262011713005436488589802e-03	-4.6675873145689344109284395541595078e-01	5.6653514379671854573929502147747007e-06	2.0613126758316258751238578445709882e-03
2.9573892771533063612612482022247944e-03	-4.5851875357211578523269848115333971e-01	5.6509715502527884502827781954138277e-06	2.0586949975104509327409530963402189e-03
2.9647713912559963619076160885808918e-03	-4.5028914005655909114441496473610135e-01	5.6369008492105614981625857992708132e-06	2.0561303767847902555882726335335685e-03
2.9720288456197324984429284588764792e-03	-4.4206967954381952052350442714820316e-01	5.6231358956876973594879794295706895e-06	2.0536183844389658428663401314287369e-03
2.9791613133666221302008364743679038e-03	-4.3386016236289715951552120825018133e-01	5.6096733427449027099610348022516411e-06	2.0511586019400780527828483615357956e-03
2.9861684740249952693746121405074099e-03	-4.2566038049584785577801617148601605e-01	5.5965099336750869127116327026874913e-06	2.0487506212479474948913573280268241e-03
2.9930500134996844342082478990376087e-03	-4.1747012753618345762650221409707946e-01	5.5836425000881516590826087577845024e-06	2.0463940446309332671785641496595659e-03
2.9998056240429983159160920076897995e-03	-4.0928919864799728167789311442959076e-01	5.5710679600597824877541300519768903e-06	2.0440884844874630969366457776959993e-03
3.0064350042263801068519663181199979e-03	-4.0111739052579228059838800726138393e-01	5.5587833163422285939141630731479229e-06	2.0418335631731171752151064916338372e-03
3.0129378589127415994249978748219512e-03	-3.9295450135499000330883362123707665e-01	5.5467856546351392045027056055297157e-06	2.0396289128331134700683144798084803e-03
3.0193138992294644211771271492570260e-03	-3.8480033077309903721894178232571615e-01	5.5350721419146032916940238610408680e-06	2.0374741752400480745896128139167739e-03
3.0255628425420600215085448589297863e-03	-3.7665467983152219663036852794569355e-01	5.5236400248186146875246156381174588e-06	2.0353690016367497020369929496510009e-03
3.0316844124284802699672652328871785e-03	-3.6851735095798227420578893082878327e-01	5.5124866280872569025301028986049684e-06	2.0333130525841127919193636287840405e-03
3.0376783386540707650060680576029433e-03	-3.6038814791954670414701382507879188e-01	5.5016093530559712873009500570545562e-06	2.0313059978137788469863281290802613e-03
3.0435443571471591858461117793868049e-03	-3.5226687578623199722400073002309860e-01	5.4910056762003387475911484117590871e-06	2.0293475160855405904812082685640543e-03
3.0492822099752712487574578658071524e-03	-3.4415334089516929977790677760254102e-01	5.4806731477308691637168840401370034e-06	2.0274372950493483242056969567023156e-03
3.0548916453219670528524798379968794e-03	-3.3604735081531290198177129629587076e-01	5.4706093902363540996633578872438643e-06	2.0255750311118024889509257628366689e-03
3.0603724174642908195629393970755541e-03	-3.2794871431267397564720528162574576e-01	5.4608120973743974366371027911037395e-06	2.0237604293070208873570599784692841e-03
3.0657242867508272445042688435056260e-03	-3.1985724131606225934977270614779185e-01	5.4512790326077953440188924102314842e-06	2.0219932031717733326112112310268689e-03
3.0709470195803578905849954481307433e-03	-3.1177274288331882921604435725317207e-01	5.4420080279854916165711653966180468e-06	2.0202730746247806415952143397857510e-03
3.0760403883811112571540107406249285e-03	-3.0369503116802349795062823187138371e-01	5.4329969829668869639411049442317806e-06	2.0185997738500789048557376663472256e-03
3.0810041715906003618475067500919601e-03	-2.9562391938666077313464264710456574e-01	5.4242438632883314356939370328392386e-06	2.0169730391843538445018861155101427e-03
3.0858381536360418697503048980180716e-03	-2.8755922178622867902582089309823820e-01	5.4157466998706778964085940304910420e-06	2.0153926170081538209753314833493912e-03
3.0905421249153509986680704955088857e-03	-2.7950075361227510453843116065383254e-01	5.4075035877668214205022850262492128e-06	2.0138582616408936764578016612319812e-03
3.0951158817787066198584484759833044e-03	-2.7144833107734668425918719213594695e-01	5.3995126851481947410295064549469969e-06	2.0123697352395651121042776069842569e-03
3.0995592265106811606273983225877424e-03	-2.6340177132983554972202043836530403e-01	5.3917722123292335424347320238497655e-06	2.0109268077010726937053851131601143e-03
3.1038719673129300988950574439005166e-03	-2.5536089242320960515759107355675579e-01	5.3842804508288675121536624527567221e-06	2.0095292565681178709535982270470610e-03
3.1080539182874360203027831665934802e-03	-2.4732551328561228597011181405327092e-01	5.3770357424681337346029558503694122e-06	2.0081768669385565841675771931117018e-03
3.1121048994203023857955861298912001e-03	-2.3929545368981804967241965436777244e-01	5.3700364885030482947327141878928530e-06	2.0068694313781591238691964568672015e-03
3.1160247365660923319946099328971594e-03	-2.3127053422353012830960779015730790e-01	5.3632811487919099250940102121851707e-06	2.0056067498367039075704914231514194e-03
3.1198132614327079981920855103482063e-03	-2.2325057626000733888339119354069284e-01	5.3567682409962462455165338709333803e-06	2.0043886295673397488948188343172549e-03
3.1234703115668060425727037803904485e-03	-2.1523540192900700429800969640907983e-01	5.3504963398146486704503017141888461e-06	2.0032148850491540209395604035163696e-03
3.1269957303397451764041126942720798e-03	-2.0722483408803128221163734519693929e-01	5.3444640762487764556366576091405938e-06	2.0020853379128868626370239934394984e-03
3.1303893669340617085559908489163516e-03	-1.9921869629386443320683916161102156e-01	5.3386701369008436804059124205715965e-06	2.0009998168697342476835667734386062e-03
3.1336510763304692539099742339162963e-03	-1.9121681277438878318617037306588100e-01	5.3331132633019352695919740643622890e-06	1.9999581576431853341378509371463101e-03
3.1367807192953789181171943019616751e-03	-1.8321900840066734813638509020472056e-01	5.3277922512705295026525091737991417e-06	1.9989602029038420426546273599016531e-03
3.1397781623689364278495079321860883e-03	-1.7522510865928129265454038741698702e-01	5.3227059503006348878612036876143824e-06	1.9980058022071712760087578290400383e-03
3.1426432778535728302755682865750903e-03	-1.6723493962491058714547038141074306e-01	5.3178532629789788452215418555259129e-06	1.9970948119341425954419120203271455e-03
3.1453759438030655380724404328383929e-03	-1.5924832793314641262335202268361325e-01	5.3132331444307143900288059069059390e-06	1.9962270952347065136833205187717857e-03
3.1479760440121066469541923642814719e-03	-1.5126510075352403680829074673363661e-01	5.3088446017931389850418566887850373e-06	1.9954025219740708533997523764903192e-03
3.1504434680063756015555278808614302e-03	-1.4328508576276505091755273770568193e-01	5.3046866937169469766592973683969957e-06	1.9946209686817348563602552729043532e-03
3.1527781110331134326439652937260267e-03	-1.3530811111821801341382155895507084e-01	5.3007585298945635914431685649938929e-06	1.9938823185032429157040496709851399e-03
3.1549798740521959341394538221212652e-03	-1.2733400543148669518161953902526546e-01	5.2970592706151343844862910306566648e-06	1.9931864611546219442311665412855643e-03
3.1570486637277032923851608133502116e-03	-1.1936259774223526033851574164355031e-01	5.2935881263457693398280871904296041e-06	1.9925332928794684883663520753922662e-03
3.1589843924199838226254101785558772e-03	-1.1139371749215984831972478268976292e-01	5.2903443573386655634889301159762396e-06	1.9919227164086537530697094507081880e-03
3.1607869781782096087929011448634172e-03	-1.0342719449911614616234744276723698e-01	5.2873272732637567186484621148173790e-06	1.9913546409226167201008281495478696e-03
3.1624563447334219825725156839514849e-03	-9.5462858931392655207645087551705580e-02	5.2845362328665610658857022060942517e-06	1.9908289820162175232361029101247985e-03
3.1639924214920649163770843213617953e-03	-8.7500541282119463875138606003255655e-02	5.2819706436509232240652368561648381e-06	1.9903456616661251917767212060541240e-03
3.1653951435300045424240842340143463e-03	-7.9540072343802437869922678042696228e-02	5.2796299615863675932961470841687657e-06	1.9899046082007157903930122058565568e-03
3.1666644515870331466229456221639281e-03	-7.1581283182972831283741088573320203e-02	5.2775136908398038134467945973892861e-06	1.9895057562724588714000651705865643e-03
3.1678002920618561215509748779970064e-03	-6.3624005114942406651052963949637194e-02	5.2756213835313467022132241517600507e-06	1.9891490468327720172696148446744567e-03
3.1688026170075604974914579872077035e-03	-5.5668069678654229224322960476177940e-02	5.2739526395140348572288199931195717e-06	1.9888344271093250888275728638702543e-03
3.1696713841275638044090165066939656e-03	-4.7713308611619370629873150072249228e-02	5.2725071061772535480232953235897020e-06	1.9885618505857776103963384749469375e-03
3.1704065567720421509227017271733182e-03	-3.9759553824929819739777289654932230e-02	5.2712844782736886960470396879577883e-06	1.9883312769839345193089101983045043e-03
3.1710081039348365388838772559339309e-03	-3.1806637378337954120695480506559549e-02	5.2702844977696596741926403480001767e-06	1.9881426722483072859062074881372762e-03
3.1714760002508365641502767087308089e-03	-2.3854391455392973862904433208175102e-02	5.2695069537186993805130732821511672e-06	1.9879960085330691734577066562799812e-03
3.1718102259938407856458013033224382e-03	-1.5902648338624741009285185524099891e-02	5.2689516821582705829823884420090084e-06	1.9878912641913951575195166162108248e-03
3.1720107670748931758832361462400952e-03	-7.9512403847655022435394620253407318e-03	5.2686185660295279216370568855804807e-06	1.9878284237671787631412964061871227e-03
3.1720776150410951968793069266897039e-03	0.0000000000000000000000000000000000e+00	5.2685075351200552194393873306803066e-06	1.9878074779891198081124331803314620e-03
3.1720107670748931758832361462400952e-03	7.9512403847655022435394620253407318e-03	5.2686185660295279216370568855804807e-06	1.9878284237671787631412964061871227e-03
3.1718102259938407856458013033224382e-03	1.5902648338624741009285185524099891e-02	5.2689516821582705829823884420090084e-06	1.9878912641913951575195166162108248e-03
3.1714760002508365641502767087308089e-03	2.3854391455392973862904433208175102e-02	5.2695069537186993805130732821511672e-06	1.9879960085330691734577066562799812e-03
3.1710081039348365388838772559339309e-03	3.1806637378337954120695480506559549e-02	5.2702844977696596741926403480001767e-06	1.9881426722483072859062074881372762e-03
3.1704065567720421509227017271733182e-03	3.9759553824929819739777289654932230e-02	5.2712844782736886960470396879577883e-06	1.9883312769839345193089101983045043e-03
3.1696713841275638044090165066939656e-03	4.7713308611619370629873150072249228e-02	5.2725071061772535480232953235897020e-06	1.9885618505857776103963384749469375e-03
3.1688026170075604974914579872077035e-03	5.5668069678654229224322960476177940e-02	5.2739526395140348572288199931195717e-06	1.9888344271093250888275728638702543e-03
3.1678002920618561215509748779970064e-03	6.3624005114942406651052963949637194e-02	5.2756213835313467022132241517600507e-06	1.9891490468327720172696148446744567e-03
3.1666644515870331466229456221639281e-03	7.1581283182972831283741088573320203e-02	5.2775136908398038134467945973892861e-06	1.9895057562724588714000651705865643e-03
3.1653951435300045424240842340143463e-03	7.9540072343802437869922678042696228e-02	5.2796299615863675932961470841687657e-06	1.9899046082007157903930122058565568e-03
3.1639924214920649163770843213617953e-03	8.7500541282119463875138606003255655e-02	5.2819706436509232240652368561648381e-06	1.9903456616661251917767212060541240e-03
3.1624563447334219825725156839514849e-03	9.5462858931392655207645087551705580e-02	5.2845362328665610658857022060942517e-06	1.9908289820162175232361029101247985e-03
3.1607869781782096087929011448634172e-03	1.0342719449911614616234744276723698e-01	5.2873272732637567186484621148173790e-06	1.9913546409226167201008281495478696e-03
3.1589843924199838226254101785558772e-03	1.1139371749215984831972478268976292e-01	5.2903443573386655634889301159762396e-06	1.9919227164086537530697094507081880e-03
3.1570486637277032923851608133502116e-03	1.1936259774223526033851574164355031e-01	5.2935881263457693398280871904296041e-06	1.9925332928794684883663520753922662e-03
3.1549798740521959341394538221212652e-03	1.2733400543148669518161953902526546e-01	5.2970592706151343844862910306566648e-06	1.9931864611546219442311665412855643e-03
3.1527781110331134326439652937260267e-03	1.3530811111821801341382155895507084e-01	5.3007585298945635914431685649938929e-06	1.9938823185032429157040496709851399e-03
3.1504434680063756015555278808614302e-03	1.4328508576276505091755273770568193e-01	5.3046866937169469766592973683969957e-06	1.9946209686817348563602552729043532e-03
3.1479760440121066469541923642814719e-03	1.5126510075352403680829074673363661e-01	5.3088446017931389850418566887850373e-06	1.9954025219740708533997523764903192e-03
3.1453759438030655380724404328383929e-03	1.5924832793314641262335202268361325e-01	5.3132331444307143900288059069059390e-06	1.9962270952347065136833205187717857e-03
3.1426432778535728302755682865750903e-03	1.6723493962491058714547038141074306e-01	5.3178532629789788452215418555259129e-06	1.9970948119341425954419120203271455e-03
3.1397781623689364278495079321860883e-03	1.7522510865928129265454038741698702e-01	5.3227059503006348878612036876143824e-06	1.9980058022071712760087578290400383e-03
3.1367807192953789181171943019616751e-03	1.8321900840066734813638509020472056e-01	5.3277922512705295026525091737991417e-06	1.9989602029038420426546273599016531e-03
3.1336510763304692539099742339162963e-03	1.9121681277438878318617037306588100e-01	5.3331132633019352695919740643622890e-06	1.9999581576431853341378509371463101e-03
3.1303893669340617085559908489163516e-03	1.9921869629386443320683916161102156e-01	5.3386701369008436804059124205715965e-06	2.0009998168697342476835667734386062e-03
3.1269957303397451764041126942720798e-03	2.0722483408803128221163734519693929e-01	5.3444640762487764556366576091405938e-06	2.0020853379128868626370239934394984e-03
3.1234703115668060425727037803904485e-03	2.1523540192900700429800969640907983e-01	5.3504963398146486704503017141888461e-06	2.0032148850491540209395604035163696e-03
3.1198132614327079981920855103482063e-03	2.2325057626000733888339119354069284e-01	5.3567682409962462455165338709333803e-06	2.0043886295673397488948188343172549e-03
3.1160247365660923319946099328971594e-03	2.3127053422353012830960779015730790e-01	5.3632811487919099250940102121851707e-06	2.0056067498367039075704914231514194e-03
3.1121048994203023857955861298912001e-03	2.3929545368981804967241965436777244e-01	5.3700364885030482947327141878928530e-06	2.0068694313781591238691964568672015e-03
3.1080539182874360203027831665934802e-03	2.4732551328561228597011181405327092e-01	5.3770357424681337346029558503694122e-06	2.0081768669385565841675771931117018e-03
3.1038719673129300988950574439005166e-03	2.5536089242320960515759107355675579e-01	5.3842804508288675121536624527567221e-06	2.0095292565681178709535982270470610e-03
3.0995592265106811606273983225877424e-03	2.6340177132983554972202043836530403e-01	5.3917722123292335424347320238497655e-06	2.0109268077010726937053851131601143e-03
3.0951158817787066198584484759833044e-03	2.7144833107734668425918719213594695e-01	5.3995126851481947410295064549469969e-06	2.0123697352395651121042776069842569e-03
3.0905421249153509986680704955088857e-03	2.7950075361227510453843116065383254e-01	5.4075035877668214205022850262492128e-06	2.0138582616408936764578016612319812e-03
3.0858381536360418697503048980180716e-03	2.8755922178622867902582089309823820e-01	5.4157466998706778964085940304910420e-06	2.0153926170081538209753314833493912e-03
3.0810041715906003618475067500919601e-03	2.9562391938666077313464264710456574e-01	5.4242438632883314356939370328392386e-06	2.0169730391843538445018861155101427e-03
3.0760403883811112571540107406249285e-03	3.0369503116802349795062823187138371e-01	5.4329969829668869639411049442317806e-06	2.0185997738500789048557376663472256e-03
3.0709470195803578905849954481307433e-03	3.1177274288331882921604435725317207e-01	5.4420080279854916165711653966180468e-06	2.0202730746247806415952143397857510e-03
3.0657242867508272445042688435056260e-03	3.1985724131606225934977270614779185e-01	5.4512790326077953440188924102314842e-06	2.0219932031717733326112112310268689e-03
3.0603724174642908195629393970755541e-03	3.2794871431267397564720528162574576e-01	5.4608120973743974366371027911037395e-06	2.0237604293070208873570599784692841e-03
3.0548916453219670528524798379968794e-03	3.3604735081531290198177129629587076e-01	5.4706093902363540996633578872438643e-06	2.0255750311118024889509257628366689e-03
3.0492822099752712487574578658071524e-03	3.4415334089516929977790677760254102e-01	5.4806731477308691637168840401370034e-06	2.0274372950493483242056969567023156e-03
3.0435443571471591858461117793868049e-03	3.5226687578623199722400073002309860e-01	5.4910056762003387475911484117590871e-06	2.0293475160855405904812082685640543e-03
3.0376783386540707650060680576029433e-03	3.6038814791954670414701382507879188e-01	5.5016093530559712873009500570545562e-06	2.0313059978137788469863281290802613e-03
3.0316844124284802699672652328871785e-03	3.6851735095798227420578893082878327e-01	5.5124866280872569025301028986049684e-06	2.0333130525841127919193636287840405e-03
3.0255628425420600215085448589297863e-03	3.7665467983152219663036852794569355e-01	5.5236400248186146875246156381174588e-06	2.0353690016367497020369929496510009e-03
3.0193138992294644211771271492570260e-03	3.8480033077309903721894178232571615e-01	5.5350721419146032916940238610408680e-06	2.0374741752400480745896128139167739e-03
3.0129378589127415994249978748219512e-03	3.9295450135499000330883362123707665e-01	5.5467856546351392045027056055297157e-06	2.0396289128331134700683144798084803e-03
3.0064350042263801068519663181199979e-03	4.0111739052579228059838800726138393e-01	5.5587833163422285939141630731479229e-06	2.0418335631731171752151064916338372e-03
2.9998056240429983159160920076897995e-03	4.0928919864799728167789311442959076e-01	5.5710679600597824877541300519768903e-06	2.0440884844874630969366457776959993e-03
2.9930500134996844342082478990376087e-03	4.1747012753618345762650221409707946e-01	5.5836425000881516590826087577845024e-06	2.0463940446309332671785641496595659e-03
2.9861684740249952693746121405074099e-03	4.2566038049584785577801617148601605e-01	5.5965099336750869127116327026874913e-06	2.0487506212479474948913573280268241e-03
2.9791613133666221302008364743679038e-03	4.3386016236289715951552120825018133e-01	5.6096733427449027099610348022516411e-06	2.0511586019400780527828483615357956e-03
2.9720288456197324984429284588764792e-03	4.4206967954381952052350442714820316e-01	5.6231358956876973594879794295706895e-06	2.0536183844389658428663401314287369e-03
2.9647713912559963619076160885808918e-03	4.5028914005655909114441496473610135e-01	5.6369008492105614981625857992708132e-06	2.0561303767847902555882726335335685e-03
2.9573892771533063612612482022247944e-03	4.5851875357211578523269848115333971e-01	5.6509715502527884502827781954138277e-06	2.0586949975104509327409530963402189e-03
2.9498828366262011713005436488589802e-03	4.6675873145689344109284395541595078e-01	5.6653514379671854573929502147747007e-06	2.0613126758316258751238578445709882e-03
2.9422524094570018121777899750551216e-03	4.7500928681582023069248705237566405e-01	5.6800440457696738952550072069379617e-06	2.0639838518428768132312682547516233e-03
2.9344983419276708675724304310443805e-03	4.8327063453626585636664540445290621e-01	5.6950530034594596295276177510067913e-06	2.0667089767199794948958299907637422e-03
2.9266209868524048752837088447749931e-03	4.9154299133278080073254607149055012e-01	5.7103820394121518081886050244512566e-06	2.0694885129286635501811807584335392e-03
2.9186207036109704514371963169100921e-03	4.9982657579268364862480703315722643e-01	5.7260349828483098583995375912358101e-06	2.0723229344399538838929643365501310e-03
2.9104978581827950127127061938203120e-03	5.0812160842252328269982806214399325e-01	5.7420157661800044717060989633661784e-06	2.0752127269523131335297891257049870e-03
2.9022528231818232719828953180622643e-03	5.1642831169544356816404469636289587e-01	5.7583284274380891598812832532610999e-06	2.0781583881207926296880499708225820e-03
2.8938859778921510017812294382888365e-03	5.2474691009947898813003508667189978e-01	5.7749771127829947931402551071952545e-06	2.0811604277934075219720420561901086e-03
2.8853977083044478873857783239799073e-03	5.3307763018681057073614442413830078e-01	5.7919660791019806555835557627613176e-06	2.0842193682549603022323371260729149e-03
2.8767884071531816273131239065864169e-03	5.4142070062401236378330028438794031e-01	5.8092996966959022470263403095887498e-06	2.0873357444785458851792413525095234e-03
2.8680584739546557839774227400808743e-03	5.4977635224331966371963612883478772e-01	5.8269824520586886190003278858594242e-06	2.0905101043849807116903714295739790e-03
2.8592083150458742415080682408402233e-03	5.5814481809495119488424028920524559e-01	5.8450189507528607654945151533277028e-06	2.0937430091104080409772483589570620e-03
2.8502383436242454915724831912069980e-03	5.6652633350051846362666906655163421e-01	5.8634139203845678234661117357512367e-06	2.0970350332823417137044946834459985e-03
2.8411489797881403418682608604359600e-03	5.7492113610755658194976459866613506e-01	5.8821722136817699206700384882927237e-06	2.1003867653044212197179670867557394e-03
2.8319406505783170260945591311596825e-03	5.8332946594521196846514515973212446e-01	5.9012988116793558053112765887349800e-06	2.1037988076501619128901311166374615e-03
2.8226137900202280890638197299477953e-03	5.9175156548112349257776222093129123e-01	5.9207988270151502911030074655231565e-06	2.1072717771659957045571367303915731e-03
2.8131688391672238265637510556967795e-03	6.0018767967953483289616738225876698e-01	5.9406775073409414628559508858613946e-06	2.1108063053839095601672089633519727e-03
2.8036062461446674770337061354087531e-03	6.0863805606067707496548019405360507e-01	5.9609402388528409461846297387216459e-06	2.1144030388440016464634801569727035e-03
2.7939264661949777915028572046670140e-03	6.1710294476146187871164142411062300e-01	5.9815925499454828104179512952728001e-06	2.1180626394272880555596569064462317e-03
2.7841299617236150499905351682477032e-03	6.2558259859752690474953478324356240e-01	6.0026401149947683338025985249126025e-06	2.1217857846991066958861142874713063e-03
2.7742172023460270471500402675214188e-03	6.3407727312667660334122882078806117e-01	6.0240887582740754311630080508011162e-06	2.1255731682634792180084226595416791e-03
2.7641886649355720378228939603237463e-03	6.4258722671376294281376732409250759e-01	6.0459444580090735739302742247010491e-06	2.1294255001288067672366320360213206e-03
2.7540448336724361148569927689787923e-03	6.5111272059705218830789535936940256e-01	6.0682133505765181015406528484866254e-06	2.1333435070852909580067014732361770e-03
2.7437862000935629875458034090370160e-03	6.5965401895612543961584859528001780e-01	6.0909017348526425475550172095101464e-06	2.1373279330944877823578566776672983e-03
2.7334132631436146399041842659327128e-03	6.6821138898136230150832221928925011e-01	6.1140160767170246369878793323739671e-06	2.1413795396914192335787296243703205e-03
2.7229265292269818742694386766606656e-03	6.7678510094505879443113126890496156e-01	6.1375630137180716468989451539750850e-06	2.1454991063996852854978919851024731e-03
2.7123265122608642879868982871957436e-03	6.8537542827423242101546914916898050e-01	6.1615493599065545967452299210906096e-06	2.1496874311600375594509489744121938e-03
2.7016137337294397898152064380180334e-03	6.9398264762516918790738539226064731e-01	6.1859821108439190304774874097737403e-06	2.1539453307728955785624780982109701e-03
2.6907887227391443388006147694236966e-03	7.0260703895976934657806748657212152e-01	6.2108684487924137998626179870412831e-06	2.1582736413553069990805739516639469e-03
2.6798520160750831823819403395302606e-03	7.1124888562375066481377846710295546e-01	6.2362157480944091411407408857125390e-06	2.1626732188128746702493385756817263e-03
2.6688041582585954830864082986587865e-03	7.1990847442677017649223616553710868e-01	6.2620315807486223937248120141012208e-06	2.1671449393271958596402814617589386e-03
2.6576457016059948550789901646603338e-03	7.2858609572452758523440466515062231e-01	6.2883237221913349386385898688835109e-06	2.1716896998593825450988568311557828e-03
2.6463772062885089837825664175643530e-03	7.3728204350291582200758535146777903e-01	6.3151001572910683978908200280953919e-06	2.1763084186702563758800731884804739e-03
2.6349992403934421745743149082920607e-03	7.4599661546428668241823026666535850e-01	6.3423690865655929642807417551239904e-06	2.1810020358578378060149603608333399e-03
2.6235123799865853710002830429405060e-03	7.5473011311590200119673554636064678e-01	6.3701389326305671274424082366340629e-06	2.1857715139127760680491484369166405e-03
2.6119172091758988998860848345333098e-03	7.6348284186064346443742208241014063e-01	6.3984183468895573075693615044418455e-06	2.1906178382923951545664111859654293e-03
2.6002143201764939410456288189708463e-03	7.7225511109005691999727600584077562e-01	6.4272162164756593681515941110946536e-06	2.1955420180140608821161977665129042e-03
2.5884043133769394839297958510699014e-03	7.8104723427980992886303517587981452e-01	6.4565416714554431077346672270521888e-06	2.2005450862686055055712192610494814e-03
2.5764877974069223234826301356117765e-03	7.8985952908764431137664296314753756e-01	6.4864040923064671787345946749087612e-06	2.2056281010545793136216555615039716e-03
2.5644653892062884636971013865151380e-03	7.9869231745390858841512621856812477e-01	6.5168131176801671022282978615501489e-06	2.2107921458341332562699363896906949e-03
2.5523377140954951409449343549030180e-03	8.0754592570475850576738457703601889e-01	6.5477786524625049053374277940144476e-06	2.2160383302113730265070565098506571e-03
2.5401054058475035512027193343332426e-03	8.1642068465811726723826652637566796e-01	6.5793108761453872847783224222142477e-06	2.2213677906340632403642729028340487e-03
2.5277691067611432669675932141496303e-03	8.2531692973249069605119236971057089e-01	6.6114202515225121060059786429419519e-06	2.2267816911196005380346991450878324e-03
2.5153294677359802621616864548428700e-03	8.3423500105873630296235215287937448e-01	6.6441175337239926283720802906755172e-06	2.2322812240062166762275030836781832e-03
2.5027871483487214279329310087599296e-03	8.4317524359488917165405935484710326e-01	6.6774137796048373958261455064715607e-06	2.2378676107304171179854822510916485e-03
2.4901428169311894602975392464659262e-03	8.5213800724415168644768945520382176e-01	6.7113203575031337006051870630883742e-06	2.2435421026317073781496806941501758e-03
2.4773971506499030334256124979984025e-03	8.6112364697615843369856586794878412e-01	6.7458489573845965343396496024806142e-06	2.2493059817857085859680386574545482e-03
2.4645508355872982415006592559237894e-03	8.7013252295163211649614512506316255e-01	6.7810116013910057897043444382947738e-06	2.2551605618668155252644652477320065e-03
2.4516045668246283990101804861741636e-03	8.7916500065055104317835907962982729e-01	6.8168206548109651650877465911024991e-06	2.2611071890416049607498665134920634e-03
2.4385590485265804356446728674016545e-03	8.8822145100395369499884355269911764e-01	6.8532888374923799649643685261005701e-06	2.2671472428942595201737083183955306e-03
2.4254149940276473093700051022437013e-03	8.9730225052951105905595059815656580e-01	6.8904292357170712175282171761332357e-06	2.2732821373853329505812390603668318e-03
2.4121731259202970914477654149659801e-03	9.0640778147100284201962069816648968e-01	6.9282553145590239316833986931810714e-06	2.2795133218452463890284545462541105e-03
2.3988341761449806520499740018832134e-03	9.1553843194183937176183484809272436e-01	6.9667809307489118350205585746497245e-06	2.2858422820039725822021643255404174e-03
2.3853988860820211965788295968385847e-03	9.2469459607277696201412495544810126e-01	7.0060203460687538053301109012842826e-06	2.2922705410584359673117818932500038e-03
2.3718680066454302728844728810068799e-03	9.3387667416398077482258732856042061e-01	7.0459882413018429704807628205500032e-06	2.2987996607792314144897694085976302e-03
2.3582422983786962904002208840419243e-03	9.4308507284159578296288974155870496e-01	7.0866997307644529770957966280628920e-06	2.3054312426583434702603017575192893e-03
2.3445225315525930660176995808859787e-03	9.5232020521899332672929360265080180e-01	7.1281703774472724479097797326345593e-06	2.3121669290996313904351166173187393e-03
2.3307094862650574406483633359067490e-03	9.6158249106286799480420538966017860e-01	7.1704162087960537789015416692941451e-06	2.3190084046539333848619048980412804e-03
2.3168039525431865973262690197268671e-03	9.7087235696436715657047878470716927e-01	7.2134537331625922069581868578238424e-06	2.3259573973007366106845404938173458e-03
2.3028067304474073589883485091315794e-03	9.8019023651544345378994341381868580e-01	7.2572999569588819965068538312251979e-06	2.3330156797784578606424844536415835e-03
2.2887186301778714544441677290803802e-03	9.8953657049062894488621261126905574e-01	7.3019724025491356288772855504094742e-06	2.3401850709654839360479168738306955e-03
2.2745404721831325173790484403736610e-03	9.9891180703443840838286624481199147e-01	7.3474891269163065412546129641705293e-06	2.3474674373142307318936756320166246e-03
2.2602730872711624285328495825659499e-03	1.0083164018546185781011748784786825e+00	7.3938687411418343376668964346862573e-06	2.3548646943405964812264108885372443e-03
2.2459173167227665286294082021652886e-03	1.0177508184214698278593640685734970e+00	7.4411304307395421899078416436917042e-06	2.3623788081713078223436968756297424e-03
2.2314740124074592225330593215285686e-03	1.0272155281734770757010595617067360e+00	7.4892939768869687441057532427439529e-06	2.3700117971517878103108423998569753e-03
2.2169440369018635669898458851704614e-03	1.0367110107294974670195902139382038e+00	7.5383797785999213636386983905291872e-06	2.3777657335173131707740017709397000e-03
2.2023282636107005888702750871395232e-03	1.0462377541077637542194775027947333e+00	7.5884088758987048809360575910168119e-06	2.3856427451303745009364456690408142e-03
2.1876275768904363219645943186596242e-03	1.0557962549519742517703982139182483e+00	7.6394029740173219722285525709876590e-06	2.3936450172873083093611646185658334e-03
2.1728428721756568821979813654064233e-03	1.0653870187647528459438259132971307e+00	7.6913844687099705211869631339844909e-06	2.4017747945974343431350161474949487e-03
2.1579750561082443279627142683125256e-03	1.0750105601487758169072510742041308e+00	7.7443764727123936298520989818822008e-06	2.4100343829381062120303885253401999e-03
2.1430250466694285786755445015853518e-03	1.0846674030558762285443316098566680e+00	7.7984028434190841075325883537308267e-06	2.4184261514892685663706098003019143e-03
2.1279937733147932954814047090062552e-03	1.0943580810444514025587462227624089e+00	7.8534882118410233666335586691360748e-06	2.4269525348513107516005560905101557e-03
2.1128821771123163683272779479339703e-03	1.1040831375455145653348138992446702e+00	7.9096580129125620392338888680563808e-06	2.4356160352502157371350205419153125e-03
2.0976912108835285087952088363639204e-03	1.1138431261377481891740416331243990e+00	7.9669385172202450923274763340550890e-06	2.4444192248342250494198718343350398e-03
2.0824218393478764237863887215687578e-03	1.1236386108319338979355011587857474e+00	8.0253568642308681170132568153220534e-06	2.4533647480664763443706706037871852e-03
2.0670750392703801473863270971785225e-03	1.1334701663651521286112011742735239e+00	8.0849410971008458548515985571335725e-06	2.4624553242183211186510942457871233e-03
2.0516517996126773433543472374887334e-03	1.1433383785051640968937861969164001e+00	8.1457201991541028195881932771708753e-06	2.4716937499682969460256987664778190e-03
2.0361531216875507653739052965914917e-03	1.1532438443654090726896778268463729e+00	8.2077241321211850216126883954610695e-06	2.4810829021120126815284792157019916e-03
2.0205800193170385835670834320815847e-03	1.1631871727310716019109305802934971e+00	8.2709838762381694722836780828926626e-06	2.4906257403885075408178983029249140e-03
2.0049335189942309613247951566495115e-03	1.1731689843966961900065102175752629e+00	8.3355314723102449290042483983188152e-06	2.5003253104289671723178448728637223e-03
1.9892146600488601041831058730045867e-03	1.1831899125158511723929443757430147e+00	8.4014000658515864888608366467152371e-06	2.5101847468340232408619262537482787e-03
1.9734244948167950107059794549684384e-03	1.1932506029633691250514844227038987e+00	8.4686239534203843060100330393723826e-06	2.5202072763862291962285736403731415e-03
1.9575640888135563430387293134114015e-03	1.2033517147107183094118623412436443e+00	8.5372386312756522395006809988451231e-06	2.5303962214046954987004556953588228e-03
1.9416345209119712114341474886680842e-03	1.2134939202150884006149095829501173e+00	8.6072808464907784712709359000260410e-06	2.5407550032492844464993808157813089e-03
1.9256368835240922426576014369890407e-03	1.2236779058228042263291490918629027e+00	8.6787886506677337393541343059227982e-06	2.5512871459822098785481595164913816e-03
1.9095722827875100873938079799729524e-03	1.2339043721877135617346321236403480e+00	8.7518014564054746882598571006418375e-06	2.5619962801953625583163532392037361e-03
1.8934418387561935279069776251442816e-03	1.2441740347052293112722481768284129e+00	8.8263600966864254505898514815648431e-06	2.5728861470121903095360616538145213e-03
1.8772466855959965862486789986497289e-03	1.2544876239627427951845347429543254e+00	8.9025068873560505288722911886863716e-06	2.5839606022735054993645700916925217e-03
1.8609879717849775180150951275346402e-03	1.2648458862071634951736349723535862e+00	8.9802856928825125259704408132414466e-06	2.5952236209171739927093633716853653e-03
1.8446668603186803205813149927575121e-03	1.2752495838303816565416082422978140e+00	9.0597419955963116172185624959251317e-06	2.6066793015622622134779309316988965e-03
1.8282845289205354022992187701517942e-03	1.2856994958734937642570454578657926e+00	9.1409229686237089955705317296500169e-06	2.6183318713088856845339772710932848e-03
1.8118421702575423656738744124224818e-03	1.2961964185506772913269821944051759e+00	9.2238775527427304645093410273258748e-06	2.6301856907657169025723302173413270e-03
1.7953409921614044693567585651219551e-03	1.3067411657936504581706789898593041e+00	9.3086565374067237733934739640953573e-06	2.6422452593178764732582811151711596e-03
1.7787822178552912682995436105043889e-03	1.3173345698177052559341902772771750e+00	9.3953126461979081789777857737501637e-06	2.6545152206487532643355671056898644e-03
1.7621670861864132071262921202066557e-03	1.3279774817103579068447144118351104e+00	9.4839006269922211496226326022367208e-06	2.6670003685301814843580506384079895e-03
1.7454968518645995784556387484735350e-03	1.3386707720437205118013599616715354e+00	9.5744773471371603321007029760059265e-06	2.6797056528963500296793195410629801e-03
1.7287727857070792766049570544084713e-03	1.3494153315117611412139160799519541e+00	9.6671018939663764482491390960174383e-06	2.6926361862178375841007489514668845e-03
1.7119961748896722003181531399706344e-03	1.3602120715936873540798900113825204e+00	9.7618356809986459329780941755081906e-06	2.7057972501932617259730254772690236e-03
1.6951683232046080098835091027594896e-03	1.3710619252447604016452256616379735e+00	9.8587425601947072889245705185305544e-06	2.7191943027772081692909235910984931e-03
1.6782905513251982498942457243309315e-03	1.3819658476159245320187144955575843e+00	9.9578889406734655751148377287708199e-06	2.7328329855643743184617314206456969e-03
1.6613641970775976363660660440254814e-03	1.3929248168037182367293312706046477e+00	1.0059343914319457128251080566093669e-05	2.7467191315512273010995259209144251e-03
1.6443906157199006052824827550696188e-03	1.4039398346320223778038554583890150e+00	1.0163179388746444289679156236687324e-05	2.7608587732979490494872722448917709e-03
1.6273711802288300602658203405110008e-03	1.4150119274672943484344509292254324e+00	1.0269470228117823471435758663053886e-05	2.7752581515150291371229839821833446e-03
1.6103072815942866735645576402653350e-03	1.4261421470690382346393072509073596e+00	1.0378294402363451006090443908450247e-05	2.7899237241005801544541791428581947e-03
1.5932003291220391228989465229619639e-03	1.4373315714773688852400359104774611e+00	1.0489733145374820284910275309971446e-05	2.8048621756563016413565479636579231e-03
1.5760517507448483255012295945131762e-03	1.4485813059396434357594077788606467e+00	1.0603871122806593157458448061116431e-05	2.8200804275120193066036273250067225e-03
1.5588629933423321013124835550984650e-03	1.4598924838782577929552161862198518e+00	1.0720796610162666716831176722797867e-05	2.8355856482908900106028835767786600e-03
1.5416355230698908041780668518090784e-03	1.4712662679018385520112931507467804e+00	1.0840601681899651744122506497890301e-05	2.8513852650497046871964729616293048e-03
1.5243708256970293507280342278759330e-03	1.4827038508622035319138732419967000e+00	1.0963382412340304363636086774334890e-05	2.8674869750312574713029718119907348e-03
1.5070704069554268027112051335618255e-03	1.4942064569596173893109294171700989e+00	1.1089239089254591203600026690089908e-05	2.8838987580684979075695735830235318e-03
1.4897357928971212750107377121437724e-03	1.5057753428990334964203783950853092e+00	1.1218276441037240207794135804941356e-05	2.9006288896831642460550127113380483e-03
1.4723685302631955077401332568670136e-03	1.5174117991001904176682062374732648e+00	1.1350603878488457055037181819740197e-05	2.9176859549248315831575457145865241e-03
1.4549701868633670205953298711745054e-03	1.5291171509646219590056537828316375e+00	1.1486335752289664809711004222700630e-05	2.9350788629998234139001968990825301e-03
1.4375423519669064298710120038429894e-03	1.5408927602028450624122024932083211e+00	1.1625591627359425767187690120124855e-05	2.9528168627432560672826866614748401e-03
1.4200866367053283274803954880503025e-03	1.5527400262252110589340162657626309e+00	1.1768496575376993315768961788045183e-05	2.9709095589916424562236017510510861e-03
1.4026046744873211770629953602816694e-03	1.5646603876001443859239343890275026e+00	1.1915181486873183364038620566995989e-05	2.9893669299180078051237756000892392e-03
1.3850981214264060613397324015478519e-03	1.5766553235837503671263205132624654e+00	1.2065783404411529426583701282613690e-05	3.0081993453964023912520751223601392e-03
1.3675686567818389107753849791206432e-03	1.5887263557250517525471961714866379e+00	1.2220445878518202287301747528671851e-05	3.0274175864680758164739809438111236e-03
1.3500179834132971574515499187299560e-03	1.6008750495514142961575252562924060e+00	1.2379319348168290294028636535010246e-05	3.0470328659874494761985891698119549e-03
1.3324478282499196992817329256306002e-03	1.6131030163390467832147350443321585e+00	1.2542561547800271855138955293780627e-05	3.0670568505324394423597617068078983e-03
1.3148599427742987468617262509512551e-03	1.6254119149738128894279601947811990e+00	1.2710337943011578043423102925822973e-05	3.0875016836706974694698563995074900e-03
1.2972561035220536868564952102395903e-03	1.6378034539079735843463555304397266e+00	1.2882822197287964744548517108580372e-05	3.1083800106810163582603531193734409e-03
1.2796381125976506713104966462812845e-03	1.6502793932188922709855101424146704e+00	1.3060196672340158213631998619427230e-05	3.1297050048375579463936865542333661e-03
1.2620077982071673830345560478319103e-03	1.6628415467761835707477418033327793e+00	1.3242652964865350009961663738091338e-05	3.1514903953737863559563817827687317e-03
1.2443670152087404978121030900032275e-03	1.6754917845242740386919450700016385e+00	1.3430392482821357827807125974234156e-05	3.1737504972531140576064267387340513e-03
1.2267176456814739435601556732233303e-03	1.6882320348878729244888321188476353e+00	1.3623627064600759306650599387426928e-05	3.1965002428843927303519596591208627e-03
1.2090615995136293396318836200710839e-03	1.7010642873084275935134960023306298e+00	1.3822579644824580661836176229531585e-05	3.2197552159326158230643541118012345e-03
1.1914008150109661984916213981020054e-03	1.7139905949202660758447000496523251e+00	1.4027484970844187594508013306591395e-05	3.2435316873886699127012308466757235e-03
1.1737372595261488186241419509703061e-03	1.7270130773758136332171930800718108e+00	1.4238590374450430963350121243039798e-05	3.2678466540768177699206237906723285e-03
1.1560729301101895445997500156542076e-03	1.7401339238300170359947636601683817e+00	1.4456156603746015060218412957532129e-05	3.2927178797949756197318959010180061e-03
1.1384098541869544940121469655710385e-03	1.7533553960949259067098512743792250e+00	1.4680458720646368907664047041897407e-05	3.3181639393009388120089520203628112e-03
1.1207500902518182537862265586522156e-03	1.7666798319762722548685216454593795e+00	1.4911787070042722543865125153822007e-05	3.3442042653777155040894806013023398e-03
1.1030957285956187610808031279606794e-03	1.7801096488048652981780656944944598e+00	1.5150448327296284431986782049081603e-05	3.3708591992332749479954023720010901e-03
1.0854488920551329694673298436964940e-03	1.7936473471766879073212068177626964e+00	1.5396766631443146862183266324455412e-05	3.3981500445145637755989759467735584e-03
1.0678117367913683573296203228392563e-03	1.8072955149167536943186093897121803e+00	1.5651084812285851378678819025437612e-05	3.4260991252428832007262123773042166e-03
1.0501864530970452997898652540111489e-03	1.8210568312830713068915132265157546e+00	1.5913765720440941270633733253376380e-05	3.4547298480079850865964693595595906e-03
1.0325752662347312788165727465323573e-03	1.8349340714284777316942497281347841e+00	1.6185193670415545111899423907766343e-05	3.4840667687919140025818186436823624e-03
1.0149804373071803779605599905468048e-03	1.8489301111396598035877161724909173e+00	1.6465776007915304466563757203526924e-05	3.5141356648311272124920931572215998e-03
9.9740426416153108198567047674159494e-04	1.8630479318743989663525329969353671e+00	1.6755944813858340485517455699170289e-05	3.5449636119672575085392521910661606e-03
9.7984908232912272154689725867716805e-04	1.8772906261199670393252275836635265e+00	1.7056158759005730709511217646900423e-05	3.5765790679836080011468544712061442e-03
9.6231726600280668063317652669909234e-04	1.8916614030976911320236421648796835e+00	1.7366905124741608026540987030876234e-05	3.6090119624767282093987320271671041e-03
9.4481122905375350700541164223165619e-04	1.9061635948410174956198074126483993e+00	1.7688702007372704981143630645040905e-05	3.6422937938709567621266790515927323e-03
9.2733342608989220541606263800949607e-04	1.9208006626769637592612549482536064e+00	1.8022100725399547749405378535324327e-05	3.6764577342494777369248180192377857e-03
9.0988635355826421732932127466569750e-04	1.9355762041436870728052579818760521e+00	1.8367688451576327799517829741493429e-05	3.7115387427492037032354802977771728e-03
8.9247255089373297360319815616504609e-04	1.9504939603800467722533936823644332e+00	1.8726091094266624416141565224395829e-05	3.7475736883497975394851630940720386e-03
8.7509460171666164319811888420775755e-04	1.9655578240265437609348673314811941e+00	1.9097976455667719562098743023552175e-05	3.7846014829806812701409746147571787e-03
8.5775513508235812255397181606744731e-04	1.9807718476809199338947302098557580e+00	1.9484057697975902719767018349502496e-05	3.8226632259754635387921691751561337e-03
8.4045682678528890167481866285322517e-04	1.9961402529560512479555503667886868e+00	1.9885097152567747698942212062149312e-05	3.8618023610225997214229413909088918e-03
8.2320240072128386301365941278540786e-04	2.0116674401926265957123195068116495e+00	2.0301910511858816833449241179240201e-05	3.9020648468963166239650424628125245e-03
8.0599463031119417405119676802602190e-04	2.0273579988845394132776317346976015e+00	2.0735371448767044340197094111404276e-05	3.9434993434052597343956623509603133e-03
7.8883633998972730413557150305869729e-04	2.0432167188810081309958999938716095e+00	2.1186416714765929076529304000485452e-05	3.9861574141707251080357307085659596e-03
7.7173040676346916572077461562192001e-04	2.0592486024362753446289379881710179e+00	2.1656051774496180613758372642060518e-05	4.0300937480449614530549800248968369e-03
7.5467976184241607521070140632946803e-04	2.0754588771854181678684386624977109e+00	2.2145357042972188169021445087137940e-05	4.0753664012066723997268934316626677e-03
7.3768739234968160666268391286023422e-04	2.0918530101334543442084452263545277e+00	2.2655494800760392843088429529210932e-05	4.1220370622299835225378374785190459e-03
7.2075634311441880991576547579989241e-04	2.1084367227546904791902013300580451e+00	2.3187716873345655538536345660736840e-05	4.1701713427200305192202229090758512e-03
7.0388971855341045612321443608762322e-04	2.1252160073102932427561146481383585e+00	2.3743373173508692688608823998289967e-05	4.2198390964491970633178410118743517e-03
6.8709068464723323155680467426604085e-04	2.1421971445045617270559650189639973e+00	2.4323921220236256992314372231216444e-05	4.2711147703202548657836546420022892e-03
6.7036247101740097474736444303313147e-04	2.1593867226145616155203879595480732e+00	2.4930936764865558098513027813964385e-05	4.3240777909349901066410795561937425e-03
6.5370837311144265777665965833111193e-04	2.1767916582439099483994265549038195e+00	2.5566125675295803790377266088812554e-05	4.3788129910697681256152708151033300e-03
6.3713175450347913494894718767840692e-04	2.1944192188698791892830770163786026e+00	2.6231337252752324054620917811790090e-05	4.4354110809653485687407233919757867e-03
6.2063604931853589911161039268822846e-04	2.2122770473739816947599216173452448e+00	2.6928579183454583382149967616299807e-05	4.4939691700420389723330484846374468e-03
6.0422476478957541359527145327276987e-04	2.2303731887702267145757932453522441e+00	2.7660034360462095106168603179817396e-05	4.5545913454708984414547613163501156e-03
5.8790148395706145212996340821212788e-04	2.2487161193728166398795137797588266e+00	2.8428079849983677201656406023726879e-05	4.6173893149887917796697396325801757e-03
5.7166986852179012033169860941245479e-04	2.2673147786767674445153286623023006e+00	2.9235308322802217161960708807809848e-05	4.6824831224657925854823232275818430e-03
5.5553366186275034788802920820333942e-04	2.2861786042615154571397232854818454e+00	3.0084552326749579024735300658160002e-05	4.7500019460494687503045892595654892e-03
5.3949669223292507560142227886575352e-04	2.3053175700698642050696733977018603e+00	3.0978911842294272634979287663157567e-05	4.8200849902605933578740660123117084e-03
5.2356287614722985708115856441023625e-04	2.3247422284636574793939194494815894e+00	3.1921785642674006044063550148876643e-05	4.8928824852460336860570498789825069e-03
5.0773622197822760679678322941197643e-04	2.3444637565145737257197691164758819e+00	3.2916907075603292338547289026993567e-05	4.9685568085649213660590574686174201e-03
4.9202083377687942992907411741767366e-04	2.3644940070549154616285899423958232e+00	3.3968384999152631662520535071135811e-05	5.0472837474650642476926914337529310e-03
4.7642091533741837220698190194827827e-04	2.3848455650910264006934067453528044e+00	3.5080750744633323431521844108907862e-05	5.1292539226861882906649586312527826e-03
4.6094077452749661250190878423590598e-04	2.4055318102732127588299854344474546e+00	3.6259012150172007884266610612271360e-05	5.2146743985146205971370093843815518e-03
4.4558482790709365353112498864413159e-04	2.4265669862234683397166184441738822e+00	3.7508715917663496511417041425384747e-05	5.3037705082472020173219644457134148e-03
4.3035760566232660850114896666959293e-04	2.4479662776492127546793502603946149e+00	3.8836019802570875800425294573568441e-05	5.3967879295719478011207157345977917e-03
4.1526375688332486034590431084212202e-04	2.4697458963217257284978582766027532e+00	4.0247776462936904616848855136512646e-05	5.4939950508551016873271689786718578e-03
4.0030805521878096818390573797731570e-04	2.4919231771770470697485708078519246e+00	4.1751631186889546610206841865905144e-05	5.5956856772119336554678742405669939e-03
3.8549540494374025254397769644507832e-04	2.5145166860110941988376540958629080e+00	4.3356136207496685143410581344790590e-05	5.7021821348794778119966249311250046e-03
3.7083084748172992446759938503524957e-04	2.5375463404974834588646459141749824e+00	4.5070884926960417618885970106863799e-05	5.8138388442480205910381848603845096e-03
3.5631956842755951566789762699319299e-04	2.5610335465659031188366849032097772e+00	4.6906670144160197876053959446936296e-05	5.9310464465165936451676075234006986e-03
3.4196690512317410608991556259400871e-04	2.5850013525533559588881450881337431e+00	4.8875671357118879556422005665562507e-05	6.0542365870564581012319409829470638e-03
3.2777835484596387728684134123271888e-04	2.6094746239960319494446718609661241e+00	5.0991677457145269973603720406444853e-05	6.1838874811600641292987883645920273e-03
3.1375958367711504154415191430939794e-04	2.6344802424862729976378886402636813e+00	5.3270352727357485917134962389067184e-05	6.3205304161858412786815475315039093e-03
2.9991643612715773984975973445989370e-04	2.6600473327031566281048086732546794e+00	5.5729556117265030007834879910743140e-05	6.4647573798511352000120518084593948e-03
2.8625494560710901578941158750536931e-04	2.6862075225704693013459723593046326e+00	5.8389726439820298876915845951199796e-05	6.6172300497974559414721550830747512e-03
2.7278134584687422335946138408212625e-04	2.7129952425463746133131341735610378e+00	6.1274349637412711081895078850299792e-05	6.7786904375306208534108216328620051e-03
2.5950208337829564316844337092632381e-04	2.7404480713628767346828693266241684e+00	6.4410528878780815012664454776389061e-05	6.9499735544458747157140602099390826e-03
2.4642383121897160345513709410646178e-04	2.7686071371870144903977507255641736e+00	6.7829684385139737101346492037761714e-05	7.1320225643675557954063438809395577e-03
2.3355350391540650543676847585723684e-04	2.7975175852721337988235654710483709e+00	7.1568418113063744146142422515219726e-05	7.3259070134064879717578260404074348e-03
2.2089827413107410763990707687674000e-04	2.8272291258447207792642570390368348e+00	7.5669589559766393653542969903846699e-05	7.5328448944419459909206075730806328e-03
2.0846559099771414402065185828838365e-04	2.8577966794179991216897614748112079e+00	8.0183664180206341537724452894860801e-05	7.7542295248706107946163251784026150e-03
1.9626320048809708332241106371521275e-04	2.8892811411958361144533968136988324e+00	8.5170416932630855013690385897650758e-05	7.9916625132929636916948202746433188e-03
1.8429916811748780599290874479611273e-04	2.9217502920876558540582395219608832e+00	9.0701102839157974368959428783925139e-05	8.2469944934767829484773216429918708e-03
1.7258190434162037627854543295762026e-04	2.9552798915999428647220825532295701e+00	9.6861247966586056239467697870303176e-05	8.5223758557876595420887088951289699e-03
1.6112019309448843900640204444694846e-04	2.9899549982173080428748881461254826e+00	1.0375427368776170191156460586097497e-04	8.8203204714655735966251114100181474e-03
1.4992322400412187299021699703334855e-04	3.0258715768652593844026652252967364e+00	1.1150625341799779559357975545478114e-04	9.1437864795747021964223988702225593e-03
1.3900062894481730758775376804074917e-04	3.0631384721610380863223403431565791e+00	1.2027222828773307470390174684337513e-04	9.4962797358286192855419591959042183e-03
1.2836252373834005450180282709760955e-04	3.1018798526375036411188568204592139e+00	1.3024469890869930794175787085368705e-04	9.8819877317885002463344409491458204e-03
1.1801955601600448889353875514786438e-04	3.1422382683295668244325144940645342e+00	1.4166520125803144249282929667954023e-04	1.0305955036113233728955110884261347e-02
1.0798296051463480571908569409392510e-04	3.1843785172040953304547347582025898e+00	1.5484032707524288987488026724897412e-04	1.0774316154745621486152246686815845e-02
9.8264623425691976332634768079818802e-05	3.2284925929747183615862089270865730e+00	1.7016426790172861696083662280021048e-04	1.1294609086267788715558479438479853e-02
8.8877157882609869526047464145624476e-05	3.2748061008072099120965916263963106e+00	1.8815113105951119876676577079294467e-04	1.1876204328761788644983365143812207e-02
7.9833993307628516304555335244207385e-05	3.3235866994923057609450419308915654e+00	2.0948222812248129500539549054100488e-04	1.2530902379458536732481145494797978e-02
7.1149482223673159473327967632319306e-05	3.3751553945361973662380231566254292e+00	2.3507689278240374030768086415133159e-04	1.3273782665974198112951049162135031e-02
6.2839029389726508218896101155498700e-05	3.4299019282015251471639091711511566e+00	2.6620134759968884469952896347633135e-04	1.4124437193653605961244439240903202e-02
5.4919249932363061806949474773663816e-05	3.4883062008433205623688058304243163e+00	3.0464113239848871199495215882779578e-04	1.5108809842696805810225905957165209e-02
4.7408165838758823191992731359719554e-05	3.5509688197208071249203775691639741e+00	3.5298375393442540592107870766318173e-04	1.6262020746676465617787243196311901e-02
4.0325454287408584615087536119680031e-05	3.6186559091240166754351278401818641e+00	4.1510093805496715806408892010248764e-04	1.7632854617434359675259274891219941e-02
3.3692767777592957741436641362716497e-05	3.6923670521001111520053105059020287e+00	4.9701126401911663282006400634625377e-04	1.9291187177245796304133718894648677e-02
2.7534156647322160007995367171999643e-05	3.7734424550258396122822123621264264e+00	6.0851326866925495056161849768401438e-04	2.1340880973364110328845123930657230e-02
2.1876642799836726627221840175436841e-05	3.8637402884365278465771520742271953e+00	7.6649958110144021918431550020495598e-04	2.3943536630707975480848885936009810e-02
1.6751026488878038835703094335743702e-05	3.9659481987904860161788094556012836e+00	1.0022959952888124082784994721707998e-03	2.7365575225800793492087468808161402e-02
1.2193072022026875194747277822653850e-05	4.0841739241258151265477857544599826e+00	1.3798681315852532341474840080011704e-03	3.2080848850366107591168550260155531e-02
8.2453531446342038679736675487347010e-06	4.2251849604321497249061250182742139e+00	2.0485653696467190596470621269333239e-03	3.9024702810478423852517138825540497e-02
4.9603543814547416529315762055150801e-06	4.4014117569926805568571036671341152e+00	3.4351424238087203539604353302945154e-03	5.0349579312108060276160880789713770e-02
2.4062414463326930844277179973888064e-06	4.6400276631005772880923421512562802e+00	7.2742840071434638089589650310924075e-03	7.2441856764979912109822168248301045e-02
6.7524575209088057114165559872232085e-07	5.0243232546864151738769707014063286e+00	3.4587361260900824029774254253802273e-02	1.3894740867620632670044730619797317e-01
0.0000000000000000000000000000000000e+00	0.0000000000000000000000000000000000e+00	9.1251248470194204493834691931522070e-06	2.4345437580364820264429191517933841e-03