6.1342634326951938856465246397664246e-07	-5.0427409890289890568736044895307829e+00	3.4364744362964324587924510929226553e-02	1.3848732215694548342010798571165226e-01
2.1873352673995422602079480889959602e-06	-4.6597606782266391976128018058137636e+00	7.2220884108637554376547790890558807e-03	7.2179938236378845756618442177287378e-02
4.5114276407685518180206397068576465e-06	-4.4220345403805322968846334117382173e+00	3.4086713670566548843117849063134489e-03	5.0154638547933308147586412736226273e-02
7.5024386763246601894175826216364624e-06	-4.2465079006738654095000314545618663e+00	2.0318677122451852645040656049987269e-03	3.8865051810616211618030626534318300e-02
1.1098799709169648073556069353870055e-05	-4.1060866473464141643430366254595657e+00	1.3680816005442218102261383927709511e-03	3.1943376915189967790167516302483681e-02
1.5253098477761691673695381314819536e-05	-3.9883774634747794250425049307927231e+00	9.9338075490639892697219236701579372e-04	2.7243491647802100601234663867451664e-02
1.9926870963066912250620688221537176e-05	-3.8866334966833077701465996071114620e+00	7.5943271344542681782339973306239652e-04	2.3832832289608389209789405584631818e-02
2.5087801665527429271731004825186933e-05	-3.7967597737717779738676870742216478e+00	6.0271865174400978416289685217406841e-04	2.1238974660024386340378369564554390e-02
3.0708057548935236285742071844155336e-05	-3.7160771405133656230473092839452326e+00	4.9213662752316366470956279904329400e-04	1.9196310911441848677176546275599790e-02
3.6763217500199170235255689830452602e-05	-3.6427333872287964005613171294564825e+00	4.1091724147174588930367813972501314e-04	1.7543739777955308260429404886498964e-02
4.3231543873514493325616705050682800e-05	-3.5753926668558265074786645081768043e+00	3.4933479840009384031622521704221595e-04	1.6177723402066000205751075025197117e-02
5.0093464447952959941683981210331386e-05	-3.5130586896064838146402663646976810e+00	3.0141624735846235619592355247522525e-04	1.5028606910228954621125352097224117e-02
5.7331190906263661086812839937572578e-05	-3.4549678854910298240907711741366696e+00	2.6331962899364380971078408326698999e-04	1.4047761383258393367291642676142560e-02
6.4928429759659287503078812441902200e-05	-3.4005216720805237594749541625393105e+00	2.3247763335734855512221204823577167e-04	1.3200179945776888288924192260762253e-02
7.2870158101008836258620506252841448e-05	-3.3492417838715956574637283115132805e+00	2.0711885745073143854400326158871656e-04	1.2460003162676288223898636284060521e-02
8.1142446164350447501136616119891554e-05	-3.3007398194337886655359180910028883e+00	1.8598723945349500297982815018231736e-04	1.1807703362408121338488606101401720e-02
8.9732314523242078361985429671145134e-05	-3.2546958879402598333427381168782203e+00	1.6817091726934830537574311523713178e-04	1.1228251049266335683923092523286344e-02
9.8627617471971884207641253709384956e-05	-3.2108432682836335692438786519113644e+00	1.5299418381459003498896526374182471e-04	1.0709885113173587566048627978813342e-02
1.0781694656473199536325553444101593e-04	-3.1689571523372398344083004836309383e+00	1.3994720983511536541957009310511739e-04	1.0243266571236903890217975002508346e-02
1.1728954992588021976266564493858371e-04	-3.1288462301591163421896651128882726e+00	1.2863912030440378919779129755027377e-04	9.8208829619265124859916162172423467e-03
1.2703526407564945512003256736447184e-04	-3.0903462952398508264936264144697400e+00	1.1876593031792481271569379528018699e-04	9.4366207068057994913500820825739625e-03
1.3704445581407182896065625766596440e-04	-3.0533153129571278446514262503591164e+00	1.1008817847154692591806677507772909e-04	9.0854525617179957719607295065454966e-03
1.4730797228036505190898994649505783e-04	-3.0176295669425787683180052567000025e+00	1.0241503371941690471199388789364679e-04	8.7632055086189616637616006253595743e-03
1.5781709772557755214141848996678407e-04	-2.9831806116787508180586698473884233e+00	9.5592812266447533958626961839891662e-05	8.4663858842206968493760217322995910e-03
1.6856351584896557568496170785167701e-04	-2.9498728364651282969195084935138843e+00	8.9496554449738977812480982520510391e-05	8.1920458982659592636497614185334211e-03
1.7953927678433379872433626347597662e-04	-2.9176214988177387633313077905249807e+00	8.4023760548490532671057518624789850e-05	7.9376805244865357385002954727947143e-03
1.9073676800261403308472884802619632e-04	-2.8863511224545727978174850257882770e+00	7.9089673135525863382432693062296101e-05	7.7011469804086862460668441847878448e-03
2.0214868853606096479998732651378921e-04	-2.8559941814141021196205778759194086e+00	7.4623682830658303374213620940846629e-05	7.4806012145727083717166006733459705e-03
2.1376802603807111636469270680024153e-04	-2.8264900109077743202983637992299387e+00	7.0566560608766868023189301087150608e-05	7.2744473443158608841205177165150535e-03
2.2558803627829551726851472494412131e-04	-2.7977838994419812668634290447258836e+00	6.6868305484178950813801913222864968e-05	7.0812970583339860564300414623544022e-03
2.3760222474088703322907599266028375e-04	-2.7698263270592550392700682130166931e+00	6.3486455386699173789116381946312810e-05	6.8999367610072680240873495225605445e-03
2.4980433004842955947867471212151592e-04	-2.7425723222684181130917923533659854e+00	6.0384750238865657429975549989629784e-05	6.7293007855738366961948400939827761e-03
2.6218830897834108371637025202371675e-04	-2.7159809160716451581275217216862150e+00	5.7532065383079903456063882180080945e-05	6.5684494046204805442455318766268087e-03
2.7474832287458714029385314124949031e-04	-2.6900146759542228133408043272680634e+00	5.4901554368072167788156658837219355e-05	6.4165506624370440884314623274781240e-03
2.8747872528710484856436998220320342e-04	-2.6646393061372873567211357229517159e+00	5.2469955206760143143256052372985054e-05	6.2728652744054098918529395160194443e-03
3.0037405069574001634767416838231402e-04	-2.6398233030621956387928080877995886e+00	5.0217025266466445456335639777045235e-05	6.1367340045605156371481318720939577e-03
3.1342900419576188242288505903001766e-04	-2.6155376571647103773634738619574997e+00	4.8125078115418238118480149282409997e-05	6.0075670584252638980103871219531838e-03
3.2663845203893864680302960086915784e-04	-2.5917555936455619576614230284555921e+00	4.6178601736066602260977148854991647e-05	5.8848351246263263726197710748817649e-03
3.3999741293835819712004466625552259e-04	-2.5684523462533948309729061033556345e+00	4.4363942093669504375168475715089733e-05	5.7680617731619881897323003337805034e-03
3.5350105005715807593421313076587475e-04	-2.5456049591431504913480320143434762e+00	4.2669039519979848256137130870754759e-05	5.6568169759818099185907523323104756e-03
3.6714466361148174782548709174661519e-04	-2.5231921127153640691943829181929400e+00	4.1083208024591012023931355816067403e-05	5.5507115607606985594193274259430178e-03
3.8092368402662136297936274224903469e-04	-2.5011939700236270633785326138385653e+00	3.9596949688425657111173956476242343e-05	5.4493924443741350174875418746242426e-03
3.9483366559269598419886955255838002e-04	-2.4795920408923005304593427437382908e+00	3.8201797876528854411192962067120317e-05	5.3525385208204812977725072217479932e-03
4.0887028057255592033615130687154738e-04	-2.4583690613404708494462364046824697e+00	3.6890184242096867391792899234176745e-05	5.2598571008548273657390001866900070e-03
4.2302931372006743550763864230661403e-04	-2.4375088862813439838241780515841330e+00	3.5655325463025704576450343023172165e-05	5.1710808186572625749194642516536902e-03
4.3730665717165624755534900393126351e-04	-2.4169963937745863829446444399250015e+00	3.4491126417766039686987928514041749e-05	5.0859649354181239537813035078087339e-03
4.5169830567808702550812947941976513e-04	-2.3968173993649812600502784327970158e+00	3.3392097115206838808280818682663141e-05	5.0042849815217365432662960098464692e-03
4.6620035214702398694809516145464857e-04	-2.3769585792540207599923098628463090e+00	3.2353281178711351960379528401918987e-05	4.9258346886186192382358892387263300e-03
4.8080898347003317370864201147419332e-04	-2.3574074012295278592926575385355189e+00	3.1370194073985343459346997818061421e-05	4.8504241707372569566946662769933929e-03
4.9552047661041555612420060010560833e-04	-2.3381520624283585616127391928934207e+00	3.0438769584628425099191436987984914e-05	4.7778783200467614474239871228523461e-03
5.1033119493065667305579293522192658e-04	-2.3191814331337074759314919567929092e+00	2.9555313293782843707909478206216228e-05	4.7080353882133423435895710032547952e-03
5.2523758474038922801136665411489368e-04	-2.3004850059155918033109345972782542e+00	2.8716462037486330835812320200962957e-05	4.6407457287116203750311488188224058e-03
5.4023617204762890941605776226793059e-04	-2.2820528495140163694349539515582736e+00	2.7919148464698034531184931160455771e-05	4.5758706791272680832180866561917758e-03
5.5532355949769370774647534053109488e-04	-2.2638755669418111010588376660637479e+00	2.7160569977977938038793266203304154e-05	4.5132815655565665512348213095937000e-03
5.7049642348568123433184226104279649e-04	-2.2459442573503792815743672691359442e+00	2.6438161443351954120573977255859458e-05	4.4528588137804803323951221431488782e-03
5.8575151142968094464007731623018827e-04	-2.2282504812584046725135756852985073e+00	2.5749571152650299398507624444478612e-05	4.3944911540537462613771122807293860e-03
6.0108563919305921101935184295069503e-04	-2.2107862287924262049629759729923891e+00	2.5092639600273896176634317071547730e-05	4.3380749081743734770843854878120583e-03
6.1649568864519244664664735302545738e-04	-2.1935438906303319822745595002990399e+00	2.4465380701884076304939943297482787e-05	4.2835133490436084450828204502182812e-03
6.3197860535095207286830636630546814e-04	-2.1765162313752727025982835729638207e+00	2.3865965137300331380218217212326504e-05	4.2307161242378971394858262273485933e-03
6.4753139638007809184513743235303673e-04	-2.1596963651191008390166751852418029e+00	2.3292705545842531743529496991427781e-05	4.1795987362311848108187012327538326e-03
6.6315112822832666209479398196494086e-04	-2.1430777329819188932724536030934332e+00	2.2744043341014952474550393707185726e-05	4.1300820728596523041053808430102097e-03
6.7883492484295116614847267210936381e-04	-2.1266540824382657852902682062174222e+00	2.2218536944055263178014383556119109e-05	4.0820919824377528164028612713029744e-03
6.9457996574568432000017336987966109e-04	-2.1104194482613881606128531300298650e+00	2.1714851263485283686179522266618498e-05	4.0355588886357282324814119909936622e-03
7.1038348424693832347753334669835311e-04	-2.0943681349353577757537896371293736e+00	2.1231748271238059757442459720127640e-05	3.9904174408325213078346071640331340e-03
7.2624276574543737177765143909023784e-04	-2.0784947004008666028462340975372538e+00	2.0768078545883706925921344920239054e-05	3.9466061961790311159598077222786746e-03
7.4215514610794771752104854340622014e-04	-2.0627939410146629535774523014579024e+00	2.0322773670499155659606551478305356e-05	3.9040673300573983545996663894871107e-03
7.5811801012417987084225606925121083e-04	-2.0472608776150443804711378422233684e+00	1.9894839387290636603376261237330865e-05	3.8627463720128471789943795117534092e-03
7.7412879003230983237678807000258548e-04	-2.0318907425968178879128895869521195e+00	1.9483349423568629928467231137838568e-05	3.8225919645742769194669840701924089e-03
7.9018496411090533002708429517855190e-04	-2.0166789679088645559321761464995262e+00	1.9087439914413867696485110784097980e-05	3.7835556426756366795045162887053573e-03
8.0628405533335228255832710185366273e-04	-2.0016211738960665184808884900131821e+00	1.8706304356627101018774974156745158e-05	3.7455916316483300279435545234561441e-03
8.2242363008115915549538308793573994e-04	-1.9867131589150089874163061484102633e+00	1.8339189036548038406625024056392815e-05	3.7086566619807347254253058912943145e-03
8.3860129691277517855548740167030741e-04	-1.9719508896596789699115386172541048e+00	1.7985388881247218841753303811820749e-05	3.6727097992388374693254323940268848e-03
8.5481470538479493031840774550907442e-04	-1.9573304921394493512697391637713835e+00	1.7644243688595761674087820374402569e-05	3.6377122877157643973830570929244764e-03
8.7106154492263867393877864092255145e-04	-1.9428482432570519712488708872607224e+00	1.7315134696934290858213927544105658e-05	3.6036274065308646181509991248850912e-03
8.8733954373799692616274082940386997e-04	-1.9285005629390841267603657060959756e+00	1.6997481459605608161708071896539246e-05	3.5704203370337367091624764630770043e-03
9.0364646779051073710955160184344174e-04	-1.9142840067759272824802111226808765e+00	1.6690738993580461617124865431515099e-05	3.5380580404875412173301752628972996e-03
9.1998011979132754845318741567461863e-04	-1.9001952591318435945994017191942113e+00	1.6394395174872249952202018191398711e-05	3.5065091451111451419350674331355872e-03
9.3633833824632762388432605769960043e-04	-1.8862311266895065518793838120556487e+00	1.6107968356472936570787899914921366e-05	3.4757438416528428806552919628957259e-03
9.5271899653695911030005723217762762e-04	-1.8723885323963615279951352827781447e+00	1.5831005187206948663559057299938221e-05	3.4457337867510969091576552108417750e-03
9.6912000203675187042235572525489714e-04	-1.8586645097830396404007910180966320e+00	1.5563078612242052577747161782778861e-05	3.4164520134112401773210548829826095e-03
9.8553929526170229791361084521032760e-04	-1.8450561976265985070847210235527257e+00	1.5303786038058612042446002433964298e-05	3.3878728479925055174451048464518576e-03
1.0019748490528342582376129876192175e-03	-1.8315608349336665771455945872895120e+00	1.5052747646497686415635177942414624e-05	3.3599718331580703962130187141536740e-03
1.0184246677893458801881147719152321e-03	-1.8181757562206503415900031149221623e+00	1.4809604844115420186491788333839032e-05	3.3327256562928751262570549612730832e-03
1.0348867866308488652447159501219254e-03	-1.8048983870700494033570509965408039e+00	1.4574018834493068000099524167066972e-05	3.3061120829405262633420459686053952e-03
1.0513592707872969274560010597365240e-03	-1.7917262399436338432414245134531290e+00	1.4345669302412043333524411324363902e-05	3.2801098948522768836305080979026849e-03
1.0678402148152835070963624192084470e-03	-1.7786569102347899018624952762578533e+00	1.4124253199921667936872750221888606e-05	3.2546988322784428360350967064101323e-03
1.0843277419394665440061278607639089e-03	-1.7656880725437499484853080485226892e+00	1.3909483625321230168774764204096258e-05	3.2298595401661596590126082339847070e-03
1.1008200033979503295164883201866848e-03	-1.7528174771607054289365766800234119e+00	1.3701088786962621571914455316180644e-05	3.2055735179575386004752125725541632e-03
1.1173151778105217135376446083330104e-03	-1.7400429467429697693061480930071823e+00	1.3498811044568320791419426094248489e-05	3.1818230727094193766967027143628724e-03
1.1338114705687006207228800485413483e-03	-1.7273623731734234367411504516824761e+00	1.3302406021463239667182103716916431e-05	3.1585912752803735419707440297601508e-03
1.1503071132466232861720169108577289e-03	-1.7147737145884456559867630412367224e+00	1.3111641781747881539493371997177264e-05	3.1358619193526774822457273035969988e-03
1.1668003630318311845818691141592738e-03	-1.7022749925644256866599874986607094e+00	1.2926298067003067835011971688414086e-05	3.1136194830769053756826595161149274e-03
1.1832895021750895960278921318511943e-03	-1.6898642894527591507215725549301967e+00	1.2746165587620757091990365250597396e-05	3.0918490931448171059287486054277998e-03
1.1997728374584073996749204053709345e-03	-1.6775397458539788770612933524063936e+00	1.2571045364307858924145133967139236e-05	3.0705364911125348557142839661656508e-03
1.2162486996804742632389798559247472e-03	-1.6652995582223515595782579415021859e+00	1.2400748115716264996972181607501659e-05	3.0496680018107926960245975169672607e-03
1.2327154431587731293361336249317075e-03	-1.6531419765928969961577916135820214e+00	1.2235093688517701612188191087513894e-05	3.0292305036924634839027255941185555e-03
1.2491714452476649991464623876480268e-03	-1.6410653024233609841787490993115349e+00	1.2073910526570959113692524884630461e-05	3.0092114009797566481593219634208311e-03
1.2656151058717796708833884435729974e-03	-1.6290678865442007618080891575045849e+00	1.1917035176125540391393719202931064e-05	2.9895985974845632794680295047575266e-03
1.2820448470740804813960684695568642e-03	-1.6171481272101274024245902282929359e+00	1.1764311824273294562419498262687469e-05	2.9703804719855119664778167112768332e-03
1.2984591125780033855109035900649421e-03	-1.6053044682471965734162425109878092e+00	1.1615591868101254034023072264914812e-05	2.9515458550544885928526328433523983e-03
1.3148563673631010380633099818683574e-03	-1.5935353972898509692607083841229419e+00	1.1470733512217407770593349642169186e-05	2.9330840072337537556411679319033065e-03
1.3312350972536510547401693279701862e-03	-1.5818394441026975987513151419033361e+00	1.1329601392518941884144428024916451e-05	2.9149845984724411120801973403757987e-03
1.3475938085197144457909484879095894e-03	-1.5702151789821537269284874647334308e+00	1.1192066224251707366868420615961564e-05	2.8972376887382090292800549531641432e-03
1.3639310274901554574542129745940673e-03	-1.5586612112334191573885979934065340e+00	1.1058004472572239603902536029949699e-05	2.8798337097262092599685548327560038e-03
1.3802453001771578266676407111995099e-03	-1.5471761877185319657743735822079533e+00	1.0927298043971249055638771863934489e-05	2.8627634475933863336408705203985568e-03
1.3965351919117948541411350757434038e-03	-1.5357587914715418225379036479002328e+00	1.0799833997051634429499103080429257e-05	2.8460180266514804799656880526104646e-03
1.4127992869902318205111968574782151e-03	-1.5244077403770915430185617278187534e+00	1.0675504271276081559070377721266526e-05	2.8295888939570205860290406863316972e-03
1.4290361883301591945140890546121280e-03	-1.5131217859089351738056697391747034e+00	1.0554205432410400706089939544244345e-05	2.8134678047411027460888958336153688e-03
1.4452445171370738890639187885990640e-03	-1.5018997119251413096702294277719312e+00	1.0435838433489991456215372877496679e-05	2.7976468086258911264226341151974808e-03
1.4614229125800435831671061383120811e-03	-1.4907403335169348389778532613023760e+00	1.0320308390229163659490316553123129e-05	2.7821182365785842337937538583515791e-03
1.4775700314766059118099525702709099e-03	-1.4796424959083202156346169664930405e+00	1.0207524369877340307014782671829397e-05	2.7668746885570910901520084447462278e-03
1.4936845479864701945131493674270572e-03	-1.4686050734038058170278923351213532e+00	1.0097399192603190020098901234369931e-05	2.7519090218048852206043743403266772e-03
1.5097651533137043838712037281012930e-03	-1.4576269683817130324133322466220502e+00	9.9898492445581699890131904580938685e-06	2.7372143397554741005106615079710453e-03
1.5258105554171041216833269346762689e-03	-1.4467071103307064044606913382102177e+00	9.8847943018354214165386850247838130e-06	2.7227839815096597978714244681200206e-03
1.5418194787284542420424769754086104e-03	-1.4358444549273233040985703593778223e+00	9.7821573645990028815954173130896849e-06	2.7086115118512929198975550470349097e-03
1.5577906638784058042966302532216512e-03	-1.4250379831524140653910597406007477e+00	9.6818645007125708685053919196892396e-06	2.6946907117695546864826839176814530e-03
1.5737228674297038172279659210585304e-03	-1.4142867004445269841420267661785220e+00	9.5838446982462696200061288996165874e-06	2.6810155694579573851274092609069200e-03
1.5896148616175122692391744705124929e-03	-1.4035896358883877700445121520279077e+00	9.4880297262861787031720023071026964e-06	2.6675802717622464763370599832977589e-03
1.6054654340965939451780281710553815e-03	-1.3929458414367305595863900264929784e+00	9.3943540035125508137380885275897964e-06	2.6543791960512317192396113084393053e-03
1.6212733876951128235257301943514877e-03	-1.3823543911638380161938867607533474e+00	9.3027544740515835111972305867206541e-06	2.6414069024862821516570673849880219e-03
1.6370375401748366405342988513223049e-03	-1.3718143805492418889958700971373216e+00	9.2131704901409041525949634978776050e-06	2.6286581266668017590815021498407249e-03
1.6527567239975265108704640986598100e-03	-1.3613249257901231532289380460429333e+00	9.1255437011815762062927987941916919e-06	2.6161277726304693771963374301996716e-03
1.6684297860973093357504826112775838e-03	-1.3508851631410329559253982394932180e+00	9.0398179487795007895693862620244748e-06	2.6038109061883870657606612739896501e-03
1.6840555876588371359169748066992208e-03	-1.3404942482796324469545530225726104e+00	8.9559391674068101876638758881632330e-06	2.5917027485765443260981752732008865e-03
1.6996330039010454428789781526642908e-03	-1.3301513556972215622161784659694295e+00	8.8738552903394301917772240001897211e-06	2.5797986704061788311479039241649484e-03
1.7151609238663304907768924573886682e-03	-1.3198556781128942877866314809254702e+00	8.7935161605506067384716788759464573e-06	2.5680941858967048494787957864457797e-03
1.7306382502149721947300664693228018e-03	-1.3096064259102211890871365935593580e+00	8.7148734462620142731508168432773112e-06	2.5565849473758947212117681306945988e-03
1.7460638990246367998855818914047143e-03	-1.2994028265954193310018585067555255e+00	8.6378805608742382079084848852676358e-06	2.5452667400329424839620413275454206e-03
1.7614367995947996576428306788800936e-03	-1.2892441242760254140604595972157890e+00	8.5624925870170879681259436803063527e-06	2.5341354769109174520202932456872815e-03
1.7767558942559348495214323010380662e-03	-1.2791295791591402583745088159184165e+00	8.4886662044774743691116340675088324e-06	2.5231871941259341707099753918377776e-03
1.7920201381833243516056215317576141e-03	-1.2690584670683619120828442070201185e+00	8.4163596217785883397144159883378348e-06	2.5124180463011282373375182141047031e-03
1.8072284992153451291427199204589866e-03	-1.2590300789785708583365816420491887e+00	8.3455325111989502395115691147696703e-06	2.5018243022042391630967290591339261e-03
1.8223799576760979864441618812920248e-03	-1.2490437205677742421033334384962974e+00	8.2761459470336540954968400346813084e-06	2.4914023405782655684503580359195013e-03
1.8374735062022471855887868767000959e-03	-1.2390987117852569184024007766475676e+00	8.2081623469128947329566205289649843e-06	2.4811486461552780689565667831934909e-03
1.8525081495739448015806857604900513e-03	-1.2291943864353256066417348448839771e+00	8.1415454160047163047497517589510299e-06	2.4710598058440544469912864092345082e-03
1.8674829045497185138116123309945414e-03	-1.2193300917759686787729174551845976e+00	8.0762600939399297265880118842752746e-06	2.4611325050827430865633509321875626e-03
1.8823967997052060554392822537686862e-03	-1.2095051881317882578762713235189032e+00	8.0122725043073794993392854685283991e-06	2.4513635243482669065674677926391397e-03
1.8972488752756238644588253648262178e-03	-1.1997190485205934939056318454057601e+00	7.9495499065772573019069599089748294e-06	2.4417497358146536797746422291285138e-03
1.9120381830018616130233550830317261e-03	-1.1899710582930742403648929411328763e+00	7.8880606503190154965265640293126878e-06	2.4322881001529219907502333931147706e-03
1.9267637859800982445775220333548749e-03	-1.1802606147850029964471053732749313e+00	7.8277741315886786520209426328662403e-06	2.4229756634655673053320285576102199e-03
1.9414247585148389306680996274871639e-03	-1.1705871269814400122108936010042248e+00	7.7686607513680315435936076087726555e-06	2.4138095543490816716237954572192804e-03
1.9560201859752759794333555386810983e-03	-1.1609500151924419806787117196731965e+00	7.7106918759453202199736909258210515e-06	2.4047869810783052705511603453394828e-03
1.9705491646548801938086570751104980e-03	-1.1513487107397988542887033735683872e+00	7.6538397991337775720746259535926667e-06	2.3959052289067500669281854393202021e-03
1.9850108016341324970258296927661357e-03	-1.1417826556543461114116554609938068e+00	7.5980777062305121699911399537694181e-06	2.3871616574773567363590121090627630e-03
1.9994042146463088232091195528872193e-03	-1.1322513023834213431631998320302466e+00	7.5433796396241118571475884349795617e-06	2.3785536983384472988844477238704391e-03
2.0137285319462343185631651878422255e-03	-1.1227541135080544074652402315180764e+00	7.4897204659647419732843415210965295e-06	2.3700788525599188094095744035467553e-03
2.0279828921819258202159537577651326e-03	-1.1132905614694996770774400081550575e+00	7.4370758448155899913426422657843869e-06	2.3617346884449892712324408277815277e-03
2.0421664442690443812790083258060201e-03	-1.1038601283047371572177170645274583e+00	7.3854221987092494704385657702241081e-06	2.3535188393330567952713590325237923e-03
2.0562783472680822978450901838871947e-03	-1.0944623053905865281069689434320554e+00	7.3347366845370702116255937234919037e-06	2.3454290014894679831597260405654802e-03
2.0703177702642116718779928139069179e-03	-1.0850965931960945359139421504985516e+00	7.2849971662036501787277970165640575e-06	2.3374629320782125496310962894753917e-03
2.0842838922497240183861582714913832e-03	-1.0757625010428716659621542110854248e+00	7.2361821884825282512928953814234096e-06	2.3296184472137692300875865674627291e-03
2.0981759020089928007650384140562221e-03	-1.0664595468730687349997226262461409e+00	7.1882709520127738036571291130352841e-06	2.3218934200885238891551888178241480e-03
2.1119929980058930593383930788053590e-03	-1.0571872570246979818701583271997649e+00	7.1412432893795766290156356547271760e-06	2.3142857791723652413697995253910196e-03
2.1257343882736144892801948301258451e-03	-1.0479451660140164620720670025701861e+00	7.0950796422251347253896487805616928e-06	2.3067935064812374463148772100854738e-03
2.1393992903068064293829440586397013e-03	-1.0387328163247021026554553454975319e+00	7.0497610393391326122460880375113879e-06	2.2994146359115927266348374119931592e-03
2.1529869309559952464670632732598997e-03	-1.0295497582035646882492109446601829e+00	7.0052690756809127356293009800885985e-06	2.2921472516378417100609970630894721e-03
2.1664965463242165453097834483671435e-03	-1.0203955494625453628879393017611429e+00	6.9615858922880797205112112992414144e-06	2.2849894865700450037774858938280342e-03
2.1799273816658065043304309957814657e-03	-1.0112697552867689795772440682305224e+00	6.9186941570287533881545430409393350e-06	2.2779395208692271184742160347995000e-03
2.1932786912872984362427778402715628e-03	-1.0021719480484238419620903670474513e+00	6.8765770461570123660276965836317798e-06	2.2709955805178237801470295581347264e-03
2.2065497384503724036454885105955413e-03	-9.9310170712625308983155310112401689e-01	6.8352182266332557841391943359948839e-06	2.2641559359428963752750980613514982e-03
2.2197397952768073850804758625693540e-03	-9.8405861873045121045815874850648975e-01	6.7946018391732652558843421332065442e-06	2.2574189006898632124584219567898613e-03
2.2328481426553870903073575474899630e-03	-9.7504227573276793717274481675384391e-01	6.7547124819916816969512789599794067e-06	2.2507828301446068641811412782327399e-03
2.2458740701507120671392138548861976e-03	-9.6605227750163014976097164866219660e-01	6.7155351952074295397718260232818017e-06	2.2442461203019204617204332646451930e-03
2.2588168759138722287452393638104322e-03	-9.5708822974210034138948490765038613e-01	6.6770554458803319821683536463264553e-06	2.2378072065783538143826531710046677e-03
2.2716758665949353623075580366867777e-03	-9.4814974434049778559053779782307891e-01	6.6392591136497719711053976596239349e-06	2.2314645626676129474954689988836630e-03
2.2844503572572085596604476458573064e-03	-9.3923643921351574481564367983260458e-01	6.6021324769477710848268032501094621e-06	2.2252166994367544161371733753288913e-03
2.2971396712932308402651627307479942e-03	-9.3034793816167492845828977558549029e-01	6.5656621997602883100892692417858723e-06	2.2190621638614988471755443058147494e-03
2.3097431403424565186999267487491797e-03	-9.2148387072695995115338959437287518e-01	6.5298353189118884723271765317573010e-06	2.2129995379990668655153193536939102e-03
2.3222601042105901047885386380005270e-03	-9.1264387205449177863463728116652883e-01	6.4946392318502009387706086918105861e-06	2.2070274379970151285150466684684929e-03
2.3346899107905347164724821587220503e-03	-9.0382758275809509452333770404248575e-01	6.4600616849077879964365599346437101e-06	2.2011445131366208658708836970418205e-03
2.3470319159849171353796493468796269e-03	-8.9503464878962519225565296938689152e-01	6.4260907620201734987140706118147233e-06	2.1953494449094303261020588292376047e-03
2.3592854836301537445009535056284711e-03	-8.8626472131192440617961181815355652e-01	6.3927148738798501618805724048438601e-06	2.1896409461256500760792882544562536e-03
2.3714499854220226581158566706708997e-03	-8.7751745657528325810183936960943702e-01	6.3599227475070921802220628141308148e-06	2.1840177600531203845062590854732681e-03
2.3835248008427083876935681502213198e-03	-8.6879251579728642290429168889502285e-01	6.3277034162193522578963284720060239e-06	2.1784786595856671292191241559726424e-03
2.3955093170892863854495564751888311e-03	-8.6008956504592832123294549874678155e-01	6.2960462099819221271157031324618784e-06	2.1730224464396829754049615104679298e-03
2.4074029290036157709987956221598900e-03	-8.5140827512588763995966425735625610e-01	6.2649407461233863103489621195075272e-06	2.1676479503778401404027369112424012e-03
2.4192050390036094774937182472678850e-03	-8.4274832146785437277977867113290439e-01	6.2343769204002032547437948196606029e-06	2.1623540284588860436572600705587415e-03
2.4309150570158519530795682543056548e-03	-8.3410938402080707398264719290279554e-01	6.2043448983955087913883895664262006e-06	2.1571395643125196813079600366889817e-03
2.4425324004095354226968220091663422e-03	-8.2549114714714193761505658402370188e-01	6.1748351072379567414744780267363474e-06	2.1520034674383907987338659805820999e-03
2.4540564939316865554073697837956251e-03	-8.1689329952055906091910439556290362e-01	6.1458382276270928292701787043284750e-06	2.1469446725283059879087262700068838e-03
2.4654867696436561946625377871584392e-03	-8.0831553402661483354690556556730005e-01	6.1173451861524031354298790978876640e-06	2.1419621388107658287873959277647294e-03
2.4768226668588455943603186892581651e-03	-7.9975754766585282065170724735217693e-01	6.0893471478937892557768733707002744e-06	2.1370548494169952371630679477633384e-03
2.4880636320816433632016380162844883e-03	-7.9121904145942878611185399757515467e-01	6.0618355092918011073957836304455041e-06	2.1322218107676653808590963670231778e-03
2.4992091189475480547505201042195443e-03	-7.8269972035714863903481956600135163e-01	6.0348018912765068069509567711201770e-06	2.1274620519795399808719362429883558e-03
2.5102585881644520516864274191901423e-03	-7.7419929314784108910285012705736487e-01	6.0082381326443989796796268755094794e-06	2.1227746242913116174549066061574945e-03
2.5212115074550630809231575352387420e-03	-7.6571747237198967068719088952737564e-01	5.9821362836732298763373517948195229e-06	2.1181586005079249009595540155741238e-03
2.5320673515004403624323710632217347e-03	-7.5725397423655154806097166947777828e-01	5.9564885999651353125017280585301835e-06	2.1136130744627131262546055264813979e-03
2.5428256018846230395884345019580000e-03	-7.4880851853189315024700780043481675e-01	5.9312875365088511380899256304236745e-06	2.1091371604967033856561410094388394e-03
2.5534857470403291634464136113311261e-03	-7.4038082855077520950879399364892189e-01	5.9065257419522470441161313586523086e-06	2.1047299929544721419742512243709580e-03
2.5640472821957041083443557437673871e-03	-7.3197063100932219740833326917729269e-01	5.8821960530768022852890150884424094e-06	2.1003907256959590297527203306282308e-03
2.5745097093220978823196790434544073e-03	-7.2357765596991347162168528157935182e-01	5.8582914894660275304734097116850207e-06	2.0961185316236712243467477317462348e-03
2.5848725370828513637519219071955667e-03	-7.1520163676593566997708470282818003e-01	5.8348052483601976656168682752842477e-06	2.0919126022247341567471761017172581e-03
2.5951352807830720460652892026484362e-03	-7.0684230992833801987666570498725881e-01	5.8117306996901030153600806348416218e-06	2.0877721471272667151440602089650015e-03
2.6052974623203804058913486992856156e-03	-6.9849941511393427557083173893959329e-01	5.7890613812828521070851209662287324e-06	2.0836963936705804169946244318808042e-03
2.6153586101366085274251737129092005e-03	-6.9017269503539695665046594644489561e-01	5.7667909942330687025575672481661532e-06	2.0796845864887224096273917247476817e-03
2.6253182591704331174020366737526515e-03	-6.8186189539289144238142254043507275e-01	5.7449133984331202404189132873372824e-06	2.0757359871069016121076348836392956e-03
2.6351759508109255317470023096287527e-03	-6.7356676480729928171275596120375325e-01	5.7234226082562948888378757496986857e-06	2.0718498735503558924403925340066149e-03
2.6449312328520019070538656059210664e-03	-6.6528705475498181134983679410896913e-01	5.7023127883871108746061402494426511e-06	2.0680255399652359258884253483742055e-03
2.6545836594477569481581568217043854e-03	-6.5702251950403683743084436373991576e-01	5.6815782497931953606291639800130237e-06	2.0642622962510983435389521211891729e-03
2.6641327910686653676856419509843202e-03	-6.4877291605200273315441754672673897e-01	5.6612134458334115735309321646556565e-06	2.0605594677046169943250294728865385e-03
2.6735781944586354050670092749392345e-03	-6.4053800406496583809982921083293592e-01	5.6412129684971427826967476694404753e-06	2.0569163946741366454430595582069886e-03
2.6829194425928992715761678089224616e-03	-6.3231754581802851773750335614160070e-01	5.6215715447698607100591938953692345e-06	2.0533324322247082704673648835384717e-03
2.6921561146367257749203634359639284e-03	-6.2411130613709665638954597861221899e-01	5.6022840331203145799530267039276093e-06	2.0498069498132592545349967073272278e-03
2.7012877959049407722141932713048515e-03	-6.1591905234194671618095410331580856e-01	5.5833454201048758413774971225237908e-06	2.0463393309735654130857259120314127e-03
2.7103140778222414842188786648938388e-03	-6.0774055419053380071410145831744268e-01	5.5647508170847631212710397728123546e-06	2.0429289730107047044604140722275404e-03
2.7192345578842910769191571385301084e-03	-5.9957558382450341757827392080682296e-01	5.5464954570520526783801429522335514e-06	2.0395752867046849452886077073791818e-03
2.7280488396195802792239009399341941e-03	-5.9142391571587084053931770248940286e-01	5.5285746915605519774053539735932478e-06	2.0362776960229497376621125563284309e-03
2.7367565325520431581794785260168196e-03	-5.8328532661483313240504246532934457e-01	5.5109839877577784213498596482443027e-06	2.0330356378414782138346573912639163e-03
2.7453572521644145159293864963173956e-03	-5.7515959549868000509476236568853367e-01	5.4937189255144421715390274443603914e-06	2.0298485616742051215371752637086550e-03
2.7538506198623167060788728065852206e-03	-5.6704650352177076622792211006849117e-01	5.4767751946479817323625705152773893e-06	2.0267159294104982336461026528165404e-03
2.7622362629390639914554467289794087e-03	-5.5894583396654563337039716744455044e-01	5.4601485922368439430809433824151819e-06	2.0236372150604400914143451237760459e-03
2.7705138145411728808093998858254355e-03	-5.5085737219554068963715803772933562e-01	5.4438350200223365438860712174997057e-06	2.0206119045076707011961705905973635e-03
2.7786829136345671890751201846895613e-03	-5.4278090560437670926633356941771307e-01	5.4278304818950118910294500825944965e-06	2.0176394952695570199538987470039477e-03
2.7867432049714668647052456580765968e-03	-5.3471622357569300059652845645323948e-01	5.4121310814626649919112404477268694e-06	2.0147194962644639032300016177689001e-03
2.7946943390579499185760413427885880e-03	-5.2666311743399829806903665738738167e-01	5.3967330196971481047460835733224713e-06	2.0118514275859096681801806425975282e-03
2.8025359721221770723139943227635595e-03	-5.1862138040141158584370234237389436e-01	5.3816325926573179724376219024960402e-06	2.0090348202833975602922938885675194e-03
2.8102677660832690198708926852499567e-03	-5.1059080755426655470124129632499767e-01	5.3668261892855405956327311008856754e-06	2.0062692161497222213360493347249051e-03
2.8178893885208264650285602917489413e-03	-5.0257119578055418238396745773019731e-01	5.3523102892752825408434313433781524e-06	2.0035541675145577528900506515451652e-03
2.8254005126450833594869291576844735e-03	-4.9456234373817868662072471235877597e-01	5.3380814610074173582986059022938308e-06	2.0008892370441411687271275154958934e-03
2.8328008172676840215135835856218652e-03	-4.8656405181400283095446878719695558e-01	5.3241363595529709708705637215084779e-06	1.9982739975468719439572476993782279e-03
2.8400899867730750640343762688255735e-03	-4.7857612208365926725357824058778775e-01	5.3104717247401210985390117428157941e-06	1.9957080317846550120191449334767338e-03
2.8472677110905033037403459584006679e-03	-4.7059835827210527650150719758202641e-01	5.2970843792833531000663138617539859e-06	1.9931909322898209446402864141318730e-03
2.8543336856666110594855171956947700e-03	-4.6263056571489892213688272445117616e-01	5.2839712269727582322741779344593246e-06	1.9907223011874631864204286234166339e-03
2.8612876114386204791555175681292177e-03	-4.5467255132017525882510736506327949e-01	5.2711292509215404252774248656327677e-06	1.9883017500230381158461984045311500e-03
2.8681291948080987594936154525256895e-03	-4.4672412353130184500710063314742466e-01	5.2585555118698744178686323194838179e-06	1.9859288995950793788911050710906024e-03
2.8748581476152963432673841931334982e-03	-4.3878509229019339077385572607613043e-01	5.2462471465433316509737615204365735e-06	1.9836033797928833999722921810844555e-03
2.8814741871140503928279503176886194e-03	-4.3085526900126593440051671796655780e-01	5.2342013660641608306034416315773635e-06	1.9813248294390282275208225064902435e-03
2.8879770359472460487307510503033943e-03	-4.2293446649601148204673334273409872e-01	5.2224154544137776892255814433033296e-06	1.9790928961365929269235648063978577e-03
2.8943664221228281868220839642541558e-03	-4.1502249899817456646143838798533919e-01	5.2108867669448833329553567000805536e-06	1.9769072361209496008312482805142933e-03
2.9006420789903565872140013034581401e-03	-4.0711918208951268275617259282002500e-01	5.1996127289416927915275844240572575e-06	1.9747675141160048041129729733337008e-03
2.9068037452180976240303850410111626e-03	-3.9922433267612304313543135993950421e-01	5.1885908342268151123473702215934203e-06	1.9726734031947716360020955754103319e-03
2.9128511647706457758632390032905087e-03	-3.9133776895531855856802270555290665e-01	5.1778186438133836765609360876351499e-06	1.9706245846441581427872614465339276e-03
2.9187840868870684436792675581554325e-03	-3.8345931038303640439334071358781859e-01	5.1672937846010904758279286531240630e-06	1.9686207478338618579752184146196754e-03
2.9246022660595677456068092913249332e-03	-3.7558877764176295939579123474045788e-01	5.1570139481148309796281653205346177e-06	1.9666615900892643500810270516786364e-03
2.9303054620126531367517031654694188e-03	-3.6772599260895932453743508167494911e-01	5.1469768892847170456567609917847698e-06	1.9647468165682235476676442670460272e-03
2.9358934396828188770728266533184408e-03	-3.5987077832597202887558847173587582e-01	5.1371804252662641764275731476851652e-06	1.9628761401416653732469885787173178e-03
2.9413659691987205415247806280471336e-03	-3.5202295896741391674641143189626046e-01	5.1276224342996063952746734647029527e-06	1.9610492812778798481750953270968106e-03
2.9467228258618449342733742476284555e-03	-3.4418235981100058258170352991723139e-01	5.1183008546066371918064180681896024e-06	1.9592659679304303354659396754025726e-03
2.9519637901276679329321690216499915e-03	-3.3634880720782807823603920602120688e-01	5.1092136833250184536859172268731072e-06	1.9575259354295879720010799491794165e-03
2.9570886475872949495746318752625442e-03	-3.2852212855307796290536600076243065e-01	5.1003589754780411376347223399710040e-06	1.9558289263772066111754417443061574e-03
2.9620971889495788528621044194680026e-03	-3.2070215225713609806607124171822228e-01	5.0917348429793617133327375294114610e-06	1.9541746905449567566163115686910230e-03
2.9669892100237103501050729016535706e-03	-3.1288870771711190978545338808012990e-01	5.0833394536716772114642459102802299e-06	1.9525629847758400220504381362178633e-03
2.9717645117022759795530849407573135e-03	-3.0508162528874514866185420784640899e-01	5.0751710303984390902704289704942958e-06	1.9509935728889086062759817632491198e-03
2.9764228999447790117929159914301382e-03	-2.9728073625868747393873941349745506e-01	5.0672278501077421692081532507643781e-06	1.9494662255871171299306277814112686e-03
2.9809641857616187049280275042735477e-03	-2.8948587281714647337781857733001894e-01	5.0595082429875596263081577125203179e-06	1.9479807203682369465588247406398384e-03
2.9853881851985235013148679126082659e-03	-2.8169686803088000463138715114437775e-01	5.0520105916315285773862233922753550e-06	1.9465368414387657184191043964496517e-03
2.9896947193214338941402559869295399e-03	-2.7391355581652900746711038285540930e-01	5.0447333302345231075394526510431352e-06	1.9451343796307676414198756970140831e-03
2.9938836142018308301333997086345076e-03	-2.6613577091427718959789385617290595e-01	5.0376749438172828629871447766039359e-06	1.9437731323215822172542699438949834e-03
2.9979547009025056503079368666324635e-03	-2.5836334886182623236914305389347807e-01	5.0308339674793954865366699186979615e-06	1.9424529033563419077970831262041693e-03
3.0019078154637677039131859998019541e-03	-2.5059612596867539645543503332559513e-01	5.0242089856799603427552455237021204e-06	1.9411735029732413705629788168635228e-03
3.0057427988900859018266772443194812e-03	-2.4283393929069463230477882021087537e-01	5.0177986315452891771565621639171625e-06	1.9399347477315032678033128570095891e-03
3.0094594971371606045268603417959721e-03	-2.3507662660498051561466264195905264e-01	5.0116015862030266331910668024992380e-06	1.9387364604419878688096057980658646e-03
3.0130577610994223666283852409443230e-03	-2.2732402638498453489097507360737141e-01	5.0056165781420999554695386736047506e-06	1.9375784701003958282437199742165256e-03
3.0165374465979541848231916350488156e-03	-2.1957597777590345637768059685774147e-01	4.9998423825979327795484446773498354e-06	1.9364606118230156257618552097555132e-03
3.0198984143688340190275381068517333e-03	-2.1183232057032168158935152482821560e-01	4.9942778209623826881452758439083994e-06	1.9353827267849691966659371166485547e-03
3.0231405300518944776648853198827689e-03	-2.0409289518409569455674344386863378e-01	4.9889217602178862395942703489877276e-06	1.9343446621609112725226081140409000e-03
3.0262636641798966773922662929706962e-03	-1.9635754263247086992330161997304277e-01	4.9837731123953184839264776238947109e-06	1.9333462710681398872594347782244892e-03
3.0292676921681154052767663199290844e-03	-1.8862610450642107941325046354384441e-01	4.9788308340550966109432494046062408e-06	1.9323874125120773907097011656620155e-03
3.0321524943043328275207011074937858e-03	-1.8089842294920169312525632836776731e-01	4.9740939257910793574606984184639207e-06	1.9314679513340831503727922461584907e-03
3.0349179557392381033891755331492863e-03	-1.7317434063310672377547744249032069e-01	4.9695614317568351706540297966747694e-06	1.9305877581615609156448810313198283e-03
3.0375639664772303760805981699424079e-03	-1.6545370073642100659676222990346960e-01	4.9652324392138729130251453453003978e-06	1.9297467093603255692338107099962857e-03
3.0400904213676227239666810525584453e-03	-1.5773634692055844526450053930250609e-01	4.9611060781014491327048628879326241e-06	1.9289446869891957001076339573764102e-03
3.0424972200962447659793940150982326e-03	-1.5002212330737748512316595076707016e-01	4.9571815206275856402492311116453745e-06	1.9281815787567801032728466193321678e-03
3.0447842671774417240029212943600360e-03	-1.4231087445666509928150194018481547e-01	4.9534579808809503584443478409600929e-06	1.9274572779804279460042150538531611e-03
3.0469514719464678530023328598488909e-03	-1.3460244534378069097104434849979791e-01	4.9499347144632731725829148999353449e-06	1.9267716835473139398590271735381781e-03
3.0489987485522722563497410495015071e-03	-1.2689668133745142705677756399511613e-01	4.9466110181419868320042172260307088e-06	1.9261246998776314248515552921308796e-03
3.0509260159506752094543930281320789e-03	-1.1919342817771062287705660267208532e-01	4.9434862295228008653373638657459264e-06	1.9255162368898678084301787170495034e-03
3.0527331978979332194256622517412995e-03	-1.1149253195397089779189493616123374e-01	4.9405597267419339970033493506109651e-06	1.9249462099681383092297745656678055e-03
3.0544202229446911521565003090550460e-03	-1.0379383908322391404646096677780038e-01	4.9378309281777477155218592629925116e-06	1.9244145399315554357568566932685399e-03
3.0559870244303198609679469745506892e-03	-9.6097196288358598915214369950637728e-02	4.9352992921815404687494724383394209e-06	1.9239211530056130849503196359193803e-03
3.0574335404776378528602805406498901e-03	-8.8402450576589831679719867742872722e-02	4.9329643168272784704190115041626724e-06	1.9234659807955655766499739870017947e-03
3.0587597139880156295300443218328554e-03	-8.0709449217989652901239394356079028e-02	4.9308255396800553187295291630365569e-06	1.9230489602617833490624101555496664e-03
3.0599654926368614406904972485595719e-03	-7.3018039724113123762581092308290186e-02	4.9288825375830885731737369489707240e-06	1.9226700336970684289666676522807713e-03
3.0610508288694872869313155122302852e-03	-6.5328069826711028050790534128535888e-02	4.9271349264630771316952103394955528e-06	1.9223291487059141602445802436599699e-03
3.0620156798973541084262997732291298e-03	-5.7639387456521668705209121461102886e-02	4.9255823611537587175834245324442985e-06	1.9220262581856950269153887414782218e-03
3.0628600076946951942995242392922771e-03	-4.9951840722134064830106248377116516e-02	4.9242245352375220447544192630121961e-06	1.9217613203097737437357963851858413e-03
3.0635837789955169454443807121174917e-03	-4.2265277888914903727339535800650910e-02	4.9230611809049433013537243101829280e-06	1.9215342985125141101038603281280588e-03
3.0641869652909762211094282809971327e-03	-3.4579547357991645896147755658960995e-02	4.9220920688321314947308008507393544e-06	1.9213451614761894329635035420232752e-03
3.0646695428271335966725379156054976e-03	-2.6894497645284219122170955838391210e-02	4.9213170080757819552325144063371059e-06	1.9211938831197776231107651880744856e-03
3.0650314926030819567728241545025244e-03	-1.9209977360577770778237440414724011e-02	4.9207358459858519211327630460645670e-06	1.9210804425896353581996121681307895e-03
3.0652728003694499444102581988756334e-03	-1.1525835186628975321720594419933581e-02	4.9203484681357866413019327794191980e-06	1.9210048242520449862646775828171761e-03
3.0653934566272798828073520032098171e-03	-3.8419198582984167280194147701265444e-03	4.9201547982702388546642298585717162e-06	1.9209670176876291171375261396554884e-03
3.0653934566272798828073520032098171e-03	3.8419198582984167280194147701265444e-03	4.9201547982702388546642298585717162e-06	1.9209670176876291171375261396554884e-03
3.0652728003694499444102581988756334e-03	1.1525835186628975321720594419933581e-02	4.9203484681357866413019327794191980e-06	1.9210048242520449862646775828171761e-03
3.0650314926030819567728241545025244e-03	1.9209977360577770778237440414724011e-02	4.9207358459858519211327630460645670e-06	1.9210804425896353581996121681307895e-03
3.0646695428271335966725379156054976e-03	2.6894497645284219122170955838391210e-02	4.9213170080757819552325144063371059e-06	1.9211938831197776231107651880744856e-03
3.0641869652909762211094282809971327e-03	3.4579547357991645896147755658960995e-02	4.9220920688321314947308008507393544e-06	1.9213451614761894329635035420232752e-03
3.0635837789955169454443807121174917e-03	4.2265277888914903727339535800650910e-02	4.9230611809049433013537243101829280e-06	1.9215342985125141101038603281280588e-03
3.0628600076946951942995242392922771e-03	4.9951840722134064830106248377116516e-02	4.9242245352375220447544192630121961e-06	1.9217613203097737437357963851858413e-03
3.0620156798973541084262997732291298e-03	5.7639387456521668705209121461102886e-02	4.9255823611537587175834245324442985e-06	1.9220262581856950269153887414782218e-03
3.0610508288694872869313155122302852e-03	6.5328069826711028050790534128535888e-02	4.9271349264630771316952103394955528e-06	1.9223291487059141602445802436599699e-03
3.0599654926368614406904972485595719e-03	7.3018039724113123762581092308290186e-02	4.9288825375830885731737369489707240e-06	1.9226700336970684289666676522807713e-03
3.0587597139880156295300443218328554e-03	8.0709449217989652901239394356079028e-02	4.9308255396800553187295291630365569e-06	1.9230489602617833490624101555496664e-03
3.0574335404776378528602805406498901e-03	8.8402450576589831679719867742872722e-02	4.9329643168272784704190115041626724e-06	1.9234659807955655766499739870017947e-03
3.0559870244303198609679469745506892e-03	9.6097196288358598915214369950637728e-02	4.9352992921815404687494724383394209e-06	1.9239211530056130849503196359193803e-03
3.0544202229446911521565003090550460e-03	1.0379383908322391404646096677780038e-01	4.9378309281777477155218592629925116e-06	1.9244145399315554357568566932685399e-03
3.0527331978979332194256622517412995e-03	1.1149253195397089779189493616123374e-01	4.9405597267419339970033493506109651e-06	1.9249462099681383092297745656678055e-03
3.0509260159506752094543930281320789e-03	1.1919342817771062287705660267208532e-01	4.9434862295228008653373638657459264e-06	1.9255162368898678084301787170495034e-03
3.0489987485522722563497410495015071e-03	1.2689668133745142705677756399511613e-01	4.9466110181419868320042172260307088e-06	1.9261246998776314248515552921308796e-03
3.0469514719464678530023328598488909e-03	1.3460244534378069097104434849979791e-01	4.9499347144632731725829148999353449e-06	1.9267716835473139398590271735381781e-03
3.0447842671774417240029212943600360e-03	1.4231087445666509928150194018481547e-01	4.9534579808809503584443478409600929e-06	1.9274572779804279460042150538531611e-03
3.0424972200962447659793940150982326e-03	1.5002212330737748512316595076707016e-01	4.9571815206275856402492311116453745e-06	1.9281815787567801032728466193321678e-03
3.0400904213676227239666810525584453e-03	1.5773634692055844526450053930250609e-01	4.9611060781014491327048628879326241e-06	1.9289446869891957001076339573764102e-03
3.0375639664772303760805981699424079e-03	1.6545370073642100659676222990346960e-01	4.9652324392138729130251453453003978e-06	1.9297467093603255692338107099962857e-03
3.0349179557392381033891755331492863e-03	1.7317434063310672377547744249032069e-01	4.9695614317568351706540297966747694e-06	1.9305877581615609156448810313198283e-03
3.0321524943043328275207011074937858e-03	1.8089842294920169312525632836776731e-01	4.9740939257910793574606984184639207e-06	1.9314679513340831503727922461584907e-03
3.0292676921681154052767663199290844e-03	1.8862610450642107941325046354384441e-01	4.9788308340550966109432494046062408e-06	1.9323874125120773907097011656620155e-03
3.0262636641798966773922662929706962e-03	1.9635754263247086992330161997304277e-01	4.9837731123953184839264776238947109e-06	1.9333462710681398872594347782244892e-03
3.0231405300518944776648853198827689e-03	2.0409289518409569455674344386863378e-01	4.9889217602178862395942703489877276e-06	1.9343446621609112725226081140409000e-03
3.0198984143688340190275381068517333e-03	2.1183232057032168158935152482821560e-01	4.9942778209623826881452758439083994e-06	1.9353827267849691966659371166485547e-03
3.0165374465979541848231916350488156e-03	2.1957597777590345637768059685774147e-01	4.9998423825979327795484446773498354e-06	1.9364606118230156257618552097555132e-03
3.0130577610994223666283852409443230e-03	2.2732402638498453489097507360737141e-01	5.0056165781420999554695386736047506e-06	1.9375784701003958282437199742165256e-03
3.0094594971371606045268603417959721e-03	2.3507662660498051561466264195905264e-01	5.0116015862030266331910668024992380e-06	1.9387364604419878688096057980658646e-03
3.0057427988900859018266772443194812e-03	2.4283393929069463230477882021087537e-01	5.0177986315452891771565621639171625e-06	1.9399347477315032678033128570095891e-03
3.0019078154637677039131859998019541e-03	2.5059612596867539645543503332559513e-01	5.0242089856799603427552455237021204e-06	1.9411735029732413705629788168635228e-03
2.9979547009025056503079368666324635e-03	2.5836334886182623236914305389347807e-01	5.0308339674793954865366699186979615e-06	1.9424529033563419077970831262041693e-03
2.9938836142018308301333997086345076e-03	2.6613577091427718959789385617290595e-01	5.0376749438172828629871447766039359e-06	1.9437731323215822172542699438949834e-03
2.9896947193214338941402559869295399e-03	2.7391355581652900746711038285540930e-01	5.0447333302345231075394526510431352e-06	1.9451343796307676414198756970140831e-03
2.9853881851985235013148679126082659e-03	2.8169686803088000463138715114437775e-01	5.0520105916315285773862233922753550e-06	1.9465368414387657184191043964496517e-03
2.9809641857616187049280275042735477e-03	2.8948587281714647337781857733001894e-01	5.0595082429875596263081577125203179e-06	1.9479807203682369465588247406398384e-03
2.9764228999447790117929159914301382e-03	2.9728073625868747393873941349745506e-01	5.0672278501077421692081532507643781e-06	1.9494662255871171299306277814112686e-03
2.9717645117022759795530849407573135e-03	3.0508162528874514866185420784640899e-01	5.0751710303984390902704289704942958e-06	1.9509935728889086062759817632491198e-03
2.9669892100237103501050729016535706e-03	3.1288870771711190978545338808012990e-01	5.0833394536716772114642459102802299e-06	1.9525629847758400220504381362178633e-03
2.9620971889495788528621044194680026e-03	3.2070215225713609806607124171822228e-01	5.0917348429793617133327375294114610e-06	1.9541746905449567566163115686910230e-03
2.9570886475872949495746318752625442e-03	3.2852212855307796290536600076243065e-01	5.1003589754780411376347223399710040e-06	1.9558289263772066111754417443061574e-03
2.9519637901276679329321690216499915e-03	3.3634880720782807823603920602120688e-01	5.1092136833250184536859172268731072e-06	1.9575259354295879720010799491794165e-03
2.9467228258618449342733742476284555e-03	3.4418235981100058258170352991723139e-01	5.1183008546066371918064180681896024e-06	1.9592659679304303354659396754025726e-03
2.9413659691987205415247806280471336e-03	3.5202295896741391674641143189626046e-01	5.1276224342996063952746734647029527e-06	1.9610492812778798481750953270968106e-03
2.9358934396828188770728266533184408e-03	3.5987077832597202887558847173587582e-01	5.1371804252662641764275731476851652e-06	1.9628761401416653732469885787173178e-03
2.9303054620126531367517031654694188e-03	3.6772599260895932453743508167494911e-01	5.1469768892847170456567609917847698e-06	1.9647468165682235476676442670460272e-03
2.9246022660595677456068092913249332e-03	3.7558877764176295939579123474045788e-01	5.1570139481148309796281653205346177e-06	1.9666615900892643500810270516786364e-03
2.9187840868870684436792675581554325e-03	3.8345931038303640439334071358781859e-01	5.1672937846010904758279286531240630e-06	1.9686207478338618579752184146196754e-03
2.9128511647706457758632390032905087e-03	3.9133776895531855856802270555290665e-01	5.1778186438133836765609360876351499e-06	1.9706245846441581427872614465339276e-03
2.9068037452180976240303850410111626e-03	3.9922433267612304313543135993950421e-01	5.1885908342268151123473702215934203e-06	1.9726734031947716360020955754103319e-03
2.9006420789903565872140013034581401e-03	4.0711918208951268275617259282002500e-01	5.1996127289416927915275844240572575e-06	1.9747675141160048041129729733337008e-03
2.8943664221228281868220839642541558e-03	4.1502249899817456646143838798533919e-01	5.2108867669448833329553567000805536e-06	1.9769072361209496008312482805142933e-03
2.8879770359472460487307510503033943e-03	4.2293446649601148204673334273409872e-01	5.2224154544137776892255814433033296e-06	1.9790928961365929269235648063978577e-03
2.8814741871140503928279503176886194e-03	4.3085526900126593440051671796655780e-01	5.2342013660641608306034416315773635e-06	1.9813248294390282275208225064902435e-03
2.8748581476152963432673841931334982e-03	4.3878509229019339077385572607613043e-01	5.2462471465433316509737615204365735e-06	1.9836033797928833999722921810844555e-03
2.8681291948080987594936154525256895e-03	4.4672412353130184500710063314742466e-01	5.2585555118698744178686323194838179e-06	1.9859288995950793788911050710906024e-03
2.8612876114386204791555175681292177e-03	4.5467255132017525882510736506327949e-01	5.2711292509215404252774248656327677e-06	1.9883017500230381158461984045311500e-03
2.8543336856666110594855171956947700e-03	4.6263056571489892213688272445117616e-01	5.2839712269727582322741779344593246e-06	1.9907223011874631864204286234166339e-03
2.8472677110905033037403459584006679e-03	4.7059835827210527650150719758202641e-01	5.2970843792833531000663138617539859e-06	1.9931909322898209446402864141318730e-03
2.8400899867730750640343762688255735e-03	4.7857612208365926725357824058778775e-01	5.3104717247401210985390117428157941e-06	1.9957080317846550120191449334767338e-03
2.8328008172676840215135835856218652e-03	4.8656405181400283095446878719695558e-01	5.3241363595529709708705637215084779e-06	1.9982739975468719439572476993782279e-03
2.8254005126450833594869291576844735e-03	4.9456234373817868662072471235877597e-01	5.3380814610074173582986059022938308e-06	2.0008892370441411687271275154958934e-03
2.8178893885208264650285602917489413e-03	5.0257119578055418238396745773019731e-01	5.3523102892752825408434313433781524e-06	2.0035541675145577528900506515451652e-03
2.8102677660832690198708926852499567e-03	5.1059080755426655470124129632499767e-01	5.3668261892855405956327311008856754e-06	2.0062692161497222213360493347249051e-03
2.8025359721221770723139943227635595e-03	5.1862138040141158584370234237389436e-01	5.3816325926573179724376219024960402e-06	2.0090348202833975602922938885675194e-03
2.7946943390579499185760413427885880e-03	5.2666311743399829806903665738738167e-01	5.3967330196971481047460835733224713e-06	2.0118514275859096681801806425975282e-03
2.7867432049714668647052456580765968e-03	5.3471622357569300059652845645323948e-01	5.4121310814626649919112404477268694e-06	2.0147194962644639032300016177689001e-03
2.7786829136345671890751201846895613e-03	5.4278090560437670926633356941771307e-01	5.4278304818950118910294500825944965e-06	2.0176394952695570199538987470039477e-03
2.7705138145411728808093998858254355e-03	5.5085737219554068963715803772933562e-01	5.4438350200223365438860712174997057e-06	2.0206119045076707011961705905973635e-03
2.7622362629390639914554467289794087e-03	5.5894583396654563337039716744455044e-01	5.4601485922368439430809433824151819e-06	2.0236372150604400914143451237760459e-03
2.7538506198623167060788728065852206e-03	5.6704650352177076622792211006849117e-01	5.4767751946479817323625705152773893e-06	2.0267159294104982336461026528165404e-03
2.7453572521644145159293864963173956e-03	5.7515959549868000509476236568853367e-01	5.4937189255144421715390274443603914e-06	2.0298485616742051215371752637086550e-03
2.7367565325520431581794785260168196e-03	5.8328532661483313240504246532934457e-01	5.5109839877577784213498596482443027e-06	2.0330356378414782138346573912639163e-03
2.7280488396195802792239009399341941e-03	5.9142391571587084053931770248940286e-01	5.5285746915605519774053539735932478e-06	2.0362776960229497376621125563284309e-03
2.7192345578842910769191571385301084e-03	5.9957558382450341757827392080682296e-01	5.5464954570520526783801429522335514e-06	2.0395752867046849452886077073791818e-03
2.7103140778222414842188786648938388e-03	6.0774055419053380071410145831744268e-01	5.5647508170847631212710397728123546e-06	2.0429289730107047044604140722275404e-03
2.7012877959049407722141932713048515e-03	6.1591905234194671618095410331580856e-01	5.5833454201048758413774971225237908e-06	2.0463393309735654130857259120314127e-03
2.6921561146367257749203634359639284e-03	6.2411130613709665638954597861221899e-01	5.6022840331203145799530267039276093e-06	2.0498069498132592545349967073272278e-03
2.6829194425928992715761678089224616e-03	6.3231754581802851773750335614160070e-01	5.6215715447698607100591938953692345e-06	2.0533324322247082704673648835384717e-03
2.6735781944586354050670092749392345e-03	6.4053800406496583809982921083293592e-01	5.6412129684971427826967476694404753e-06	2.0569163946741366454430595582069886e-03
2.6641327910686653676856419509843202e-03	6.4877291605200273315441754672673897e-01	5.6612134458334115735309321646556565e-06	2.0605594677046169943250294728865385e-03
2.6545836594477569481581568217043854e-03	6.5702251950403683743084436373991576e-01	5.6815782497931953606291639800130237e-06	2.0642622962510983435389521211891729e-03
2.6449312328520019070538656059210664e-03	6.6528705475498181134983679410896913e-01	5.7023127883871108746061402494426511e-06	2.0680255399652359258884253483742055e-03
2.6351759508109255317470023096287527e-03	6.7356676480729928171275596120375325e-01	5.7234226082562948888378757496986857e-06	2.0718498735503558924403925340066149e-03
2.6253182591704331174020366737526515e-03	6.8186189539289144238142254043507275e-01	5.7449133984331202404189132873372824e-06	2.0757359871069016121076348836392956e-03
2.6153586101366085274251737129092005e-03	6.9017269503539695665046594644489561e-01	5.7667909942330687025575672481661532e-06	2.0796845864887224096273917247476817e-03
2.6052974623203804058913486992856156e-03	6.9849941511393427557083173893959329e-01	5.7890613812828521070851209662287324e-06	2.0836963936705804169946244318808042e-03
2.5951352807830720460652892026484362e-03	7.0684230992833801987666570498725881e-01	5.8117306996901030153600806348416218e-06	2.0877721471272667151440602089650015e-03
2.5848725370828513637519219071955667e-03	7.1520163676593566997708470282818003e-01	5.8348052483601976656168682752842477e-06	2.0919126022247341567471761017172581e-03
2.5745097093220978823196790434544073e-03	7.2357765596991347162168528157935182e-01	5.8582914894660275304734097116850207e-06	2.0961185316236712243467477317462348e-03
2.5640472821957041083443557437673871e-03	7.3197063100932219740833326917729269e-01	5.8821960530768022852890150884424094e-06	2.1003907256959590297527203306282308e-03
2.5534857470403291634464136113311261e-03	7.4038082855077520950879399364892189e-01	5.9065257419522470441161313586523086e-06	2.1047299929544721419742512243709580e-03
2.5428256018846230395884345019580000e-03	7.4880851853189315024700780043481675e-01	5.9312875365088511380899256304236745e-06	2.1091371604967033856561410094388394e-03
2.5320673515004403624323710632217347e-03	7.5725397423655154806097166947777828e-01	5.9564885999651353125017280585301835e-06	2.1136130744627131262546055264813979e-03
2.5212115074550630809231575352387420e-03	7.6571747237198967068719088952737564e-01	5.9821362836732298763373517948195229e-06	2.1181586005079249009595540155741238e-03
2.5102585881644520516864274191901423e-03	7.7419929314784108910285012705736487e-01	6.0082381326443989796796268755094794e-06	2.1227746242913116174549066061574945e-03
2.4992091189475480547505201042195443e-03	7.8269972035714863903481956600135163e-01	6.0348018912765068069509567711201770e-06	2.1274620519795399808719362429883558e-03
2.4880636320816433632016380162844883e-03	7.9121904145942878611185399757515467e-01	6.0618355092918011073957836304455041e-06	2.1322218107676653808590963670231778e-03
2.4768226668588455943603186892581651e-03	7.9975754766585282065170724735217693e-01	6.0893471478937892557768733707002744e-06	2.1370548494169952371630679477633384e-03
2.4654867696436561946625377871584392e-03	8.0831553402661483354690556556730005e-01	6.1173451861524031354298790978876640e-06	2.1419621388107658287873959277647294e-03
2.4540564939316865554073697837956251e-03	8.1689329952055906091910439556290362e-01	6.1458382276270928292701787043284750e-06	2.1469446725283059879087262700068838e-03
2.4425324004095354226968220091663422e-03	8.2549114714714193761505658402370188e-01	6.1748351072379567414744780267363474e-06	2.1520034674383907987338659805820999e-03
2.4309150570158519530795682543056548e-03	8.3410938402080707398264719290279554e-01	6.2043448983955087913883895664262006e-06	2.1571395643125196813079600366889817e-03
2.4192050390036094774937182472678850e-03	8.4274832146785437277977867113290439e-01	6.2343769204002032547437948196606029e-06	2.1623540284588860436572600705587415e-03
2.4074029290036157709987956221598900e-03	8.5140827512588763995966425735625610e-01	6.2649407461233863103489621195075272e-06	2.1676479503778401404027369112424012e-03
2.3955093170892863854495564751888311e-03	8.6008956504592832123294549874678155e-01	6.2960462099819221271157031324618784e-06	2.1730224464396829754049615104679298e-03
2.3835248008427083876935681502213198e-03	8.6879251579728642290429168889502285e-01	6.3277034162193522578963284720060239e-06	2.1784786595856671292191241559726424e-03
2.3714499854220226581158566706708997e-03	8.7751745657528325810183936960943702e-01	6.3599227475070921802220628141308148e-06	2.1840177600531203845062590854732681e-03
2.3592854836301537445009535056284711e-03	8.8626472131192440617961181815355652e-01	6.3927148738798501618805724048438601e-06	2.1896409461256500760792882544562536e-03
2.3470319159849171353796493468796269e-03	8.9503464878962519225565296938689152e-01	6.4260907620201734987140706118147233e-06	2.1953494449094303261020588292376047e-03
2.3346899107905347164724821587220503e-03	9.0382758275809509452333770404248575e-01	6.4600616849077879964365599346437101e-06	2.2011445131366208658708836970418205e-03
2.3222601042105901047885386380005270e-03	9.1264387205449177863463728116652883e-01	6.4946392318502009387706086918105861e-06	2.2070274379970151285150466684684929e-03
2.3097431403424565186999267487491797e-03	9.2148387072695995115338959437287518e-01	6.5298353189118884723271765317573010e-06	2.2129995379990668655153193536939102e-03
2.2971396712932308402651627307479942e-03	9.3034793816167492845828977558549029e-01	6.5656621997602883100892692417858723e-06	2.2190621638614988471755443058147494e-03
2.2844503572572085596604476458573064e-03	9.3923643921351574481564367983260458e-01	6.6021324769477710848268032501094621e-06	2.2252166994367544161371733753288913e-03
2.2716758665949353623075580366867777e-03	9.4814974434049778559053779782307891e-01	6.6392591136497719711053976596239349e-06	2.2314645626676129474954689988836630e-03
2.2588168759138722287452393638104322e-03	9.5708822974210034138948490765038613e-01	6.6770554458803319821683536463264553e-06	2.2378072065783538143826531710046677e-03
2.2458740701507120671392138548861976e-03	9.6605227750163014976097164866219660e-01	6.7155351952074295397718260232818017e-06	2.2442461203019204617204332646451930e-03
2.2328481426553870903073575474899630e-03	9.7504227573276793717274481675384391e-01	6.7547124819916816969512789599794067e-06	2.2507828301446068641811412782327399e-03
2.2197397952768073850804758625693540e-03	9.8405861873045121045815874850648975e-01	6.7946018391732652558843421332065442e-06	2.2574189006898632124584219567898613e-03
2.2065497384503724036454885105955413e-03	9.9310170712625308983155310112401689e-01	6.8352182266332557841391943359948839e-06	2.2641559359428963752750980613514982e-03
2.1932786912872984362427778402715628e-03	1.0021719480484238419620903670474513e+00	6.8765770461570123660276965836317798e-06	2.2709955805178237801470295581347264e-03
2.1799273816658065043304309957814657e-03	1.0112697552867689795772440682305224e+00	6.9186941570287533881545430409393350e-06	2.2779395208692271184742160347995000e-03
2.1664965463242165453097834483671435e-03	1.0203955494625453628879393017611429e+00	6.9615858922880797205112112992414144e-06	2.2849894865700450037774858938280342e-03
2.1529869309559952464670632732598997e-03	1.0295497582035646882492109446601829e+00	7.0052690756809127356293009800885985e-06	2.2921472516378417100609970630894721e-03
2.1393992903068064293829440586397013e-03	1.0387328163247021026554553454975319e+00	7.0497610393391326122460880375113879e-06	2.2994146359115927266348374119931592e-03
2.1257343882736144892801948301258451e-03	1.0479451660140164620720670025701861e+00	7.0950796422251347253896487805616928e-06	2.3067935064812374463148772100854738e-03
2.1119929980058930593383930788053590e-03	1.0571872570246979818701583271997649e+00	7.1412432893795766290156356547271760e-06	2.3142857791723652413697995253910196e-03
2.0981759020089928007650384140562221e-03	1.0664595468730687349997226262461409e+00	7.1882709520127738036571291130352841e-06	2.3218934200885238891551888178241480e-03
2.0842838922497240183861582714913832e-03	1.0757625010428716659621542110854248e+00	7.2361821884825282512928953814234096e-06	2.3296184472137692300875865674627291e-03
2.0703177702642116718779928139069179e-03	1.0850965931960945359139421504985516e+00	7.2849971662036501787277970165640575e-06	2.3374629320782125496310962894753917e-03
2.0562783472680822978450901838871947e-03	1.0944623053905865281069689434320554e+00	7.3347366845370702116255937234919037e-06	2.3454290014894679831597260405654802e-03
2.0421664442690443812790083258060201e-03	1.1038601283047371572177170645274583e+00	7.3854221987092494704385657702241081e-06	2.3535188393330567952713590325237923e-03
2.0279828921819258202159537577651326e-03	1.1132905614694996770774400081550575e+00	7.4370758448155899913426422657843869e-06	2.3617346884449892712324408277815277e-03
2.0137285319462343185631651878422255e-03	1.1227541135080544074652402315180764e+00	7.4897204659647419732843415210965295e-06	2.3700788525599188094095744035467553e-03
1.9994042146463088232091195528872193e-03	1.1322513023834213431631998320302466e+00	7.5433796396241118571475884349795617e-06	2.3785536983384472988844477238704391e-03
1.9850108016341324970258296927661357e-03	1.1417826556543461114116554609938068e+00	7.5980777062305121699911399537694181e-06	2.3871616574773567363590121090627630e-03
1.9705491646548801938086570751104980e-03	1.1513487107397988542887033735683872e+00	7.6538397991337775720746259535926667e-06	2.3959052289067500669281854393202021e-03
1.9560201859752759794333555386810983e-03	1.1609500151924419806787117196731965e+00	7.7106918759453202199736909258210515e-06	2.4047869810783052705511603453394828e-03
1.9414247585148389306680996274871639e-03	1.1705871269814400122108936010042248e+00	7.7686607513680315435936076087726555e-06	2.4138095543490816716237954572192804e-03
1.9267637859800982445775220333548749e-03	1.1802606147850029964471053732749313e+00	7.8277741315886786520209426328662403e-06	2.4229756634655673053320285576102199e-03
1.9120381830018616130233550830317261e-03	1.1899710582930742403648929411328763e+00	7.8880606503190154965265640293126878e-06	2.4322881001529219907502333931147706e-03
1.8972488752756238644588253648262178e-03	1.1997190485205934939056318454057601e+00	7.9495499065772573019069599089748294e-06	2.4417497358146536797746422291285138e-03
1.8823967997052060554392822537686862e-03	1.2095051881317882578762713235189032e+00	8.0122725043073794993392854685283991e-06	2.4513635243482669065674677926391397e-03
1.8674829045497185138116123309945414e-03	1.2193300917759686787729174551845976e+00	8.0762600939399297265880118842752746e-06	2.4611325050827430865633509321875626e-03
1.8525081495739448015806857604900513e-03	1.2291943864353256066417348448839771e+00	8.1415454160047163047497517589510299e-06	2.4710598058440544469912864092345082e-03
1.8374735062022471855887868767000959e-03	1.2390987117852569184024007766475676e+00	8.2081623469128947329566205289649843e-06	2.4811486461552780689565667831934909e-03
1.8223799576760979864441618812920248e-03	1.2490437205677742421033334384962974e+00	8.2761459470336540954968400346813084e-06	2.4914023405782655684503580359195013e-03
1.8072284992153451291427199204589866e-03	1.2590300789785708583365816420491887e+00	8.3455325111989502395115691147696703e-06	2.5018243022042391630967290591339261e-03
1.7920201381833243516056215317576141e-03	1.2690584670683619120828442070201185e+00	8.4163596217785883397144159883378348e-06	2.5124180463011282373375182141047031e-03
1.7767558942559348495214323010380662e-03	1.2791295791591402583745088159184165e+00	8.4886662044774743691116340675088324e-06	2.5231871941259341707099753918377776e-03
1.7614367995947996576428306788800936e-03	1.2892441242760254140604595972157890e+00	8.5624925870170879681259436803063527e-06	2.5341354769109174520202932456872815e-03
1.7460638990246367998855818914047143e-03	1.2994028265954193310018585067555255e+00	8.6378805608742382079084848852676358e-06	2.5452667400329424839620413275454206e-03
1.7306382502149721947300664693228018e-03	1.3096064259102211890871365935593580e+00	8.7148734462620142731508168432773112e-06	2.5565849473758947212117681306945988e-03
1.7151609238663304907768924573886682e-03	1.3198556781128942877866314809254702e+00	8.7935161605506067384716788759464573e-06	2.5680941858967048494787957864457797e-03
1.6996330039010454428789781526642908e-03	1.3301513556972215622161784659694295e+00	8.8738552903394301917772240001897211e-06	2.5797986704061788311479039241649484e-03
1.6840555876588371359169748066992208e-03	1.3404942482796324469545530225726104e+00	8.9559391674068101876638758881632330e-06	2.5917027485765443260981752732008865e-03
1.6684297860973093357504826112775838e-03	1.3508851631410329559253982394932180e+00	9.0398179487795007895693862620244748e-06	2.6038109061883870657606612739896501e-03
1.6527567239975265108704640986598100e-03	1.3613249257901231532289380460429333e+00	9.1255437011815762062927987941916919e-06	2.6161277726304693771963374301996716e-03
1.6370375401748366405342988513223049e-03	1.3718143805492418889958700971373216e+00	9.2131704901409041525949634978776050e-06	2.6286581266668017590815021498407249e-03
1.6212733876951128235257301943514877e-03	1.3823543911638380161938867607533474e+00	9.3027544740515835111972305867206541e-06	2.6414069024862821516570673849880219e-03
1.6054654340965939451780281710553815e-03	1.3929458414367305595863900264929784e+00	9.3943540035125508137380885275897964e-06	2.6543791960512317192396113084393053e-03
1.5896148616175122692391744705124929e-03	1.4035896358883877700445121520279077e+00	9.4880297262861787031720023071026964e-06	2.6675802717622464763370599832977589e-03
1.5737228674297038172279659210585304e-03	1.4142867004445269841420267661785220e+00	9.5838446982462696200061288996165874e-06	2.6810155694579573851274092609069200e-03
1.5577906638784058042966302532216512e-03	1.4250379831524140653910597406007477e+00	9.6818645007125708685053919196892396e-06	2.6946907117695546864826839176814530e-03
1.5418194787284542420424769754086104e-03	1.4358444549273233040985703593778223e+00	9.7821573645990028815954173130896849e-06	2.7086115118512929198975550470349097e-03
1.5258105554171041216833269346762689e-03	1.4467071103307064044606913382102177e+00	9.8847943018354214165386850247838130e-06	2.7227839815096597978714244681200206e-03
1.5097651533137043838712037281012930e-03	1.4576269683817130324133322466220502e+00	9.9898492445581699890131904580938685e-06	2.7372143397554741005106615079710453e-03
1.4936845479864701945131493674270572e-03	1.4686050734038058170278923351213532e+00	1.0097399192603190020098901234369931e-05	2.7519090218048852206043743403266772e-03
1.4775700314766059118099525702709099e-03	1.4796424959083202156346169664930405e+00	1.0207524369877340307014782671829397e-05	2.7668746885570910901520084447462278e-03
1.4614229125800435831671061383120811e-03	1.4907403335169348389778532613023760e+00	1.0320308390229163659490316553123129e-05	2.7821182365785842337937538583515791e-03
1.4452445171370738890639187885990640e-03	1.5018997119251413096702294277719312e+00	1.0435838433489991456215372877496679e-05	2.7976468086258911264226341151974808e-03
1.4290361883301591945140890546121280e-03	1.5131217859089351738056697391747034e+00	1.0554205432410400706089939544244345e-05	2.8134678047411027460888958336153688e-03
1.4127992869902318205111968574782151e-03	1.5244077403770915430185617278187534e+00	1.0675504271276081559070377721266526e-05	2.8295888939570205860290406863316972e-03
1.3965351919117948541411350757434038e-03	1.5357587914715418225379036479002328e+00	1.0799833997051634429499103080429257e-05	2.8460180266514804799656880526104646e-03
1.3802453001771578266676407111995099e-03	1.5471761877185319657743735822079533e+00	1.0927298043971249055638771863934489e-05	2.8627634475933863336408705203985568e-03
1.3639310274901554574542129745940673e-03	1.5586612112334191573885979934065340e+00	1.1058004472572239603902536029949699e-05	2.8798337097262092599685548327560038e-03
1.3475938085197144457909484879095894e-03	1.5702151789821537269284874647334308e+00	1.1192066224251707366868420615961564e-05	2.8972376887382090292800549531641432e-03
1.3312350972536510547401693279701862e-03	1.5818394441026975987513151419033361e+00	1.1329601392518941884144428024916451e-05	2.9149845984724411120801973403757987e-03
1.3148563673631010380633099818683574e-03	1.5935353972898509692607083841229419e+00	1.1470733512217407770593349642169186e-05	2.9330840072337537556411679319033065e-03
1.2984591125780033855109035900649421e-03	1.6053044682471965734162425109878092e+00	1.1615591868101254034023072264914812e-05	2.9515458550544885928526328433523983e-03
1.2820448470740804813960684695568642e-03	1.6171481272101274024245902282929359e+00	1.1764311824273294562419498262687469e-05	2.9703804719855119664778167112768332e-03
1.2656151058717796708833884435729974e-03	1.6290678865442007618080891575045849e+00	1.1917035176125540391393719202931064e-05	2.9895985974845632794680295047575266e-03
1.2491714452476649991464623876480268e-03	1.6410653024233609841787490993115349e+00	1.2073910526570959113692524884630461e-05	3.0092114009797566481593219634208311e-03
1.2327154431587731293361336249317075e-03	1.6531419765928969961577916135820214e+00	1.2235093688517701612188191087513894e-05	3.0292305036924634839027255941185555e-03
1.2162486996804742632389798559247472e-03	1.6652995582223515595782579415021859e+00	1.2400748115716264996972181607501659e-05	3.0496680018107926960245975169672607e-03
1.1997728374584073996749204053709345e-03	1.6775397458539788770612933524063936e+00	1.2571045364307858924145133967139236e-05	3.0705364911125348557142839661656508e-03
1.1832895021750895960278921318511943e-03	1.6898642894527591507215725549301967e+00	1.2746165587620757091990365250597396e-05	3.0918490931448171059287486054277998e-03
1.1668003630318311845818691141592738e-03	1.7022749925644256866599874986607094e+00	1.2926298067003067835011971688414086e-05	3.1136194830769053756826595161149274e-03
1.1503071132466232861720169108577289e-03	1.7147737145884456559867630412367224e+00	1.3111641781747881539493371997177264e-05	3.1358619193526774822457273035969988e-03
1.1338114705687006207228800485413483e-03	1.7273623731734234367411504516824761e+00	1.3302406021463239667182103716916431e-05	3.1585912752803735419707440297601508e-03
1.1173151778105217135376446083330104e-03	1.7400429467429697693061480930071823e+00	1.3498811044568320791419426094248489e-05	3.1818230727094193766967027143628724e-03
1.1008200033979503295164883201866848e-03	1.7528174771607054289365766800234119e+00	1.3701088786962621571914455316180644e-05	3.2055735179575386004752125725541632e-03
1.0843277419394665440061278607639089e-03	1.7656880725437499484853080485226892e+00	1.3909483625321230168774764204096258e-05	3.2298595401661596590126082339847070e-03
1.0678402148152835070963624192084470e-03	1.7786569102347899018624952762578533e+00	1.4124253199921667936872750221888606e-05	3.2546988322784428360350967064101323e-03
1.0513592707872969274560010597365240e-03	1.7917262399436338432414245134531290e+00	1.4345669302412043333524411324363902e-05	3.2801098948522768836305080979026849e-03
1.0348867866308488652447159501219254e-03	1.8048983870700494033570509965408039e+00	1.4574018834493068000099524167066972e-05	3.3061120829405262633420459686053952e-03
1.0184246677893458801881147719152321e-03	1.8181757562206503415900031149221623e+00	1.4809604844115420186491788333839032e-05	3.3327256562928751262570549612730832e-03
1.0019748490528342582376129876192175e-03	1.8315608349336665771455945872895120e+00	1.5052747646497686415635177942414624e-05	3.3599718331580703962130187141536740e-03
9.8553929526170229791361084521032760e-04	1.8450561976265985070847210235527257e+00	1.5303786038058612042446002433964298e-05	3.3878728479925055174451048464518576e-03
9.6912000203675187042235572525489714e-04	1.8586645097830396404007910180966320e+00	1.5563078612242052577747161782778861e-05	3.4164520134112401773210548829826095e-03
9.5271899653695911030005723217762762e-04	1.8723885323963615279951352827781447e+00	1.5831005187206948663559057299938221e-05	3.4457337867510969091576552108417750e-03
9.3633833824632762388432605769960043e-04	1.8862311266895065518793838120556487e+00	1.6107968356472936570787899914921366e-05	3.4757438416528428806552919628957259e-03
9.1998011979132754845318741567461863e-04	1.9001952591318435945994017191942113e+00	1.6394395174872249952202018191398711e-05	3.5065091451111451419350674331355872e-03
9.0364646779051073710955160184344174e-04	1.9142840067759272824802111226808765e+00	1.6690738993580461617124865431515099e-05	3.5380580404875412173301752628972996e-03
8.8733954373799692616274082940386997e-04	1.9285005629390841267603657060959756e+00	1.6997481459605608161708071896539246e-05	3.5704203370337367091624764630770043e-03
8.7106154492263867393877864092255145e-04	1.9428482432570519712488708872607224e+00	1.7315134696934290858213927544105658e-05	3.6036274065308646181509991248850912e-03
8.5481470538479493031840774550907442e-04	1.9573304921394493512697391637713835e+00	1.7644243688595761674087820374402569e-05	3.6377122877157643973830570929244764e-03
8.3860129691277517855548740167030741e-04	1.9719508896596789699115386172541048e+00	1.7985388881247218841753303811820749e-05	3.6727097992388374693254323940268848e-03
8.2242363008115915549538308793573994e-04	1.9867131589150089874163061484102633e+00	1.8339189036548038406625024056392815e-05	3.7086566619807347254253058912943145e-03
8.0628405533335228255832710185366273e-04	2.0016211738960665184808884900131821e+00	1.8706304356627101018774974156745158e-05	3.7455916316483300279435545234561441e-03
7.9018496411090533002708429517855190e-04	2.0166789679088645559321761464995262e+00	1.9087439914413867696485110784097980e-05	3.7835556426756366795045162887053573e-03
7.7412879003230983237678807000258548e-04	2.0318907425968178879128895869521195e+00	1.9483349423568629928467231137838568e-05	3.8225919645742769194669840701924089e-03
7.5811801012417987084225606925121083e-04	2.0472608776150443804711378422233684e+00	1.9894839387290636603376261237330865e-05	3.8627463720128471789943795117534092e-03
7.4215514610794771752104854340622014e-04	2.0627939410146629535774523014579024e+00	2.0322773670499155659606551478305356e-05	3.9040673300573983545996663894871107e-03
7.2624276574543737177765143909023784e-04	2.0784947004008666028462340975372538e+00	2.0768078545883706925921344920239054e-05	3.9466061961790311159598077222786746e-03
7.1038348424693832347753334669835311e-04	2.0943681349353577757537896371293736e+00	2.1231748271238059757442459720127640e-05	3.9904174408325213078346071640331340e-03
6.9457996574568432000017336987966109e-04	2.1104194482613881606128531300298650e+00	2.1714851263485283686179522266618498e-05	4.0355588886357282324814119909936622e-03
6.7883492484295116614847267210936381e-04	2.1266540824382657852902682062174222e+00	2.2218536944055263178014383556119109e-05	4.0820919824377528164028612713029744e-03
6.6315112822832666209479398196494086e-04	2.1430777329819188932724536030934332e+00	2.2744043341014952474550393707185726e-05	4.1300820728596523041053808430102097e-03
6.4753139638007809184513743235303673e-04	2.1596963651191008390166751852418029e+00	2.3292705545842531743529496991427781e-05	4.1795987362311848108187012327538326e-03
6.3197860535095207286830636630546814e-04	2.1765162313752727025982835729638207e+00	2.3865965137300331380218217212326504e-05	4.2307161242378971394858262273485933e-03
6.1649568864519244664664735302545738e-04	2.1935438906303319822745595002990399e+00	2.4465380701884076304939943297482787e-05	4.2835133490436084450828204502182812e-03
6.0108563919305921101935184295069503e-04	2.2107862287924262049629759729923891e+00	2.5092639600273896176634317071547730e-05	4.3380749081743734770843854878120583e-03
5.8575151142968094464007731623018827e-04	2.2282504812584046725135756852985073e+00	2.5749571152650299398507624444478612e-05	4.3944911540537462613771122807293860e-03
5.7049642348568123433184226104279649e-04	2.2459442573503792815743672691359442e+00	2.6438161443351954120573977255859458e-05	4.4528588137804803323951221431488782e-03
5.5532355949769370774647534053109488e-04	2.2638755669418111010588376660637479e+00	2.7160569977977938038793266203304154e-05	4.5132815655565665512348213095937000e-03
5.4023617204762890941605776226793059e-04	2.2820528495140163694349539515582736e+00	2.7919148464698034531184931160455771e-05	4.5758706791272680832180866561917758e-03
5.2523758474038922801136665411489368e-04	2.3004850059155918033109345972782542e+00	2.8716462037486330835812320200962957e-05	4.6407457287116203750311488188224058e-03
5.1033119493065667305579293522192658e-04	2.3191814331337074759314919567929092e+00	2.9555313293782843707909478206216228e-05	4.7080353882133423435895710032547952e-03
4.9552047661041555612420060010560833e-04	2.3381520624283585616127391928934207e+00	3.0438769584628425099191436987984914e-05	4.7778783200467614474239871228523461e-03
4.8080898347003317370864201147419332e-04	2.3574074012295278592926575385355189e+00	3.1370194073985343459346997818061421e-05	4.8504241707372569566946662769933929e-03
4.6620035214702398694809516145464857e-04	2.3769585792540207599923098628463090e+00	3.2353281178711351960379528401918987e-05	4.9258346886186192382358892387263300e-03
4.5169830567808702550812947941976513e-04	2.3968173993649812600502784327970158e+00	3.3392097115206838808280818682663141e-05	5.0042849815217365432662960098464692e-03
4.3730665717165624755534900393126351e-04	2.4169963937745863829446444399250015e+00	3.4491126417766039686987928514041749e-05	5.0859649354181239537813035078087339e-03
4.2302931372006743550763864230661403e-04	2.4375088862813439838241780515841330e+00	3.5655325463025704576450343023172165e-05	5.1710808186572625749194642516536902e-03
4.0887028057255592033615130687154738e-04	2.4583690613404708494462364046824697e+00	3.6890184242096867391792899234176745e-05	5.2598571008548273657390001866900070e-03
3.9483366559269598419886955255838002e-04	2.4795920408923005304593427437382908e+00	3.8201797876528854411192962067120317e-05	5.3525385208204812977725072217479932e-03
3.8092368402662136297936274224903469e-04	2.5011939700236270633785326138385653e+00	3.9596949688425657111173956476242343e-05	5.4493924443741350174875418746242426e-03
3.6714466361148174782548709174661519e-04	2.5231921127153640691943829181929400e+00	4.1083208024591012023931355816067403e-05	5.5507115607606985594193274259430178e-03
3.5350105005715807593421313076587475e-04	2.5456049591431504913480320143434762e+00	4.2669039519979848256137130870754759e-05	5.6568169759818099185907523323104756e-03
3.3999741293835819712004466625552259e-04	2.5684523462533948309729061033556345e+00	4.4363942093669504375168475715089733e-05	5.7680617731619881897323003337805034e-03
3.2663845203893864680302960086915784e-04	2.5917555936455619576614230284555921e+00	4.6178601736066602260977148854991647e-05	5.8848351246263263726197710748817649e-03
3.1342900419576188242288505903001766e-04	2.6155376571647103773634738619574997e+00	4.8125078115418238118480149282409997e-05	6.0075670584252638980103871219531838e-03
3.0037405069574001634767416838231402e-04	2.6398233030621956387928080877995886e+00	5.0217025266466445456335639777045235e-05	6.1367340045605156371481318720939577e-03
2.8747872528710484856436998220320342e-04	2.6646393061372873567211357229517159e+00	5.2469955206760143143256052372985054e-05	6.2728652744054098918529395160194443e-03
2.7474832287458714029385314124949031e-04	2.6900146759542228133408043272680634e+00	5.4901554368072167788156658837219355e-05	6.4165506624370440884314623274781240e-03
2.6218830897834108371637025202371675e-04	2.7159809160716451581275217216862150e+00	5.7532065383079903456063882180080945e-05	6.5684494046204805442455318766268087e-03
2.4980433004842955947867471212151592e-04	2.7425723222684181130917923533659854e+00	6.0384750238865657429975549989629784e-05	6.7293007855738366961948400939827761e-03
2.3760222474088703322907599266028375e-04	2.7698263270592550392700682130166931e+00	6.3486455386699173789116381946312810e-05	6.8999367610072680240873495225605445e-03
2.2558803627829551726851472494412131e-04	2.7977838994419812668634290447258836e+00	6.6868305484178950813801913222864968e-05	7.0812970583339860564300414623544022e-03
2.1376802603807111636469270680024153e-04	2.8264900109077743202983637992299387e+00	7.0566560608766868023189301087150608e-05	7.2744473443158608841205177165150535e-03
2.0214868853606096479998732651378921e-04	2.8559941814141021196205778759194086e+00	7.4623682830658303374213620940846629e-05	7.4806012145727083717166006733459705e-03
1.9073676800261403308472884802619632e-04	2.8863511224545727978174850257882770e+00	7.9089673135525863382432693062296101e-05	7.7011469804086862460668441847878448e-03
1.7953927678433379872433626347597662e-04	2.9176214988177387633313077905249807e+00	8.4023760548490532671057518624789850e-05	7.9376805244865357385002954727947143e-03
1.6856351584896557568496170785167701e-04	2.9498728364651282969195084935138843e+00	8.9496554449738977812480982520510391e-05	8.1920458982659592636497614185334211e-03
1.5781709772557755214141848996678407e-04	2.9831806116787508180586698473884233e+00	9.5592812266447533958626961839891662e-05	8.4663858842206968493760217322995910e-03
1.4730797228036505190898994649505783e-04	3.0176295669425787683180052567000025e+00	1.0241503371941690471199388789364679e-04	8.7632055086189616637616006253595743e-03
1.3704445581407182896065625766596440e-04	3.0533153129571278446514262503591164e+00	1.1008817847154692591806677507772909e-04	9.0854525617179957719607295065454966e-03
1.2703526407564945512003256736447184e-04	3.0903462952398508264936264144697400e+00	1.1876593031792481271569379528018699e-04	9.4366207068057994913500820825739625e-03
1.1728954992588021976266564493858371e-04	3.1288462301591163421896651128882726e+00	1.2863912030440378919779129755027377e-04	9.8208829619265124859916162172423467e-03
1.0781694656473199536325553444101593e-04	3.1689571523372398344083004836309383e+00	1.3994720983511536541957009310511739e-04	1.0243266571236903890217975002508346e-02
9.8627617471971884207641253709384956e-05	3.2108432682836335692438786519113644e+00	1.5299418381459003498896526374182471e-04	1.0709885113173587566048627978813342e-02
8.9732314523242078361985429671145134e-05	3.2546958879402598333427381168782203e+00	1.6817091726934830537574311523713178e-04	1.1228251049266335683923092523286344e-02
8.1142446164350447501136616119891554e-05	3.3007398194337886655359180910028883e+00	1.8598723945349500297982815018231736e-04	1.1807703362408121338488606101401720e-02
7.2870158101008836258620506252841448e-05	3.3492417838715956574637283115132805e+00	2.0711885745073143854400326158871656e-04	1.2460003162676288223898636284060521e-02
6.4928429759659287503078812441902200e-05	3.4005216720805237594749541625393105e+00	2.3247763335734855512221204823577167e-04	1.3200179945776888288924192260762253e-02
5.7331190906263661086812839937572578e-05	3.4549678854910298240907711741366696e+00	2.6331962899364380971078408326698999e-04	1.4047761383258393367291642676142560e-02
5.0093464447952959941683981210331386e-05	3.5130586896064838146402663646976810e+00	3.0141624735846235619592355247522525e-04	1.5028606910228954621125352097224117e-02
4.3231543873514493325616705050682800e-05	3.5753926668558265074786645081768043e+00	3.4933479840009384031622521704221595e-04	1.6177723402066000205751075025197117e-02
3.6763217500199170235255689830452602e-05	3.6427333872287964005613171294564825e+00	4.1091724147174588930367813972501314e-04	1.7543739777955308260429404886498964e-02
3.0708057548935236285742071844155336e-05	3.7160771405133656230473092839452326e+00	4.9213662752316366470956279904329400e-04	1.9196310911441848677176546275599790e-02
2.5087801665527429271731004825186933e-05	3.7967597737717779738676870742216478e+00	6.0271865174400978416289685217406841e-04	2.1238974660024386340378369564554390e-02
1.9926870963066912250620688221537176e-05	3.8866334966833077701465996071114620e+00	7.5943271344542681782339973306239652e-04	2.3832832289608389209789405584631818e-02
1.5253098477761691673695381314819536e-05	3.9883774634747794250425049307927231e+00	9.9338075490639892697219236701579372e-04	2.7243491647802100601234663867451664e-02
1.1098799709169648073556069353870055e-05	4.1060866473464141643430366254595657e+00	1.3680816005442218102261383927709511e-03	3.1943376915189967790167516302483681e-02
7.5024386763246601894175826216364624e-06	4.2465079006738654095000314545618663e+00	2.0318677122451852645040656049987269e-03	3.8865051810616211618030626534318300e-02
4.5114276407685518180206397068576465e-06	4.4220345403805322968846334117382173e+00	3.4086713670566548843117849063134489e-03	5.0154638547933308147586412736226273e-02
2.1873352673995422602079480889959602e-06	4.6597606782266391976128018058137636e+00	7.2220884108637554376547790890558807e-03	7.2179938236378845756618442177287378e-02
6.1342634326951938856465246397664246e-07	5.0427409890289890568736044895307829e+00	3.4364744362964324587924510929226553e-02	1.3848732215694548342010798571165226e-01
0.0000000000000000000000000000000000e+00	0.0000000000000000000000000000000000e+00	8.5217399670508946385034307885614192e-06	2.3526766782046596160600252489294890e-03