6.1038839301365602220512482327088537e-07	-5.0436916024860592690547962807487823e+00	3.4353310705264851973087747003870313e-02	1.3846365462452612746814928307841427e-01
2.1765735685016190729592470088173711e-06	-4.6607789403325035831622389915533476e+00	7.2194096208441528077882596936902628e-03	7.2166470920969790229739408546301255e-02
4.4893508408171875970573587128248995e-06	-4.4230985447706361668719358333350231e+00	3.4073135460415221258190530804045072e-03	5.0144618928238728974006367361058578e-02
7.4658945213826170687952975476372234e-06	-4.2476078864948051754750184534089321e+00	2.0310115978347727518302776711377754e-03	3.8856848692044711483385741848250519e-02
1.1044959093483315387377059786797661e-05	-4.1072169330411417678145175401488682e+00	1.3674775244742103653407411632586217e-03	3.1936315412969053703773034318492601e-02
1.5179380777775238875876214099235423e-05	-3.9895342790091441361055365965778813e+00	9.9292399807529105801653148576314870e-04	2.7237222216556728514121658175505420e-02
1.9830896900318636087774630702211151e-05	-3.8878141346683540129983325148163888e+00	7.5907077230559712712709117325656600e-04	2.3827148571667595330714263618684842e-02
2.4967360939076735122447859216615944e-05	-3.7979621838646740089804192373330172e+00	6.0242196064223096416165441042471392e-04	2.1233743800444909340078761149637740e-02
3.0561085249469992051528526180840039e-05	-3.7172997094728256262430673004695686e+00	4.9188711136369548468023023906522844e-04	1.9191441915654515450219671917721020e-02
3.6587776163861343609464658255907513e-05	-3.6439748086102579369196252445866346e+00	4.1070314982722011473963469615541017e-04	1.7539167354815873795963735638272969e-02
4.3025809371737162727190822515998136e-05	-3.5766518585735466623897388568335372e+00	3.4914811891248719884836230987926406e-04	1.6173398972673087677609039743288801e-02
4.9855714604359320463481400936918322e-05	-3.5143347390610823057585608526248514e+00	3.0125130380556805470406199326362495e-04	1.5024493262777980748763097540056524e-02
5.7059796121369026339371190625925506e-05	-3.4562600115346215272446902519041483e+00	2.6317227235451150357666023094803433e-04	1.4043829324399276256373221704336502e-02
6.4621845156470216337312437113588179e-05	-3.4018291977651892732814536441727111e+00	2.3234475072123208379241959212894928e-04	1.3196406111278719894928930461581466e-02
7.2526916850160835701908843496033302e-05	-3.3505641163779172675770205201540260e+00	2.0699806106393617890365710559170229e-04	1.2456368534389977147163091456612598e-02
8.0761153742378705388466066864031964e-05	-3.3020764349385877472354462822437568e+00	1.8587666271447528159130784362261042e-04	1.1804192233140670814221987294356397e-02
8.9311643721671644849124318249402947e-05	-3.2560463199774797979115232732484220e+00	1.6806907676586678916026412919779455e-04	1.1224850281532480427241253915338067e-02
9.8166304019446158399788772280723494e-05	-3.2122070986353059144951460775824279e+00	1.5289988354227186904415973715660687e-04	1.0706583596479860273705537650218127e-02
1.0731378525612179689506972073311583e-04	-3.1703340037954201431312350621391013e+00	1.3985947315805636620495088973119989e-04	1.0240054816936052860270040148731722e-02
1.1674339117541030830402136689954267e-04	-3.1302357606968367322999828056332901e+00	1.2855714063561020069255278630982867e-04	9.8177527955468260983938440449957953e-03
1.2644501082821581219601626578965725e-04	-3.0917481932604621350089024021535924e+00	1.1868903472135997999182418052811062e-04	9.4335650308203397371808112322251988e-03
1.3640906076185499422892535905355105e-04	-3.0547292933809536915524698535713789e+00	1.1001580036547124528912786728418919e-04	9.0824651701186684387665026843785382e-03
1.4662643534175197953245438248691042e-04	-3.0190553679521509213304085710848660e+00	1.0234669210730418971392168005070871e-04	8.7602809401950018612978770080104986e-03
1.5708846375109762643402856725392757e-04	-2.9846179919881217216288842751781839e+00	9.5528095726607670324985456524842096e-05	8.4635193051676272824572078290280181e-03
1.6778687252499371667551927583677009e-04	-2.9513215730106611140731808496481314e+00	8.9435108645805986727228567668204707e-05	8.1892330073094534587066004751550137e-03
1.7871375271012003962658731896219302e-04	-2.9190813847911442252701267325389809e+00	8.3965278380244329974718469723221743e-05	7.9349174754932794697791387860465998e-03
1.8986153092005791633247167980803921e-04	-2.8878219656163181712413436425882441e+00	7.9033886894262563869700859641553524e-05	7.6984303187256468660192860450961472e-03
2.0122294369477610700095610473677759e-04	-2.8574758026383723170303805680541872e+00	7.4570357893721668945120075794609127e-05	7.4779278242507921304946647611828058e-03
2.1279101468084076695947791473376376e-04	-2.8279822429200995067654700463740183e+00	7.0515490328273487897286450760752552e-05	7.2718144040418220269099853116894641e-03
2.2455903423412474504409184423585191e-04	-2.7992865857182865684682844670452800e+00	6.6819307011248575770857431720333919e-05	7.0787020043882595463000016825030458e-03
2.3652054111460338741389426379172326e-04	-2.7713393208610239360569516531719232e+00	6.3439366235108809106914848242968474e-05	6.8973772559346979532394076122535828e-03
2.4866930599724252174436949841965245e-04	-2.7440954857933148972828285845231581e+00	6.0339425438013676076706308412382234e-05	6.7267746915333988066000705224871003e-03
2.6099931656699640095287806624994659e-04	-2.7175141197026216825155110556388055e+00	5.7488375104267813385404249248674379e-05	6.5659547605931547466293972902329903e-03
2.7350476400178835046432012562155847e-04	-2.6915577975930677132234626461267673e+00	5.4859381933698798604848525253424660e-05	6.4140856646351181665256612518966227e-03
2.8618003067675507855679138958149753e-04	-2.6661922306109310314472477842127411e+00	5.2429195411393712853962072049343059e-05	6.2704282593540144359042693841450244e-03
2.9901967894730959286745106838809730e-04	-2.6413859215919885813662181538821185e+00	5.0177582953555585098662836147412908e-05	6.1343234344220650603748895028664310e-03
3.1201844088873323220622729422105034e-04	-2.6171098668904423195492934476120211e+00	4.8086866964798874177409997584675277e-05	6.0051815082162926614329874612881510e-03
3.2517120888683695639100106570576026e-04	-2.5933372971972584861032965941343113e+00	4.6141543226267966772591990403981498e-05	5.8824732710388457213691816700233911e-03
3.3847302698835864602224065304476529e-04	-2.5700434513649734895106688407987603e+00	4.4327964609940735877577048490890781e-05	5.7657223847516003192649961897157900e-03
3.5191908293167983329492376738906179e-04	-2.5472053783028841008244605180533999e+00	4.2634077584406766946448822286946169e-05	5.6544989045251606640957265468814239e-03
3.6550470078854493680324616186254265e-04	-2.5248017628488196475547423016426721e+00	4.1049201628991425604386506700924625e-05	5.5484137336175237227266992078833823e-03
3.7922533415606378792400366195765272e-04	-2.5028127722053515600057440218729380e+00	3.9563843714156485223560946327163696e-05	5.4471138577157667244073058487660737e-03
3.9307655984562817838082470762222892e-04	-2.4812199200830312018301667673729351e+00	3.8169541588102537791946578019111224e-05	5.3502782336084700755599415617312531e-03
4.0705407202168151131921291652471075e-04	-2.4600059461470757309138277546815184e+00	3.6858730843734946433672391814427678e-05	5.2576142294712671709442459997847507e-03
4.2115367674871555709881776179395870e-04	-2.4391547087370603803107560335186131e+00	3.5624631709086794845679817779253813e-05	5.1688545321032339222976437813642732e-03
4.3537128690956763875662096047955443e-04	-2.4186510891374337624530302878288420e+00	3.4461152269460654823503444189658531e-05	5.0837544510089880181152411941473557e-03
4.4970291746216883500684755435005172e-04	-2.3984809059324884317090877195463673e+00	3.3362805437220139379824459582600115e-05	5.0020895610182902947514398185276684e-03
4.6414468100544293679688184754043581e-04	-2.3786308381926331222481886271699326e+00	3.2324637470349684006083739705505219e-05	4.9236536347417321049736395804901816e-03
4.7869278362815500565056374304865158e-04	-2.3590883564172548473955939408652328e+00	3.1342166230284819326349654268886595e-05	4.8482568240208522172451775586372877e-03
4.9334352101722262179771639863873795e-04	-2.3398416603093891687955482297593929e+00	3.0411327683546534284596491789430169e-05	4.7757240559901209816744272413454623e-03
5.0809327480438687977845863183067053e-04	-2.3208796225838669681467796328847965e+00	2.9528429406163164352702666152722611e-05	4.7058936146988957688695010524944608e-03
5.2293850913223981699002830641764439e-04	-2.3021917381176388921922663633023469e+00	2.8690110056962595000711432425733099e-05	4.6386158836587866348059459117559983e-03
5.3787576742245902016986749366863431e-04	-2.2837680778418899825386400020085295e+00	2.7893303955103723578392406062213501e-05	4.5737522283566777729015489579213093e-03
5.5290166933074149478946085794991852e-04	-2.2655992468530318579019153357492917e+00	2.7135210036164654439112147435893669e-05	4.5111740008422118874021814086981498e-03
5.6801290787438542573824867795894332e-04	-2.2476763462858948327310417849535894e+00	2.6413264575604880284720306187226296e-05	4.4507616510701031938747270592215819e-03
5.8320624671976401718946998325887271e-04	-2.2299909385492418572731149988558563e+00	2.5725117163130926999524941338843546e-05	4.3924039318401545287260765101742072e-03
5.9847851761809054574954265586003505e-04	-2.2125350155725779413854621391963278e+00	2.5068609490126082196935162743122703e-05	4.3359971860024310892056443031919614e-03
6.1382661797890557205582810831676461e-04	-2.1953009697553641170883281587250570e+00	2.4441756577815244789181577765698355e-05	4.2814447061394243206275588834908624e-03
6.2924750857164097148009301506077711e-04	-2.1782815673461867330660678529769823e+00	2.3842730128600135048118697055850784e-05	4.2286561582482833674756464501060633e-03
6.4473821134644404160892552365579956e-04	-2.1614699240110333405798120047530683e+00	2.3269843728930510774970175882361869e-05	4.1775470620627996057819469289417744e-03
6.6029580736618965006260701757473032e-04	-2.1448594823772983857485201090522954e+00	2.2721539670719987214142960752838213e-05	4.1280383216084169495449473876862290e-03
6.7591743484227893953490728308851989e-04	-2.1284439913640832812816386436884790e+00	2.2196377190925661675458244342201227e-05	4.0800558004001584451793193011344543e-03
6.9160028726742797585564839215656777e-04	-2.1122174871302693080990117410754642e+00	2.1693021956511464668627142745580121e-05	4.0335299363945483055708316177409310e-03
7.0734161163919629056627600197959620e-04	-2.0961742754901528027179864252160542e+00	2.1210236645441902118735623592414045e-05	3.9883953924102364139384671188866945e-03
7.2313870676849998057475436176367176e-04	-2.0803089156624996014001926178733306e+00	2.0746872494291344331711009030893389e-05	3.9445907382529689715114935874784656e-03
7.3898892166780253043352230126903708e-04	-2.0646162052330047561623651392639131e+00	2.0301861700068650367070953465559990e-05	3.9020581612312061994674212965013757e-03
7.5488965401408377255877095712834333e-04	-2.0490911662225936866888329193144926e+00	1.9874210578413709568086571665512075e-05	3.8607432021394568667401295075489901e-03
7.7083834868205775439437947798294201e-04	-2.0337290321649936630536535272438182e+00	1.9462993392807418474968149855647670e-05	3.8205945141260040787398872355943497e-03
7.8683249634344757835374449894953621e-04	-2.0185252361067292729714530730532965e+00	1.9067346780170344753671820332042879e-05	3.7815636421574822597108577290504344e-03
8.0286963212843290991507280338664200e-04	-2.0034753994513147566379325133052804e+00	1.8686464707475016033427545271331875e-05	3.7436048210509321212434538555326941e-03
8.1894733434566680977736294359596295e-04	-1.9885753215770694095453421341431688e+00	1.8319593901985621804489007200085466e-05	3.7066747902697566278924062129670833e-03
8.3506322325751549456868935990575098e-04	-1.9738209701647899335335310651051541e+00	1.7966029704653935323982074295340925e-05	3.6707326238778795621659490575205999e-03
8.5121495990740992614328546936289657e-04	-1.9592084721775795006465317940579498e+00	1.7625112302198536070768977111279669e-05	3.6357395742201569729738857047112773e-03
8.6740024499641386986700440751698034e-04	-1.9447341054405472309407379093477315e+00	1.7296223298608235678229123442515059e-05	3.6016589280499400455733986253980891e-03
8.8361681780631111632560320175954545e-04	-1.9303942907729316768149075218309736e+00	1.6978782591351674364291623146100796e-05	3.5684558739593956349518080766548092e-03
8.9986245516669659618127729540076154e-04	-1.9161855846295354356632397217836631e+00	1.6672245521537889343515961879001625e-05	3.5360973800871217094485042106378889e-03
9.1613497046372362481819207311902307e-04	-1.9021046722122441000268057252055301e+00	1.6376100270737452309503257868127191e-05	3.5045520811827783231333363550449387e-03
9.3243221268831382601144043267788193e-04	-1.8881483610158927907707020918526430e+00	1.6089865480208713351909107210739599e-05	3.4737901742016358610641805100680296e-03
9.4875206552177859806455591114772286e-04	-1.8743135747758824115405838055370746e+00	1.5813088070936877052076678752218541e-05	3.4437833216846256447404769602366228e-03
9.6509244645693237538701407529914376e-04	-1.8605973477877748251893623799876214e+00	1.5545341245234693925206046555943663e-05	3.4145045622529629429546504587235431e-03
9.8145130595289936865748309273682782e-04	-1.8469968195716458621131846274031170e+00	1.5286222652714943106176022682755204e-05	3.3859282276118234789987021266505083e-03
9.9782662662192780665375068619620059e-04	-1.8335092298562777144645082044030837e+00	1.5035352705263028099419418627007857e-05	3.3580298655158666059322102831278397e-03
1.0142164224466297360722726127891243e-03	-1.8201319138603545015682954830054266e+00	1.4792373027244200022592608481436767e-05	3.3307861682014583066286142824077447e-03
1.0306187380261608695470068812091850e-03	-1.8068622978497101024395969645371514e+00	1.4556945028601104670649673588055509e-05	3.3041749058369920085320642323917730e-03
1.0470316478499444459736004318875081e-03	-1.7936978949513864801681154476556434e+00	1.4328748589756761644519491977187291e-05	3.2781748645843772992301440005222033e-03
1.0634532555976261598016849691339280e-03	-1.7806363012068120074410896509317662e+00	1.4107480848355810377795139811401104e-05	3.2527657889021269591601516727990769e-03
1.0798816934640244515188494207396313e-03	-1.7676751918478189809714286676870487e+00	1.3892855078870287692830150270627566e-05	3.2279283277540119637159505823725554e-03
1.0963151215079123058170022726362322e-03	-1.7548123177805019859964410736041629e+00	1.3684599656980415414152818791798153e-05	3.2036439844174021308772424631716447e-03
1.1127517270235336089821357741122715e-03	-1.7420455022630868301571595003472307e+00	1.3482457101428976562117219720056333e-05	3.1798950696125441257114333455097468e-03
1.1291897239338194657814948272430233e-03	-1.7293726377650447839913394062456118e+00	1.3286183186751246641065277658896783e-05	3.1566646576984801093652554100723502e-03
1.1456273522043280262100740188055862e-03	-1.7167916829956589736375575635936551e+00	1.3095546120911061198399991967222487e-05	3.1339365457033712504825495862701243e-03
1.1620628772769856498586625640914052e-03	-1.7043006600911380047139889456617435e+00	1.2910325782436119271568735910235797e-05	3.1116952149769178364320870951348588e-03
1.1784945895227579377487240165188119e-03	-1.6918976519501843223477030688694222e+00	1.2730313012149632094444074536926325e-05	3.0899257952705889130949483087176961e-03
1.1949208037124265598174032262653745e-03	-1.6795807997086686444556415790994172e+00	1.2555308955047572430541355380782863e-05	3.0686140310676899938285107385225801e-03
1.2113398585046921490926982127220972e-03	-1.6673483003447435014442421640346858e+00	1.2385124448276890259853598863557685e-05	3.0477462500000851244159447140546983e-03
1.2277501159508650481555231994512159e-03	-1.6551984044063542639446838051115532e+00	1.2219579451535254461064560171637760e-05	3.0273093332018070063234261813080883e-03
1.2441499610154445878327882635344137e-03	-1.6431294138536802357112781778537846e+00	1.2058502516541660526768782224866703e-05	3.0072906874619757976015495174510922e-03
1.2605378011119240429892972063265877e-03	-1.6311396800095660986755739220636081e+00	1.1901730292523577612576206834977848e-05	2.9876782190505279086327447029476264e-03
1.2769120656531926208682887177149513e-03	-1.6192276016114894196429579111013705e+00	1.1749107064933692911095330497667894e-05	2.9684603091003411849241463056988086e-03
1.2932712056159379544881037066576104e-03	-1.6073916229590568438789343823790756e+00	1.1600484324850837503708493593019865e-05	2.9496257904385308629864972921913960e-03
1.3096136931184827449820347800982422e-03	-1.5956302321514334181546506988257492e+00	1.1455720366738078286457489660654418e-05	2.9311639257680695056170524935870753e-03
1.3259380210115175585099159087779478e-03	-1.5839419594094892806452329291271849e+00	1.1314679912428655267942762159602632e-05	2.9130643871085322838579601416498791e-03
1.3422427024812184607569016152866263e-03	-1.5723253754777985063256770411744607e+00	1.1177233759389578145977648001687332e-05	2.8953172364117566807542298102663823e-03
1.3585262706642632805411318572505513e-03	-1.5607790901019487173771156837289621e+00	1.1043258451475175348093210159463121e-05	2.8779129072745957956796106059271084e-03
1.3747872782742839401973913435064071e-03	-1.5493017505769194337710246765038174e+00	1.0912635970530405628629962770629234e-05	2.8608421876767932528633876680798675e-03
1.3910242972393145725273960942936693e-03	-1.5378920403625641113796201821759246e+00	1.0785253447337803340498289698236689e-05	2.8440962036773657981719484112785814e-03
1.4072359183498161530668752523021042e-03	-1.5265486777624872638177672819178744e+00	1.0661002890523875752670993582642743e-05	2.8276664040077923914807643023682403e-03
1.4234207509168781962259656151736216e-03	-1.5152704146628456877405021247452418e+00	1.0539780932151801291275745020363663e-05	2.8115445455048167755115886627836738e-03
1.4395774224402167722511423089567546e-03	-1.5040560353278231526142813826665429e+00	1.0421488588828460158673841990704592e-05	2.7957226793298108532907635090324604e-03
1.4557045782856057709219800588387041e-03	-1.4929043552487323787049252960032153e+00	1.0306031037246118812016221992479318e-05	2.7801931379254518243349746335999170e-03
1.4718008813713950341459161983188339e-03	-1.4818142200438879891325593958252692e+00	1.0193317403163342160883016317116553e-05	2.7649485226639667547185390939225192e-03
1.4878650118637847650147099950785784e-03	-1.4707845044065705478674201837951487e+00	1.0083260562906687865216767844330823e-05	2.7499816921444210253780363513556900e-03
1.5038956668805405528499272838879104e-03	-1.4598141110985658475825028316592589e+00	9.9757769565451324603234900813713751e-06	2.7352857510994962557776204775597017e-03
1.5198915602028474856078853486256805e-03	-1.4489019699869162588452952815558399e+00	9.8707864119536055703380166901316925e-06	2.7208540398749408492882204635926364e-03
1.5358514219950152022830457432830355e-03	-1.4380470371216630809427556253908725e+00	9.7682119790410199953598482886609234e-06	2.7066801244474021794224139212086322e-03
1.5517739985317584147156337459276059e-03	-1.4272482938524912545333619688979851e+00	9.6679797734722800421914533678025353e-06	2.6927577869486816876557970790663014e-03
1.5676580519327894433453065222393078e-03	-1.4165047459823112483676035286911717e+00	9.5700188292633764949594555215185055e-06	2.6790810166666091676990271674887547e-03
1.5835023599044707048752769080412076e-03	-1.4058154229559280951704466178563432e+00	9.4742609596742381171593943629435915e-06	2.6656440014947251295551940561066119e-03
1.5993057154882858987108792574707442e-03	-1.3951793770820550474276915293330796e+00	9.3806406258658709388527123601338773e-06	2.6524411198048038705144887381318279e-03
1.6150669268158988980844504585574112e-03	-1.3845956827870297227560111236787844e+00	9.2890948128268067663254616377657418e-06	2.6394669327179570045469461017617017e-03
1.6307848168705790933170359916082443e-03	-1.3740634358986844344154651472855477e+00	9.1995629121092985800205401481993062e-06	2.6267161767516388861690439321359281e-03
1.6464582232547811888848332906276576e-03	-1.3635817529589101363540853019242950e+00	9.1119866109483115489971675251136387e-06	2.6141837568213417820567112572532567e-03
1.6620859979636762510480893126503755e-03	-1.3531497705635354961191128786216168e+00	9.0263097873664075709627974664784661e-06	2.6018647395771290646791833604571665e-03
1.6776670071644391651085846596500967e-03	-1.3427666447282194497700618657491969e+00	8.9424784108953289326289900713353730e-06	2.5897543470564175836563763611767277e-03
1.6932001309811056155226652516602429e-03	-1.3324315502791275650052188131742166e+00	8.8604404485706526860517663702631411e-06	2.5778479506355934319456161805289512e-03
1.7086842632848192711555702669218112e-03	-1.3221436802672299869704825900977683e+00	8.7801457758794929563319120612492658e-06	2.5661410652641356174104376539919924e-03
1.7241183114892970634910733029272784e-03	-1.3119022454051219835894091215122879e+00	8.7015460923630382782289896673203751e-06	2.5546293439659361229287374468592314e-03
1.7395011963513473078108786512577665e-03	-1.3017064735253274369994376564621033e+00	8.6245948415958748370339077973878407e-06	2.5433085725934483883435127921103584e-03
1.7548318517762819551615359649709559e-03	-1.2915556090591013154881450452241368e+00	8.5492471352827002596751625801402574e-06	2.5321746648211747755031683146702972e-03
1.7701092246280704940810058616605121e-03	-1.2814489125347994562040756974538373e+00	8.4754596812303002462789668130628361e-06	2.5212236573658220310915754194140916e-03
1.7853322745440889622104203285592423e-03	-1.2713856600949331239269557989507531e+00	8.4031907149686546963261366187153630e-06	2.5104517054212166771722808714600046e-03
1.8004999737543231946929704728344513e-03	-1.2613651430310719989983366040255823e+00	8.3323999348098639378157756995993957e-06	2.4998550782967837982573560564585896e-03
1.8156113069048908433313931946396174e-03	-1.2513866673358026858600983264287844e+00	8.2630484401473330581340457683175298e-06	2.4894301552490566772632862827118164e-03
1.8306652708857518616196060373306088e-03	-1.2414495532709907055984493656882338e+00	8.1950986728104088357436294470524669e-06	2.4791734214963046713120361418731446e-03
1.8456608746624820789353571669518741e-03	-1.2315531349516324110548337397833348e+00	8.1285143613015076518766690596053698e-06	2.4690814644069458390971932512322570e-03
1.8605971391119891945589476739719293e-03	-1.2216967599446194986707933989495669e+00	8.0632604677537755759332255895667590e-06	2.4591509698529521031038825367167255e-03
1.8754730968620550202262126278669914e-03	-1.2118797888817729331162257418629792e+00	7.9993031374575490283585394872196168e-06	2.4493787187199608849491652020682354e-03
1.8902877921345920994162358495158911e-03	-1.2021015950865352842537776558106479e+00	7.9366096508133959572789318140480369e-06	2.4397615835662807074054264952790393e-03
1.9050402805925069426703357099850889e-03	-1.1923615642137408267948151889714917e+00	7.8751483775783682172363369089036151e-06	2.4302965254234215319551808948456234e-03
1.9197296291900660505047419478738298e-03	-1.1826590939019113878720779375322136e+00	7.8148887332803361325143408992734356e-06	2.4209805907311957351952575175075320e-03
1.9343549160266646579306534282754083e-03	-1.1729935934375529552382781406663193e+00	7.7558011376829522228019351384338421e-06	2.4118109084008245950006910096616651e-03
1.9489152302039017357324815900948413e-03	-1.1633644834309535798587526917761063e+00	7.6978569751909451322421379365459262e-06	2.4027846869998497806007876684085344e-03
1.9634096716858682314962565753591268e-03	-1.1537711955030072152527025661110427e+00	7.6410285570921158451030459739636862e-06	2.3938992120529913033201716784507815e-03
1.9778373511625588354919219624038014e-03	-1.1442131719826109195289895970663199e+00	7.5852890855386320511841379808560236e-06	2.3851518434534142430519224628325961e-03
1.9921973899163207200388128211620514e-03	-1.1346898656142043861489915560983085e+00	7.5306126191760259237700136960225311e-06	2.3765400129791677590075478983712097e-03
2.0064889196912557326694130250431018e-03	-1.1252007392750411419815895574565772e+00	7.4769740403337258475534469997753452e-06	2.3680612219098427539959859389067224e-03
2.0207110825654954296267263955669479e-03	-1.1157452657018000270175997436564888e+00	7.4243490236960216378929107565874973e-06	2.3597130387387603227928310287534712e-03
2.0348630308262711230102076751542070e-03	-1.1063229272261638152577726382747198e+00	7.3727140063771011852852018452004181e-06	2.3514930969762529196796811554366153e-03
2.0489439268477037879212278871928923e-03	-1.0969332155190091124543489991608673e+00	7.3220461593282278907014362012300496e-06	2.3433990930398350870511919500286664e-03
2.0629529429712412406405829460743038e-03	-1.0875756313428680311657111782523512e+00	7.2723233600092745401936288503029217e-06	2.3354287842272815782965202114006718e-03
2.0768892613886724602973254643227451e-03	-1.0782496843123376507869293400317911e+00	7.2235241662607105279898710586727282e-06	2.3275799867688386953143560500218321e-03
2.0907520740276512894879402288742941e-03	-1.0689548926621279701434596571425175e+00	7.1756277913157741589297232862157190e-06	2.3198505739549904900709958871513260e-03
2.1045405824396640184495383681672485e-03	-1.0596907830224529999167052127798152e+00	7.1286140798959673098753626634113901e-06	2.3122384743363859363910919403588095e-03
2.1182539976903775370116148200151918e-03	-1.0504568902014828656141234458744840e+00	7.0824634853362018720505860595283172e-06	2.3047416699927069929415088263122381e-03
2.1318915402523068327528110447585185e-03	-1.0412527569745873401919062376142066e+00	7.0371570476889208047707024584968850e-06	2.2973581948674213300830292039285715e-03
2.1454524398997426264636110320279925e-03	-1.0320779338801131373544104482456136e+00	6.9926763727593248815898802972780357e-06	2.2900861331655180134789306662191546e-03
2.1589359356058818708536659821648324e-03	-1.0229319790214486081237832019505044e+00	6.9490036120264718700427755893250265e-06	2.2829236178114702138138094425532493e-03
2.1723412754421056989449052556220710e-03	-1.0138144578751402283592892503970778e+00	6.9061214434074895959294689773097704e-06	2.2758688289648065919313402677399317e-03
2.1856677164793511980817350493814684e-03	-1.0047249431048354752596335199021742e+00	6.8640130528244688889004112566084890e-06	2.2689199925908029019073702378708921e-03
2.1989145246915251071221771144133213e-03	-9.9566301438083639628549776433094832e-01	6.8226621165357867882994022950363466e-06	2.2620753790839280361024432174096453e-03
2.2120809748609091911447479754204225e-03	-9.8662825820505740234104344436871293e-01	6.7820527841956638829509689313410439e-06	2.2553333019417946490218338803724022e-03
2.2251663504855086427614110984344155e-03	-9.7762026774118959468851536708167825e-01	6.7421696626076908743565151643575851e-06	2.2486921164874740540150200651744557e-03
2.2381699436882963945718098391577722e-03	-9.6863864264988228657899886039743272e-01	6.7029978001398763823704245057381474e-06	2.2421502186381386740331441939614582e-03
2.2510910551283077059994002926256028e-03	-9.5968298892876032911429881611469290e-01	6.6645226717704780804433908501229099e-06	2.2357060437180933047959150251639598e-03
2.2639289939135408121610536832849371e-03	-9.5075291875710341816770177500699927e-01	6.6267301647354893539343438706255752e-06	2.2293580653143491520075901451110271e-03
2.2766830775156207948639300517230762e-03	-9.4184805034502076574290667127487599e-01	6.5896065647501702352181630760553222e-06	2.2231047941729823478612891633832844e-03
2.2893526316861851585099285852037071e-03	-9.3296800778696138418351159584418948e-01	6.5531385427784403509348814962073349e-06	2.2169447771346017296554234435286465e-03
2.3019369903749508687251489219114779e-03	-9.2411242091940677326694148449643179e-01	6.5173131423252985732388060423144873e-06	2.2108765961073293495561220644727622e-03
2.3144354956494238409250204983773573e-03	-9.1528092518259903547079397088179112e-01	6.4821177672287041687591410446530526e-06	2.2048988670757717363221007291046761e-03
2.3268474976162130516850645526970822e-03	-9.0647316148616338963610506834772216e-01	6.4475401699285523020984247159805561e-06	2.1990102391445305876542614412060770e-03
2.3391723543439125895322477984145066e-03	-8.9768877607848972298996589417421355e-01	6.4135684401915072627177538109299380e-06	2.1932093936148685609204109200778231e-03
2.3514094317875160653365702207211735e-03	-8.8892742041974323027645993541339064e-01	6.3801909942715239285248565411624516e-06	2.1874950430932093612615449462150868e-03
2.3635581037143288675198133488183560e-03	-8.8018875105837935001049285690658677e-01	6.3473965644868956580753404920843410e-06	2.1818659306302115971622309410508185e-03
2.3756177516313447753843274718351147e-03	-8.7147242951104313427871134993047855e-01	6.3151741891956186563563568614790159e-06	2.1763208288892130697492363182495984e-03
2.3875877647140544365025822936507197e-03	-8.6277812214573789201257224457641045e-01	6.2835132031517622845447894477856033e-06	2.1708585393428964571288889906409252e-03
2.3994675397366541727321008596905391e-03	-8.5410550006815243752472913372089274e-01	6.2524032282263849548193373331199601e-06	2.1654778914970789119963091747111758e-03
2.4112564810036245053989825999446335e-03	-8.4545423901104056697355797075366743e-01	6.2218341644773391312521821122978536e-06	2.1601777421405770625345994501392779e-03
2.4229540002826486848329796293423704e-03	-8.3682401922655048535119960152317736e-01	6.1917961815530693169580168090521743e-06	2.1549569746201454368994019216267088e-03
2.4345595167388423739855077255799113e-03	-8.2821452538140582507051795863830330e-01	6.1622797104162263356585410364315385e-06	2.1498144981395305552495823865728875e-03
2.4460724568702664715105285425774627e-03	-8.1962544645484364322539287618685033e-01	6.1332754353736021346094186546321865e-06	2.1447492470817249770763845966244917e-03
2.4574922544446958675752239514781556e-03	-8.1105647563921836659483559069962827e-01	6.1047742863995340114971303088515748e-06	2.1397601803535455746178453265614200e-03
2.4688183504376177068805643814073039e-03	-8.0250731024318407947057130612509857e-01	6.0767674317405377214354570192374878e-06	2.1348462807516983374155624136689603e-03
2.4800501929714334889510107736187603e-03	-7.9397765159737082699155826245481474e-01	6.0492462707895073375282634258929723e-06	2.1300065543495282039092648944013958e-03
2.4911872372558400666918153780172209e-03	-7.8546720496247374304030015254441894e-01	6.0222024272183678798220394126621305e-06	2.1252400299036868624728916519644838e-03
2.5022289455293653114624506501764913e-03	-7.7697567943967681368307220766212073e-01	5.9956277423585863359100318690842166e-06	2.1205457582799842597459717974427364e-03
2.5131747870020348973850942061301156e-03	-7.6850278788333596104561742826469799e-01	5.9695142688194394058600886955911185e-06	2.1159228118977207863207215718968345e-03
2.5240242377991473201680845478240586e-03	-7.6004824681584888449288196863663263e-01	5.9438542643344036466292417736421867e-06	2.1113702841918268615129136908694578e-03
2.5347767809061349072087509338670856e-03	-7.5161177634464173179024293179458942e-01	5.9186401858264771038794535973127432e-06	2.1068872890921649879907138115950073e-03
2.5454319061144891969453872627027807e-03	-7.4319310008120519802616128359826814e-01	5.8938646836836623507294507872501824e-06	2.1024729605193763668919589063293831e-03
2.5559891099687296671179280020235858e-03	-7.3479194506211506964879223347827087e-01	5.8695205962362403694049995802507099e-06	2.0981264518966799239533259161265484e-03
2.5664478957143953745024214534536035e-03	-7.2640804167197454991942060022383329e-01	5.8456009444278441017299408056801101e-06	2.0938469356770561623877657279981521e-03
2.5768077732470396335063236542932372e-03	-7.1804112356821792506764248778576220e-01	5.8220989266727008745749631301803817e-06	2.0896336028852716903636502542369063e-03
2.5870682590622084084213615239565169e-03	-7.0969092760771726186167152438357028e-01	5.7990079138917553260178782922826634e-06	2.0854856626742226280733433755471432e-03
2.5972288762063836247717829931889320e-03	-7.0135719377513587137084655866642615e-01	5.7763214447207099033565357643539610e-06	2.0814023418950964363850325463290912e-03
2.6072891542288731196852152890942935e-03	-6.9303966511297423437198093493069485e-01	5.7540332208833294026508972967160093e-06	2.0773828846808720777446640932581375e-03
2.6172486291346294501427615303231330e-03	-6.8473808765325596491089030852465895e-01	5.7321371027236502434636387960351007e-06	2.0734265520426978692557237989760267e-03
2.6271068433379802619019057839286148e-03	-6.7645221035080319355932551228993885e-01	5.7106271048910150426798899208505108e-06	2.0695326214787049639339093070683256e-03
2.6368633456172533913747611211245922e-03	-6.6818178501805248430994126014997952e-01	5.6894973921721193402241009004131381e-06	2.0657003865948321426936834500379494e-03
2.6465176910702803283077024873637087e-03	-6.5992656626136406206228071675971784e-01	5.6687422754645107644792956264070363e-06	2.0619291567372545579699380740802078e-03
2.6560694410707621092480239271708838e-03	-6.5168631141877872434484695671170337e-01	5.6483562078862221912505565351151076e-06	2.0582182566360252790615637155901967e-03
2.6655181632254821409804780420781740e-03	-6.4346078049917834421403744994918219e-01	5.6283337810164501925409860388637630e-06	2.0545670260595539862438459108734661e-03
2.6748634313323508698338132649471136e-03	-6.3524973612280734394817977753798957e-01	5.6086697212624088983914031124070408e-06	2.0509748194795619803851025747296150e-03
2.6841048253392676174388899477322706e-03	-6.2705294346311393385625255238897620e-01	5.5893588863476978798858589519407754e-06	2.0474410057461668503006962498048399e-03
2.6932419313037852965923657877451534e-03	-6.1887017018987126975947813365545281e-01	5.5703962619177213447622394790788401e-06	2.0439649677727637027035260208490708e-03
2.7022743413535641027533774893611090e-03	-6.1070118641353998887129263649793746e-01	5.5517769582578853288355793725221308e-06	2.0405461022303828390237837344689551e-03
2.7112016536476006477692780456874902e-03	-6.0254576463083483917322357209284534e-01	5.5334962071204801477974557530935176e-06	2.0371838192512161876679051068388760e-03
2.7200234723382193630692776628539698e-03	-5.9440367967145932412752847983698170e-01	5.5155493586563275990263945088436181e-06	2.0338775421410166960892193009051373e-03
2.7287394075338133501462020866579124e-03	-5.8627470864597344474498823117396429e-01	5.4979318784474367005775412691771327e-06	2.0306267071000862795833024835724392e-03
2.7373490752623221970170446841679012e-03	-5.7815863089476073660264958083427304e-01	5.4806393446370685294161897393662127e-06	2.0274307629525788369216552782277136e-03
2.7458520974354346108497739970241739e-03	-5.7005522793806187225303115189463864e-01	5.4636674451537603557136241299163942e-06	2.0242891708838552994842043160495829e-03
2.7542481018135040393914771102272411e-03	-5.6196428342704313136642104980097082e-01	5.4470119750260021260677624942295479e-06	2.0212014041856377019641527364220512e-03
2.7625367219711657675437171435205698e-03	-5.5388558309586903360062821648486472e-01	5.4306688337843947674744145656805757e-06	2.0181669480087188694169964148168988e-03
2.7707175972636442807056671546371178e-03	-5.4581891471474938421755702702229483e-01	5.4146340229482500887609557296812730e-06	2.0151852991229935267890092116360411e-03
2.7787903727937399836337204392028986e-03	-5.3776406804393190140737663113863142e-01	5.3989036435937165524831351373302658e-06	2.0122559656845854714877709843960700e-03
2.7867546993794846528267743822452772e-03	-5.2972083478861247861125695017150296e-01	5.3834738940006341669674624552421835e-06	2.0093784670098539245200126136654427e-03
2.7946102335224552821079404016485737e-03	-5.2168900855473598625693261959641166e-01	5.3683410673754354787231567233587609e-06	2.0065523333560703078160404505712046e-03
2.8023566373767362553949717532571953e-03	-5.1366838480566133657731747275669723e-01	5.3535015496475183886998219422841239e-06	2.0037771057085645003534696734120314e-03
2.8099935787185200478827905378455211e-03	-5.0565876081966532384911963964501718e-01	5.3389518173366205169144927268258343e-06	2.0010523355741471185717501617529567e-03
2.8175207309163369172427375955783258e-03	-4.9765993564826051168554968403689698e-01	5.3246884354888243309300392165478178e-06	1.9983775847806215615790590041578710e-03
2.8249377729019043002065795802132609e-03	-4.8967171007530317010885228811990138e-01	5.3107080556789174544303238936304689e-06	1.9957524252822064723409849035942888e-03
2.8322443891415868772726749841457729e-03	-4.8169388657686796912576076128506257e-01	5.2970074140769236910803786506711749e-06	1.9931764389706959052906404393273930e-03
2.8394402696084585094629308587256995e-03	-4.7372626928186681349303727577989956e-01	5.2835833295767075334954042124297033e-06	1.9906492174921908708707940214351229e-03
2.8465251097549574862806255889352051e-03	-4.6576866393338985630415048762578884e-01	5.2704327019846384647408671233477239e-06	1.9881703620692420600760477102496292e-03
2.8534986104861267534719409175027784e-03	-4.5782087785074735791945897224231465e-01	5.2575525102663813779554956042449038e-06	1.9857394833282494482117179790695837e-03
2.8603604781334310130723085150877897e-03	-4.4988271989219166252527282162781066e-01	5.2449398108499561069211025194647637e-06	1.9833562011319701473994394196825184e-03
2.8671104244291428067099491111026365e-03	-4.4195400041829914812483992477712472e-01	5.2325917359832825365856229181626423e-06	1.9810201444169913319080981057343992e-03
2.8737481664812899064244024969723497e-03	-4.3403453125599256788031337795733514e-01	5.2205054921444981994444822525746938e-06	1.9787309510360303087665093651625261e-03
2.8802734267491565455124345518236649e-03	-4.2612412566318474224530525057378410e-01	5.2086783585034028053978266724981432e-06	1.9764882676049288574638443118639078e-03
2.8866859330193312253066168330824046e-03	-4.1822259829402508302321812447015555e-01	5.1971076854324489360825171970223974e-06	1.9742917493542138255799589693190010e-03
2.8929854183822940324866335603133427e-03	-4.1032976516473093309362933423532191e-01	5.1857908930657602897424215608196724e-06	1.9721410599851006502198243155872314e-03
2.8991716212095365956781126858199839e-03	-4.0244544361998618977158395773153739e-01	5.1747254699047185129993809804161837e-06	1.9700358715298209860791886411180360e-03
2.9052442851312079998614594899135526e-03	-3.9456945229989014627576901783292324e-01	5.1639089714687169188633958676030950e-06	1.9679758642161599674030161256794956e-03
2.9112031590142801626417856622626147e-03	-3.8670161110743993522468757444383058e-01	5.1533390189897343776441651608277906e-06	1.9659607263360928202291716384597012e-03
2.9170479969412263578638047874312695e-03	-3.7884174117653039107042491784095119e-01	5.1430132981494354853096538011971899e-06	1.9639901541184145800245569846054664e-03
2.9227785581892067495311686992735755e-03	-3.7098966484045556550577725907121884e-01	5.1329295578575538633330629947891762e-06	1.9620638516052605646958566868063914e-03
2.9283946072097549726424277118126911e-03	-3.6314520560089653170506459688778855e-01	5.1230856090703642213495554186172996e-06	1.9601815305324190102736857150253194e-03
2.9338959136089599675156860604758077e-03	-3.5530818809738050031998261829943871e-01	5.1134793236480957105646057570251139e-06	1.9583429102133409023288532214420973e-03
2.9392822521281374405671330430741464e-03	-3.4747843807719664296400322995897859e-01	5.1041086332501841990065658784792274e-06	1.9565477174267555361186948158381464e-03
2.9445534026249854874571316138585114e-03	-3.3965578236575437797431509781910380e-01	5.0949715282673044924551973081024383e-06	1.9547956863078037180639581270422177e-03
2.9497091500552190741398984678019929e-03	-3.3184004883737021900985796477224998e-01	5.0860660567891652863543486653633983e-06	1.9530865582426037856672868342581226e-03
2.9547492844546782277639106376629271e-03	-3.2403106638646961997788159322244630e-01	5.0773903236070898396796358441629455e-06	1.9514200817661687774205674569594718e-03
2.9596736009219049426815049403933853e-03	-3.1622866489919057031025165040521487e-01	5.0689424892504440835280612395822661e-06	1.9497960124635961334123129314687212e-03
2.9644818996011839571459033206029606e-03	-3.0843267522537600314623638360197737e-01	5.0607207690560111837583330061606922e-06	1.9482141128744542558352004369983675e-03
2.9691739856660427037071618445831733e-03	-3.0064292915094237591454896084129049e-01	5.0527234322694475338325682127631902e-06	1.9466741524002931108108602818410261e-03
2.9737496693032058809673528615691687e-03	-2.9285925937061206852056159603168133e-01	5.0449488011779898236156090725664732e-06	1.9451759072152088131125083153817208e-03
2.9782087656970002363188082274629723e-03	-2.8508149946099751919490025991915132e-01	5.0373952502736162719881648634497277e-06	1.9437191601793948075193053536242832e-03
2.9825510950142052886638658909939297e-03	-2.7730948385402528239128753553526373e-01	5.0300612054458973827721384458753034e-06	1.9423037007556148485563418922365813e-03
2.9867764823893458569940067446486660e-03	-2.6954304781068844726355245371833031e-01	5.0229451432038027391770680131892202e-06	1.9409293249285354879798705357413272e-03
2.9908847579104223951817330449843166e-03	-2.6178202739511609951862380639009351e-01	5.0160455899257604438945335215330216e-06	1.9395958351268582101278754081983057e-03
2.9948757566050752654987755779726049e-03	-2.5402625944894874413453321545225035e-01	5.0093611211372948899712891003416054e-06	1.9383030401481937125979554451432073e-03
2.9987493184271792133056406144118688e-03	-2.4627558156600883183700854325489765e-01	5.0028903608155966594205911986933311e-06	1.9370507550866231169293560681531830e-03
3.0025052882438644331443000962243930e-03	-2.3852983206725574861926276608516241e-01	4.9966319807204055378978580817140186e-06	1.9358388012628931142171082233374250e-03
3.0061435158229607421900296006085655e-03	-2.3078884997601483522879695777099773e-01	4.9905846997506139484672778917758276e-06	1.9346670061571942069152169631917044e-03
3.0096638558208615007600006315161131e-03	-2.2305247499347020268222458630549670e-01	4.9847472833260235875016685315167409e-06	1.9335352033444733034188070520871924e-03
3.0130661677708040414132700706406064e-03	-2.1532054747441130074259109025863720e-01	4.9791185427937127313533585468889592e-06	1.9324432324322339591686793208124957e-03
3.0163503160715634881854409648775197e-03	-2.0759290840322337913065463323715261e-01	4.9736973348584956122496575805431224e-06	1.9313909390007795397086010677691414e-03
3.0195161699765569657558667659132364e-03	-1.9986939937011215625870627311989691e-01	4.9684825610369784730073693412969542e-06	1.9303781745458565099601408278482793e-03
3.0225636035833553149184985976614760e-03	-1.9214986254755317767906740866503407e-01	4.9634731671347394382796432634896343e-06	1.9294047964236569324829715624947082e-03
3.0254924958235995456903645064482957e-03	-1.8443414066695650642583097583327896e-01	4.9586681427461812194261489227335659e-06	1.9284706677981410880929640024561816e-03
3.0283027304533193728136984492841718e-03	-1.7672207699553754018457085577650957e-01	4.9540665207766269337190880175130402e-06	1.9275756575906429172650945112005547e-03
3.0309941960436512903569009220373892e-03	-1.6901351531338489592825585564587583e-01	4.9496673769862499982245860580167588e-06	1.9267196404317227225230957596591604e-03
3.0335667859719537526623980917224190e-03	-1.6130829989071644147716687326965051e-01	4.9454698295554491849390440861772767e-06	1.9259024966152332727079747542687705e-03
3.0360203984133171380913161323565036e-03	-1.5360627546531468553628767597785273e-01	4.9414730386712995261325283750998143e-06	1.9251241120545671117474358580949139e-03
3.0383549363324662799396718881860536e-03	-1.4590728722013286328711776388519757e-01	4.9376762061347288658507545517593618e-06	1.9243843782410544993756034206172315e-03
3.0405703074760534556112605866561376e-03	-1.3821118076106317370573323539527035e-01	4.9340785749880884926836648843267295e-06	1.9236831922044830011720787198702613e-03
3.0426664243653398306902109998070367e-03	-1.3051780209485873758093231604606118e-01	4.9306794291628044868452625662680757e-06	1.9230204564757113022369007644702918e-03
3.0446432042892634590218092175994977e-03	-1.2282699760720095184355065159700219e-01	4.9274780931468141970981969441308299e-06	1.9223960790513513446733142711593764e-03
3.0465005692978920433431713919597729e-03	-1.1513861404090401641120851082390267e-01	4.9244739316715096550713723601834149e-06	1.9218099733604943856409664969626265e-03
3.0482384461962587634642158608733106e-03	-1.0745249847424850441533779783982501e-01	4.9216663494179267602862651263466886e-06	1.9212620582334580418467911171304192e-03
3.0498567665385795805417808440734011e-03	-9.9768498299435935515790395203898098e-02	4.9190547907419357522563678518650869e-06	1.9207522578725328296920253764699135e-03
3.0513554666228505266724388166612456e-03	-9.2086461201156395122266521785853238e-02	4.9166387394182048492322184763742863e-06	1.9202805018247081295813248054904213e-03
3.0527344874858235889085595005824484e-03	-8.4406235135261319824160169246007508e-02	4.9144177184027249988046815311504052e-06	1.9198467249563588997736576579407868e-03
3.0539937748983598959327140684103551e-03	-7.6727668307533641267611843153970925e-02	4.9123912896136994753633215158404227e-06	1.9194508674298758412273940897854988e-03
3.0551332793611590140621473270544827e-03	-6.9050609152547547190618877442991197e-02	4.9105590537306175945281435482561980e-06	1.9190928746822230717422826301624630e-03
3.0561529561008632570516875400733287e-03	-6.1374906312610179407762873096709291e-02	4.9089206500113471158477449120970607e-06	1.9187726974054087068757634067800573e-03
3.0570527650665360113734426646226622e-03	-5.3700408616777644293126065760605968e-02	4.9074757561270949925639016407525034e-06	1.9184902915288550681282621311926528e-03
3.0578326709265131753277369229844778e-03	-4.6026965059937761804919530312416633e-02	4.9062240880151010209624190704053457e-06	1.9182456182036565472432753858382727e-03
3.0584926430656269065342741209558285e-03	-3.8354424781952024383954792145404971e-02	4.9051653997489436612829628485309419e-06	1.9180386437887144506207993986976694e-03
3.0590326555828009681173353566338659e-03	-3.0682637046849277190248999989098369e-02	4.9042994834263518665434616001877069e-06	1.9178693398387394312430816023864404e-03
3.0594526872890170592853981258769176e-03	-2.3011451222063666161909515406399329e-02	4.9036261690744311838572669806380180e-06	1.9177376830941133885867944367858763e-03
3.0597527217056516110650261071392497e-03	-1.5340716757709430326470307791301389e-02	4.9031453245722267035415900845327560e-06	1.9176436554726039811557958286444712e-03
3.0599327470631826227320511787123811e-03	-7.6702831658851396999125443095818944e-03	4.9028568555905596429749347283080072e-06	1.9175872440629261529094557859335828e-03
3.0599927563002662090405273590250732e-03	0.0000000000000000000000000000000000e+00	4.9027607055490884830178376910944572e-06	1.9175684411201463253667291105675632e-03
3.0599327470631826227320511787123811e-03	7.6702831658851396999125443095818944e-03	4.9028568555905596429749347283080072e-06	1.9175872440629261529094557859335828e-03
3.0597527217056516110650261071392497e-03	1.5340716757709430326470307791301389e-02	4.9031453245722267035415900845327560e-06	1.9176436554726039811557958286444712e-03
3.0594526872890170592853981258769176e-03	2.3011451222063666161909515406399329e-02	4.9036261690744311838572669806380180e-06	1.9177376830941133885867944367858763e-03
3.0590326555828009681173353566338659e-03	3.0682637046849277190248999989098369e-02	4.9042994834263518665434616001877069e-06	1.9178693398387394312430816023864404e-03
3.0584926430656269065342741209558285e-03	3.8354424781952024383954792145404971e-02	4.9051653997489436612829628485309419e-06	1.9180386437887144506207993986976694e-03
3.0578326709265131753277369229844778e-03	4.6026965059937761804919530312416633e-02	4.9062240880151010209624190704053457e-06	1.9182456182036565472432753858382727e-03
3.0570527650665360113734426646226622e-03	5.3700408616777644293126065760605968e-02	4.9074757561270949925639016407525034e-06	1.9184902915288550681282621311926528e-03
3.0561529561008632570516875400733287e-03	6.1374906312610179407762873096709291e-02	4.9089206500113471158477449120970607e-06	1.9187726974054087068757634067800573e-03
3.0551332793611590140621473270544827e-03	6.9050609152547547190618877442991197e-02	4.9105590537306175945281435482561980e-06	1.9190928746822230717422826301624630e-03
3.0539937748983598959327140684103551e-03	7.6727668307533641267611843153970925e-02	4.9123912896136994753633215158404227e-06	1.9194508674298758412273940897854988e-03
3.0527344874858235889085595005824484e-03	8.4406235135261319824160169246007508e-02	4.9144177184027249988046815311504052e-06	1.9198467249563588997736576579407868e-03
3.0513554666228505266724388166612456e-03	9.2086461201156395122266521785853238e-02	4.9166387394182048492322184763742863e-06	1.9202805018247081295813248054904213e-03
3.0498567665385795805417808440734011e-03	9.9768498299435935515790395203898098e-02	4.9190547907419357522563678518650869e-06	1.9207522578725328296920253764699135e-03
3.0482384461962587634642158608733106e-03	1.0745249847424850441533779783982501e-01	4.9216663494179267602862651263466886e-06	1.9212620582334580418467911171304192e-03
3.0465005692978920433431713919597729e-03	1.1513861404090401641120851082390267e-01	4.9244739316715096550713723601834149e-06	1.9218099733604943856409664969626265e-03
3.0446432042892634590218092175994977e-03	1.2282699760720095184355065159700219e-01	4.9274780931468141970981969441308299e-06	1.9223960790513513446733142711593764e-03
3.0426664243653398306902109998070367e-03	1.3051780209485873758093231604606118e-01	4.9306794291628044868452625662680757e-06	1.9230204564757113022369007644702918e-03
3.0405703074760534556112605866561376e-03	1.3821118076106317370573323539527035e-01	4.9340785749880884926836648843267295e-06	1.9236831922044830011720787198702613e-03
3.0383549363324662799396718881860536e-03	1.4590728722013286328711776388519757e-01	4.9376762061347288658507545517593618e-06	1.9243843782410544993756034206172315e-03
3.0360203984133171380913161323565036e-03	1.5360627546531468553628767597785273e-01	4.9414730386712995261325283750998143e-06	1.9251241120545671117474358580949139e-03
3.0335667859719537526623980917224190e-03	1.6130829989071644147716687326965051e-01	4.9454698295554491849390440861772767e-06	1.9259024966152332727079747542687705e-03
3.0309941960436512903569009220373892e-03	1.6901351531338489592825585564587583e-01	4.9496673769862499982245860580167588e-06	1.9267196404317227225230957596591604e-03
3.0283027304533193728136984492841718e-03	1.7672207699553754018457085577650957e-01	4.9540665207766269337190880175130402e-06	1.9275756575906429172650945112005547e-03
3.0254924958235995456903645064482957e-03	1.8443414066695650642583097583327896e-01	4.9586681427461812194261489227335659e-06	1.9284706677981410880929640024561816e-03
3.0225636035833553149184985976614760e-03	1.9214986254755317767906740866503407e-01	4.9634731671347394382796432634896343e-06	1.9294047964236569324829715624947082e-03
3.0195161699765569657558667659132364e-03	1.9986939937011215625870627311989691e-01	4.9684825610369784730073693412969542e-06	1.9303781745458565099601408278482793e-03
3.0163503160715634881854409648775197e-03	2.0759290840322337913065463323715261e-01	4.9736973348584956122496575805431224e-06	1.9313909390007795397086010677691414e-03
3.0130661677708040414132700706406064e-03	2.1532054747441130074259109025863720e-01	4.9791185427937127313533585468889592e-06	1.9324432324322339591686793208124957e-03
3.0096638558208615007600006315161131e-03	2.2305247499347020268222458630549670e-01	4.9847472833260235875016685315167409e-06	1.9335352033444733034188070520871924e-03
3.0061435158229607421900296006085655e-03	2.3078884997601483522879695777099773e-01	4.9905846997506139484672778917758276e-06	1.9346670061571942069152169631917044e-03
3.0025052882438644331443000962243930e-03	2.3852983206725574861926276608516241e-01	4.9966319807204055378978580817140186e-06	1.9358388012628931142171082233374250e-03
2.9987493184271792133056406144118688e-03	2.4627558156600883183700854325489765e-01	5.0028903608155966594205911986933311e-06	1.9370507550866231169293560681531830e-03
2.9948757566050752654987755779726049e-03	2.5402625944894874413453321545225035e-01	5.0093611211372948899712891003416054e-06	1.9383030401481937125979554451432073e-03
2.9908847579104223951817330449843166e-03	2.6178202739511609951862380639009351e-01	5.0160455899257604438945335215330216e-06	1.9395958351268582101278754081983057e-03
2.9867764823893458569940067446486660e-03	2.6954304781068844726355245371833031e-01	5.0229451432038027391770680131892202e-06	1.9409293249285354879798705357413272e-03
2.9825510950142052886638658909939297e-03	2.7730948385402528239128753553526373e-01	5.0300612054458973827721384458753034e-06	1.9423037007556148485563418922365813e-03
2.9782087656970002363188082274629723e-03	2.8508149946099751919490025991915132e-01	5.0373952502736162719881648634497277e-06	1.9437191601793948075193053536242832e-03
2.9737496693032058809673528615691687e-03	2.9285925937061206852056159603168133e-01	5.0449488011779898236156090725664732e-06	1.9451759072152088131125083153817208e-03
2.9691739856660427037071618445831733e-03	3.0064292915094237591454896084129049e-01	5.0527234322694475338325682127631902e-06	1.9466741524002931108108602818410261e-03
2.9644818996011839571459033206029606e-03	3.0843267522537600314623638360197737e-01	5.0607207690560111837583330061606922e-06	1.9482141128744542558352004369983675e-03
2.9596736009219049426815049403933853e-03	3.1622866489919057031025165040521487e-01	5.0689424892504440835280612395822661e-06	1.9497960124635961334123129314687212e-03
2.9547492844546782277639106376629271e-03	3.2403106638646961997788159322244630e-01	5.0773903236070898396796358441629455e-06	1.9514200817661687774205674569594718e-03
2.9497091500552190741398984678019929e-03	3.3184004883737021900985796477224998e-01	5.0860660567891652863543486653633983e-06	1.9530865582426037856672868342581226e-03
2.9445534026249854874571316138585114e-03	3.3965578236575437797431509781910380e-01	5.0949715282673044924551973081024383e-06	1.9547956863078037180639581270422177e-03
2.9392822521281374405671330430741464e-03	3.4747843807719664296400322995897859e-01	5.1041086332501841990065658784792274e-06	1.9565477174267555361186948158381464e-03
2.9338959136089599675156860604758077e-03	3.5530818809738050031998261829943871e-01	5.1134793236480957105646057570251139e-06	1.9583429102133409023288532214420973e-03
2.9283946072097549726424277118126911e-03	3.6314520560089653170506459688778855e-01	5.1230856090703642213495554186172996e-06	1.9601815305324190102736857150253194e-03
2.9227785581892067495311686992735755e-03	3.7098966484045556550577725907121884e-01	5.1329295578575538633330629947891762e-06	1.9620638516052605646958566868063914e-03
2.9170479969412263578638047874312695e-03	3.7884174117653039107042491784095119e-01	5.1430132981494354853096538011971899e-06	1.9639901541184145800245569846054664e-03
2.9112031590142801626417856622626147e-03	3.8670161110743993522468757444383058e-01	5.1533390189897343776441651608277906e-06	1.9659607263360928202291716384597012e-03
2.9052442851312079998614594899135526e-03	3.9456945229989014627576901783292324e-01	5.1639089714687169188633958676030950e-06	1.9679758642161599674030161256794956e-03
2.8991716212095365956781126858199839e-03	4.0244544361998618977158395773153739e-01	5.1747254699047185129993809804161837e-06	1.9700358715298209860791886411180360e-03
2.8929854183822940324866335603133427e-03	4.1032976516473093309362933423532191e-01	5.1857908930657602897424215608196724e-06	1.9721410599851006502198243155872314e-03
2.8866859330193312253066168330824046e-03	4.1822259829402508302321812447015555e-01	5.1971076854324489360825171970223974e-06	1.9742917493542138255799589693190010e-03
2.8802734267491565455124345518236649e-03	4.2612412566318474224530525057378410e-01	5.2086783585034028053978266724981432e-06	1.9764882676049288574638443118639078e-03
2.8737481664812899064244024969723497e-03	4.3403453125599256788031337795733514e-01	5.2205054921444981994444822525746938e-06	1.9787309510360303087665093651625261e-03
2.8671104244291428067099491111026365e-03	4.4195400041829914812483992477712472e-01	5.2325917359832825365856229181626423e-06	1.9810201444169913319080981057343992e-03
2.8603604781334310130723085150877897e-03	4.4988271989219166252527282162781066e-01	5.2449398108499561069211025194647637e-06	1.9833562011319701473994394196825184e-03
2.8534986104861267534719409175027784e-03	4.5782087785074735791945897224231465e-01	5.2575525102663813779554956042449038e-06	1.9857394833282494482117179790695837e-03
2.8465251097549574862806255889352051e-03	4.6576866393338985630415048762578884e-01	5.2704327019846384647408671233477239e-06	1.9881703620692420600760477102496292e-03
2.8394402696084585094629308587256995e-03	4.7372626928186681349303727577989956e-01	5.2835833295767075334954042124297033e-06	1.9906492174921908708707940214351229e-03
2.8322443891415868772726749841457729e-03	4.8169388657686796912576076128506257e-01	5.2970074140769236910803786506711749e-06	1.9931764389706959052906404393273930e-03
2.8249377729019043002065795802132609e-03	4.8967171007530317010885228811990138e-01	5.3107080556789174544303238936304689e-06	1.9957524252822064723409849035942888e-03
2.8175207309163369172427375955783258e-03	4.9765993564826051168554968403689698e-01	5.3246884354888243309300392165478178e-06	1.9983775847806215615790590041578710e-03
2.8099935787185200478827905378455211e-03	5.0565876081966532384911963964501718e-01	5.3389518173366205169144927268258343e-06	2.0010523355741471185717501617529567e-03
2.8023566373767362553949717532571953e-03	5.1366838480566133657731747275669723e-01	5.3535015496475183886998219422841239e-06	2.0037771057085645003534696734120314e-03
2.7946102335224552821079404016485737e-03	5.2168900855473598625693261959641166e-01	5.3683410673754354787231567233587609e-06	2.0065523333560703078160404505712046e-03
2.7867546993794846528267743822452772e-03	5.2972083478861247861125695017150296e-01	5.3834738940006341669674624552421835e-06	2.0093784670098539245200126136654427e-03
2.7787903727937399836337204392028986e-03	5.3776406804393190140737663113863142e-01	5.3989036435937165524831351373302658e-06	2.0122559656845854714877709843960700e-03
2.7707175972636442807056671546371178e-03	5.4581891471474938421755702702229483e-01	5.4146340229482500887609557296812730e-06	2.0151852991229935267890092116360411e-03
2.7625367219711657675437171435205698e-03	5.5388558309586903360062821648486472e-01	5.4306688337843947674744145656805757e-06	2.0181669480087188694169964148168988e-03
2.7542481018135040393914771102272411e-03	5.6196428342704313136642104980097082e-01	5.4470119750260021260677624942295479e-06	2.0212014041856377019641527364220512e-03
2.7458520974354346108497739970241739e-03	5.7005522793806187225303115189463864e-01	5.4636674451537603557136241299163942e-06	2.0242891708838552994842043160495829e-03
2.7373490752623221970170446841679012e-03	5.7815863089476073660264958083427304e-01	5.4806393446370685294161897393662127e-06	2.0274307629525788369216552782277136e-03
2.7287394075338133501462020866579124e-03	5.8627470864597344474498823117396429e-01	5.4979318784474367005775412691771327e-06	2.0306267071000862795833024835724392e-03
2.7200234723382193630692776628539698e-03	5.9440367967145932412752847983698170e-01	5.5155493586563275990263945088436181e-06	2.0338775421410166960892193009051373e-03
2.7112016536476006477692780456874902e-03	6.0254576463083483917322357209284534e-01	5.5334962071204801477974557530935176e-06	2.0371838192512161876679051068388760e-03
2.7022743413535641027533774893611090e-03	6.1070118641353998887129263649793746e-01	5.5517769582578853288355793725221308e-06	2.0405461022303828390237837344689551e-03
2.6932419313037852965923657877451534e-03	6.1887017018987126975947813365545281e-01	5.5703962619177213447622394790788401e-06	2.0439649677727637027035260208490708e-03
2.6841048253392676174388899477322706e-03	6.2705294346311393385625255238897620e-01	5.5893588863476978798858589519407754e-06	2.0474410057461668503006962498048399e-03
2.6748634313323508698338132649471136e-03	6.3524973612280734394817977753798957e-01	5.6086697212624088983914031124070408e-06	2.0509748194795619803851025747296150e-03
2.6655181632254821409804780420781740e-03	6.4346078049917834421403744994918219e-01	5.6283337810164501925409860388637630e-06	2.0545670260595539862438459108734661e-03
2.6560694410707621092480239271708838e-03	6.5168631141877872434484695671170337e-01	5.6483562078862221912505565351151076e-06	2.0582182566360252790615637155901967e-03
2.6465176910702803283077024873637087e-03	6.5992656626136406206228071675971784e-01	5.6687422754645107644792956264070363e-06	2.0619291567372545579699380740802078e-03
2.6368633456172533913747611211245922e-03	6.6818178501805248430994126014997952e-01	5.6894973921721193402241009004131381e-06	2.0657003865948321426936834500379494e-03
2.6271068433379802619019057839286148e-03	6.7645221035080319355932551228993885e-01	5.7106271048910150426798899208505108e-06	2.0695326214787049639339093070683256e-03
2.6172486291346294501427615303231330e-03	6.8473808765325596491089030852465895e-01	5.7321371027236502434636387960351007e-06	2.0734265520426978692557237989760267e-03
2.6072891542288731196852152890942935e-03	6.9303966511297423437198093493069485e-01	5.7540332208833294026508972967160093e-06	2.0773828846808720777446640932581375e-03
2.5972288762063836247717829931889320e-03	7.0135719377513587137084655866642615e-01	5.7763214447207099033565357643539610e-06	2.0814023418950964363850325463290912e-03
2.5870682590622084084213615239565169e-03	7.0969092760771726186167152438357028e-01	5.7990079138917553260178782922826634e-06	2.0854856626742226280733433755471432e-03
2.5768077732470396335063236542932372e-03	7.1804112356821792506764248778576220e-01	5.8220989266727008745749631301803817e-06	2.0896336028852716903636502542369063e-03
2.5664478957143953745024214534536035e-03	7.2640804167197454991942060022383329e-01	5.8456009444278441017299408056801101e-06	2.0938469356770561623877657279981521e-03
2.5559891099687296671179280020235858e-03	7.3479194506211506964879223347827087e-01	5.8695205962362403694049995802507099e-06	2.0981264518966799239533259161265484e-03
2.5454319061144891969453872627027807e-03	7.4319310008120519802616128359826814e-01	5.8938646836836623507294507872501824e-06	2.1024729605193763668919589063293831e-03
2.5347767809061349072087509338670856e-03	7.5161177634464173179024293179458942e-01	5.9186401858264771038794535973127432e-06	2.1068872890921649879907138115950073e-03
2.5240242377991473201680845478240586e-03	7.6004824681584888449288196863663263e-01	5.9438542643344036466292417736421867e-06	2.1113702841918268615129136908694578e-03
2.5131747870020348973850942061301156e-03	7.6850278788333596104561742826469799e-01	5.9695142688194394058600886955911185e-06	2.1159228118977207863207215718968345e-03
2.5022289455293653114624506501764913e-03	7.7697567943967681368307220766212073e-01	5.9956277423585863359100318690842166e-06	2.1205457582799842597459717974427364e-03
2.4911872372558400666918153780172209e-03	7.8546720496247374304030015254441894e-01	6.0222024272183678798220394126621305e-06	2.1252400299036868624728916519644838e-03
2.4800501929714334889510107736187603e-03	7.9397765159737082699155826245481474e-01	6.0492462707895073375282634258929723e-06	2.1300065543495282039092648944013958e-03
2.4688183504376177068805643814073039e-03	8.0250731024318407947057130612509857e-01	6.0767674317405377214354570192374878e-06	2.1348462807516983374155624136689603e-03
2.4574922544446958675752239514781556e-03	8.1105647563921836659483559069962827e-01	6.1047742863995340114971303088515748e-06	2.1397601803535455746178453265614200e-03
2.4460724568702664715105285425774627e-03	8.1962544645484364322539287618685033e-01	6.1332754353736021346094186546321865e-06	2.1447492470817249770763845966244917e-03
2.4345595167388423739855077255799113e-03	8.2821452538140582507051795863830330e-01	6.1622797104162263356585410364315385e-06	2.1498144981395305552495823865728875e-03
2.4229540002826486848329796293423704e-03	8.3682401922655048535119960152317736e-01	6.1917961815530693169580168090521743e-06	2.1549569746201454368994019216267088e-03
2.4112564810036245053989825999446335e-03	8.4545423901104056697355797075366743e-01	6.2218341644773391312521821122978536e-06	2.1601777421405770625345994501392779e-03
2.3994675397366541727321008596905391e-03	8.5410550006815243752472913372089274e-01	6.2524032282263849548193373331199601e-06	2.1654778914970789119963091747111758e-03
2.3875877647140544365025822936507197e-03	8.6277812214573789201257224457641045e-01	6.2835132031517622845447894477856033e-06	2.1708585393428964571288889906409252e-03
2.3756177516313447753843274718351147e-03	8.7147242951104313427871134993047855e-01	6.3151741891956186563563568614790159e-06	2.1763208288892130697492363182495984e-03
2.3635581037143288675198133488183560e-03	8.8018875105837935001049285690658677e-01	6.3473965644868956580753404920843410e-06	2.1818659306302115971622309410508185e-03
2.3514094317875160653365702207211735e-03	8.8892742041974323027645993541339064e-01	6.3801909942715239285248565411624516e-06	2.1874950430932093612615449462150868e-03
2.3391723543439125895322477984145066e-03	8.9768877607848972298996589417421355e-01	6.4135684401915072627177538109299380e-06	2.1932093936148685609204109200778231e-03
2.3268474976162130516850645526970822e-03	9.0647316148616338963610506834772216e-01	6.4475401699285523020984247159805561e-06	2.1990102391445305876542614412060770e-03
2.3144354956494238409250204983773573e-03	9.1528092518259903547079397088179112e-01	6.4821177672287041687591410446530526e-06	2.2048988670757717363221007291046761e-03
2.3019369903749508687251489219114779e-03	9.2411242091940677326694148449643179e-01	6.5173131423252985732388060423144873e-06	2.2108765961073293495561220644727622e-03
2.2893526316861851585099285852037071e-03	9.3296800778696138418351159584418948e-01	6.5531385427784403509348814962073349e-06	2.2169447771346017296554234435286465e-03
2.2766830775156207948639300517230762e-03	9.4184805034502076574290667127487599e-01	6.5896065647501702352181630760553222e-06	2.2231047941729823478612891633832844e-03
2.2639289939135408121610536832849371e-03	9.5075291875710341816770177500699927e-01	6.6267301647354893539343438706255752e-06	2.2293580653143491520075901451110271e-03
2.2510910551283077059994002926256028e-03	9.5968298892876032911429881611469290e-01	6.6645226717704780804433908501229099e-06	2.2357060437180933047959150251639598e-03
2.2381699436882963945718098391577722e-03	9.6863864264988228657899886039743272e-01	6.7029978001398763823704245057381474e-06	2.2421502186381386740331441939614582e-03
2.2251663504855086427614110984344155e-03	9.7762026774118959468851536708167825e-01	6.7421696626076908743565151643575851e-06	2.2486921164874740540150200651744557e-03
2.2120809748609091911447479754204225e-03	9.8662825820505740234104344436871293e-01	6.7820527841956638829509689313410439e-06	2.2553333019417946490218338803724022e-03
2.1989145246915251071221771144133213e-03	9.9566301438083639628549776433094832e-01	6.8226621165357867882994022950363466e-06	2.2620753790839280361024432174096453e-03
2.1856677164793511980817350493814684e-03	1.0047249431048354752596335199021742e+00	6.8640130528244688889004112566084890e-06	2.2689199925908029019073702378708921e-03
2.1723412754421056989449052556220710e-03	1.0138144578751402283592892503970778e+00	6.9061214434074895959294689773097704e-06	2.2758688289648065919313402677399317e-03
2.1589359356058818708536659821648324e-03	1.0229319790214486081237832019505044e+00	6.9490036120264718700427755893250265e-06	2.2829236178114702138138094425532493e-03
2.1454524398997426264636110320279925e-03	1.0320779338801131373544104482456136e+00	6.9926763727593248815898802972780357e-06	2.2900861331655180134789306662191546e-03
2.1318915402523068327528110447585185e-03	1.0412527569745873401919062376142066e+00	7.0371570476889208047707024584968850e-06	2.2973581948674213300830292039285715e-03
2.1182539976903775370116148200151918e-03	1.0504568902014828656141234458744840e+00	7.0824634853362018720505860595283172e-06	2.3047416699927069929415088263122381e-03
2.1045405824396640184495383681672485e-03	1.0596907830224529999167052127798152e+00	7.1286140798959673098753626634113901e-06	2.3122384743363859363910919403588095e-03
2.0907520740276512894879402288742941e-03	1.0689548926621279701434596571425175e+00	7.1756277913157741589297232862157190e-06	2.3198505739549904900709958871513260e-03
2.0768892613886724602973254643227451e-03	1.0782496843123376507869293400317911e+00	7.2235241662607105279898710586727282e-06	2.3275799867688386953143560500218321e-03
2.0629529429712412406405829460743038e-03	1.0875756313428680311657111782523512e+00	7.2723233600092745401936288503029217e-06	2.3354287842272815782965202114006718e-03
2.0489439268477037879212278871928923e-03	1.0969332155190091124543489991608673e+00	7.3220461593282278907014362012300496e-06	2.3433990930398350870511919500286664e-03
2.0348630308262711230102076751542070e-03	1.1063229272261638152577726382747198e+00	7.3727140063771011852852018452004181e-06	2.3514930969762529196796811554366153e-03
2.0207110825654954296267263955669479e-03	1.1157452657018000270175997436564888e+00	7.4243490236960216378929107565874973e-06	2.3597130387387603227928310287534712e-03
2.0064889196912557326694130250431018e-03	1.1252007392750411419815895574565772e+00	7.4769740403337258475534469997753452e-06	2.3680612219098427539959859389067224e-03
1.9921973899163207200388128211620514e-03	1.1346898656142043861489915560983085e+00	7.5306126191760259237700136960225311e-06	2.3765400129791677590075478983712097e-03
1.9778373511625588354919219624038014e-03	1.1442131719826109195289895970663199e+00	7.5852890855386320511841379808560236e-06	2.3851518434534142430519224628325961e-03
1.9634096716858682314962565753591268e-03	1.1537711955030072152527025661110427e+00	7.6410285570921158451030459739636862e-06	2.3938992120529913033201716784507815e-03
1.9489152302039017357324815900948413e-03	1.1633644834309535798587526917761063e+00	7.6978569751909451322421379365459262e-06	2.4027846869998497806007876684085344e-03
1.9343549160266646579306534282754083e-03	1.1729935934375529552382781406663193e+00	7.7558011376829522228019351384338421e-06	2.4118109084008245950006910096616651e-03
1.9197296291900660505047419478738298e-03	1.1826590939019113878720779375322136e+00	7.8148887332803361325143408992734356e-06	2.4209805907311957351952575175075320e-03
1.9050402805925069426703357099850889e-03	1.1923615642137408267948151889714917e+00	7.8751483775783682172363369089036151e-06	2.4302965254234215319551808948456234e-03
1.8902877921345920994162358495158911e-03	1.2021015950865352842537776558106479e+00	7.9366096508133959572789318140480369e-06	2.4397615835662807074054264952790393e-03
1.8754730968620550202262126278669914e-03	1.2118797888817729331162257418629792e+00	7.9993031374575490283585394872196168e-06	2.4493787187199608849491652020682354e-03
1.8605971391119891945589476739719293e-03	1.2216967599446194986707933989495669e+00	8.0632604677537755759332255895667590e-06	2.4591509698529521031038825367167255e-03
1.8456608746624820789353571669518741e-03	1.2315531349516324110548337397833348e+00	8.1285143613015076518766690596053697e-06	2.4690814644069458390971932512322570e-03
1.8306652708857518616196060373306088e-03	1.2414495532709907055984493656882338e+00	8.1950986728104088357436294470524669e-06	2.4791734214963046713120361418731446e-03
1.8156113069048908433313931946396174e-03	1.2513866673358026858600983264287844e+00	8.2630484401473330581340457683175298e-06	2.4894301552490566772632862827118164e-03
1.8004999737543231946929704728344513e-03	1.2613651430310719989983366040255823e+00	8.3323999348098639378157756995993957e-06	2.4998550782967837982573560564585896e-03
1.7853322745440889622104203285592423e-03	1.2713856600949331239269557989507531e+00	8.4031907149686546963261366187153630e-06	2.5104517054212166771722808714600046e-03
1.7701092246280704940810058616605121e-03	1.2814489125347994562040756974538373e+00	8.4754596812303002462789668130628361e-06	2.5212236573658220310915754194140916e-03
1.7548318517762819551615359649709559e-03	1.2915556090591013154881450452241368e+00	8.5492471352827002596751625801402574e-06	2.5321746648211747755031683146702972e-03
1.7395011963513473078108786512577665e-03	1.3017064735253274369994376564621033e+00	8.6245948415958748370339077973878407e-06	2.5433085725934483883435127921103584e-03
1.7241183114892970634910733029272784e-03	1.3119022454051219835894091215122879e+00	8.7015460923630382782289896673203751e-06	2.5546293439659361229287374468592314e-03
1.7086842632848192711555702669218112e-03	1.3221436802672299869704825900977683e+00	8.7801457758794929563319120612492658e-06	2.5661410652641356174104376539919924e-03
1.6932001309811056155226652516602429e-03	1.3324315502791275650052188131742166e+00	8.8604404485706526860517663702631411e-06	2.5778479506355934319456161805289512e-03
1.6776670071644391651085846596500967e-03	1.3427666447282194497700618657491969e+00	8.9424784108953289326289900713353730e-06	2.5897543470564175836563763611767277e-03
1.6620859979636762510480893126503755e-03	1.3531497705635354961191128786216168e+00	9.0263097873664075709627974664784661e-06	2.6018647395771290646791833604571665e-03
1.6464582232547811888848332906276576e-03	1.3635817529589101363540853019242950e+00	9.1119866109483115489971675251136387e-06	2.6141837568213417820567112572532567e-03
1.6307848168705790933170359916082443e-03	1.3740634358986844344154651472855477e+00	9.1995629121092985800205401481993062e-06	2.6267161767516388861690439321359281e-03
1.6150669268158988980844504585574112e-03	1.3845956827870297227560111236787844e+00	9.2890948128268067663254616377657418e-06	2.6394669327179570045469461017617017e-03
1.5993057154882858987108792574707442e-03	1.3951793770820550474276915293330796e+00	9.3806406258658709388527123601338773e-06	2.6524411198048038705144887381318279e-03
1.5835023599044707048752769080412076e-03	1.4058154229559280951704466178563432e+00	9.4742609596742381171593943629435915e-06	2.6656440014947251295551940561066119e-03
1.5676580519327894433453065222393078e-03	1.4165047459823112483676035286911717e+00	9.5700188292633764949594555215185055e-06	2.6790810166666091676990271674887547e-03
1.5517739985317584147156337459276059e-03	1.4272482938524912545333619688979851e+00	9.6679797734722800421914533678025353e-06	2.6927577869486816876557970790663014e-03
1.5358514219950152022830457432830355e-03	1.4380470371216630809427556253908725e+00	9.7682119790410199953598482886609234e-06	2.7066801244474021794224139212086322e-03
1.5198915602028474856078853486256805e-03	1.4489019699869162588452952815558399e+00	9.8707864119536055703380166901316925e-06	2.7208540398749408492882204635926364e-03
1.5038956668805405528499272838879104e-03	1.4598141110985658475825028316592589e+00	9.9757769565451324603234900813713751e-06	2.7352857510994962557776204775597017e-03
1.4878650118637847650147099950785784e-03	1.4707845044065705478674201837951487e+00	1.0083260562906687865216767844330823e-05	2.7499816921444210253780363513556900e-03
1.4718008813713950341459161983188339e-03	1.4818142200438879891325593958252692e+00	1.0193317403163342160883016317116553e-05	2.7649485226639667547185390939225192e-03
1.4557045782856057709219800588387041e-03	1.4929043552487323787049252960032153e+00	1.0306031037246118812016221992479318e-05	2.7801931379254518243349746335999170e-03
1.4395774224402167722511423089567546e-03	1.5040560353278231526142813826665429e+00	1.0421488588828460158673841990704592e-05	2.7957226793298108532907635090324604e-03
1.4234207509168781962259656151736216e-03	1.5152704146628456877405021247452418e+00	1.0539780932151801291275745020363663e-05	2.8115445455048167755115886627836738e-03
1.4072359183498161530668752523021042e-03	1.5265486777624872638177672819178744e+00	1.0661002890523875752670993582642743e-05	2.8276664040077923914807643023682403e-03
1.3910242972393145725273960942936693e-03	1.5378920403625641113796201821759246e+00	1.0785253447337803340498289698236689e-05	2.8440962036773657981719484112785814e-03
1.3747872782742839401973913435064071e-03	1.5493017505769194337710246765038174e+00	1.0912635970530405628629962770629234e-05	2.8608421876767932528633876680798675e-03
1.3585262706642632805411318572505513e-03	1.5607790901019487173771156837289621e+00	1.1043258451475175348093210159463121e-05	2.8779129072745957956796106059271084e-03
1.3422427024812184607569016152866263e-03	1.5723253754777985063256770411744607e+00	1.1177233759389578145977648001687332e-05	2.8953172364117566807542298102663823e-03
1.3259380210115175585099159087779478e-03	1.5839419594094892806452329291271849e+00	1.1314679912428655267942762159602632e-05	2.9130643871085322838579601416498791e-03
1.3096136931184827449820347800982422e-03	1.5956302321514334181546506988257492e+00	1.1455720366738078286457489660654418e-05	2.9311639257680695056170524935870753e-03
1.2932712056159379544881037066576104e-03	1.6073916229590568438789343823790756e+00	1.1600484324850837503708493593019865e-05	2.9496257904385308629864972921913960e-03
1.2769120656531926208682887177149513e-03	1.6192276016114894196429579111013705e+00	1.1749107064933692911095330497667894e-05	2.9684603091003411849241463056988086e-03
1.2605378011119240429892972063265877e-03	1.6311396800095660986755739220636081e+00	1.1901730292523577612576206834977848e-05	2.9876782190505279086327447029476264e-03
1.2441499610154445878327882635344137e-03	1.6431294138536802357112781778537846e+00	1.2058502516541660526768782224866703e-05	3.0072906874619757976015495174510922e-03
1.2277501159508650481555231994512159e-03	1.6551984044063542639446838051115532e+00	1.2219579451535254461064560171637760e-05	3.0273093332018070063234261813080883e-03
1.2113398585046921490926982127220972e-03	1.6673483003447435014442421640346858e+00	1.2385124448276890259853598863557685e-05	3.0477462500000851244159447140546983e-03
1.1949208037124265598174032262653745e-03	1.6795807997086686444556415790994172e+00	1.2555308955047572430541355380782863e-05	3.0686140310676899938285107385225801e-03
1.1784945895227579377487240165188119e-03	1.6918976519501843223477030688694222e+00	1.2730313012149632094444074536926325e-05	3.0899257952705889130949483087176961e-03
1.1620628772769856498586625640914052e-03	1.7043006600911380047139889456617435e+00	1.2910325782436119271568735910235797e-05	3.1116952149769178364320870951348588e-03
1.1456273522043280262100740188055862e-03	1.7167916829956589736375575635936551e+00	1.3095546120911061198399991967222487e-05	3.1339365457033712504825495862701243e-03
1.1291897239338194657814948272430233e-03	1.7293726377650447839913394062456118e+00	1.3286183186751246641065277658896783e-05	3.1566646576984801093652554100723502e-03
1.1127517270235336089821357741122715e-03	1.7420455022630868301571595003472307e+00	1.3482457101428976562117219720056333e-05	3.1798950696125441257114333455097468e-03
1.0963151215079123058170022726362322e-03	1.7548123177805019859964410736041629e+00	1.3684599656980415414152818791798153e-05	3.2036439844174021308772424631716447e-03
1.0798816934640244515188494207396313e-03	1.7676751918478189809714286676870487e+00	1.3892855078870287692830150270627566e-05	3.2279283277540119637159505823725554e-03
1.0634532555976261598016849691339280e-03	1.7806363012068120074410896509317662e+00	1.4107480848355810377795139811401104e-05	3.2527657889021269591601516727990769e-03
1.0470316478499444459736004318875081e-03	1.7936978949513864801681154476556434e+00	1.4328748589756761644519491977187291e-05	3.2781748645843772992301440005222033e-03
1.0306187380261608695470068812091850e-03	1.8068622978497101024395969645371514e+00	1.4556945028601104670649673588055509e-05	3.3041749058369920085320642323917730e-03
1.0142164224466297360722726127891243e-03	1.8201319138603545015682954830054266e+00	1.4792373027244200022592608481436767e-05	3.3307861682014583066286142824077447e-03
9.9782662662192780665375068619620059e-04	1.8335092298562777144645082044030837e+00	1.5035352705263028099419418627007857e-05	3.3580298655158666059322102831278397e-03
9.8145130595289936865748309273682782e-04	1.8469968195716458621131846274031170e+00	1.5286222652714943106176022682755204e-05	3.3859282276118234789987021266505083e-03
9.6509244645693237538701407529914376e-04	1.8605973477877748251893623799876214e+00	1.5545341245234693925206046555943663e-05	3.4145045622529629429546504587235431e-03
9.4875206552177859806455591114772286e-04	1.8743135747758824115405838055370746e+00	1.5813088070936877052076678752218541e-05	3.4437833216846256447404769602366228e-03
9.3243221268831382601144043267788193e-04	1.8881483610158927907707020918526430e+00	1.6089865480208713351909107210739599e-05	3.4737901742016358610641805100680296e-03
9.1613497046372362481819207311902307e-04	1.9021046722122441000268057252055301e+00	1.6376100270737452309503257868127191e-05	3.5045520811827783231333363550449387e-03
8.9986245516669659618127729540076154e-04	1.9161855846295354356632397217836631e+00	1.6672245521537889343515961879001625e-05	3.5360973800871217094485042106378889e-03
8.8361681780631111632560320175954545e-04	1.9303942907729316768149075218309736e+00	1.6978782591351674364291623146100796e-05	3.5684558739593956349518080766548092e-03
8.6740024499641386986700440751698034e-04	1.9447341054405472309407379093477315e+00	1.7296223298608235678229123442515059e-05	3.6016589280499400455733986253980891e-03
8.5121495990740992614328546936289657e-04	1.9592084721775795006465317940579498e+00	1.7625112302198536070768977111279669e-05	3.6357395742201569729738857047112773e-03
8.3506322325751549456868935990575098e-04	1.9738209701647899335335310651051541e+00	1.7966029704653935323982074295340925e-05	3.6707326238778795621659490575205999e-03
8.1894733434566680977736294359596295e-04	1.9885753215770694095453421341431688e+00	1.8319593901985621804489007200085466e-05	3.7066747902697566278924062129670833e-03
8.0286963212843290991507280338664200e-04	2.0034753994513147566379325133052804e+00	1.8686464707475016033427545271331875e-05	3.7436048210509321212434538555326941e-03
7.8683249634344757835374449894953621e-04	2.0185252361067292729714530730532965e+00	1.9067346780170344753671820332042879e-05	3.7815636421574822597108577290504344e-03
7.7083834868205775439437947798294201e-04	2.0337290321649936630536535272438182e+00	1.9462993392807418474968149855647670e-05	3.8205945141260040787398872355943497e-03
7.5488965401408377255877095712834333e-04	2.0490911662225936866888329193144926e+00	1.9874210578413709568086571665512075e-05	3.8607432021394568667401295075489901e-03
7.3898892166780253043352230126903708e-04	2.0646162052330047561623651392639131e+00	2.0301861700068650367070953465559990e-05	3.9020581612312061994674212965013757e-03
7.2313870676849998057475436176367176e-04	2.0803089156624996014001926178733306e+00	2.0746872494291344331711009030893389e-05	3.9445907382529689715114935874784656e-03
7.0734161163919629056627600197959620e-04	2.0961742754901528027179864252160542e+00	2.1210236645441902118735623592414045e-05	3.9883953924102364139384671188866945e-03
6.9160028726742797585564839215656777e-04	2.1122174871302693080990117410754642e+00	2.1693021956511464668627142745580121e-05	4.0335299363945483055708316177409310e-03
6.7591743484227893953490728308851989e-04	2.1284439913640832812816386436884790e+00	2.2196377190925661675458244342201227e-05	4.0800558004001584451793193011344543e-03
6.6029580736618965006260701757473032e-04	2.1448594823772983857485201090522954e+00	2.2721539670719987214142960752838213e-05	4.1280383216084169495449473876862290e-03
6.4473821134644404160892552365579956e-04	2.1614699240110333405798120047530683e+00	2.3269843728930510774970175882361869e-05	4.1775470620627996057819469289417744e-03
6.2924750857164097148009301506077711e-04	2.1782815673461867330660678529769823e+00	2.3842730128600135048118697055850784e-05	4.2286561582482833674756464501060633e-03
6.1382661797890557205582810831676461e-04	2.1953009697553641170883281587250570e+00	2.4441756577815244789181577765698355e-05	4.2814447061394243206275588834908624e-03
5.9847851761809054574954265586003505e-04	2.2125350155725779413854621391963278e+00	2.5068609490126082196935162743122703e-05	4.3359971860024310892056443031919614e-03
5.8320624671976401718946998325887271e-04	2.2299909385492418572731149988558563e+00	2.5725117163130926999524941338843546e-05	4.3924039318401545287260765101742072e-03
5.6801290787438542573824867795894332e-04	2.2476763462858948327310417849535894e+00	2.6413264575604880284720306187226296e-05	4.4507616510701031938747270592215819e-03
5.5290166933074149478946085794991852e-04	2.2655992468530318579019153357492917e+00	2.7135210036164654439112147435893669e-05	4.5111740008422118874021814086981498e-03
5.3787576742245902016986749366863431e-04	2.2837680778418899825386400020085295e+00	2.7893303955103723578392406062213501e-05	4.5737522283566777729015489579213093e-03
5.2293850913223981699002830641764439e-04	2.3021917381176388921922663633023469e+00	2.8690110056962595000711432425733099e-05	4.6386158836587866348059459117559983e-03
5.0809327480438687977845863183067053e-04	2.3208796225838669681467796328847965e+00	2.9528429406163164352702666152722611e-05	4.7058936146988957688695010524944608e-03
4.9334352101722262179771639863873795e-04	2.3398416603093891687955482297593929e+00	3.0411327683546534284596491789430169e-05	4.7757240559901209816744272413454623e-03
4.7869278362815500565056374304865158e-04	2.3590883564172548473955939408652328e+00	3.1342166230284819326349654268886595e-05	4.8482568240208522172451775586372877e-03
4.6414468100544293679688184754043581e-04	2.3786308381926331222481886271699326e+00	3.2324637470349684006083739705505219e-05	4.9236536347417321049736395804901816e-03
4.4970291746216883500684755435005172e-04	2.3984809059324884317090877195463673e+00	3.3362805437220139379824459582600115e-05	5.0020895610182902947514398185276684e-03
4.3537128690956763875662096047955443e-04	2.4186510891374337624530302878288420e+00	3.4461152269460654823503444189658531e-05	5.0837544510089880181152411941473557e-03
4.2115367674871555709881776179395870e-04	2.4391547087370603803107560335186131e+00	3.5624631709086794845679817779253813e-05	5.1688545321032339222976437813642732e-03
4.0705407202168151131921291652471075e-04	2.4600059461470757309138277546815184e+00	3.6858730843734946433672391814427678e-05	5.2576142294712671709442459997847507e-03
3.9307655984562817838082470762222892e-04	2.4812199200830312018301667673729351e+00	3.8169541588102537791946578019111224e-05	5.3502782336084700755599415617312531e-03
3.7922533415606378792400366195765272e-04	2.5028127722053515600057440218729380e+00	3.9563843714156485223560946327163696e-05	5.4471138577157667244073058487660737e-03
3.6550470078854493680324616186254265e-04	2.5248017628488196475547423016426721e+00	4.1049201628991425604386506700924625e-05	5.5484137336175237227266992078833823e-03
3.5191908293167983329492376738906179e-04	2.5472053783028841008244605180533999e+00	4.2634077584406766946448822286946169e-05	5.6544989045251606640957265468814239e-03
3.3847302698835864602224065304476529e-04	2.5700434513649734895106688407987603e+00	4.4327964609940735877577048490890781e-05	5.7657223847516003192649961897157900e-03
3.2517120888683695639100106570576026e-04	2.5933372971972584861032965941343113e+00	4.6141543226267966772591990403981498e-05	5.8824732710388457213691816700233911e-03
3.1201844088873323220622729422105034e-04	2.6171098668904423195492934476120211e+00	4.8086866964798874177409997584675277e-05	6.0051815082162926614329874612881510e-03
2.9901967894730959286745106838809730e-04	2.6413859215919885813662181538821185e+00	5.0177582953555585098662836147412908e-05	6.1343234344220650603748895028664310e-03
2.8618003067675507855679138958149753e-04	2.6661922306109310314472477842127411e+00	5.2429195411393712853962072049343059e-05	6.2704282593540144359042693841450244e-03
2.7350476400178835046432012562155847e-04	2.6915577975930677132234626461267673e+00	5.4859381933698798604848525253424660e-05	6.4140856646351181665256612518966227e-03
2.6099931656699640095287806624994659e-04	2.7175141197026216825155110556388055e+00	5.7488375104267813385404249248674379e-05	6.5659547605931547466293972902329903e-03
2.4866930599724252174436949841965245e-04	2.7440954857933148972828285845231581e+00	6.0339425438013676076706308412382234e-05	6.7267746915333988066000705224871003e-03
2.3652054111460338741389426379172326e-04	2.7713393208610239360569516531719232e+00	6.3439366235108809106914848242968474e-05	6.8973772559346979532394076122535828e-03
2.2455903423412474504409184423585191e-04	2.7992865857182865684682844670452800e+00	6.6819307011248575770857431720333919e-05	7.0787020043882595463000016825030458e-03
2.1279101468084076695947791473376376e-04	2.8279822429200995067654700463740183e+00	7.0515490328273487897286450760752552e-05	7.2718144040418220269099853116894641e-03
2.0122294369477610700095610473677759e-04	2.8574758026383723170303805680541872e+00	7.4570357893721668945120075794609127e-05	7.4779278242507921304946647611828058e-03
1.8986153092005791633247167980803921e-04	2.8878219656163181712413436425882441e+00	7.9033886894262563869700859641553524e-05	7.6984303187256468660192860450961472e-03
1.7871375271012003962658731896219302e-04	2.9190813847911442252701267325389809e+00	8.3965278380244329974718469723221743e-05	7.9349174754932794697791387860465998e-03
1.6778687252499371667551927583677009e-04	2.9513215730106611140731808496481314e+00	8.9435108645805986727228567668204707e-05	8.1892330073094534587066004751550137e-03
1.5708846375109762643402856725392757e-04	2.9846179919881217216288842751781839e+00	9.5528095726607670324985456524842096e-05	8.4635193051676272824572078290280181e-03
1.4662643534175197953245438248691042e-04	3.0190553679521509213304085710848660e+00	1.0234669210730418971392168005070871e-04	8.7602809401950018612978770080104986e-03
1.3640906076185499422892535905355105e-04	3.0547292933809536915524698535713789e+00	1.1001580036547124528912786728418919e-04	9.0824651701186684387665026843785382e-03
1.2644501082821581219601626578965725e-04	3.0917481932604621350089024021535924e+00	1.1868903472135997999182418052811062e-04	9.4335650308203397371808112322251988e-03
1.1674339117541030830402136689954267e-04	3.1302357606968367322999828056332901e+00	1.2855714063561020069255278630982867e-04	9.8177527955468260983938440449957953e-03
1.0731378525612179689506972073311583e-04	3.1703340037954201431312350621391013e+00	1.3985947315805636620495088973119989e-04	1.0240054816936052860270040148731722e-02
9.8166304019446158399788772280723494e-05	3.2122070986353059144951460775824279e+00	1.5289988354227186904415973715660687e-04	1.0706583596479860273705537650218127e-02
8.9311643721671644849124318249402947e-05	3.2560463199774797979115232732484220e+00	1.6806907676586678916026412919779455e-04	1.1224850281532480427241253915338067e-02
8.0761153742378705388466066864031964e-05	3.3020764349385877472354462822437568e+00	1.8587666271447528159130784362261042e-04	1.1804192233140670814221987294356397e-02
7.2526916850160835701908843496033302e-05	3.3505641163779172675770205201540260e+00	2.0699806106393617890365710559170229e-04	1.2456368534389977147163091456612598e-02
6.4621845156470216337312437113588179e-05	3.4018291977651892732814536441727111e+00	2.3234475072123208379241959212894928e-04	1.3196406111278719894928930461581466e-02
5.7059796121369026339371190625925506e-05	3.4562600115346215272446902519041483e+00	2.6317227235451150357666023094803433e-04	1.4043829324399276256373221704336502e-02
4.9855714604359320463481400936918322e-05	3.5143347390610823057585608526248514e+00	3.0125130380556805470406199326362495e-04	1.5024493262777980748763097540056524e-02
4.3025809371737162727190822515998136e-05	3.5766518585735466623897388568335372e+00	3.4914811891248719884836230987926406e-04	1.6173398972673087677609039743288801e-02
3.6587776163861343609464658255907513e-05	3.6439748086102579369196252445866346e+00	4.1070314982722011473963469615541017e-04	1.7539167354815873795963735638272969e-02
3.0561085249469992051528526180840039e-05	3.7172997094728256262430673004695686e+00	4.9188711136369548468023023906522844e-04	1.9191441915654515450219671917721020e-02
2.4967360939076735122447859216615944e-05	3.7979621838646740089804192373330172e+00	6.0242196064223096416165441042471392e-04	2.1233743800444909340078761149637740e-02
1.9830896900318636087774630702211151e-05	3.8878141346683540129983325148163888e+00	7.5907077230559712712709117325656600e-04	2.3827148571667595330714263618684842e-02
1.5179380777775238875876214099235423e-05	3.9895342790091441361055365965778813e+00	9.9292399807529105801653148576314870e-04	2.7237222216556728514121658175505420e-02
1.1044959093483315387377059786797661e-05	4.1072169330411417678145175401488682e+00	1.3674775244742103653407411632586217e-03	3.1936315412969053703773034318492601e-02
7.4658945213826170687952975476372234e-06	4.2476078864948051754750184534089321e+00	2.0310115978347727518302776711377754e-03	3.8856848692044711483385741848250519e-02
4.4893508408171875970573587128248995e-06	4.4230985447706361668719358333350231e+00	3.4073135460415221258190530804045072e-03	5.0144618928238728974006367361058578e-02
2.1765735685016190729592470088173711e-06	4.6607789403325035831622389915533476e+00	7.2194096208441528077882596936902628e-03	7.2166470920969790229739408546301255e-02
6.1038839301365602220512482327088537e-07	5.0436916024860592690547962807487823e+00	3.4353310705264851973087747003870313e-02	1.3846365462452612746814928307841427e-01
0.0000000000000000000000000000000000e+00	0.0000000000000000000000000000000000e+00	8.4916554976581306775348167249488926e-06	2.3485201366376653421846109965082413e-03