5.7827428022908289841312941267639030e-07	-5.0540293470846196991171019171454180e+00	3.4229327561689388009567141798311251e-02	1.3820677528430957142884156325634642e-01
2.0627870655596392265601519254664570e-06	-4.6718508490529814601022617523619842e+00	7.1903740953625854069502643823904394e-03	7.2020339966454355576277225194757303e-02
4.2558845890327467632538424361193116e-06	-4.4346667443735867301968459512181508e+00	3.3926006370720522246896037355991051e-03	5.0035922253340008324221465778548616e-02
7.0793736135206828291898663346524446e-06	-4.2595663924162944496620301553678774e+00	2.0217374246182039238520860965108231e-03	3.8767874847827931843479627162330736e-02
1.0475418339129822070569337430097398e-05	-4.1195040561117978563828730663818242e+00	1.3609351330834165180264574410463570e-03	3.1859736598771538096130506040069922e-02
1.4399477002035694777262471712148904e-05	-4.0021090857340718052206679519210427e+00	9.8797814407006873290380882225708961e-04	2.7169243197682728884546650285702154e-02
1.8815411642551358878738121081115256e-05	-3.9006472295753422208445663335922549e+00	7.5515233531900938886870642555065699e-04	2.3765528844016493319944972220718379e-02
2.3692858964160566909929324248432002e-05	-3.8110313053669292217440008580879305e+00	5.9921049116223805300796171842646049e-04	2.1177040940132358850935241523242071e-02
2.9005665704817534649213071235594773e-05	-3.7305873416906754268821027844356839e+00	4.8918671901267495559272233956687735e-04	1.9138668004320786507825903555579248e-02
3.4730883235920053829490566472416202e-05	-3.6574667665407975847804006723749823e+00	4.0838649909077780308947734516472086e-04	1.7489613548446092481958960106615987e-02
4.0848083413294428267737273535845336e-05	-3.5903363930104603598683232311380933e+00	3.4712838931822610848893949304673067e-04	1.6126537877120064795093716585765891e-02
4.7338872033318095476294162354984880e-05	-3.5282019408211408994917980736826376e+00	2.9946699335304299001406473838648506e-04	1.4979920897982249918001399155718363e-02
5.4186530502773274470779087478820990e-05	-3.4703013985042705873659732267754775e+00	2.6157842942016252362376744810259502e-04	1.4001228766444821850768502680831916e-02
6.1375744330844923700919552260140928e-05	-3.4160374190291765370020121030109670e+00	2.3090765139443133899217973034919277e-04	1.3155523721951023462538799353961251e-02
6.8892392506746961794220831833811280e-05	-3.3649327343055985643580886029844503e+00	2.0569183908073234974028860009424931e-04	1.2416997859480122198364430679011718e-02
7.6723380837601112063410399835375544e-05	-3.3165997608969276521751087767375892e+00	1.8468109859545388576902217438829775e-04	1.1766162763970894768375348107682968e-02
8.4856507819356071430187056817616975e-05	-3.2707192879698822504761767018128845e+00	1.6696810274527028633965036659242100e-04	1.1188019407234851579450945564630323e-02
9.3280355099127322004903158788941087e-05	-3.2270251664097466708611039620796582e+00	1.5188054565595629652414127804659045e-04	1.0670830711804626923926409297877871e-02
1.0198419687047528588463175041196051e-04	-3.1852930742655922734030149693682051e+00	1.3891119398477156247816574900803719e-04	1.0205276923689836296985249465330735e-02
1.1095792408149643302395537814330240e-04	-3.1453321186607290211632039666205894e+00	1.2767118490521530780848133803395265e-04	9.7838611623256562762151563215771343e-03
1.2019198039801983262164144888776741e-04	-3.1069784538266872748427403201940986e+00	1.1785811494896514826585109489260507e-04	9.4004826175085306484363367447064940e-03
1.2967730761404628268132163069403471e-04	-3.0700903594854212464743418329018940e+00	1.0923378110858658828823093059862602e-04	9.0501246148274049850252113611982519e-03
1.3940529874111030185460243638089489e-04	-3.0345443950246097935705326087168361e+00	1.0160836495416145639542612728755597e-04	8.7286229664069592864098165459869258e-03
1.4936775740322192982363275821748305e-04	-3.0002323583082767710947196818791024e+00	9.4829005846757257116420150987027148e-05	8.4324914473138547667940862775008347e-03
1.5955686245771134505551067623085806e-04	-2.9670588546399620909830401188924670e+00	8.8771419489204212491077460775394391e-05	8.1587885807818670605676237544134094e-03
1.6996513698372544476247980600409377e-04	-2.9349393342200643443541649684540833e+00	8.3333664983316941996284647635982622e-05	7.9050147365051855820824347306737365e-03
1.8058542094922465544056186813670046e-04	-2.9037984934553741711096845224051982e+00	7.8431450903743646155040440780817449e-05	7.6690317732138973027038784118754975e-03
1.9141084699797808079250768738294492e-04	-2.8735689618228719145575495231945534e+00	7.3994559265608529889938830340531468e-05	7.4489996549427433130764110092632893e-03
2.0243481890008086876646431215634881e-04	-2.8441902150064575518333005071610979e+00	6.9964091964149765984924547468589616e-05	7.2433259920614921058586399249169374e-03
2.1365099228997652778385745404710830e-04	-2.8156076689327103973016004155474731e+00	6.6290329529147799577868977315018631e-05	7.0506255271373204836516425216429073e-03
2.2505325737999537162839386692709305e-04	-2.7877719196258133901306369370478036e+00	6.2931050750485127389588042075503638e-05	6.8696873469933820317687002578570798e-03
2.3663572338880290625580077071453876e-04	-2.7606381015065468708702282666022646e+00	5.9850202728466079276497427267027132e-05	6.6994481513568162720450296650431023e-03
2.4839270446570897104033846652963671e-04	-2.7341653425869393569175632551669029e+00	5.7016839901374342063837997681783055e-05	6.5389703090916254486514409959163077e-03
2.6031870692564350971202122684571999e-04	-2.7083162994611361353425128997270144e+00	5.4404271362550468171366269781768964e-05	6.3874237285089720358949787216775722e-03
2.7240841763737288451818858505030293e-04	-2.6830567584206885665667156962512685e+00	5.1989370808291539442346507562947616e-05	6.2440707884377356258491245927068302e-03
2.8465669343045091670604226685998724e-04	-2.6583552916854974533493939349605018e+00	4.9752014452634662003170179601499445e-05	6.1082537423769480288771913405985198e-03
2.9705855140543045607254399420884031e-04	-2.6341829598269673027744534519615741e+00	4.7674620367806528158964925858303123e-05	5.9793841337664226820883897033727865e-03
3.0960916004775250952527113102522791e-04	-2.6105130531049813344291788520112696e+00	4.5741768765562896966989517944307804e-05	5.8569338566252197931907790407051142e-03
3.2230383105906894049133816625374197e-04	-2.5873208657470992229553782084119147e+00	4.3939887289728670001168117862640176e-05	5.7404275700232332447601826158390729e-03
3.3513801183100705773263608224629484e-04	-2.5645834982432935226078345991573561e+00	4.2256988844249334965832626754754624e-05	5.6294362325240088315362547604494373e-03
3.4810727849592104279926870560511645e-04	-2.5422796835702458451622220511948614e+00	4.0682452120410502703144379967349907e-05	5.5235715678687756663740986316117481e-03
3.6120732949729362105563818023085472e-04	-2.5203896339396024334947352200906288e+00	3.9206837018474601738697297867591239e-05	5.4224813087239460880105468552913818e-03
3.7443397962939164712515205169752881e-04	-2.4988949052182797878746415476479407e+00	3.7821728733603170744625688516945266e-05	5.3258450934963437134255250347234651e-03
3.8778315450173603318273799961324007e-04	-2.4777782766218823372601843346903891e+00	3.6519605504387209604041853031643864e-05	5.2333709136932170282929251582591789e-03
4.0125088538907847334035555202354743e-04	-2.4570236436547254099313739618118997e+00	3.5293725986678092690666283723454453e-05	5.1447920273257233795726471503726990e-03
4.1483330443201485985419110766868467e-04	-2.4366159225776286696698849089082374e+00	3.4138032976960352382803963356447500e-05	5.0598642683844740525725709393460509e-03
4.2852664015721534907465453839470816e-04	-2.4165409649399726934357461582853879e+00	3.3047070814288791366569746292586261e-05	4.9783636941905010347426361616602683e-03
4.4232721328960242361852975991117985e-04	-2.3967854809253174305806603081962938e+00	3.2015914272683361112681052655933211e-05	4.9000845220137030053973745150643762e-03
4.5623143283173473675084505225724861e-04	-2.3773369704379804365136358473545457e+00	3.1040107143391583239098629913700764e-05	4.8248373141957395782742715128441970e-03
4.7023579238821754515045286312929781e-04	-2.3581836610076141487822105544034309e+00	3.0115609018946856567981129481782970e-05	4.7524473774611991572144767767312382e-03
4.8433686671521169480153451686934445e-04	-2.3393144517150272445342301512133948e+00	2.9238749044169737604431895655698534e-05	4.6827533474214030811128395985422934e-03
4.9853130847709578903137105304261736e-04	-2.3207188624493206040383953974602992e+00	2.8406185605352350288116361689056863e-05	4.6156059336841264124221672526814975e-03
5.1281584519408694955877292923775800e-04	-2.3023869878971431188414351994200868e+00	2.7614871097326216203048916407065546e-05	4.5508668046503004650661853386192856e-03
5.2718727636617549817607770968594674e-04	-2.2843094557421964918023185023972571e+00	2.6862021046381533287600392501851868e-05	4.4884075941414442422315535115084178e-03
5.4164247076010430467080271489716798e-04	-2.2664773886192237857793660034048390e+00	2.6145086980942418795524156052012700e-05	4.4281090145681900372109395323009098e-03
5.5617836384734695103706891374278585e-04	-2.2488823694234047036170239829804016e+00	2.5461732536147044683395399469894554e-05	4.3698600635086125934919070133808306e-03
5.7079195538212948801380280776713271e-04	-2.2315164096248363973211055440037426e+00	2.4809812356722821324558334956726307e-05	4.3135573123861244175778981922070021e-03
5.8548030710951491144653684391629234e-04	-2.2143719202798310096552578719973851e+00	2.4187353427731087939662096046418700e-05	4.2591042674780904803466395006230512e-03
6.0024054059444176421972933355714022e-04	-2.1974416854671309295637005993690585e+00	2.3592538517246307597909030609445475e-05	4.2064107947950140887073877264287809e-03
6.1506983516339072837298688347429831e-04	-2.1807188379086806492623169998164810e+00	2.3023691460734786121669099736714206e-05	4.1553926014845808805942975631345686e-03
6.2996542595105631313661375529646116e-04	-2.1641968365620115428095827710063432e+00	2.2479264055346334861212725202575398e-05	4.1059707673665748302504209352707557e-03
6.4492460204503396383735844130445037e-04	-2.1478694459951896099139954044798570e+00	2.1957824364778118321897668778483585e-05	4.0580713210197010775433430261988234e-03
6.5994470472210411020453729179003164e-04	-2.1317307173761483938241857683212150e+00	2.1458046262830677608519640378905978e-05	4.0116248555411645936316304236454292e-03
6.7502312577021081041655129260374175e-04	-2.1157749709265036788482644753711695e+00	2.0978700067083636886151989869977385e-05	3.9665661797022955912059021566965183e-03
6.9015730589069981856447800683304674e-04	-2.0999967797059818886405306827357453e+00	2.0518644133955261077331572742347716e-05	3.9228340007434233477497001246642183e-03
7.0534473317580443997251603975924344e-04	-2.0843909546076947695787040481562932e+00	2.0076817303337467550034141361509971e-05	3.8803706355009678391614446630615906e-03
7.2058294165675211983447781248804361e-04	-2.0689525304569180263809932915626179e+00	1.9652232095479830285645703410930583e-05	3.8391217469497144062203329315459004e-03
7.3586950991821445026554954729724601e-04	-2.0536767531170021258992883264528579e+00	1.9243968575216631828224818379223296e-05	3.7990361035821680273306874369121786e-03
7.5120205977514180447641790836578019e-04	-2.0385590675157485764704052447309074e+00	1.8851168809309183371362576233863946e-05	3.7600653593420815490055843601851839e-03
7.6657825500831431509269446938175687e-04	-2.0235951065141867495465390545093400e+00	1.8473031851877276602447262078204499e-05	3.7221638520869050043261903685691673e-03
7.8199580015520623792107629358789423e-04	-2.0087806805473240816612432742338434e+00	1.8108809200840852179146547476776024e-05	3.6852884187792487867039891116013819e-03
7.9745243935300339176003072773646920e-04	-1.9941117679732363167084224127934484e+00	1.7757800675171839493643164813011687e-05	3.6493982258049363350316974732558166e-03
8.1294595523083556668037736290645531e-04	-1.9795845060729179587378750662869446e+00	1.7419350668722939940849557673192940e-05	3.6144546129886224964831732614543273e-03
8.2847416784848952856897147562989909e-04	-1.9651951826487159748189530739686668e+00	1.7092844741586520424976032028387421e-05	3.5804209500304950688446543967289066e-03
8.4403493367905528140123631441147617e-04	-1.9509402281739997647805189963111253e+00	1.6777706514453885233028372225906166e-05	3.5472625042220136876970741989476644e-03
8.5962614463313015539456226903410448e-04	-1.9368162084510450488707826702563689e+00	1.6473394835387053451804881238164443e-05	3.5149463184173314528592047545331923e-03
8.7524572712236347626078931282084660e-04	-1.9228198177379874191442960761107895e+00	1.6179401191861569964696963323487203e-05	3.4834410983420155815985899748632776e-03
8.9089164116027029798255303326271731e-04	-1.9089478723091841444477178502006295e+00	1.5895247343957657539246708940834371e-05	3.4527171084136759008505941042987193e-03
9.0656187949837707822453979786700240e-04	-1.8951973044164552302772469275622260e+00	1.5620483157225982713618548370498655e-05	3.4227460753316256577351731505558896e-03
9.2225446679588625556553996152858370e-04	-1.8815651566214959484769124981308359e+00	1.5354684616082826264917982062245315e-05	3.3935010987660347788279879168147785e-03
9.3796745882116136277983736735200046e-04	-1.8680485764722974759715004898750232e+00	1.5097452000639768450101397535770324e-05	3.3649565685423136016887761261785282e-03
9.5369894168344040112624076757546706e-04	-1.8546448114987101438371169046391797e+00	1.4848408211681350534419786728489183e-05	3.3370880877746582598449485327846772e-03
9.6944703109328344693858852942579905e-04	-1.8413512045043616971189190635688729e+00	1.4607197230101689460988844790101083e-05	3.3098724014546425194492744149892301e-03
9.8520987165035153170800939649128372e-04	-1.8281651891340243466080637796563033e+00	1.4373482698524505135511388196667743e-05	3.2832873300471904262755677603476864e-03
1.0009856361571983340727590416026165e-03	-1.8150842856972299536373973709875650e+00	1.4146946614083589920771217671534189e-05	3.2573117076878507654882788065923548e-03
1.0167725249578346931213218933515245e-03	-1.8021060972304807282259115214969163e+00	1.3927288122452387779541010979402676e-05	3.2319253246125779196170296655169202e-03
1.0325687652998988923216360288474078e-03	-1.7892283057818095451548816910446683e+00	1.3714222404199353960164747751006670e-05	3.2071088734846939269524599923263094e-03
1.0483726107193335214339991907489265e-03	-1.7764486689027237635744103417898318e+00	1.3507479645425137251022552205204670e-05	3.1828438993137924177767517831457408e-03
1.0641823404465329079717287574222463e-03	-1.7637650163337320374430590716708071e+00	1.3306804085421398978815768860162194e-05	3.1591127526884231091357631141933910e-03
1.0799962588329839911706413780602904e-03	-1.7511752468707163784369013545294972e+00	1.3111953134790598085075676472823162e-05	3.1358985460687965363223456497834687e-03
1.0958126947974784277788823514099227e-03	-1.7386773254003817899909656928411865e+00	1.2922696558091216110664268817218201e-05	3.1131851129077639188157199818673606e-03
1.1116300012910249780967494865266318e-03	-1.7262692800939021470146182954413449e+00	1.2738815715632301037481634501895001e-05	3.0909569693882132185909448919197630e-03
1.1274465547796391034008108654608864e-03	-1.7139491997486917017377857210893001e+00	1.2560102859542422049462111050307652e-05	3.0691992785830061754787499473624685e-03
1.1432607547442314686349017850561916e-03	-1.7017152312689738508229999430126511e+00	1.2386360479687758045591408474160956e-05	3.0478978168598627417350883207479537e-03
1.1590710231968589214889796393602185e-03	-1.6895655772764990469281973629326679e+00	1.2217400695417888283642016556937837e-05	3.0270389423683562413627763658820610e-03
1.1748758042126407252529841792585642e-03	-1.6774984938433877559035081015325875e+00	1.2053044689481005747695037074462553e-05	3.0066095654595719655972541363393886e-03
1.1906735634766795546368641743655482e-03	-1.6655122883396473327613671402192215e+00	1.1893122180777211569980961599717322e-05	2.9865971209011433334272174393982835e-03
1.2064627878453612012580755378663003e-03	-1.6536053173884382731680319551743466e+00	1.1737470932913217231598258243498090e-05	2.9669895417614372224352832817057422e-03
1.2222419849214392440531384565793685e-03	-1.6417759849226496820927242078067222e+00	1.1585936295787660086171061504888984e-05	2.9477752348467239823093098425049559e-03
1.2380096826423412713385862808800809e-03	-1.6300227403367897602554026665585664e+00	1.1438370777676400405086354089313470e-05	2.9289430575843363223901863560834841e-03
1.2537644288811617352482192418809940e-03	-1.6183440767286080433890978842019835e+00	1.1294633645504332695981536940826797e-05	2.9104822962531824441241446534567702e-03
1.2695047910598333042782927931844829e-03	-1.6067385292252451086521581268604635e+00	1.1154590551186817386022991413288864e-05	2.8923826454706108233546252547463068e-03
1.2852293557739937739926167666526858e-03	-1.5952046733890552599559885704955997e+00	1.1018113182101955106195090341162861e-05	2.8746341888515969988162179300968794e-03
1.3009367284290893086245287722036851e-03	-1.5837411236985708274883312561357669e+00	1.0885078933916479175901506066423267e-05	2.8572273807625993122881030619980070e-03
1.3166255328872771179555755922558840e-03	-1.5723465321003754367513901764707895e+00	1.0755370604134716209866700735640688e-05	2.8401530290982669826486991080496945e-03
1.3322944111247117173191994841464598e-03	-1.5610195866279299764455908023095649e+00	1.0628876104873358318592717345996575e-05	2.8234022790145306111915503266209656e-03
1.3479420228988187596748145972716648e-03	-1.5497590100836508887652720552745899e+00	1.0505488193486037918875928182973414e-05	2.8069665975565075030564018539453478e-03
1.3635670454251791467603817372289743e-03	-1.5385635587807775145726610460883946e+00	1.0385104219772088176968747911964450e-05	2.7908377591241527729239415936632976e-03
1.3791681730636637947737670867491419e-03	-1.5274320213417850893685327779277178e+00	1.0267625888604471518485714095546729e-05	2.7750078317227187340201047357854601e-03
1.3947441170134761168381138617945469e-03	-1.5163632175503040046989838760327726e+00	1.0152959036903615577512103349976661e-05	2.7594691639488825686238708625017461e-03
1.4102936050167750526745488680188071e-03	-1.5053559972536953989002025680498169e+00	1.0041013423967660606640171099328795e-05	2.7442143726668955244375525824798880e-03
1.4258153810705663838612214358725149e-03	-1.4944092393136091829759461467131286e+00	9.9317025342461562885908381310932327e-06	2.7292363313323227556789292003321138e-03
1.4413082051465641750198012534852651e-03	-1.4835218506020143017951800375844310e+00	9.8249433917142319548197225121428516e-06	2.7145281589239057195701627555522833e-03
1.4567708529187375275898388076494927e-03	-1.4726927650403433451546966146473558e+00	9.7206563850683153702582405350223283e-06	2.7000832094468107152529792951882689e-03
1.4722021154982704703179233882623251e-03	-1.4619209426795354414279864056939834e+00	9.6187651030231422053141743142481344e-06	2.6858950619730475987489947973190641e-03
1.4876007991756747827125347192004415e-03	-1.4512053688188934966499468842200357e+00	9.5191961790435763815975760252050462e-06	2.6719575111871699420887575206990807e-03
1.5029657251698068949834207497164306e-03	-1.4405450531617950234610646856781220e+00	9.4218791448940965225839019022398400e-06	2.6582645584075182667888775902894984e-03
1.5182957293835507680934070630212345e-03	-1.4299390290064107145750439627545602e+00	9.3267462924340975303866823880098070e-06	2.6448104030552563022573813960012059e-03
1.5335896621659388656227905021960253e-03	-1.4193863524696921750140749593701246e+00	9.2337325431287711992435258339041075e-06	2.6315894345452899712657564430470173e-03
1.5488463880804930179249408798325537e-03	-1.4088861017429904055589002090713020e+00	9.1427753247835928710358100759444525e-06	2.6185962245748622368168709073296444e-03
1.5640647856795761790801739693985375e-03	-1.3984373763777602492257342619679471e+00	9.0538144550456479880545198769211663e-06	2.6058255197871952039875738249845174e-03
1.5792437472845548169425379823344241e-03	-1.3880392965998935530964555655846102e+00	8.9667920312474502758087202539195646e-06	2.5932722347890141075824336910454981e-03
1.5943821787715799827466153367351635e-03	-1.3776910026513057007130264032640914e+00	8.8816523261987741030743995029832256e-06	2.5809314455021452834622939873248573e-03
1.6094789993628030041798648011722781e-03	-1.3673916541574768413759186419943375e+00	8.7983416895595664559069198706193880e-06	2.5687983828306403570553657521165089e-03
1.6245331414228492577943494318662010e-03	-1.3571404295197209556803096245227729e+00	8.7168084544524176033844268542597900e-06	2.5568684266260493901230847351718150e-03
1.6395435502603806248939377018898824e-03	-1.3469365253310231956507312470426710e+00	8.6370028489965341981781571233870371e-06	2.5451370999345536435481674415629104e-03
1.6545091839345840399612202196214636e-03	-1.3367791558143490401461272583082105e+00	8.5588769124668379504250430681522832e-06	2.5336000635106803732516368861376177e-03
1.6694290130664300213617370302115372e-03	-1.3266675522823880044380327963018397e+00	8.4823844158018559179669284680550045e-06	2.5222531105832635642546788352869118e-03
1.6843020206545512483597549599508723e-03	-1.3166009626177502071207939826530629e+00	8.4074807862026101888526514993618266e-06	2.5110921618601911132167277028569229e-03
1.6991272018955971331610513485634501e-03	-1.3065786507726862772665506774780172e+00	8.3341230355818784641920772335647036e-06	2.5001132607592956297395307745834949e-03
1.7139035640089259474862611650542145e-03	-1.2965998962874501105500564938204257e+00	8.2622696926390949794281733307395999e-06	2.4893125688535072679740513142234349e-03
1.7286301260655014148285353409968584e-03	-1.2866639938264700681557893874057499e+00	8.1918807383508956090482994821390253e-06	2.4786863615190969756613263248237217e-03
1.7433059188208657859160260868207655e-03	-1.2767702527315375539403169007239475e+00	8.1229175446809751887990942676301306e-06	2.4682310237765010705651257711460815e-03
1.7579299845520662889981897796783299e-03	-1.2669179965912626862352514953131995e+00	8.0553428163256042403173954093220740e-06	2.4579430463138366272241483743043865e-03
1.7725013768984165006376066375520770e-03	-1.2571065628260851700838313793762473e+00	7.9891205353229242127875776606771375e-06	2.4478190216837950003139530350677014e-03
1.7870191607059786282184066122035189e-03	-1.2473353022881646304955554722893290e+00	7.9242159083650762051874980882293189e-06	2.4378556406651408869752358049716790e-03
1.8014824118756569431994689236688384e-03	-1.2376035788755087329976733470664203e+00	7.8605953166623829822089716673914518e-06	2.4280496887805493660045596052447417e-03
1.8158902172147966644299581466513601e-03	-1.2279107691597295294106097323519646e+00	7.7982262682182575256288257881504166e-06	2.4183980429629858583459496707379383e-03
1.8302416742921864731965052465016290e-03	-1.2182562620268487497825185475598631e+00	7.7370773523823079482643588937971452e-06	2.4088976683632762455762738479157311e-03
1.8445358912963665551196276090063141e-03	-1.2086394583306013323001987080009888e+00	7.6771181965572983687165177457300542e-06	2.3995456152919285956554568773116587e-03
1.8587719868971476170761252845830219e-03	-1.1990597705577134500611924521287103e+00	7.6183194249432541912133438206049414e-06	2.3903390162886560478206643329218693e-03
1.8729490901102497280220387505366367e-03	-1.1895166225046567575856373522827248e+00	7.5606526192091102750100899402347147e-06	2.3812750833134142197559638366615481e-03
1.8870663401649730884997198983435182e-03	-1.1800094489654046346146772843095283e+00	7.5040902809889303947063122945877419e-06	2.3723511050531077001553467940230840e-03
1.9011228863748159518784845111619990e-03	-1.1705376954297389373717479484738180e+00	7.4486057961059117353042637784153485e-06	2.3635644443384403315244029976902232e-03
1.9151178880109579077472679777637084e-03	-1.1611008177916772593661725900341998e+00	7.3941734004331616225663863869719281e-06	2.3549125356656845078830448628715389e-03
1.9290505141785296007210125461458294e-03	-1.1516982820676110307803614084492378e+00	7.3407681473056253370420402785665432e-06	2.3463928828184269391323526058167142e-03
1.9429199436955927022599730853392403e-03	-1.1423295641237640181713678684687123e+00	7.2883658764025813890412652782093413e-06	2.3380030565846134989418303174288282e-03
1.9567253649747565846226830619903301e-03	-1.1329941494125989905650212144704568e+00	7.2369431840248295493717360445290819e-06	2.3297406925644650162376726653926983e-03
1.9704659759073606701592517206434170e-03	-1.1236915327178175555658165232895394e+00	7.1864773946951007474433408052694716e-06	2.3216034890650702485256798603115428e-03
1.9841409837501538508914066841468157e-03	-1.1144212179076144973166715215234718e+00	7.1369465340143383467377945748554708e-06	2.3135892050776827684289686723897984e-03
1.9977496050144046975354174980083045e-03	-1.1051827176958634207116182130856221e+00	7.0883293027103572951111389372637889e-06	2.3056956583339560123361751551464512e-03
2.0112910653573784083630175861874528e-03	-1.0959755534109251733786335662075852e+00	7.0406050518189996961224916363502768e-06	2.2979207234375461261578189282929542e-03
2.0247645994761185908813943736450905e-03	-1.0867992547717844255416682444388663e+00	6.9937537589412895215600341740221634e-06	2.2902623300676962820009677387749073e-03
2.0381694510034740273366790387534463e-03	-1.0776533596712329818493605250890040e+00	6.9477560055232612562120422422606202e-06	2.2827184612515895597668264491165968e-03
2.0515048724063125523826749315067253e-03	-1.0685374139658309197212362224711641e+00	6.9025929551081118186187096446547301e-06	2.2752871517024209667260627162964800e-03
2.0647701248858660715829514039927007e-03	-1.0594509712723885341950057925276877e+00	6.8582463325131156305763031660301904e-06	2.2679664862202933362114592798207286e-03
2.0779644782801525762153241786317514e-03	-1.0503935927707233557136705233550139e+00	6.8146984038863617056802337084775222e-06	2.2607545981531872901534258025873618e-03
2.0910872109684227664298084084073380e-03	-1.0413648470124572285576666287969189e+00	6.7719319576008306632731431742753736e-06	2.2536496679153927153154075480384057e-03
2.1041376097775805843125160997175199e-03	-1.0323643097356286253862001779099436e+00	6.7299302859456393702976127518742992e-06	2.2466499215609187984088338682868997e-03
2.1171149698905285838079113619432693e-03	-1.0233915636849050573200497802020212e+00	6.6886771675764514098099499202844019e-06	2.2397536294095220648073285363707907e-03
2.1300185947563906285796533603323465e-03	-1.0144461984371896470613035756247367e+00	6.6481568506890919914132069401679063e-06	2.2329591047231075113017393435369737e-03
2.1428477960025659144337833437239624e-03	-1.0055278102324246908821491460053318e+00	6.6083540368823248120734037010713096e-06	2.2262647024303672274968936820699307e-03
2.1556018933485697624415121907331870e-03	-9.9663600180940336851030034939858786e-01	6.5692538656775536900557383903538419e-06	2.2196688178976242477624793134180347e-03
2.1682802145216180248104528782797711e-03	-9.8777038224640869109132941241333524e-01	6.5308418996649109095920161210082801e-06	2.2131698857439471252845894712681401e-03
2.1808820951739132901717508321868560e-03	-9.7893056680650632822796687145807445e-01	6.4931041102467939874257408246782611e-06	2.2067663786986932071885967068496517e-03
2.1934068788015923704724882638409406e-03	-9.7011617678732514599607048907756920e-01	6.4560268639514193809441796523581054e-06	2.2004568064997261283802768494400564e-03
2.2058539166652958001777781023315823e-03	-9.6132683937516613801685799124353338e-01	6.4195969092903814323992303155604328e-06	2.1942397148306359247043358835025908e-03
2.2182225677123212819842049032627622e-03	-9.5256218750328695919204535517935625e-01	6.3838013641355431043340495088616123e-06	2.1881136842953686672798796008037284e-03
2.2305121985003241736195147697804014e-03	-9.4382185971421549358936619094587292e-01	6.3486277035918469465962160305739019e-06	2.1820773294287468958177103927620418e-03
2.2427221831225292293563266189980111e-03	-9.3510550002595182021504800191108764e-01	6.3140637483438250316526548168019357e-06	2.1761292977414326193110021262643448e-03
2.2548519031344188893183832846697960e-03	-9.2641275780192359811287276391249179e-01	6.2800976534547097624404412033676682e-06	2.1702682687979514823966561834171911e-03
2.2669007474818644511438833676357212e-03	-9.1774328762456528960230945560811742e-01	6.2467178975981076535191555000388946e-06	2.1644929533264600753648927431104799e-03
2.2788681124306674636525423375612622e-03	-9.0909674917239679091180605479672068e-01	6.2139132727031992895022421550417334e-06	2.1588020923589984924599835837597917e-03
2.2907534014974796523294523780237030e-03	-9.0047280710048195561481241998680502e-01	6.1816728739953742925310860460134332e-06	2.1531944564010273016363900114320282e-03
2.3025560253820706231089714300664137e-03	-8.9187113092415219005648532949130510e-01	6.1499860904151036598324746166296725e-06	2.1476688446291022526815733709138837e-03
2.3142754019009134954699596657456512e-03	-8.8329139490588478261760792396321368e-01	6.1188425953986964164419878344510527e-06	2.1422240841155914822347976089051623e-03
2.3259109559220594895320017365700629e-03	-8.7473327794522991081806903360285353e-01	6.0882323380053861126125030839579500e-06	2.1368590290793888263619354767352104e-03
2.3374621193012733359043974550766645e-03	-8.6619646347168436194270764397160074e-01	6.0581455343759480330134660400114188e-06	2.1315725601616232672956590598917669e-03
2.3489283308194021926635390213610228e-03	-8.5768063934041391354931353624990101e-01	6.0285726595087626490852054725998323e-06	2.1263635837254086553090519386407670e-03
2.3603090361209515421447823934196044e-03	-8.4918549773073005884212349162206961e-01	5.9995044393399172437395270320342535e-06	2.1212310311787197859095259945276170e-03
2.3716036876538423023067860941712820e-03	-8.4071073504723033692392946011924025e-01	5.9709318431145780209179630404616415e-06	2.1161738583195207954648681868604255e-03
2.3828117446103241242865295082838328e-03	-8.3225605182351494737462697249212956e-01	5.9428460760374714890658203033349538e-06	2.1111910447023097767420372550620140e-03
2.3939326728690205603934825660211888e-03	-8.2382115262839560000891956864173556e-01	5.9152385721908884508706310115367638e-06	2.1062815930252796147434260503342211e-03
2.4049659449380824761302247511378984e-03	-8.1540574597451568119844624603879587e-01	5.8881009877091683901828499292706160e-06	2.1014445285373294015393337705254625e-03
2.4159110398994267467717690572820187e-03	-8.0700954422930381457760510648287941e-01	5.8614251941991381529901300413306366e-06	2.0966788984641934995767329223902658e-03
2.4267674433540379244455295345396980e-03	-7.9863226352818576270041556742050002e-01	5.8352032723964681962543255240740393e-06	2.0919837714529864738050693460883720e-03
2.4375346473683111863498007209678754e-03	-7.9027362368998236335039701344433667e-01	5.8094275060483738487824688616783683e-06	2.0873582370344917864126642532797912e-03
2.4482121504214154795170397884790988e-03	-7.8193334813442382547878382037184074e-01	5.7840903760135294201806891369088891e-06	2.0828014051025504217485247370642297e-03
2.4587994573536563631218300734878137e-03	-7.7361116380171323060871880641863180e-01	5.7591845545704809473952730525863481e-06	2.0783124054099325563741175447074001e-03
2.4692960793158186164728672050423506e-03	-7.6530680107407450116011193917115634e-01	5.7347028999262401412750811781473287e-06	2.0738903870801010792120208304032164e-03
2.4797015337194692302039182546721762e-03	-7.5701999369922241241908391359658941e-01	5.7106384509171188691723106106762321e-06	2.0695345181343002645626573172509624e-03
2.4900153441882019304517401049016851e-03	-7.4875047871569444444176761161535260e-01	5.6869844218942213933508001399760753e-06	2.0652439850334262677847476432890487e-03
2.5002370405098049016130631050327257e-03	-7.4049799637998639845041708446319350e-01	5.6637341977863516214479846539543075e-06	2.0610179922341584076542342126231870e-03
2.5103661585893338732152836635998822e-03	-7.3226229009543574343067006998314048e-01	5.6408813293334157944011528801685630e-06	2.0568557617588514755533580964340227e-03
2.5204022404030732210987055968688765e-03	-7.2404310634279861664011969498484780e-01	5.6184195284837082605344218070713250e-06	2.0527565327787096213663554410987467e-03
2.5303448339533682030503407433292165e-03	-7.1584019461246828035690101039438996e-01	5.5963426639487601285938838079818849e-06	2.0487195612097817580730275689502793e-03
2.5401934932243119047859234935474554e-03	-7.0765330733828464000986924393451700e-01	5.5746447569097084728670641059406965e-06	2.0447441193213369476436206297621312e-03
2.5499477781382709142616448673182817e-03	-6.9948219983288615923692444046437978e-01	5.5533199768694081476249177425108158e-06	2.0408294953561959235225037968319150e-03
2.5596072545132341712031356052638031e-03	-6.9132663022455716864343576432843235e-01	5.5323626376447598785696391202717834e-06	2.0369749931626118109369929810226083e-03
2.5691714940209698549395708479283815e-03	-6.8318635939552516014662025968123263e-01	5.5117671934939678162849280457903250e-06	2.0331799318373092644343346656253304e-03
2.5786400741459755775796584022390044e-03	-6.7506115092166419071067607241338088e-01	5.4915282353736678019772214975394516e-06	2.0294436453793066892799547102381575e-03
2.5880125781452075416998712981724638e-03	-6.6695077101356199077463633313932711e-01	5.4716404873210848132315987876684508e-06	2.0257654823541609845058932457809892e-03
2.5972885950085747024525049623431043e-03	-6.5885498845890978638780844689470159e-01	5.4520988029565849966078406533301065e-06	2.0221448055682883734750893697303315e-03
2.6064677194201843437444128270329760e-03	-6.5077357456617520250538745693168489e-01	5.4328981621021848917016406787172244e-06	2.0185809917530284040618123195115424e-03
2.6155495517203258372732904228058623e-03	-6.4270630310951992044688216211539695e-01	5.4140336675117684143386821045983725e-06	2.0150734312581311345218117991786553e-03
2.6245336978681797021087804428518788e-03	-6.3465295027492501745470805526843637e-01	5.3955005417089413727883057614449643e-06	2.0116215277543599008578644976302590e-03
2.6334197694052394215277226635246248e-03	-6.2661329460748812277292015701607521e-01	5.3772941239286241913493607614196891e-06	2.0082246979449139135266362761002521e-03
2.6422073834194338033000874579629958e-03	-6.1858711695985768475643154456992999e-01	5.3594098671586465362165093080644650e-06	2.0048823712853862808437309437804430e-03
2.6508961625099379899048782060519827e-03	-6.1057420044177075918103864463676870e-01	5.3418433352777630813242727630560391e-06	2.0015939897119839272802403929605069e-03
2.6594857347526615365513613427889423e-03	-6.0257433037066180202308062751069863e-01	5.3245902002866580967613596805408660e-06	1.9983590073777462896271518075676112e-03
2.6679757336664022776961509611740336e-03	-5.9458729422331098229539922712986198e-01	5.3076462396286482482879720233195799e-06	1.9951768903965096541906168156642657e-03
2.6763657981796549972751982619905655e-03	-5.8661288158850152376063588940020297e-01	5.2910073335969283027286111021141470e-06	1.9920471165943735641296204510844469e-03
2.6846555725980642043948631425177097e-03	-5.7865088412065654011167180204943086e-01	5.2746694628253336612934946644258438e-06	1.9889691752684348970789514379120958e-03
2.6928447065725105950206842925466189e-03	-5.7070109549442674805474951653242786e-01	5.2586287058597170945260672926668361e-06	1.9859425669525640076558995316025495e-03
2.7009328550678210515288338150702742e-03	-5.6276331136020132812458741784399569e-01	5.2428812368071550155132320173774818e-06	1.9829668031900057647447594007825421e-03
2.7089196783320922960965002314320407e-03	-5.5483732930051505540579159841919618e-01	5.2274233230603113737290627732138868e-06	1.9800414063125964061306341371419592e-03
2.7168048418666185710472957396786590e-03	-5.4692294878732564296977168630513797e-01	5.2122513230943950373821046331432497e-06	1.9771659092263948988284924348284807e-03
2.7245880163964139696710744843008524e-03	-5.3901997114013603103858622725642151e-01	5.1973616843342496006856103919963382e-06	1.9743398552035349472590487155573470e-03
2.7322688778413202849306343283650352e-03	-5.3112819948493711587584669527340709e-01	5.1827509410892131344601600616448275e-06	1.9715627976801109474552399081713036e-03
2.7398471072876914810688779413991353e-03	-5.2324743871394714534379707762466271e-01	5.1684157125534797121490537037375763e-06	1.9688343000599180572386516561761668e-03
2.7473223909606461246495588748719476e-03	-5.1537749544612471406610904905898828e-01	5.1543527008697847954645870161193261e-06	1.9661539355238731526200292734060577e-03
2.7546944201968793372056939489537443e-03	-5.0751817798843297125886453042695084e-01	5.1405586892543229504737907377385309e-06	1.9635212868449497817623762317214294e-03
2.7619628914180260516278838570656504e-03	-4.9966929629783330955106814881045077e-01	5.1270305401808890717755855718304347e-06	1.9609359462084663213174909817199601e-03
2.7691275061045675688890841805760219e-03	-4.9183066194398743447893277218993435e-01	5.1137651936223134957086404987128531e-06	1.9583975150375723968650725013821684e-03
2.7761879707702736208551620261258124e-03	-4.8400208807264732273004517444866304e-01	5.1007596653473372503843299237363636e-06	1.9559056038237842600749820280442496e-03
2.7831439969371723489479006877599763e-03	-4.7618338936971316351818759623580233e-01	5.0880110452711463793277640454334522e-06	1.9534598319624252301024723901675063e-03
2.7899953011110408074789642147354486e-03	-4.6837438202593994253177144175017769e-01	5.0755164958578539371181133363272369e-06	1.9510598275928325151615817136781483e-03
2.7967416047574087947238873349385278e-03	-4.6057488370227387252595807215360274e-01	5.0632732505732850325040708142884481e-06	1.9487052274431967413006058307672219e-03
2.8033826342780690044130255940502466e-03	-4.5278471349580039959250180602139605e-01	5.0512786123864843226817788528665421e-06	1.9463956766799053377951321142153627e-03
2.8099181209880866754348535822538021e-03	-4.4500369190628602018019723821937827e-01	5.0395299523184267706033670247341675e-06	1.9441308287612655705426597879763703e-03
2.8163478010933020983241758517952892e-03	-4.3723164080329663175831351838537755e-01	5.0280247080364713877436361953659303e-06	1.9419103452954874842680964791913099e-03
2.8226714156683195136869351637139161e-03	-4.2946838339387561029053750814522698e-01	5.0167603824931542140191648003498810e-06	1.9397338959028113187466411478326455e-03
2.8288887106349761102328634008809849e-03	-4.2171374419076526106334958551893037e-01	5.0057345426079710451087509481656639e-06	1.9376011580816681107892250982855264e-03
2.8349994367412849986811869230070260e-03	-4.1396754898115572650802978625631742e-01	4.9949448179908525104118660686658475e-06	1.9355118170787661892572638745999520e-03
2.8410033495408462026025850765000257e-03	-4.0622962479594585606051121216788391e-01	4.9843888997060841323074282505310933e-06	1.9334655657630001214082191303427963e-03
2.8469002093727198683880468274295482e-03	-3.9849979987950094938341200229332002e-01	4.9740645390754720543808495958524777e-06	1.9314621045030823816562597110483432e-03
2.8526897813417560541136060880454724e-03	-3.9077790365989267597076410310333922e-01	4.9639695465196013034144867419016815e-06	1.9295011410488015943176672117728683e-03
2.8583718352993756112167427580563674e-03	-3.8306376671960685178591435415750952e-01	4.9541017904360778333732661627040035e-06	1.9275823904158146557869237778392372e-03
2.8639461458247968237294004812762379e-03	-3.7535722076670511764225649571280966e-01	4.9444591961136882714307796757887222e-06	1.9257055747738833742923152926416812e-03
2.8694124922067026174344329416129668e-03	-3.6765809860642691499905982541919885e-01	4.9350397446814523244383471295390360e-06	1.9238704233384694821050768715450522e-03
2.8747706584253432958337816435582649e-03	-3.5996623411321849316456782889992246e-01	4.9258414720915822836141708280645230e-06	1.9220766722656049807913853993787007e-03
2.8800204331350699013414729638439386e-03	-3.5228146220317600801019137032744463e-01	4.9168624681354020565984426327501924e-06	1.9203240645499577795531689949643539e-03
2.8851616096472934387431246373718275e-03	-3.4460361880689008661886989450257719e-01	4.9081008754913147270478268719291274e-06	1.9186123499260154844474073211095730e-03
2.8901939859138653337935812292042209e-03	-3.3693254084267953521558708636679380e-01	4.8995548888039428571567573441869522e-06	1.9169412847723129966546075164366159e-03
2.8951173645108746329501700443446020e-03	-3.2926806619020215963964549932770290e-01	4.8912227537935996694492612394332385e-06	1.9153106320186322851500803409036087e-03
2.8999315526228575807527205363638946e-03	-3.2161003366443094888136705327570881e-01	4.8831027663952819296237828586225278e-06	1.9137201610561053171047241370271381e-03
2.9046363620274153393520917063924182e-03	-3.1395828298998414316951847800934145e-01	4.8751932719264068582271249070059690e-06	1.9121696476501536619258232579337762e-03
2.9092316090802357402431132212198124e-03	-3.0631265477579796909412813928629099e-01	4.8674926642825457790265017020746007e-06	1.9106588738562007357041360963515868e-03
2.9137171147005150814597197872747810e-03	-2.9867299049013107560228986754667139e-01	4.8599993851604365172893726122301470e-06	1.9091876279380950254711223444322449e-03
2.9180927043567761044214392768937197e-03	-2.9103913243588994671811876551238164e-01	4.8527119233075848406471952049997802e-06	1.9077557042891849304554664776446733e-03
2.9223582080530784033608149647430334e-03	-2.8341092372626479980512478112643130e-01	4.8456288137977925355375178316990031e-06	1.9063629033559880836902457480260783e-03
2.9265134603156176368881617544455569e-03	-2.7578820826066570239013969506632976e-01	4.8387486373319760780752792221789194e-06	1.9050090315644001749603233103380882e-03
2.9305583001797100258385537163172853e-03	-2.6817083070094885627066293772973214e-01	4.8320700195636653323519636695504236e-06	1.9036939012483903881694332967652850e-03
2.9344925711771587341693966719414676e-03	-2.6055863644792320508850719227395336e-01	4.8255916304485963325212806484201016e-06	1.9024173305811325956061693413641254e-03
2.9383161213239988404067210589694942e-03	-2.5295147161812772101714477925092445e-01	4.8193121836178360167866766327048229e-06	1.9011791435085234210443280137941163e-03
2.9420288031086177160439674098559834e-03	-2.4534918302086991791262695361869199e-01	4.8132304357738998190979359053289911e-06	1.8999791696850401957664239026424450e-03
2.9456304734802477344463010073532104e-03	-2.3775161813551632244245827188598315e-01	4.8073451861093453239706229423782883e-06	1.8988172444118936889896046870787990e-03
2.9491209938378283392724701343368609e-03	-2.3015862508902581154747872933345163e-01	4.8016552757473467858648424128542305e-06	1.8976932085774322992449134551240228e-03
2.9525002300192346052593867420078561e-03	-2.2257005263371689431316578663290391e-01	4.7961595872037762401006895026177848e-06	1.8966069085997561483672872510532299e-03
2.9557680522908695264848877467953038e-03	-2.1498575012526017912410590317388475e-01	4.7908570438703372191230257174960786e-06	1.8955581963715012271620084587125353e-03
2.9589243353376173679929802641307253e-03	-2.0740556750088742303508696325531562e-01	4.7857466095183167665786542813437426e-06	1.8945469292067554037088341793726720e-03
2.9619689582531555159933225728142369e-03	-1.9982935525780870979213121718249857e-01	4.7808272878225405414669872581917023e-06	1.8935729697900697237553325637495071e-03
2.9649018045306223597914316827060861e-03	-1.9225696443182944604634390225339730e-01	4.7760981219051343537786656996988543e-06	1.8926361861275300097699893454038406e-03
2.9677227620536388352255354173015710e-03	-1.8468824657615900218422203072316743e-01	4.7715581938987134986892283104610257e-06	1.8917364514998553029374952569724588e-03
2.9704317230876813547362682222132516e-03	-1.7712305374040295500385505387775011e-01	4.7672066245286387846648252588121677e-06	1.8908736444174911925811771349446707e-03
2.9730285842718039433315377161316953e-03	-1.6956123844973101434359368862565196e-01	4.7630425727139952069515220723217295e-06	1.8900476485776675420259987218954422e-03
2.9755132466107074926847368386086599e-03	-1.6200265368421283485738387412057714e-01	4.7590652351869658261484873380959985e-06	1.8892583528233915505458122157135166e-03
2.9778856154671541374728528742077508e-03	-1.5444715285831402756118845276657815e-01	4.7552738461302895953504847378662105e-06	1.8885056511043484894903653108968279e-03
2.9801456005547248488737254731566423e-03	-1.4689458980054479367310685386848473e-01	4.7516676768325076613296481709040585e-06	1.8877894424396838186277257350471531e-03
2.9822931159309184299495649644064928e-03	-1.3934481873325370575474423502419754e-01	4.7482460353607180673006258562015515e-06	1.8871096308826417277829992518552785e-03
2.9843280799905901864967812512257053e-03	-1.3179769425255925834549637310734923e-01	4.7450082662505738281582713875026479e-06	1.8864661254870364605740248395525056e-03
2.9862504154597286348892496375470366e-03	-1.2425307130841190227093719332760161e-01	4.7419537502132740542083346691978002e-06	1.8858588402755340629642314808575581e-03
2.9880600493895686955315930604928793e-03	-1.1671080518477936370163862744794353e-01	4.7390819038593121862187724258627556e-06	1.8852876942097234609553436513345679e-03
2.9897569131510399068183590321201044e-03	-1.0917075147994813093388030716631364e-01	4.7363921794387594924057424579080062e-06	1.8847526111619570104721991020363459e-03
2.9913409424295482800108561809279273e-03	-1.0163276608693406884748057261539634e-01	4.7338840645978757854888195378532350e-06	1.8842535198889418797558929918945818e-03
2.9928120772200905002419489219774081e-03	-9.4096705173995193151502182268961949e-02	4.7315570821518528634469032803779395e-06	1.8837903540070648217526979976156834e-03
2.9941702618226992629857088636336678e-03	-8.6562425165239703933531259727439827e-02	4.7294107898735094788448193266512658e-06	1.8833630519694340724055592440974210e-03
2.9954154448382186188283095617408954e-03	-7.9029782721322440754969082406834248e-02	4.7274447802977697159024397758278231e-06	1.8829715570446232717334067491446381e-03
2.9965475791644082822931919132285757e-03	-7.1498634720222979650498375500375615e-02	4.7256586805417695187542626713147125e-06	1.8826158172971034494043691051862626e-03
2.9975666219923759428510692905504852e-03	-6.3968838238098645956692752737177446e-02	4.7240521521404487851298209379110532e-06	1.8822957855693502464299425064827919e-03
2.9984725348033366981270563245525006e-03	-5.6440250530205765969750790816821538e-02	4.7226248908974989331578957480787135e-06	1.8820114194656146608624826978572836e-03
2.9992652833656988107459274133212969e-03	-4.8912729011882525067782951918996085e-02	4.7213766267515481810259186938702298e-06	1.8817626813373467091807396381093296e-03
2.9999448377324750712746759234010480e-03	-4.1386131239586840176377406496641953e-02	4.7203071236574789653867307696097657e-06	1.8815495382702624875906766448764096e-03
3.0005111722390191303712269536279445e-03	-3.3860314891982690350000617096271742e-02	4.7194161794827839800139917227600188e-06	1.8813719620730461999269846360385839e-03
3.0009642655010862435711061559103470e-03	-2.6335137751068380824161670625465549e-02	4.7187036259188792563481921378707272e-06	1.8812299292676797923742134375621402e-03
3.0013041004132179521815486000037177e-03	-1.8810457683340243197587061022316624e-02	4.7181693284073045471250876945595600e-06	1.8811234210813939009810483094391188e-03
3.0015306641474503035461592730028468e-03	-1.1286132620985297458758263452983267e-02	4.7178131860807530279363710309187185e-06	1.8810524234402348770505778526940164e-03
3.0016439481523452935338111716849396e-03	-3.7620205430964204013883757799500114e-03	4.7176351317188840138850173262038009e-06	1.8810169269642437090766927559029540e-03
3.0016439481523452935338111716849396e-03	3.7620205430964204013883757799500114e-03	4.7176351317188840138850173262038009e-06	1.8810169269642437090766927559029540e-03
3.0015306641474503035461592730028468e-03	1.1286132620985297458758263452983267e-02	4.7178131860807530279363710309187185e-06	1.8810524234402348770505778526940164e-03
3.0013041004132179521815486000037177e-03	1.8810457683340243197587061022316624e-02	4.7181693284073045471250876945595600e-06	1.8811234210813939009810483094391188e-03
3.0009642655010862435711061559103470e-03	2.6335137751068380824161670625465549e-02	4.7187036259188792563481921378707272e-06	1.8812299292676797923742134375621402e-03
3.0005111722390191303712269536279445e-03	3.3860314891982690350000617096271742e-02	4.7194161794827839800139917227600188e-06	1.8813719620730461999269846360385839e-03
2.9999448377324750712746759234010480e-03	4.1386131239586840176377406496641953e-02	4.7203071236574789653867307696097657e-06	1.8815495382702624875906766448764096e-03
2.9992652833656988107459274133212969e-03	4.8912729011882525067782951918996085e-02	4.7213766267515481810259186938702298e-06	1.8817626813373467091807396381093296e-03
2.9984725348033366981270563245525006e-03	5.6440250530205765969750790816821538e-02	4.7226248908974989331578957480787135e-06	1.8820114194656146608624826978572836e-03
2.9975666219923759428510692905504852e-03	6.3968838238098645956692752737177446e-02	4.7240521521404487851298209379110532e-06	1.8822957855693502464299425064827919e-03
2.9965475791644082822931919132285757e-03	7.1498634720222979650498375500375615e-02	4.7256586805417695187542626713147125e-06	1.8826158172971034494043691051862626e-03
2.9954154448382186188283095617408954e-03	7.9029782721322440754969082406834248e-02	4.7274447802977697159024397758278231e-06	1.8829715570446232717334067491446381e-03
2.9941702618226992629857088636336678e-03	8.6562425165239703933531259727439827e-02	4.7294107898735094788448193266512658e-06	1.8833630519694340724055592440974210e-03
2.9928120772200905002419489219774081e-03	9.4096705173995193151502182268961949e-02	4.7315570821518528634469032803779395e-06	1.8837903540070648217526979976156834e-03
2.9913409424295482800108561809279273e-03	1.0163276608693406884748057261539634e-01	4.7338840645978757854888195378532350e-06	1.8842535198889418797558929918945818e-03
2.9897569131510399068183590321201044e-03	1.0917075147994813093388030716631364e-01	4.7363921794387594924057424579080062e-06	1.8847526111619570104721991020363459e-03
2.9880600493895686955315930604928793e-03	1.1671080518477936370163862744794353e-01	4.7390819038593121862187724258627556e-06	1.8852876942097234609553436513345679e-03
2.9862504154597286348892496375470366e-03	1.2425307130841190227093719332760161e-01	4.7419537502132740542083346691978002e-06	1.8858588402755340629642314808575581e-03
2.9843280799905901864967812512257053e-03	1.3179769425255925834549637310734923e-01	4.7450082662505738281582713875026479e-06	1.8864661254870364605740248395525056e-03
2.9822931159309184299495649644064928e-03	1.3934481873325370575474423502419754e-01	4.7482460353607180673006258562015515e-06	1.8871096308826417277829992518552785e-03
2.9801456005547248488737254731566423e-03	1.4689458980054479367310685386848473e-01	4.7516676768325076613296481709040585e-06	1.8877894424396838186277257350471531e-03
2.9778856154671541374728528742077508e-03	1.5444715285831402756118845276657815e-01	4.7552738461302895953504847378662105e-06	1.8885056511043484894903653108968279e-03
2.9755132466107074926847368386086599e-03	1.6200265368421283485738387412057714e-01	4.7590652351869658261484873380959985e-06	1.8892583528233915505458122157135166e-03
2.9730285842718039433315377161316953e-03	1.6956123844973101434359368862565196e-01	4.7630425727139952069515220723217295e-06	1.8900476485776675420259987218954422e-03
2.9704317230876813547362682222132516e-03	1.7712305374040295500385505387775011e-01	4.7672066245286387846648252588121677e-06	1.8908736444174911925811771349446707e-03
2.9677227620536388352255354173015710e-03	1.8468824657615900218422203072316743e-01	4.7715581938987134986892283104610257e-06	1.8917364514998553029374952569724588e-03
2.9649018045306223597914316827060861e-03	1.9225696443182944604634390225339730e-01	4.7760981219051343537786656996988543e-06	1.8926361861275300097699893454038406e-03
2.9619689582531555159933225728142369e-03	1.9982935525780870979213121718249857e-01	4.7808272878225405414669872581917023e-06	1.8935729697900697237553325637495071e-03
2.9589243353376173679929802641307253e-03	2.0740556750088742303508696325531562e-01	4.7857466095183167665786542813437426e-06	1.8945469292067554037088341793726720e-03
2.9557680522908695264848877467953038e-03	2.1498575012526017912410590317388475e-01	4.7908570438703372191230257174960786e-06	1.8955581963715012271620084587125353e-03
2.9525002300192346052593867420078561e-03	2.2257005263371689431316578663290391e-01	4.7961595872037762401006895026177848e-06	1.8966069085997561483672872510532299e-03
2.9491209938378283392724701343368609e-03	2.3015862508902581154747872933345163e-01	4.8016552757473467858648424128542305e-06	1.8976932085774322992449134551240228e-03
2.9456304734802477344463010073532104e-03	2.3775161813551632244245827188598315e-01	4.8073451861093453239706229423782883e-06	1.8988172444118936889896046870787990e-03
2.9420288031086177160439674098559834e-03	2.4534918302086991791262695361869199e-01	4.8132304357738998190979359053289911e-06	1.8999791696850401957664239026424450e-03
2.9383161213239988404067210589694942e-03	2.5295147161812772101714477925092445e-01	4.8193121836178360167866766327048229e-06	1.9011791435085234210443280137941163e-03
2.9344925711771587341693966719414676e-03	2.6055863644792320508850719227395336e-01	4.8255916304485963325212806484201016e-06	1.9024173305811325956061693413641254e-03
2.9305583001797100258385537163172853e-03	2.6817083070094885627066293772973214e-01	4.8320700195636653323519636695504236e-06	1.9036939012483903881694332967652850e-03
2.9265134603156176368881617544455569e-03	2.7578820826066570239013969506632976e-01	4.8387486373319760780752792221789194e-06	1.9050090315644001749603233103380882e-03
2.9223582080530784033608149647430334e-03	2.8341092372626479980512478112643130e-01	4.8456288137977925355375178316990031e-06	1.9063629033559880836902457480260783e-03
2.9180927043567761044214392768937197e-03	2.9103913243588994671811876551238164e-01	4.8527119233075848406471952049997802e-06	1.9077557042891849304554664776446733e-03
2.9137171147005150814597197872747810e-03	2.9867299049013107560228986754667139e-01	4.8599993851604365172893726122301470e-06	1.9091876279380950254711223444322449e-03
2.9092316090802357402431132212198124e-03	3.0631265477579796909412813928629099e-01	4.8674926642825457790265017020746007e-06	1.9106588738562007357041360963515868e-03
2.9046363620274153393520917063924182e-03	3.1395828298998414316951847800934145e-01	4.8751932719264068582271249070059690e-06	1.9121696476501536619258232579337762e-03
2.8999315526228575807527205363638946e-03	3.2161003366443094888136705327570881e-01	4.8831027663952819296237828586225278e-06	1.9137201610561053171047241370271381e-03
2.8951173645108746329501700443446020e-03	3.2926806619020215963964549932770290e-01	4.8912227537935996694492612394332385e-06	1.9153106320186322851500803409036087e-03
2.8901939859138653337935812292042209e-03	3.3693254084267953521558708636679380e-01	4.8995548888039428571567573441869522e-06	1.9169412847723129966546075164366159e-03
2.8851616096472934387431246373718275e-03	3.4460361880689008661886989450257719e-01	4.9081008754913147270478268719291274e-06	1.9186123499260154844474073211095730e-03
2.8800204331350699013414729638439386e-03	3.5228146220317600801019137032744463e-01	4.9168624681354020565984426327501924e-06	1.9203240645499577795531689949643539e-03
2.8747706584253432958337816435582649e-03	3.5996623411321849316456782889992246e-01	4.9258414720915822836141708280645230e-06	1.9220766722656049807913853993787007e-03
2.8694124922067026174344329416129668e-03	3.6765809860642691499905982541919885e-01	4.9350397446814523244383471295390360e-06	1.9238704233384694821050768715450522e-03
2.8639461458247968237294004812762379e-03	3.7535722076670511764225649571280966e-01	4.9444591961136882714307796757887222e-06	1.9257055747738833742923152926416812e-03
2.8583718352993756112167427580563674e-03	3.8306376671960685178591435415750952e-01	4.9541017904360778333732661627040035e-06	1.9275823904158146557869237778392372e-03
2.8526897813417560541136060880454724e-03	3.9077790365989267597076410310333922e-01	4.9639695465196013034144867419016815e-06	1.9295011410488015943176672117728683e-03
2.8469002093727198683880468274295482e-03	3.9849979987950094938341200229332002e-01	4.9740645390754720543808495958524777e-06	1.9314621045030823816562597110483432e-03
2.8410033495408462026025850765000257e-03	4.0622962479594585606051121216788391e-01	4.9843888997060841323074282505310933e-06	1.9334655657630001214082191303427963e-03
2.8349994367412849986811869230070260e-03	4.1396754898115572650802978625631742e-01	4.9949448179908525104118660686658475e-06	1.9355118170787661892572638745999520e-03
2.8288887106349761102328634008809849e-03	4.2171374419076526106334958551893037e-01	5.0057345426079710451087509481656639e-06	1.9376011580816681107892250982855264e-03
2.8226714156683195136869351637139161e-03	4.2946838339387561029053750814522698e-01	5.0167603824931542140191648003498810e-06	1.9397338959028113187466411478326455e-03
2.8163478010933020983241758517952892e-03	4.3723164080329663175831351838537755e-01	5.0280247080364713877436361953659303e-06	1.9419103452954874842680964791913099e-03
2.8099181209880866754348535822538021e-03	4.4500369190628602018019723821937827e-01	5.0395299523184267706033670247341675e-06	1.9441308287612655705426597879763703e-03
2.8033826342780690044130255940502466e-03	4.5278471349580039959250180602139605e-01	5.0512786123864843226817788528665421e-06	1.9463956766799053377951321142153627e-03
2.7967416047574087947238873349385278e-03	4.6057488370227387252595807215360274e-01	5.0632732505732850325040708142884481e-06	1.9487052274431967413006058307672219e-03
2.7899953011110408074789642147354486e-03	4.6837438202593994253177144175017769e-01	5.0755164958578539371181133363272369e-06	1.9510598275928325151615817136781483e-03
2.7831439969371723489479006877599763e-03	4.7618338936971316351818759623580233e-01	5.0880110452711463793277640454334522e-06	1.9534598319624252301024723901675063e-03
2.7761879707702736208551620261258124e-03	4.8400208807264732273004517444866304e-01	5.1007596653473372503843299237363636e-06	1.9559056038237842600749820280442496e-03
2.7691275061045675688890841805760219e-03	4.9183066194398743447893277218993435e-01	5.1137651936223134957086404987128531e-06	1.9583975150375723968650725013821684e-03
2.7619628914180260516278838570656504e-03	4.9966929629783330955106814881045077e-01	5.1270305401808890717755855718304347e-06	1.9609359462084663213174909817199601e-03
2.7546944201968793372056939489537443e-03	5.0751817798843297125886453042695084e-01	5.1405586892543229504737907377385309e-06	1.9635212868449497817623762317214294e-03
2.7473223909606461246495588748719476e-03	5.1537749544612471406610904905898828e-01	5.1543527008697847954645870161193261e-06	1.9661539355238731526200292734060577e-03
2.7398471072876914810688779413991353e-03	5.2324743871394714534379707762466271e-01	5.1684157125534797121490537037375763e-06	1.9688343000599180572386516561761668e-03
2.7322688778413202849306343283650352e-03	5.3112819948493711587584669527340709e-01	5.1827509410892131344601600616448275e-06	1.9715627976801109474552399081713036e-03
2.7245880163964139696710744843008524e-03	5.3901997114013603103858622725642151e-01	5.1973616843342496006856103919963382e-06	1.9743398552035349472590487155573470e-03
2.7168048418666185710472957396786590e-03	5.4692294878732564296977168630513797e-01	5.2122513230943950373821046331432497e-06	1.9771659092263948988284924348284807e-03
2.7089196783320922960965002314320407e-03	5.5483732930051505540579159841919618e-01	5.2274233230603113737290627732138868e-06	1.9800414063125964061306341371419592e-03
2.7009328550678210515288338150702742e-03	5.6276331136020132812458741784399569e-01	5.2428812368071550155132320173774818e-06	1.9829668031900057647447594007825421e-03
2.6928447065725105950206842925466189e-03	5.7070109549442674805474951653242786e-01	5.2586287058597170945260672926668361e-06	1.9859425669525640076558995316025495e-03
2.6846555725980642043948631425177097e-03	5.7865088412065654011167180204943086e-01	5.2746694628253336612934946644258438e-06	1.9889691752684348970789514379120958e-03
2.6763657981796549972751982619905655e-03	5.8661288158850152376063588940020297e-01	5.2910073335969283027286111021141470e-06	1.9920471165943735641296204510844469e-03
2.6679757336664022776961509611740336e-03	5.9458729422331098229539922712986198e-01	5.3076462396286482482879720233195799e-06	1.9951768903965096541906168156642657e-03
2.6594857347526615365513613427889423e-03	6.0257433037066180202308062751069863e-01	5.3245902002866580967613596805408660e-06	1.9983590073777462896271518075676112e-03
2.6508961625099379899048782060519827e-03	6.1057420044177075918103864463676870e-01	5.3418433352777630813242727630560391e-06	2.0015939897119839272802403929605069e-03
2.6422073834194338033000874579629958e-03	6.1858711695985768475643154456992999e-01	5.3594098671586465362165093080644650e-06	2.0048823712853862808437309437804430e-03
2.6334197694052394215277226635246248e-03	6.2661329460748812277292015701607521e-01	5.3772941239286241913493607614196891e-06	2.0082246979449139135266362761002521e-03
2.6245336978681797021087804428518788e-03	6.3465295027492501745470805526843637e-01	5.3955005417089413727883057614449643e-06	2.0116215277543599008578644976302590e-03
2.6155495517203258372732904228058623e-03	6.4270630310951992044688216211539695e-01	5.4140336675117684143386821045983725e-06	2.0150734312581311345218117991786553e-03
2.6064677194201843437444128270329760e-03	6.5077357456617520250538745693168489e-01	5.4328981621021848917016406787172243e-06	2.0185809917530284040618123195115424e-03
2.5972885950085747024525049623431043e-03	6.5885498845890978638780844689470159e-01	5.4520988029565849966078406533301065e-06	2.0221448055682883734750893697303315e-03
2.5880125781452075416998712981724638e-03	6.6695077101356199077463633313932711e-01	5.4716404873210848132315987876684508e-06	2.0257654823541609845058932457809892e-03
2.5786400741459755775796584022390044e-03	6.7506115092166419071067607241338088e-01	5.4915282353736678019772214975394516e-06	2.0294436453793066892799547102381575e-03
2.5691714940209698549395708479283815e-03	6.8318635939552516014662025968123263e-01	5.5117671934939678162849280457903250e-06	2.0331799318373092644343346656253304e-03
2.5596072545132341712031356052638031e-03	6.9132663022455716864343576432843235e-01	5.5323626376447598785696391202717834e-06	2.0369749931626118109369929810226083e-03
2.5499477781382709142616448673182817e-03	6.9948219983288615923692444046437978e-01	5.5533199768694081476249177425108158e-06	2.0408294953561959235225037968319150e-03
2.5401934932243119047859234935474554e-03	7.0765330733828464000986924393451700e-01	5.5746447569097084728670641059406965e-06	2.0447441193213369476436206297621312e-03
2.5303448339533682030503407433292165e-03	7.1584019461246828035690101039438996e-01	5.5963426639487601285938838079818849e-06	2.0487195612097817580730275689502793e-03
2.5204022404030732210987055968688765e-03	7.2404310634279861664011969498484780e-01	5.6184195284837082605344218070713250e-06	2.0527565327787096213663554410987467e-03
2.5103661585893338732152836635998822e-03	7.3226229009543574343067006998314048e-01	5.6408813293334157944011528801685630e-06	2.0568557617588514755533580964340227e-03
2.5002370405098049016130631050327257e-03	7.4049799637998639845041708446319350e-01	5.6637341977863516214479846539543075e-06	2.0610179922341584076542342126231870e-03
2.4900153441882019304517401049016851e-03	7.4875047871569444444176761161535260e-01	5.6869844218942213933508001399760753e-06	2.0652439850334262677847476432890487e-03
2.4797015337194692302039182546721762e-03	7.5701999369922241241908391359658941e-01	5.7106384509171188691723106106762321e-06	2.0695345181343002645626573172509624e-03
2.4692960793158186164728672050423506e-03	7.6530680107407450116011193917115634e-01	5.7347028999262401412750811781473287e-06	2.0738903870801010792120208304032164e-03
2.4587994573536563631218300734878137e-03	7.7361116380171323060871880641863180e-01	5.7591845545704809473952730525863481e-06	2.0783124054099325563741175447074001e-03
2.4482121504214154795170397884790988e-03	7.8193334813442382547878382037184074e-01	5.7840903760135294201806891369088891e-06	2.0828014051025504217485247370642297e-03
2.4375346473683111863498007209678754e-03	7.9027362368998236335039701344433667e-01	5.8094275060483738487824688616783683e-06	2.0873582370344917864126642532797912e-03
2.4267674433540379244455295345396980e-03	7.9863226352818576270041556742050002e-01	5.8352032723964681962543255240740393e-06	2.0919837714529864738050693460883720e-03
2.4159110398994267467717690572820187e-03	8.0700954422930381457760510648287941e-01	5.8614251941991381529901300413306366e-06	2.0966788984641934995767329223902658e-03
2.4049659449380824761302247511378984e-03	8.1540574597451568119844624603879587e-01	5.8881009877091683901828499292706160e-06	2.1014445285373294015393337705254625e-03
2.3939326728690205603934825660211888e-03	8.2382115262839560000891956864173556e-01	5.9152385721908884508706310115367638e-06	2.1062815930252796147434260503342211e-03
2.3828117446103241242865295082838328e-03	8.3225605182351494737462697249212956e-01	5.9428460760374714890658203033349538e-06	2.1111910447023097767420372550620140e-03
2.3716036876538423023067860941712820e-03	8.4071073504723033692392946011924025e-01	5.9709318431145780209179630404616415e-06	2.1161738583195207954648681868604255e-03
2.3603090361209515421447823934196044e-03	8.4918549773073005884212349162206961e-01	5.9995044393399172437395270320342535e-06	2.1212310311787197859095259945276170e-03
2.3489283308194021926635390213610228e-03	8.5768063934041391354931353624990101e-01	6.0285726595087626490852054725998323e-06	2.1263635837254086553090519386407670e-03
2.3374621193012733359043974550766645e-03	8.6619646347168436194270764397160074e-01	6.0581455343759480330134660400114188e-06	2.1315725601616232672956590598917669e-03
2.3259109559220594895320017365700629e-03	8.7473327794522991081806903360285353e-01	6.0882323380053861126125030839579500e-06	2.1368590290793888263619354767352104e-03
2.3142754019009134954699596657456512e-03	8.8329139490588478261760792396321368e-01	6.1188425953986964164419878344510527e-06	2.1422240841155914822347976089051623e-03
2.3025560253820706231089714300664137e-03	8.9187113092415219005648532949130510e-01	6.1499860904151036598324746166296725e-06	2.1476688446291022526815733709138837e-03
2.2907534014974796523294523780237030e-03	9.0047280710048195561481241998680502e-01	6.1816728739953742925310860460134332e-06	2.1531944564010273016363900114320282e-03
2.2788681124306674636525423375612622e-03	9.0909674917239679091180605479672068e-01	6.2139132727031992895022421550417334e-06	2.1588020923589984924599835837597917e-03
2.2669007474818644511438833676357212e-03	9.1774328762456528960230945560811742e-01	6.2467178975981076535191555000388946e-06	2.1644929533264600753648927431104799e-03
2.2548519031344188893183832846697960e-03	9.2641275780192359811287276391249179e-01	6.2800976534547097624404412033676682e-06	2.1702682687979514823966561834171911e-03
2.2427221831225292293563266189980111e-03	9.3510550002595182021504800191108764e-01	6.3140637483438250316526548168019357e-06	2.1761292977414326193110021262643448e-03
2.2305121985003241736195147697804014e-03	9.4382185971421549358936619094587292e-01	6.3486277035918469465962160305739019e-06	2.1820773294287468958177103927620418e-03
2.2182225677123212819842049032627622e-03	9.5256218750328695919204535517935625e-01	6.3838013641355431043340495088616123e-06	2.1881136842953686672798796008037284e-03
2.2058539166652958001777781023315823e-03	9.6132683937516613801685799124353338e-01	6.4195969092903814323992303155604328e-06	2.1942397148306359247043358835025908e-03
2.1934068788015923704724882638409406e-03	9.7011617678732514599607048907756920e-01	6.4560268639514193809441796523581054e-06	2.2004568064997261283802768494400564e-03
2.1808820951739132901717508321868560e-03	9.7893056680650632822796687145807445e-01	6.4931041102467939874257408246782611e-06	2.2067663786986932071885967068496517e-03
2.1682802145216180248104528782797711e-03	9.8777038224640869109132941241333524e-01	6.5308418996649109095920161210082801e-06	2.2131698857439471252845894712681401e-03
2.1556018933485697624415121907331870e-03	9.9663600180940336851030034939858786e-01	6.5692538656775536900557383903538419e-06	2.2196688178976242477624793134180347e-03
2.1428477960025659144337833437239624e-03	1.0055278102324246908821491460053318e+00	6.6083540368823248120734037010713096e-06	2.2262647024303672274968936820699307e-03
2.1300185947563906285796533603323465e-03	1.0144461984371896470613035756247367e+00	6.6481568506890919914132069401679063e-06	2.2329591047231075113017393435369737e-03
2.1171149698905285838079113619432693e-03	1.0233915636849050573200497802020212e+00	6.6886771675764514098099499202844019e-06	2.2397536294095220648073285363707907e-03
2.1041376097775805843125160997175199e-03	1.0323643097356286253862001779099436e+00	6.7299302859456393702976127518742992e-06	2.2466499215609187984088338682868997e-03
2.0910872109684227664298084084073380e-03	1.0413648470124572285576666287969189e+00	6.7719319576008306632731431742753736e-06	2.2536496679153927153154075480384057e-03
2.0779644782801525762153241786317514e-03	1.0503935927707233557136705233550139e+00	6.8146984038863617056802337084775222e-06	2.2607545981531872901534258025873618e-03
2.0647701248858660715829514039927007e-03	1.0594509712723885341950057925276877e+00	6.8582463325131156305763031660301904e-06	2.2679664862202933362114592798207286e-03
2.0515048724063125523826749315067253e-03	1.0685374139658309197212362224711641e+00	6.9025929551081118186187096446547301e-06	2.2752871517024209667260627162964800e-03
2.0381694510034740273366790387534463e-03	1.0776533596712329818493605250890040e+00	6.9477560055232612562120422422606202e-06	2.2827184612515895597668264491165968e-03
2.0247645994761185908813943736450905e-03	1.0867992547717844255416682444388663e+00	6.9937537589412895215600341740221634e-06	2.2902623300676962820009677387749073e-03
2.0112910653573784083630175861874528e-03	1.0959755534109251733786335662075852e+00	7.0406050518189996961224916363502768e-06	2.2979207234375461261578189282929542e-03
1.9977496050144046975354174980083045e-03	1.1051827176958634207116182130856221e+00	7.0883293027103572951111389372637889e-06	2.3056956583339560123361751551464512e-03
1.9841409837501538508914066841468157e-03	1.1144212179076144973166715215234718e+00	7.1369465340143383467377945748554708e-06	2.3135892050776827684289686723897984e-03
1.9704659759073606701592517206434170e-03	1.1236915327178175555658165232895394e+00	7.1864773946951007474433408052694716e-06	2.3216034890650702485256798603115428e-03
1.9567253649747565846226830619903301e-03	1.1329941494125989905650212144704568e+00	7.2369431840248295493717360445290819e-06	2.3297406925644650162376726653926983e-03
1.9429199436955927022599730853392403e-03	1.1423295641237640181713678684687123e+00	7.2883658764025813890412652782093413e-06	2.3380030565846134989418303174288282e-03
1.9290505141785296007210125461458294e-03	1.1516982820676110307803614084492378e+00	7.3407681473056253370420402785665432e-06	2.3463928828184269391323526058167142e-03
1.9151178880109579077472679777637084e-03	1.1611008177916772593661725900341998e+00	7.3941734004331616225663863869719281e-06	2.3549125356656845078830448628715389e-03
1.9011228863748159518784845111619990e-03	1.1705376954297389373717479484738180e+00	7.4486057961059117353042637784153485e-06	2.3635644443384403315244029976902232e-03
1.8870663401649730884997198983435182e-03	1.1800094489654046346146772843095283e+00	7.5040902809889303947063122945877419e-06	2.3723511050531077001553467940230840e-03
1.8729490901102497280220387505366367e-03	1.1895166225046567575856373522827248e+00	7.5606526192091102750100899402347147e-06	2.3812750833134142197559638366615481e-03
1.8587719868971476170761252845830219e-03	1.1990597705577134500611924521287103e+00	7.6183194249432541912133438206049414e-06	2.3903390162886560478206643329218693e-03
1.8445358912963665551196276090063141e-03	1.2086394583306013323001987080009888e+00	7.6771181965572983687165177457300542e-06	2.3995456152919285956554568773116587e-03
1.8302416742921864731965052465016290e-03	1.2182562620268487497825185475598631e+00	7.7370773523823079482643588937971452e-06	2.4088976683632762455762738479157311e-03
1.8158902172147966644299581466513601e-03	1.2279107691597295294106097323519646e+00	7.7982262682182575256288257881504166e-06	2.4183980429629858583459496707379383e-03
1.8014824118756569431994689236688384e-03	1.2376035788755087329976733470664203e+00	7.8605953166623829822089716673914518e-06	2.4280496887805493660045596052447417e-03
1.7870191607059786282184066122035189e-03	1.2473353022881646304955554722893290e+00	7.9242159083650762051874980882293189e-06	2.4378556406651408869752358049716790e-03
1.7725013768984165006376066375520770e-03	1.2571065628260851700838313793762473e+00	7.9891205353229242127875776606771375e-06	2.4478190216837950003139530350677014e-03
1.7579299845520662889981897796783299e-03	1.2669179965912626862352514953131995e+00	8.0553428163256042403173954093220740e-06	2.4579430463138366272241483743043865e-03
1.7433059188208657859160260868207655e-03	1.2767702527315375539403169007239475e+00	8.1229175446809751887990942676301306e-06	2.4682310237765010705651257711460815e-03
1.7286301260655014148285353409968584e-03	1.2866639938264700681557893874057499e+00	8.1918807383508956090482994821390253e-06	2.4786863615190969756613263248237217e-03
1.7139035640089259474862611650542145e-03	1.2965998962874501105500564938204257e+00	8.2622696926390949794281733307395999e-06	2.4893125688535072679740513142234349e-03
1.6991272018955971331610513485634501e-03	1.3065786507726862772665506774780172e+00	8.3341230355818784641920772335647036e-06	2.5001132607592956297395307745834949e-03
1.6843020206545512483597549599508723e-03	1.3166009626177502071207939826530629e+00	8.4074807862026101888526514993618266e-06	2.5110921618601911132167277028569229e-03
1.6694290130664300213617370302115372e-03	1.3266675522823880044380327963018397e+00	8.4823844158018559179669284680550045e-06	2.5222531105832635642546788352869118e-03
1.6545091839345840399612202196214636e-03	1.3367791558143490401461272583082105e+00	8.5588769124668379504250430681522832e-06	2.5336000635106803732516368861376177e-03
1.6395435502603806248939377018898824e-03	1.3469365253310231956507312470426710e+00	8.6370028489965341981781571233870371e-06	2.5451370999345536435481674415629104e-03
1.6245331414228492577943494318662010e-03	1.3571404295197209556803096245227729e+00	8.7168084544524176033844268542597900e-06	2.5568684266260493901230847351718150e-03
1.6094789993628030041798648011722781e-03	1.3673916541574768413759186419943375e+00	8.7983416895595664559069198706193880e-06	2.5687983828306403570553657521165089e-03
1.5943821787715799827466153367351635e-03	1.3776910026513057007130264032640914e+00	8.8816523261987741030743995029832256e-06	2.5809314455021452834622939873248573e-03
1.5792437472845548169425379823344241e-03	1.3880392965998935530964555655846102e+00	8.9667920312474502758087202539195646e-06	2.5932722347890141075824336910454981e-03
1.5640647856795761790801739693985375e-03	1.3984373763777602492257342619679471e+00	9.0538144550456479880545198769211663e-06	2.6058255197871952039875738249845174e-03
1.5488463880804930179249408798325537e-03	1.4088861017429904055589002090713020e+00	9.1427753247835928710358100759444525e-06	2.6185962245748622368168709073296444e-03
1.5335896621659388656227905021960253e-03	1.4193863524696921750140749593701246e+00	9.2337325431287711992435258339041075e-06	2.6315894345452899712657564430470173e-03
1.5182957293835507680934070630212345e-03	1.4299390290064107145750439627545602e+00	9.3267462924340975303866823880098070e-06	2.6448104030552563022573813960012059e-03
1.5029657251698068949834207497164306e-03	1.4405450531617950234610646856781220e+00	9.4218791448940965225839019022398400e-06	2.6582645584075182667888775902894984e-03
1.4876007991756747827125347192004415e-03	1.4512053688188934966499468842200357e+00	9.5191961790435763815975760252050462e-06	2.6719575111871699420887575206990807e-03
1.4722021154982704703179233882623251e-03	1.4619209426795354414279864056939834e+00	9.6187651030231422053141743142481344e-06	2.6858950619730475987489947973190641e-03
1.4567708529187375275898388076494927e-03	1.4726927650403433451546966146473558e+00	9.7206563850683153702582405350223283e-06	2.7000832094468107152529792951882689e-03
1.4413082051465641750198012534852651e-03	1.4835218506020143017951800375844310e+00	9.8249433917142319548197225121428516e-06	2.7145281589239057195701627555522833e-03
1.4258153810705663838612214358725149e-03	1.4944092393136091829759461467131286e+00	9.9317025342461562885908381310932327e-06	2.7292363313323227556789292003321138e-03
1.4102936050167750526745488680188071e-03	1.5053559972536953989002025680498169e+00	1.0041013423967660606640171099328795e-05	2.7442143726668955244375525824798880e-03
1.3947441170134761168381138617945469e-03	1.5163632175503040046989838760327726e+00	1.0152959036903615577512103349976661e-05	2.7594691639488825686238708625017461e-03
1.3791681730636637947737670867491419e-03	1.5274320213417850893685327779277178e+00	1.0267625888604471518485714095546729e-05	2.7750078317227187340201047357854601e-03
1.3635670454251791467603817372289743e-03	1.5385635587807775145726610460883946e+00	1.0385104219772088176968747911964450e-05	2.7908377591241527729239415936632976e-03
1.3479420228988187596748145972716648e-03	1.5497590100836508887652720552745899e+00	1.0505488193486037918875928182973414e-05	2.8069665975565075030564018539453478e-03
1.3322944111247117173191994841464598e-03	1.5610195866279299764455908023095649e+00	1.0628876104873358318592717345996575e-05	2.8234022790145306111915503266209656e-03
1.3166255328872771179555755922558840e-03	1.5723465321003754367513901764707895e+00	1.0755370604134716209866700735640688e-05	2.8401530290982669826486991080496945e-03
1.3009367284290893086245287722036851e-03	1.5837411236985708274883312561357669e+00	1.0885078933916479175901506066423267e-05	2.8572273807625993122881030619980070e-03
1.2852293557739937739926167666526858e-03	1.5952046733890552599559885704955997e+00	1.1018113182101955106195090341162861e-05	2.8746341888515969988162179300968794e-03
1.2695047910598333042782927931844829e-03	1.6067385292252451086521581268604635e+00	1.1154590551186817386022991413288864e-05	2.8923826454706108233546252547463068e-03
1.2537644288811617352482192418809940e-03	1.6183440767286080433890978842019835e+00	1.1294633645504332695981536940826797e-05	2.9104822962531824441241446534567702e-03
1.2380096826423412713385862808800809e-03	1.6300227403367897602554026665585664e+00	1.1438370777676400405086354089313470e-05	2.9289430575843363223901863560834841e-03
1.2222419849214392440531384565793685e-03	1.6417759849226496820927242078067222e+00	1.1585936295787660086171061504888984e-05	2.9477752348467239823093098425049559e-03
1.2064627878453612012580755378663003e-03	1.6536053173884382731680319551743466e+00	1.1737470932913217231598258243498090e-05	2.9669895417614372224352832817057422e-03
1.1906735634766795546368641743655482e-03	1.6655122883396473327613671402192215e+00	1.1893122180777211569980961599717322e-05	2.9865971209011433334272174393982835e-03
1.1748758042126407252529841792585642e-03	1.6774984938433877559035081015325875e+00	1.2053044689481005747695037074462553e-05	3.0066095654595719655972541363393886e-03
1.1590710231968589214889796393602185e-03	1.6895655772764990469281973629326679e+00	1.2217400695417888283642016556937837e-05	3.0270389423683562413627763658820610e-03
1.1432607547442314686349017850561916e-03	1.7017152312689738508229999430126511e+00	1.2386360479687758045591408474160956e-05	3.0478978168598627417350883207479537e-03
1.1274465547796391034008108654608864e-03	1.7139491997486917017377857210893001e+00	1.2560102859542422049462111050307652e-05	3.0691992785830061754787499473624685e-03
1.1116300012910249780967494865266318e-03	1.7262692800939021470146182954413449e+00	1.2738815715632301037481634501895001e-05	3.0909569693882132185909448919197630e-03
1.0958126947974784277788823514099227e-03	1.7386773254003817899909656928411865e+00	1.2922696558091216110664268817218201e-05	3.1131851129077639188157199818673606e-03
1.0799962588329839911706413780602904e-03	1.7511752468707163784369013545294972e+00	1.3111953134790598085075676472823162e-05	3.1358985460687965363223456497834687e-03
1.0641823404465329079717287574222463e-03	1.7637650163337320374430590716708071e+00	1.3306804085421398978815768860162194e-05	3.1591127526884231091357631141933910e-03
1.0483726107193335214339991907489265e-03	1.7764486689027237635744103417898318e+00	1.3507479645425137251022552205204670e-05	3.1828438993137924177767517831457408e-03
1.0325687652998988923216360288474078e-03	1.7892283057818095451548816910446683e+00	1.3714222404199353960164747751006670e-05	3.2071088734846939269524599923263094e-03
1.0167725249578346931213218933515245e-03	1.8021060972304807282259115214969163e+00	1.3927288122452387779541010979402676e-05	3.2319253246125779196170296655169202e-03
1.0009856361571983340727590416026165e-03	1.8150842856972299536373973709875650e+00	1.4146946614083589920771217671534189e-05	3.2573117076878507654882788065923548e-03
9.8520987165035153170800939649128372e-04	1.8281651891340243466080637796563033e+00	1.4373482698524505135511388196667743e-05	3.2832873300471904262755677603476864e-03
9.6944703109328344693858852942579905e-04	1.8413512045043616971189190635688729e+00	1.4607197230101689460988844790101083e-05	3.3098724014546425194492744149892301e-03
9.5369894168344040112624076757546706e-04	1.8546448114987101438371169046391797e+00	1.4848408211681350534419786728489183e-05	3.3370880877746582598449485327846772e-03
9.3796745882116136277983736735200046e-04	1.8680485764722974759715004898750232e+00	1.5097452000639768450101397535770324e-05	3.3649565685423136016887761261785282e-03
9.2225446679588625556553996152858370e-04	1.8815651566214959484769124981308359e+00	1.5354684616082826264917982062245315e-05	3.3935010987660347788279879168147785e-03
9.0656187949837707822453979786700240e-04	1.8951973044164552302772469275622260e+00	1.5620483157225982713618548370498655e-05	3.4227460753316256577351731505558896e-03
8.9089164116027029798255303326271731e-04	1.9089478723091841444477178502006295e+00	1.5895247343957657539246708940834371e-05	3.4527171084136759008505941042987193e-03
8.7524572712236347626078931282084660e-04	1.9228198177379874191442960761107895e+00	1.6179401191861569964696963323487203e-05	3.4834410983420155815985899748632776e-03
8.5962614463313015539456226903410448e-04	1.9368162084510450488707826702563689e+00	1.6473394835387053451804881238164443e-05	3.5149463184173314528592047545331923e-03
8.4403493367905528140123631441147617e-04	1.9509402281739997647805189963111253e+00	1.6777706514453885233028372225906166e-05	3.5472625042220136876970741989476644e-03
8.2847416784848952856897147562989909e-04	1.9651951826487159748189530739686668e+00	1.7092844741586520424976032028387421e-05	3.5804209500304950688446543967289066e-03
8.1294595523083556668037736290645531e-04	1.9795845060729179587378750662869446e+00	1.7419350668722939940849557673192940e-05	3.6144546129886224964831732614543273e-03
7.9745243935300339176003072773646920e-04	1.9941117679732363167084224127934484e+00	1.7757800675171839493643164813011687e-05	3.6493982258049363350316974732558166e-03
7.8199580015520623792107629358789423e-04	2.0087806805473240816612432742338434e+00	1.8108809200840852179146547476776024e-05	3.6852884187792487867039891116013819e-03
7.6657825500831431509269446938175687e-04	2.0235951065141867495465390545093400e+00	1.8473031851877276602447262078204499e-05	3.7221638520869050043261903685691673e-03
7.5120205977514180447641790836578019e-04	2.0385590675157485764704052447309074e+00	1.8851168809309183371362576233863946e-05	3.7600653593420815490055843601851839e-03
7.3586950991821445026554954729724601e-04	2.0536767531170021258992883264528579e+00	1.9243968575216631828224818379223296e-05	3.7990361035821680273306874369121786e-03
7.2058294165675211983447781248804361e-04	2.0689525304569180263809932915626179e+00	1.9652232095479830285645703410930583e-05	3.8391217469497144062203329315459004e-03
7.0534473317580443997251603975924344e-04	2.0843909546076947695787040481562932e+00	2.0076817303337467550034141361509971e-05	3.8803706355009678391614446630615906e-03
6.9015730589069981856447800683304674e-04	2.0999967797059818886405306827357453e+00	2.0518644133955261077331572742347716e-05	3.9228340007434233477497001246642183e-03
6.7502312577021081041655129260374175e-04	2.1157749709265036788482644753711695e+00	2.0978700067083636886151989869977385e-05	3.9665661797022955912059021566965183e-03
6.5994470472210411020453729179003164e-04	2.1317307173761483938241857683212150e+00	2.1458046262830677608519640378905978e-05	4.0116248555411645936316304236454292e-03
6.4492460204503396383735844130445037e-04	2.1478694459951896099139954044798570e+00	2.1957824364778118321897668778483585e-05	4.0580713210197010775433430261988234e-03
6.2996542595105631313661375529646116e-04	2.1641968365620115428095827710063432e+00	2.2479264055346334861212725202575398e-05	4.1059707673665748302504209352707557e-03
6.1506983516339072837298688347429831e-04	2.1807188379086806492623169998164810e+00	2.3023691460734786121669099736714206e-05	4.1553926014845808805942975631345686e-03
6.0024054059444176421972933355714022e-04	2.1974416854671309295637005993690585e+00	2.3592538517246307597909030609445475e-05	4.2064107947950140887073877264287809e-03
5.8548030710951491144653684391629234e-04	2.2143719202798310096552578719973851e+00	2.4187353427731087939662096046418700e-05	4.2591042674780904803466395006230512e-03
5.7079195538212948801380280776713271e-04	2.2315164096248363973211055440037426e+00	2.4809812356722821324558334956726307e-05	4.3135573123861244175778981922070021e-03
5.5617836384734695103706891374278585e-04	2.2488823694234047036170239829804016e+00	2.5461732536147044683395399469894554e-05	4.3698600635086125934919070133808306e-03
5.4164247076010430467080271489716798e-04	2.2664773886192237857793660034048390e+00	2.6145086980942418795524156052012700e-05	4.4281090145681900372109395323009098e-03
5.2718727636617549817607770968594674e-04	2.2843094557421964918023185023972571e+00	2.6862021046381533287600392501851868e-05	4.4884075941414442422315535115084178e-03
5.1281584519408694955877292923775800e-04	2.3023869878971431188414351994200868e+00	2.7614871097326216203048916407065546e-05	4.5508668046503004650661853386192856e-03
4.9853130847709578903137105304261736e-04	2.3207188624493206040383953974602992e+00	2.8406185605352350288116361689056863e-05	4.6156059336841264124221672526814975e-03
4.8433686671521169480153451686934445e-04	2.3393144517150272445342301512133948e+00	2.9238749044169737604431895655698534e-05	4.6827533474214030811128395985422934e-03
4.7023579238821754515045286312929781e-04	2.3581836610076141487822105544034309e+00	3.0115609018946856567981129481782970e-05	4.7524473774611991572144767767312382e-03
4.5623143283173473675084505225724861e-04	2.3773369704379804365136358473545457e+00	3.1040107143391583239098629913700764e-05	4.8248373141957395782742715128441970e-03
4.4232721328960242361852975991117985e-04	2.3967854809253174305806603081962938e+00	3.2015914272683361112681052655933211e-05	4.9000845220137030053973745150643762e-03
4.2852664015721534907465453839470816e-04	2.4165409649399726934357461582853879e+00	3.3047070814288791366569746292586261e-05	4.9783636941905010347426361616602683e-03
4.1483330443201485985419110766868467e-04	2.4366159225776286696698849089082374e+00	3.4138032976960352382803963356447500e-05	5.0598642683844740525725709393460509e-03
4.0125088538907847334035555202354743e-04	2.4570236436547254099313739618118997e+00	3.5293725986678092690666283723454453e-05	5.1447920273257233795726471503726990e-03
3.8778315450173603318273799961324007e-04	2.4777782766218823372601843346903891e+00	3.6519605504387209604041853031643864e-05	5.2333709136932170282929251582591789e-03
3.7443397962939164712515205169752881e-04	2.4988949052182797878746415476479407e+00	3.7821728733603170744625688516945266e-05	5.3258450934963437134255250347234651e-03
3.6120732949729362105563818023085472e-04	2.5203896339396024334947352200906288e+00	3.9206837018474601738697297867591239e-05	5.4224813087239460880105468552913818e-03
3.4810727849592104279926870560511645e-04	2.5422796835702458451622220511948614e+00	4.0682452120410502703144379967349907e-05	5.5235715678687756663740986316117481e-03
3.3513801183100705773263608224629484e-04	2.5645834982432935226078345991573561e+00	4.2256988844249334965832626754754624e-05	5.6294362325240088315362547604494373e-03
3.2230383105906894049133816625374197e-04	2.5873208657470992229553782084119147e+00	4.3939887289728670001168117862640176e-05	5.7404275700232332447601826158390729e-03
3.0960916004775250952527113102522791e-04	2.6105130531049813344291788520112696e+00	4.5741768765562896966989517944307804e-05	5.8569338566252197931907790407051142e-03
2.9705855140543045607254399420884031e-04	2.6341829598269673027744534519615741e+00	4.7674620367806528158964925858303123e-05	5.9793841337664226820883897033727865e-03
2.8465669343045091670604226685998724e-04	2.6583552916854974533493939349605018e+00	4.9752014452634662003170179601499445e-05	6.1082537423769480288771913405985198e-03
2.7240841763737288451818858505030293e-04	2.6830567584206885665667156962512685e+00	5.1989370808291539442346507562947616e-05	6.2440707884377356258491245927068302e-03
2.6031870692564350971202122684571999e-04	2.7083162994611361353425128997270144e+00	5.4404271362550468171366269781768964e-05	6.3874237285089720358949787216775722e-03
2.4839270446570897104033846652963671e-04	2.7341653425869393569175632551669029e+00	5.7016839901374342063837997681783055e-05	6.5389703090916254486514409959163077e-03
2.3663572338880290625580077071453876e-04	2.7606381015065468708702282666022646e+00	5.9850202728466079276497427267027132e-05	6.6994481513568162720450296650431023e-03
2.2505325737999537162839386692709305e-04	2.7877719196258133901306369370478036e+00	6.2931050750485127389588042075503638e-05	6.8696873469933820317687002578570798e-03
2.1365099228997652778385745404710830e-04	2.8156076689327103973016004155474731e+00	6.6290329529147799577868977315018631e-05	7.0506255271373204836516425216429073e-03
2.0243481890008086876646431215634881e-04	2.8441902150064575518333005071610979e+00	6.9964091964149765984924547468589616e-05	7.2433259920614921058586399249169374e-03
1.9141084699797808079250768738294492e-04	2.8735689618228719145575495231945534e+00	7.3994559265608529889938830340531468e-05	7.4489996549427433130764110092632893e-03
1.8058542094922465544056186813670046e-04	2.9037984934553741711096845224051982e+00	7.8431450903743646155040440780817449e-05	7.6690317732138973027038784118754975e-03
1.6996513698372544476247980600409377e-04	2.9349393342200643443541649684540833e+00	8.3333664983316941996284647635982622e-05	7.9050147365051855820824347306737365e-03
1.5955686245771134505551067623085806e-04	2.9670588546399620909830401188924670e+00	8.8771419489204212491077460775394391e-05	8.1587885807818670605676237544134094e-03
1.4936775740322192982363275821748305e-04	3.0002323583082767710947196818791024e+00	9.4829005846757257116420150987027148e-05	8.4324914473138547667940862775008347e-03
1.3940529874111030185460243638089489e-04	3.0345443950246097935705326087168361e+00	1.0160836495416145639542612728755597e-04	8.7286229664069592864098165459869258e-03
1.2967730761404628268132163069403471e-04	3.0700903594854212464743418329018940e+00	1.0923378110858658828823093059862602e-04	9.0501246148274049850252113611982519e-03
1.2019198039801983262164144888776741e-04	3.1069784538266872748427403201940986e+00	1.1785811494896514826585109489260507e-04	9.4004826175085306484363367447064940e-03
1.1095792408149643302395537814330240e-04	3.1453321186607290211632039666205894e+00	1.2767118490521530780848133803395265e-04	9.7838611623256562762151563215771343e-03
1.0198419687047528588463175041196051e-04	3.1852930742655922734030149693682051e+00	1.3891119398477156247816574900803719e-04	1.0205276923689836296985249465330735e-02
9.3280355099127322004903158788941087e-05	3.2270251664097466708611039620796582e+00	1.5188054565595629652414127804659045e-04	1.0670830711804626923926409297877871e-02
8.4856507819356071430187056817616975e-05	3.2707192879698822504761767018128845e+00	1.6696810274527028633965036659242100e-04	1.1188019407234851579450945564630323e-02
7.6723380837601112063410399835375544e-05	3.3165997608969276521751087767375892e+00	1.8468109859545388576902217438829775e-04	1.1766162763970894768375348107682968e-02
6.8892392506746961794220831833811280e-05	3.3649327343055985643580886029844503e+00	2.0569183908073234974028860009424931e-04	1.2416997859480122198364430679011718e-02
6.1375744330844923700919552260140928e-05	3.4160374190291765370020121030109670e+00	2.3090765139443133899217973034919277e-04	1.3155523721951023462538799353961251e-02
5.4186530502773274470779087478820990e-05	3.4703013985042705873659732267754775e+00	2.6157842942016252362376744810259502e-04	1.4001228766444821850768502680831916e-02
4.7338872033318095476294162354984880e-05	3.5282019408211408994917980736826376e+00	2.9946699335304299001406473838648506e-04	1.4979920897982249918001399155718363e-02
4.0848083413294428267737273535845336e-05	3.5903363930104603598683232311380933e+00	3.4712838931822610848893949304673067e-04	1.6126537877120064795093716585765891e-02
3.4730883235920053829490566472416202e-05	3.6574667665407975847804006723749823e+00	4.0838649909077780308947734516472086e-04	1.7489613548446092481958960106615987e-02
2.9005665704817534649213071235594773e-05	3.7305873416906754268821027844356839e+00	4.8918671901267495559272233956687735e-04	1.9138668004320786507825903555579248e-02
2.3692858964160566909929324248432002e-05	3.8110313053669292217440008580879305e+00	5.9921049116223805300796171842646049e-04	2.1177040940132358850935241523242071e-02
1.8815411642551358878738121081115256e-05	3.9006472295753422208445663335922549e+00	7.5515233531900938886870642555065699e-04	2.3765528844016493319944972220718379e-02
1.4399477002035694777262471712148904e-05	4.0021090857340718052206679519210427e+00	9.8797814407006873290380882225708961e-04	2.7169243197682728884546650285702154e-02
1.0475418339129822070569337430097398e-05	4.1195040561117978563828730663818242e+00	1.3609351330834165180264574410463570e-03	3.1859736598771538096130506040069922e-02
7.0793736135206828291898663346524446e-06	4.2595663924162944496620301553678774e+00	2.0217374246182039238520860965108231e-03	3.8767874847827931843479627162330736e-02
4.2558845890327467632538424361193116e-06	4.4346667443735867301968459512181508e+00	3.3926006370720522246896037355991051e-03	5.0035922253340008324221465778548616e-02
2.0627870655596392265601519254664570e-06	4.6718508490529814601022617523619842e+00	7.1903740953625854069502643823904394e-03	7.2020339966454355576277225194757303e-02
5.7827428022908289841312941267639030e-07	5.0540293470846196991171019171454180e+00	3.4229327561689388009567141798311251e-02	1.3820677528430957142884156325634642e-01
0.0000000000000000000000000000000000e+00	0.0000000000000000000000000000000000e+00	8.1709811168048253539515962236923198e-06	2.3037490558620012186917598021614374e-03