5.0856215893017162939227457875405411e-07	-5.0785211996895754991191293215081171e+00	3.3938170978401063391380283747084080e-02	1.3760182321709639459690571151883523e-01
1.8156192043226400920969000324662462e-06	-4.6980711469928773164009567728578836e+00	7.1222780277824003532208790538648301e-03	7.1676480150401323028496945636151226e-02
3.7484693505558340985341382983182886e-06	-4.4620545091015856088929843224498912e+00	3.3581277745835059549411547513506296e-03	4.9780322270805849157637344520333851e-02
6.2389139464878020260200758528381493e-06	-4.2878717164955672930591003063053101e+00	2.0000249575595119037109361772633938e-03	3.8558773485604065956506915204210768e-02
9.2364772214990764772927346533374276e-06	-4.1485814930135086680705780346787095e+00	1.3456288750114609839812948447173243e-03	3.1679856434437144349704679292379960e-02
1.2702278077794061156803245837618410e-05	-4.0318621310339719148726493566227274e+00	9.7641428956989032358713398982313309e-04	2.7009636435042298156497542928945364e-02
1.6604766223103037929460194780562053e-05	-3.9310065828711845577544461604457237e+00	7.4599591946257707627888994437849017e-04	2.3620913557338868426285111046692388e-02
2.0917429167795322694431387262164348e-05	-3.8419444847915846670872272524480211e+00	5.9171007749169202337888696777877781e-04	2.1044016896640750191165794426755693e-02
2.5617427480178397796413460402732779e-05	-3.7620130527175716189504514579071798e+00	4.8288308408578317359777059467962116e-04	1.9014906538680168399660500006946362e-02
3.0684717763329393799236011824998681e-05	-3.6893715661194687913329919059012044e+00	4.0298120905310237494794457090525279e-04	1.7373443922835663878061117347802850e-02
3.6101455830851188423426069450517908e-05	-3.6226925792944725121831630091053251e+00	3.4241801368354533674153882340522024e-04	1.6016717106690830028559588789204482e-02
4.1851572246076824734001298775089709e-05	-3.5609861486342430533250102175789630e+00	2.9530745830196067212127089794717742e-04	1.4875496922304116678508112149130022e-02
4.7920459702568178528205126802410402e-05	-3.5034936258572572351518987012202301e+00	2.5786445424140843825668239889796560e-04	1.3901454733373454760745947887709902e-02
5.4294736142900200148335569446638708e-05	-3.4496203296775116607600017429431344e+00	2.2756026758741469130461811401689257e-04	1.3059801949560082510903254586759076e-02
6.0962060992153650036468302372482532e-05	-3.3988911440968866835844627925990069e+00	2.0265048934056415484708956548623214e-04	1.2324841878297150608708575463660490e-02
6.7910989742134907292693360208145792e-05	-3.3509202505408993651266395046366103e+00	1.8189845433725142968740122734556190e-04	1.1677170824655842571320938873450735e-02
7.5130856918069299468369259726674450e-05	-3.3053899052130638057531102478184022e+00	1.6440656004304269343093028007190242e-04	1.1101855510471538656174858393039382e-02
8.2611680499892930731056534193011663e-05	-3.2620351929624768395336885159321198e+00	1.4950979299649639944882563739649080e-04	1.0587210719697419650373663148924591e-02
9.0344082861837860496630555044027557e-05	-3.2206328406103264078114707542189104e+00	1.3670648481365433523083843379613712e-04	1.0123958192173604817268990883634517e-02
9.8319224635941560655685069898804499e-05	-3.1809928549177419781665579563312265e+00	1.2561208567312456673162453241494266e-04	9.7046346682741937858529825605292224e-03
1.0652874883189942242871182097285979e-04	-3.1429521682150287035685568883705323e+00	1.1592758132476341962623826023345516e-04	9.3231668885575071697930794148697016e-03
1.1496473319981153146146141594231575e-04	-3.1063697382091787753697466392647042e+00	1.0741746529921294360384349831423412e-04	8.9745609849483107755942446523545968e-03
1.2361964929305885588690746751669425e-04	-3.0711227190103879958731464670027560e+00	9.9894088752393379320720449162286322e-05	8.6546718219392898528986449861062637e-03
1.3248632703311826977754916878531422e-04	-3.0371034333517837791901150373674808e+00	9.3206354479400696709859085564683268e-05	8.3600292235466383277474232288440426e-03
1.4155792383432218666936901883588693e-04	-3.0042169523361662143994058409085262e+00	8.7231424830179574241860112437326459e-05	8.0877053346583567558414920157657415e-03
1.5082789753974557759614869112187416e-04	-2.9723791416494713160811298183469586e+00	8.1868555773120124357954870038603166e-05	7.8352121667790951213883052449457266e-03
1.6028998256693129496634756960261689e-04	-2.9415150700431576319438743928730646e+00	7.7034453833474661083856629713186043e-05	7.6004215918722878563511746659616909e-03
1.6993816877614998646696085629956303e-04	-2.9115577021216798413095357550088737e+00	7.2659739111440162484656646349870991e-05	7.3815022371173806022415093440415236e-03
1.7976668266290451211098096335927633e-04	-2.8824468164079436292055639994345407e+00	6.8686222016114444449849070541131133e-05	7.1768692487432287590893681722003113e-03
1.8976997054658707163185827944238215e-04	-2.8541281035083780203142042773490866e+00	6.5064785748875402092294689127979599e-05	6.9851439576454281054538555346411926e-03
1.9994268348306119973868376433254217e-04	-2.8265524094496562549902737616625160e+00	6.1753724682039374588289290283516400e-05	6.8051212376025040329115893651733544e-03
2.1027966367377202381888439886708460e-04	-2.7996750969310530281547008766677540e+00	5.8717429353357624219490194801381759e-05	6.6357428936271317747535944500098210e-03
2.2077593218024703101841929171455193e-04	-2.7734555030381839544551247135893373e+00	5.5925337494937306574061617674158854e-05	6.4760758168998700371494459084658347e-03
2.3142667778238879867494392706320054e-04	-2.7478564763937333269923402267233544e+00	5.3351091058283401545445775959705879e-05	6.3252939369777543930381796369794315e-03
2.4222724684318958945582622515217656e-04	-2.7228439801336311546231170286268192e+00	5.0971854068351156583510027593948459e-05	6.1826632212235806142964623679726585e-03
2.5317313406249656753815015520036342e-04	-2.6983867497486353817244562599455796e+00	4.8767757018114447907974856403747795e-05	6.0475291363330616124912566254949655e-03
2.6425997401906243088938274162229147e-04	-2.6744559969075295513592589805590511e+00	4.6721441551576568316113603550177659e-05	5.9193061120128005531670023259277177e-03
2.7548353341398229603448908384034449e-04	-2.6510251520160169549099190461955872e+00	4.4817685174883050284322208517543994e-05	5.7974686426613607142547371907913329e-03
2.8683970394025685136551487876530033e-04	-2.6280696395664573259849147094756737e+00	4.3043090241347748809002442136509199e-05	5.6815437368008687150124320727570445e-03
2.9832449571304030927250331038062060e-04	-2.6055666813739096459251903582918352e+00	4.1385824872897878970768912530866694e-05	5.5711044814294796818823338628077039e-03
3.0993403120345322519930270100194211e-04	-2.5834951236309381432821143659849951e+00	3.9835406091133075671029644776302605e-05	5.4657645334006436662381231907659079e-03
3.2166453962592437921949044137853427e-04	-2.5618352843910026676624215787203421e+00	3.8382517440614542380255597431048864e-05	5.3651733853322578225388385322380097e-03
3.3351235173508201902944742455753538e-04	-2.5405688186414839181804349843168620e+00	3.7018854944348960835696562131421368e-05	5.2690122816074149318997650912076334e-03
3.4547389499341270277274498565674333e-04	-2.5196785985783445618238877048655955e+00	3.5736996446345458545663558354861376e-05	5.1769906824025516446991082972717982e-03
3.5754568907538428945416851864245331e-04	-2.4991486070651915129907558255561167e+00	3.4530290349813023416606975853930044e-05	5.0888431916210193002381432411526941e-03
3.6972434167760186272131697817911669e-04	-2.4789638425657948913817272893870599e+00	3.3392760512640003769468946774338520e-05	5.0043268790757822876902687710167699e-03
3.8200654460792507721696596172222064e-04	-2.4591102340932964043225819736320715e+00	3.2319024659817164658408740351365900e-05	4.9232189389875125871602716855730288e-03
3.9438907012939998519251738566470305e-04	-2.4395745649311842306116225276400934e+00	3.1304224149913737289060877644282866e-05	4.8453146364104035430377170052296546e-03
4.0686876753741216243203083909513502e-04	-2.4203444040584032691053569007312548e+00	3.0343963315860642159905799960789359e-05	4.7704255010079460116511946958011696e-03
4.1944255995070459448948510335508226e-04	-2.4014080443599305746577079981056617e+00	2.9434256909272586647779399478153774e-05	4.6983777340189267995958168285131437e-03
4.3210744129886829378781320449582358e-04	-2.3827544468297760139392445456476956e+00	2.8571484427877946469732969151766760e-05	4.6290107995505772155225961803611410e-03
4.4486047349064383599915360373716810e-04	-2.3643731900797050592629590771119549e+00	2.7752350309363185633533516703838328e-05	4.5621761757248817609355010478636296e-03
4.5769878374889987672430017527238042e-04	-2.3462544245572991579800023847321075e+00	2.6973849141465511505216863065609513e-05	4.4977362448552947576910706117458826e-03
4.7061956209950730182447208213231283e-04	-2.3283888309539373438896174614803907e+00	2.6233235174821967692728684574515291e-05	4.4355633048799399690716350960892399e-03
4.8362005900252798362381903062087628e-04	-2.3107675823490834470099680052655074e+00	2.5527995537701484635853832114721345e-05	4.3755386868323444209476350456041986e-03
4.9669758311520478097459350339361225e-04	-2.2933823096936892907078550571102461e+00	2.4855826644896139339484979211201502e-05	4.3175519652792858535988226946641814e-03
5.0984949917719121830761438246683002e-04	-2.2762250702840539718681614143017256e+00	2.4214613370376748341928433807777830e-05	4.2615002504680829300886539929925599e-03
5.2307322600930960863822100004273808e-04	-2.2592883189193361901297299433237767e+00	2.3602410617739190497764265288866981e-05	4.2072875524600016509126124886861061e-03
5.3636623461788764024447514782706225e-04	-2.2425648814721168198881096617513880e+00	2.3017426976318122973931131092952505e-05	4.1548242088291522935215784776449053e-03
5.4972604639740631923916329820429483e-04	-2.2260479306327994249322358860339207e+00	2.2458010196005784747006247758907076e-05	4.1040263686155662991041390429902564e-03
5.6315023142480590172081919557848353e-04	-2.2097309636159253833942498233306805e+00	2.1922634251806847298952649628170998e-05	4.0548155261684862291516261480521220e-03
5.7663640683934908413554135465335644e-04	-2.1936077816402617838247167286344033e+00	2.1409887801220618853039364324233061e-05	4.0071180993271601647505065433546214e-03
5.9018223530243922670748538959317308e-04	-2.1776724710152941411328497371575977e+00	2.0918463864675241208884335015952413e-05	3.9608650470830076376300585685204916e-03
6.0378542353224184446551943471306183e-04	-2.1619193856849441258186970878463796e+00	2.0447150582267155252674807732929008e-05	3.9159915224666716690150269139444701e-03
6.1744372090836532728627948174391882e-04	-2.1463431310952919526094075680487836e+00	1.9994822919657595764611853986909255e-05	3.8724365569209650933368448149925605e-03
6.3115491814222649736211572571406125e-04	-2.1309385492671168722509639090145456e+00	1.9560435212701366492882807684917810e-05	3.8301427728683912600085425519219018e-03
6.4491684600906226258392788353647661e-04	-2.1157007049664352377764443570203555e+00	1.9143014454690010057482460650475553e-05	3.7890561215700936610461332756581116e-03
6.5872737413785386794054836019908671e-04	-2.1006248728771339052935516804651383e+00	1.8741654242361349867418406366011465e-05	3.7491256437104339892678774842586571e-03
6.7258440985570824788918447114390786e-04	-2.0857065256894554857077199047457068e+00	1.8355509307375597952792993842050087e-05	3.7103032504352111945150474856772340e-03
6.8648589708349453393378634900530264e-04	-2.0709413230266525652785324775807958e+00	1.7983790569047520823658082624210429e-05	3.6725435228279756787154518528585322e-03
7.0042981527976534412441776452441363e-04	-2.0563251011397291595165542221627214e+00	1.7625760651974034616905982042039001e-05	3.6358035280331768210349463302235398e-03
7.1441417843020426446256334677982200e-04	-2.0418538633069488392334888248767194e+00	1.7280729818990946141236100487098970e-05	3.6000426504314326313552669111214123e-03
7.2843703408003487018204088694223580e-04	-2.0275237708808133262246452284173830e+00	1.6948052275785825970583096921781744e-05	3.5652224364447905496090846818699674e-03
7.4249646240700445637929680946863535e-04	-2.0133311349305921528228846006791215e+00	1.6627122808616267305657372953824562e-05	3.5313064517016666521972247366683005e-03
7.5659057533271889259114231845922168e-04	-1.9992724084332906008371274535568160e+00	1.6317373721043862787250998991547739e-05	3.4982601494249486310710998450364672e-03
7.7071751567025505891052820638830968e-04	-1.9853441789702468147844577626943084e+00	1.6018272039487053641714922866419407e-05	3.4660507490248742440548529273000444e-03
7.8487545630611539030663032467987211e-04	-1.9715431618904082502276484284581096e+00	1.5729316960799404492464405698701518e-05	3.4346471239827672464769409222889267e-03
7.9906259941471625037900716246210742e-04	-1.9578661939048035187408152036524770e+00	1.5450037518060858639520478397580494e-05	3.4040196982042610149113306131049021e-03
8.1327717570371916141721295622101485e-04	-1.9443102270798428340412953335827665e+00	1.5179990443385246590682926769466576e-05	3.3741403501027607165568170812329619e-03
8.2751744368862221921428779220248289e-04	-1.9308723231998876994382249560107025e+00	1.4918758208846528689889304114969655e-05	3.3449823237468787835488730818074500e-03
8.4178168899512911415150856361642921e-04	-1.9175496484720624509365744003896203e+00	1.4665947228650689871560993084548424e-05	3.3165201464705426581713143770884770e-03
8.5606822368790578089737434468621168e-04	-1.9043394685485668676500425156306855e+00	1.4421186207465663395030091443572508e-05	3.2887295524023867712235076957381394e-03
8.7037538562442045339707605552527026e-04	-1.8912391438438167548328427108917302e+00	1.4184124621398895530847120314098064e-05	3.2615874114227437508284878230641844e-03
8.8470153783264239261886527456782465e-04	-1.8782461251256115283680055366156994e+00	1.3954431319507652003141750839844832e-05	3.2350716631027749772816693769127579e-03
8.9904506791144830870430570153405117e-04	-1.8653579493612249819775435206719080e+00	1.3731793234963747933489124130191085e-05	3.2091612552216659373780297511393793e-03
9.1340438745265399363947870430832806e-04	-1.8525722358008558130369830350552072e+00	1.3515914196091792109808670158937870e-05	3.1838360864949146174545326453765409e-03
9.2777793148365234746870111304762569e-04	-1.8398866822822742479865507784514279e+00	1.3306513828475359539307908589163462e-05	3.1590769531800488005369184068287425e-03
9.4216415792969821247021911861055037e-04	-1.8272990617417745470803325621695470e+00	1.3103326540193561189501327327852176e-05	3.1348654992560476036933568893796630e-03
9.5656154709493558171148157915696603e-04	-1.8148072189177029834673741994303525e+00	1.2906100583024139378907952624909529e-05	3.1111841698996886007277400368645637e-03
9.7096860116131414482010537862453992e-04	-1.8024090672338883808974248359382420e+00	1.2714597183139683382650924977722511e-05	3.0880161680063237253379817931403569e-03
9.8538384370459006943403204455416537e-04	-1.7901025858512675192221698942883893e+00	1.2528589735440596400207133248880086e-05	3.0653454135244946903455844924356073e-03
9.9980581922665066028208236501031559e-04	-1.7778858168768796501277538674632051e+00	1.2347863056220576258602806424904630e-05	3.0431565053935873909709068322409011e-03
1.0142330927034443342860290257811976e-03	-1.7657568627202110195950304672393700e+00	1.2172212689355051561729999672289924e-05	3.0214346858916202342185092502287541e-03
1.0286642491478364232979765578393277e-03	-1.7537138835876088324390058869352855e+00	1.2001444261646769672420192874812156e-05	3.0001658072164629434629234490564016e-03
1.0430978931867478707133458189505052e-03	-1.7417550951061609313976702685296619e+00	1.1835372883361287567431422818833602e-05	2.9793363001384666375706545594151202e-03
1.0575326486519681114759659722526076e-03	-1.7298787660690583472425078726418446e+00	1.1673822590343499314922519818694999e-05	2.9589331445758093437873103108755380e-03
1.0719671581840654884300544136008603e-03	-1.7180832162950279661489551829719939e+00	1.1516625824428967278297169284747590e-05	2.9389438419559624553630583194341419e-03
1.0864000828488486188243239341293200e-03	-1.7063668145949464911765621389152079e+00	1.1363622949154603604985720151848277e-05	2.9193563892376864222101697373062686e-03
1.1008301017658603273439221723669991e-03	-1.6947279768392288154198311062845652e+00	1.1214661798035609962023680612439222e-05	2.9001592544779780083855204677751237e-03
1.1152559117484122388875867511699677e-03	-1.6831651641200276296647803538925388e+00	1.1069597252912561359961913529623567e-05	2.8813413538375146330264922663359093e-03
1.1296762269546929972811032440210623e-03	-1.6716768810026899418868366783945286e+00	1.0928290850086797860593993397677578e-05	2.8628920299264609382538153327627032e-03
1.1440897785495064573541919863759003e-03	-1.6602616738612932442323249055166459e+00	1.0790610412156242291209820063361753e-05	2.8448010314000967752546782558204037e-03
1.1584953143762181905712304532487884e-03	-1.6489181292934320848377771702809682e+00	1.0656429703639499623733440088709441e-05	2.8270584937206639931836939467421088e-03
1.1728915986385093438767481897395487e-03	-1.6376448726097472826439828158756922e+00	1.0525628108635484649863670363525047e-05	2.8096549210081741720548787696036191e-03
1.1872774115915563853944371718869469e-03	-1.6264405663939872225551578859156476e+00	1.0398090328910531191217586153593058e-05	2.7925811689087266985942331932089660e-03
1.2016515492422736401608499633222740e-03	-1.6153039091296656332151116340038017e+00	1.0273706100936437381087064894900883e-05	2.7758284284142065294535987507379500e-03
1.2160128230582728390734351780338798e-03	-1.6042336338896348373897365514907832e+00	1.0152369930522515157880747983493096e-05	2.7593882105721086935894481300207631e-03
1.2303600596852102439350564060419138e-03	-1.5932285070851293615487344858245457e+00	1.0033980843793613152484857315951865e-05	2.7432523320287125805963658980829057e-03
1.2446921006722073349619317946790526e-03	-1.5822873272710535290172228925278314e+00	9.9184421533653198581053007087796257e-06	2.7274129013529398178704985769788383e-03
1.2590078022050456137275829423038829e-03	-1.5714089240044896338143710217880302e+00	9.8056612386580661739207724930226875e-06	2.7118623060920079164644145972139426e-03
1.2733060348468498392313776916791600e-03	-1.5605921567535917689727717068652194e+00	9.6955493393744722773308100624073364e-06	2.6965932005134674968927777254380900e-03
1.2875856832859870286021859565769916e-03	-1.5498359138542055200688310002451802e+00	9.5880213612397749706550322889273580e-06	2.6815984939914105419747371140052339e-03
1.3018456460909208642005056600949235e-03	-1.5391391115117165865010026096152055e+00	9.4829956931742021546533117537385313e-06	2.6668713399975849342336280522840073e-03
1.3160848354717727995149503252306797e-03	-1.5285006928457829223863762706407782e+00	9.3803940351293358518151974069676518e-06	2.6524051256608683800522725598449431e-03
1.3303021770483521881022945291947671e-03	-1.5179196269757460752634599829680137e+00	9.2801412358783677584785508442785675e-06	2.6381934618610624898745303999777920e-03
1.3444966096244282108726529756436499e-03	-1.5073949081446488481962164967485472e+00	9.1821651401031904550717244162810591e-06	2.6242301738252832024511987977196820e-03
1.3586670849680262826120505626602934e-03	-1.4969255548799089551760130592170925e+00	9.0863964441699231730123119080739018e-06	2.6105092921973631707417274211795427e-03
1.3728125675975410116682185738224366e-03	-1.4865106091888126547515478858610294e+00	8.9927685600291398879619433673613403e-06	2.5970250445526599253756290387244393e-03
1.3869320345734666978588895924508476e-03	-1.4761491357870990501509751171262440e+00	8.9012174867181070623375685291129551e-06	2.5837718473324940049411839124909882e-03
1.4010244752955548114756777358277824e-03	-1.4658402213590054022269747072373428e+00	8.8116816889800713827670780284967302e-06	2.5707442981741359798121026517499169e-03
1.4150888913052159274117151820219575e-03	-1.4555829738472369342731395854630676e+00	8.7241019825503559711022083432100936e-06	2.5579371686138314890798891149491103e-03
1.4291242960929912178226193446220181e-03	-1.4453765217714116927062071109888948e+00	8.6384214256909905209852104956516757e-06	2.5453453971418091591448536107885096e-03
1.4431297149109258575792060977343143e-03	-1.4352200135736125037858425836564952e+00	8.5545852165850553226770553241373875e-06	2.5329640825895667835511162266551458e-03
1.4571041845896835908049521473207458e-03	-1.4251126169897543377829646692649923e+00	8.4725405962290774097221264858979933e-06	2.5207884778309848137112482168754115e-03
1.4710467533602482643183321979467990e-03	-1.4150535184455468300468779696935998e+00	8.3922367564868751201505677657174293e-06	2.5088139837799807042935178905098578e-03
1.4849564806800643738174094550368231e-03	-1.4050419224758986556918580784631529e+00	8.3136247529913830775406292984456868e-06	2.4970361436684999774505446521988848e-03
1.4988324370634746089339982639751897e-03	-1.3950770511666732267739774192698622e+00	8.2366574226023644787531370201026738e-06	2.4854506375896464182306957746556626e-03
1.5126737039163180405015567518670651e-03	-1.3851581436177640690138371485029157e+00	8.1612893051476784102730859276653862e-06	2.4740532772916904460144081666516599e-03
1.5264793733745579831304475843254634e-03	-1.3752844554265135080786181550144547e+00	8.0874765691940502055556286434856142e-06	2.4628400012095667855954430488066941e-03
1.5402485481468137030972447191868156e-03	-1.3654552581905502013748319791708151e+00	8.0151769416102141154620248938360288e-06	2.4518068697212849991449689830082680e-03
1.5539803413606750393554016022763861e-03	-1.3556698390291698196120034801059528e+00	7.9443496407009704788471737277729352e-06	2.4409500606174337407520805020046440e-03
1.5676738764126836770427143319057687e-03	-1.3459275001224290252102505126582050e+00	7.8749553127052250486529692322911820e-06	2.4302658647726658907828126067648923e-03
1.5813282868218692702902817478082063e-03	-1.3362275582671660082357166708731087e+00	7.8069559714645481933233977105523537e-06	2.4197506820087108117044368944318518e-03
1.5949427160867328657890987501195463e-03	-1.3265693444492014067053942251601551e+00	7.7403149410812903793004188726710333e-06	2.4094010171390753256058299483486562e-03
1.6085163175455741411219174011708295e-03	-1.3169522034310116251875885880897478e+00	7.6749968013968944083264104664187570e-06	2.3992134761861698504702663822835815e-03
1.6220482542400628523601972297619382e-03	-1.3073754933542025297236806578464185e+00	7.6109673361318245061050810057703695e-06	2.3891847627621333947278110919214613e-03
1.6355376987819585933046455528169643e-03	-1.2978385853561453829866443302533645e+00	7.5481934835385517311572359419471167e-06	2.3793116746051335107617254869413964e-03
1.6489838332228865129033381344232485e-03	-1.2883408632001688256320731398161187e+00	7.4866432894283530598781595567347899e-06	2.3695911002633873467287490831154072e-03
1.6623858489270800261850078996057175e-03	-1.2788817229187308327520236318885742e+00	7.4262858624413517371558929992551602e-06	2.3600200159195899152977837651019671e-03
1.6757429464470047953828995526898818e-03	-1.2694605724690229941276200187206866e+00	7.3670913314372984052886563158120410e-06	2.3505954823488477415357451113977658e-03
1.6890543354017813592289185263399329e-03	-1.2600768314004862913489301345114166e+00	7.3090308048921113970905818693330228e-06	2.3413146420036021199109152653328308e-03
1.7023192343583267566763197926231576e-03	-1.2507299305337428740532679413663605e+00	7.2520763321922019421500099906316591e-06	2.3321747162193881116432073442282335e-03
1.7155368707151383331719999311171246e-03	-1.2414193116504722647921000023186293e+00	7.1962008667251440384081897027263802e-06	2.3231730025356148199752954554505906e-03
1.7287064805886456392843206900904441e-03	-1.2321444271937830342096816463888126e+00	7.1413782306713444431534716679780757e-06	2.3143068721258709374897330863322199e-03
1.7418273087020589388881066573866957e-03	-1.2229047399786523661968571262058511e+00	7.0875830814070578753639173562973561e-06	2.3055737673325584954020973636364517e-03
1.7548986082766453427766815904367229e-03	-1.2136997229120261518654588169743298e+00	7.0347908794344057557504894238959551e-06	2.2969711993009384822484803493923545e-03
1.7679196409253659787663479142884261e-03	-1.2045288587221913818765438382657783e+00	6.9829778577590209481184933037360972e-06	2.2884967457079357629963488042444825e-03
1.7808896765488099060484427779696453e-03	-1.1953916396970507144391090481133232e+00	6.9321209926405811592232051402756764e-06	2.2801480485812986536645964689059395e-03
1.7938079932333626844245759131171786e-03	-1.1862875674309462423962083017701061e+00	6.8821979756458330878613422771211725e-06	2.2719228122049416424434585540143450e-03
1.8066738771515496225745394994950280e-03	-1.1772161525796957244036108860706304e+00	6.8331871869377694678919021215976208e-06	2.2638188011065190711132118122353301e-03
1.8194866224644957578577954003023861e-03	-1.1681769146235199356962407548088166e+00	6.7850676697384215525879269597032665e-06	2.2558338381234840049946753018283819e-03
1.8322455312264465673182640794351344e-03	-1.1591693816375543832565959895154719e+00	6.7378191059062885532600883893125516e-06	2.2479658025440808656174030642429331e-03
1.8449499132912952793173548999620339e-03	-1.1501930900696524650362103664117789e+00	6.6914217925727598986500492217786247e-06	2.2402126283199034578661854500431071e-03
1.8575990862210644511323850485323237e-03	-1.1412475845252002769168506503478638e+00	6.6458566197850114737354726838081332e-06	2.2325723023468225174938451435721885e-03
1.8701923751962912033106014212366732e-03	-1.1323324175586757252172999481304937e+00	6.6011050491057876074620771935794663e-06	2.2250428628112495095603039288339163e-03
1.8827291129282671597709968530141429e-03	-1.1234471494716964250387497741466483e+00	6.5571490931232298132965118469107189e-06	2.2176223975988567505111826278361874e-03
1.8952086395730857366394403216409533e-03	-1.1145913481173120914621992608639338e+00	6.5139712958264934605650490785978022e-06	2.2103090427630185896897073439404181e-03
1.9076303026474509554737061262140052e-03	-1.1057645887103077951780214612893385e+00	6.4715547138053160751786282604526874e-06	2.2031009810503749133122537410341556e-03
1.9199934569462034306230657560062893e-03	-1.0969664536432945880569245362962701e+00	6.4298828982339764055538145172306400e-06	2.1959964404810471313503451420273730e-03
1.9322974644615205985727445164097560e-03	-1.0881965323083736370247741667409994e+00	6.3889398776022215427315889804791057e-06	2.1889936929811585469269918288542458e-03
1.9445416943037496217164122950765862e-03	-1.0794544209241691641215549360565375e+00	6.3487101411577493423180181847799242e-06	2.1820910530654260284305914319834360e-03
1.9567255226238327124261289083154268e-03	-1.0707397223680342028489024561780232e+00	6.3091786230267235949245717107020069e-06	2.1752868765676986166956110412825250e-03
1.9688483325372858877783447985920678e-03	-1.0620520460132414702981124362502558e+00	6.2703306869805776626904846106722183e-06	2.1685795594174214860155639544132899e-03
1.9809095140496933829660829916755513e-03	-1.0533910075709795440790734565749941e+00	6.2321521118190359166841527768313532e-06	2.1619675364601008957461535984670596e-03
1.9929084639836811242966656020536222e-03	-1.0447562289369820443366191364110786e+00	6.1946290773408580337632910409791203e-06	2.1554492803199377525484816321794582e-03
2.0048445859073337926583283328623735e-03	-1.0361473380426246744503830663878714e+00	6.1577481508752953271197824264018833e-06	2.1490233003028844637447246130268059e-03
2.0167172900640210972618481763766559e-03	-1.0275639687103317884673846336691784e+00	6.1214962743486466386032388882591749e-06	2.1426881413384621913086784212905846e-03
2.0285259933035999290610220940048290e-03	-1.0190057605131406468856895220245264e+00	6.0858607518616193535234041074059173e-06	2.1364423829587536862935638356301988e-03
2.0402701190149600751814177108294312e-03	-1.0104723586382777120102584558621485e+00	6.0508292377544438750670976490320935e-06	2.1302846383130608500470126677688691e-03
2.0519490970598821515144797286750149e-03	-1.0019634137546072356692355105904727e+00	6.0163897251378621333689233209959310e-06	2.1242135532167862700794446663880421e-03
2.0635623637081773518634899104026996e-03	-9.9347858188381802061721254323519755e-01	5.9825305348692167995677184002876210e-06	2.1182278052331644384380749585048435e-03
2.0751093615740795200881273317937514e-03	-9.8501752427521960660294848071043025e-01	5.9492403049539119257572069299232529e-06	2.1123261027865313882461594487960241e-03
2.0865895395538609279476705032981495e-03	-9.7657990728402425617348094453045385e-01	5.9165079803535015592859004964190502e-06	2.1065071843058812758705836779541049e-03
2.0980023527646439870880644025926024e-03	-9.6816540225299600639562930792053537e-01	5.8843228031825940499608331493031210e-06	2.1007698173975151758790191280024903e-03
2.1093472624843819400939116337454733e-03	-9.5977368539735272265827538545233645e-01	5.8526743032776396093759662395634403e-06	2.0951127980456412159969606218715063e-03
2.1206237360929823639147428697984726e-03	-9.5140443769281155076507672940638768e-01	5.8215522891215003003586503638040364e-06	2.0895349498398363214622897399244151e-03
2.1318312470145480804034507659236775e-03	-9.4305734476667242420102732586462851e-01	5.7909468391084879342467388748323838e-06	2.0840351232283284143355233264673314e-03
2.1429692746607108042500402037965812e-03	-9.3473209679183835473265215339923873e-01	5.7608482931352990470795508064265654e-06	2.0786121947961040660050537750331418e-03
2.1540373043750335692837045828845333e-03	-9.2642838838367512580313412801801964e-01	5.7312472445039797488286387627740954e-06	2.0732650665668904642053840734922292e-03
2.1650348273784586609323356535412030e-03	-9.1814591849961672841377905282528521e-01	5.7021345321237191642762699116527653e-06	2.0679926653281022551217534146240316e-03
2.1759613407157784465086947240991188e-03	-9.0988439034142643675761734488348834e-01	5.6735012329989006290756796694360918e-06	2.0627939419778834747999916063896320e-03
2.1868163472031071368327220527279637e-03	-9.0164351126002682374680696086464296e-01	5.6453386549914368467692276217242664e-06	2.0576678708934125032577821821541429e-03
2.1975993553763321333563436611233732e-03	-8.9342299266281527227887461182131437e-01	5.6176383298459807966720078195439351e-06	2.0526134493196738639325720848987850e-03
2.2083098794405242152495145301388004e-03	-8.8522254992338465373817491581250254e-01	5.5903920064671401299289180249030415e-06	2.0476296967779348487472041735581553e-03
2.2189474392202864016171902619503278e-03	-8.7704190229357182756708247989731816e-01	5.5635916444383308083405755301861031e-06	2.0427156544931974676847844869510810e-03
2.2295115601110218858954866885861320e-03	-8.6888077281775947114594061948055759e-01	5.5372294077723874273963794226179461e-06	2.0378703848399271884798548626547780e-03
2.2400017730311019832381319987184583e-03	-8.6073888824935948373298049130420184e-01	5.5112976588845045213123214141724789e-06	2.0330929708053894289213103973515618e-03
2.2504176143749155580372934024828081e-03	-8.5261597896940882755797109877833567e-01	5.4857889527785165807151627986544379e-06	2.0283825154699528686393635848280345e-03
2.2607586259667819082825008517863712e-03	-8.4451177890721117875870750839775785e-01	5.4606960314379358431487971075544707e-06	2.0237381415037454319768440403895304e-03
2.2710243550157095768763064456671456e-03	-8.3642602546296016583705005133681252e-01	5.4360118184135573820272880812823208e-06	2.0191589906790743273124835384416496e-03
2.2812143540709840378975357766990804e-03	-8.2835845943228227856373440267445629e-01	5.4117294135998117846333353456476389e-06	2.0146442233980458757843001042087049e-03
2.2913281809785676687092072504961055e-03	-8.2030882493263974039957512885501734e-01	5.3878420881923978672447548460029947e-06	2.0101930182348440848563884147070639e-03
2.3013653988382958673009880773177385e-03	-8.1227686933153575690855747006598745e-01	5.3643432798200624524548218371096693e-06	2.0058045714921490772380959216858089e-03
2.3113255759618536088649951644690063e-03	-8.0426234317646658547516254670549058e-01	5.3412265878437121955374582358799362e-06	2.0014780967711976277217818407618725e-03
2.3212082858315171568364871598444886e-03	-7.9626500012656682185208193875978149e-01	5.3184857688163447009152523529852037e-06	1.9972128245550082409377389290356609e-03
2.3310131070596460519742787550379442e-03	-7.8828459688589617040347995986671896e-01	5.2961147320975735700805089264743814e-06	1.9930080018043124703628418550013321e-03
2.3407396233489108989763519235582258e-03	-7.8032089313831776093269969289115746e-01	5.2741075356167953718709929706613868e-06	1.9888628915657525790125315950210013e-03
2.3503874234532428540719339476576123e-03	-7.7237365148391979907303544782288993e-01	5.2524583817793065807256599196127079e-06	1.9847767725919232184233357465677200e-03
2.3599561011394910894319037503660418e-03	-7.6444263737693399258864736371329418e-01	5.2311616135099260000997358989374445e-06	1.9807489389728515957553356908796304e-03
2.3694452551497748715071000173882458e-03	-7.5652761906510578563328701188190065e-01	5.2102117104289137468078236632744374e-06	1.9767786997785266478423585758553508e-03
2.3788544891645172409347250663811889e-03	-7.4862836753047295994997238896820435e-01	5.1896032851552021490503431000615220e-06	1.9728653787121030824270244902572587e-03
2.3881834117661476218265661599168317e-03	-7.4074465643151062892529211730741217e-01	5.1693310797321675012161384880360790e-06	1.9690083137734208152996631321798869e-03
2.3974316364034610184341093631572108e-03	-7.3287626204660205996294536478166276e-01	5.1493899621713750830579515137175259e-06	1.9652068569324943604183797160861489e-03
2.4065987813566217777253121522441627e-03	-7.2502296321879611531007835523730903e-01	5.1297749231099237183033773816361155e-06	1.9614603738126401493766353636229741e-03
2.4156844697028002076425762687583950e-03	-7.1718454130181340363372363749690927e-01	5.1104810725772009169450691888277393e-06	1.9577682433829225962111172675489512e-03
2.4246883292824306430649121491564368e-03	-7.0936078010726448656546748771703557e-01	5.0915036368670357869070919186225157e-06	1.9541298576596120113601079469319105e-03
2.4336099926660798450804245932658420e-03	-7.0155146585304468826419693450863382e-01	5.0728379555114048585940859385379970e-06	1.9505446214163592309811220526487622e-03
2.4424490971219149043870653330522036e-03	-6.9375638711287121384047866271610796e-01	5.0544794783520061592198561559596024e-06	1.9470119519028030898264462189268259e-03
2.4512052845837600967675811694798851e-03	-6.8597533476692939619546043065813007e-01	5.0364237627061696986504567496848634e-06	1.9435312785713376511651773992518962e-03
2.4598782016197324079052256684409860e-03	-6.7820810195359596231347597127000601e-01	5.0186664706237183587046685067032555e-06	1.9401020428117764383114976862066645e-03
2.4684674994014457065860632019353531e-03	-6.7045448402220824108451285878040833e-01	5.0012033662315323667221448830344431e-06	1.9367236976936608104938448136069744e-03
2.4769728336737737998274706497875640e-03	-6.6271427848684922701102982177410340e-01	4.9840303131627034156278202612207842e-06	1.9333957077159691113074353701135971e-03
2.4853938647251628509269895165403575e-03	-6.5498728498111936928512009081767662e-01	4.9671432720672913823359461529585412e-06	1.9301175485639923100299362419643520e-03
2.4937302573584838820780271316115666e-03	-6.4727330521386687524373292884974745e-01	4.9505382982018177926273480576835499e-06	1.9268887068731505728685766803753830e-03
2.5019816808624163172772421291612629e-03	-6.3957214292584920258758741728661477e-01	4.9342115390947459659224608049554691e-06	1.9237086799995335600471689451404203e-03
2.5101478089833537489725071639787736e-03	-6.3188360384729926738210191481835586e-01	4.9181592322853084147748730557917525e-06	1.9205769757969552619635137629030472e-03
2.5182283198978233334817464489671837e-03	-6.2420749565637071608062532577391101e-01	4.9023777031331478242184701040827151e-06	1.9174931124003218790590152422076690e-03
2.5262228961854104358555579353520230e-03	-6.1654362793843740089514287019813198e-01	4.8868633626963390346190441488055087e-06	1.9144566180151186303727789907062818e-03
2.5341312248021803547567700806809482e-03	-6.0889181214622296000325975850887507e-01	4.8716127056754561250018351754987184e-06	1.9114670307128284590962898091191690e-03
2.5419529970545891622772405946772859e-03	-6.0125186156073713848349255985450055e-01	4.8566223084214411565649254622158267e-06	1.9085238982321024032005315689929074e-03
2.5496879085738758925887334138624609e-03	-5.9362359125299619362230973645893950e-01	4.8418888270051195915677672575122231e-06	1.9056267777855079281154555586735209e-03
2.5573356592909285071065113138297238e-03	-5.8600681804650541039484896180558113e-01	4.8274089953462920436795057456596966e-06	1.9027752358716877886194154429704003e-03
2.5648959534116162526009720960882961e-03	-5.7840136048048241049841256089037872e-01	4.8131796234004130248150916112016038e-06	1.8999688480927680100712698400127036e-03
2.5723684993925812125878267673979874e-03	-5.7080703877380057228033602345202201e-01	4.7991975954009449036350294784288400e-06	1.8972071989768593658596659094625746e-03
2.5797530099174820315187784857018972e-03	-5.6322367478963249017346308854871506e-01	4.7854598681555495464516073653107105e-06	1.8944898818055022888931237069155138e-03
2.5870492018736829659346754463530444e-03	-5.5565109200077399171632088039655733e-01	4.7719634693943512280444857424872411e-06	1.8918164984459105000505787247766649e-03
2.5942567963293815869786222594601084e-03	-5.4808911545562979873544841442740730e-01	4.7587054961685725256458185227854770e-06	1.8891866591878737752200061077862271e-03
2.6013755185111686246393790647047079e-03	-5.4053757174484246761152016444885462e-01	4.7456831132979101843870852814830109e-06	1.8865999825851852138878044230695805e-03
2.6084050977820136059424906339312611e-03	-5.3299628896854677251105415484139595e-01	4.7328935518650804999737208642081217e-06	1.8840560953014631247924916469284327e-03
2.6153452676196700971601989630357792e-03	-5.2546509670423220578019523499172611e-01	4.7203341077560237307181616913959105e-06	1.8815546319602422161073652356596337e-03
2.6221957655954945140990150294880493e-03	-5.1794382597519676207295102974171484e-01	4.7080021402443145464160278932940151e-06	1.8790952349992131767690469014736188e-03
2.6289563333536726147692335908141322e-03	-5.1043230921957564789949488819307001e-01	4.6958950706183806599899861567221627e-06	1.8766775545284939693594694300179861e-03
2.6356267165908479353628786205814596e-03	-5.0293038025992901677785072553966190e-01	4.6840103808501846777714679148346118e-06	1.8743012481928202304699435560429943e-03
2.6422066650361465735807747448416606e-03	-4.9543787427337327267384697764587169e-01	4.6723456123040749487935162599275665e-06	1.8719659810375460984920222199451328e-03
2.6486959324315928630670170325330239e-03	-4.8795462776224091151264963251959369e-01	4.6608983644845598905016791015751690e-06	1.8696714253783505677446291770898128e-03
2.6550942765129106191377305088052639e-03	-4.8048047852525428280821847376915663e-01	4.6496662938218070110216337774594872e-06	1.8674172606745481079188601657405723e-03
2.6614014589907047692347968384446286e-03	-4.7301526562919905142837009690320930e-01	4.6386471124937127251715918960326370e-06	1.8652031734059057948792481518096496e-03
2.6676172455320183116948946055600584e-03	-4.6555882938108352371349517804217543e-01	4.6278385872834321570885217931608701e-06	1.8630288569528725785151661498466884e-03
2.6737414057422596735971909281481600e-03	-4.5811101130077037309514834733847195e-01	4.6172385384712995168872630434979950e-06	1.8608940114801295709476051778808985e-03
2.6797737131474956627336261147175107e-03	-4.5067165409406765849453850350936648e-01	4.6068448387601094085673687707708106e-06	1.8587983438233733790837297245615926e-03
2.6857139451771053302252129591685843e-03	-4.4324060162626637457821325405513021e-01	4.5966554122327676441435947349290191e-06	1.8567415673792475341649700082970989e-03
2.6915618831467901790744813371540438e-03	-4.3581769889611210684764765685619492e-01	4.5866682333413568739570996274469727e-06	1.8547234019983399922475281186064740e-03
2.6973173122419362700836925452780335e-03	-4.2840279201019868696143179710887988e-01	4.5768813259266976612969755829154341e-06	1.8527435738811674979543088596173460e-03
2.7029800215013238901635918552498038e-03	-4.2099572815777205503624885156704169e-01	4.5672927622675195936850002272881360e-06	1.8508018154770703236155234758791930e-03
2.7085498038011805591885409808751295e-03	-4.1359635558593283633208294166084877e-01	4.5579006621583896933596145754289678e-06	1.8488978653859435211560922089252700e-03
2.7140264558395732602986661706094601e-03	-4.0620452357522643006835266766182681e-01	4.5487031920155768227499401201855371e-06	1.8470314682627333586985919257995420e-03
2.7194097781211358849835719863567042e-03	-3.9882008241560968849590304341457802e-01	4.5396985640100610315162568257027491e-06	1.8452023747246300615691697711009305e-03
2.7246995749421279884783045301675302e-03	-3.9144288338278353510534837022627058e-01	4.5308850352269259119927341795215672e-06	1.8434103412608903417982937601805003e-03
2.7298956543758210530314873549924315e-03	-3.8407277871488113231148224078532870e-01	4.5222609068504000691573367875718007e-06	1.8416551301452254847233451198571183e-03
2.7349978282582085565366568517478554e-03	-3.7670962158950146142929359278639268e-01	4.5138245233738408168639210124728364e-06	1.8399365093506929692053535907713944e-03
2.7400059121740362419175029427717060e-03	-3.6935326610107842154964672801414264e-01	4.5055742718339792291446046009758472e-06	1.8382542524670317324086917909536045e-03
2.7449197254431490785907179936017830e-03	-3.6200356723857578931969784655773440e-01	4.4975085810687707470287152306114671e-06	1.8366081386203832540695650042922662e-03
2.7497390911071515013593207824196377e-03	-3.5466038086349860891064676289446120e-01	4.4896259209982197086939224437462724e-06	1.8349979523953426315804955680555890e-03
2.7544638359163776042756803984863374e-03	-3.4732356368821180087818204786164422e-01	4.4819248019275694731932175672793024e-06	1.8334234837592857488080973499125609e-03
2.7590937903171680574162922819401407e-03	-3.3999297325455699044286523399350108e-01	4.4744037738722722830705464301500740e-06	1.8318845279889205109909154901062703e-03
2.7636287884394506031872452973028701e-03	-3.3266846791275876018222566390158936e-01	4.4670614259041746948130470373886290e-06	1.8303808855990119278753014870522102e-03
2.7680686680846210757862339958506687e-03	-3.2534990680061172946705200660512780e-01	4.4598963855183753326399094611160360e-06	1.8289123622732325798793741528728581e-03
2.7724132707137219728383245343093374e-03	-3.1803714982294005341526132034491568e-01	4.4529073180202319234527894973710872e-06	1.8274787687970916998689962340056975e-03
2.7766624414359156920513875037464124e-03	-3.1073005763132111789261925284566026e-01	4.4460929259320140803063712676994116e-06	1.8260799209928977483326969740908455e-03
2.7808160289972496280546361287830270e-03	-3.0342849160406538436648392210112325e-01	4.4394519484187171485870480250226114e-06	1.8247156396567109545127649352217551e-03
2.7848738857697104054401378783422003e-03	-2.9613231382644450941419857743223849e-01	4.4329831607325706420182533348444251e-06	1.8233857504972438424605730016636161e-03
2.7888358677405646034712529551743039e-03	-2.8884138707116002859118220143430800e-01	4.4266853736757924022307493902754094e-06	1.8220900840766692610279324958199393e-03
2.7927018345019834060011649995797960e-03	-2.8155557477904505335676704496726188e-01	4.4205574330811566423765254992760472e-06	1.8208284757532968923981988592936111e-03
2.7964716492409486869052471804367944e-03	-2.7427474103999158301249917825275093e-01	4.4145982193099605074583164271183801e-06	1.8196007656260806267428549020652905e-03
2.8001451787294381168180071862576534e-03	-2.6699875057409618129481778274920772e-01	4.4088066467669897259814974843393302e-06	1.8184067984809205627333455514172910e-03
2.8037222933148869512226974324340431e-03	-2.5972746871301690954167316415645419e-01	4.4031816634320993625077196331496229e-06	1.8172464237387247266493985334475212e-03
2.8072028669109242330121903074965491e-03	-2.5246076138153454537395115871751454e-01	4.3977222504080406310542546651254560e-06	1.8161194954051968983458787785382772e-03
2.8105867769883812145651823507986119e-03	-2.4519849507931124774431591189899160e-01	4.3924274214841792164986075413938463e-06	1.8150258720223181919519286540787630e-03
2.8138739045665698752029792719975266e-03	-2.3794053686283995614882723854082098e-01	4.3872962227157645958232229787414476e-06	1.8139654166214912644027662802060741e-03
2.8170641342048294796488331337572196e-03	-2.3068675432757793390501084181536075e-01	4.3823277320184234729712228388899058e-06	1.8129379966783172172153214643176736e-03
2.8201573539943391918429345511684086e-03	-2.2343701559025798280276578455317622e-01	4.3775210587775636593153694328472871e-06	1.8119434840689764177310381033897794e-03
2.8231534555501948262096984000689988e-03	-2.1619118927137096925482164793565732e-01	4.3728753434723875645751023232749357e-06	1.8109817550281855967302232176424940e-03
2.8260523340037478852670612974967459e-03	-2.0894914447781341042927083287332356e-01	4.3683897573142269280656961150131085e-06	1.8100526901087046811926530629393726e-03
2.8288538879952050983464567325848883e-03	-2.0171075078569397285067175940432124e-01	4.3640635018989225343886634299684757e-06	1.8091561741423678953142583701101774e-03
2.8315580196664867411924911450609542e-03	-1.9447587822329283571600288266139262e-01	4.3598958088729844374106437112843437e-06	1.8082920962026147109224418675107947e-03
2.8341646346543420803679052084950437e-03	-1.8724439725416796679015271762060514e-01	4.3558859396132796773763111962300447e-06	1.8074603495684972513552237959247855e-03
2.8366736420837203497362471375725097e-03	-1.8001617876040245032077344654515166e-01	4.3520331849200056334471233973096182e-06	1.8066608316901417518357412405143040e-03
2.8390849545613957288652029972774989e-03	-1.7279109402598709403778005287429853e-01	4.3483368647227180225098765749226762e-06	1.8058934441556426555008528819529251e-03
2.8413984881698448550204633934757956e-03	-1.6556901472033262606771954493154345e-01	4.3447963277991931489130309566176074e-06	1.8051580926593688786132320541448347e-03
2.8436141624613754615354737394228640e-03	-1.5834981288190587258257851459689543e-01	4.3414109515069143425456344085505215e-06	1.8044546869716627121499754919898368e-03
2.8457319004525047957779392825151003e-03	-1.5113336090198438329711950856328636e-01	4.3381801415269826076052176372528946e-06	1.8037831409099127409358450420213743e-03
2.8477516286185865297204928951889102e-03	-1.4391953150852404460530098946744634e-01	4.3351033316202613543145611922466126e-06	1.8031433723109830567647126623837674e-03
2.8496732768886849352909014101101714e-03	-1.3670819775013428927760640785673981e-01	4.3321799833955747131492532491365183e-06	1.8025353030049819194895980007608795e-03
2.8514967786406951552564915027214066e-03	-1.2949923298015557729625888335922749e-01	4.3294095860897883478569524643643080e-06	1.8019588587903538807945017057809638e-03
2.8532220706967084584175398884319731e-03	-1.2229251084083388464971490551498551e-01	4.3267916563596109013575965090668577e-06	1.8014139694102802301997882768489188e-03
2.8548490933186214253741562334355922e-03	-1.1508790524758699580330757955406786e-01	4.3243257380849632388487463979785570e-06	1.8009005685303734526834497348019474e-03
2.8563777902039880681192172821967171e-03	-1.0788529037335745116774110758665434e-01	4.3220114021837715061243556118988423e-06	1.8004185937176522029874110227404287e-03
2.8578081084821139432243036652707014e-03	-1.0068454063304705325620239401636227e-01	4.3198482464380487089758352570101340e-06	1.7999679864207841040646223840574305e-03
2.8591399987103913744540768184857305e-03	-9.3485530668027884405697287011637532e-02	4.3178358953311380520323930082774632e-06	1.7995486919515844670331025439544569e-03
2.8603734148708749562944798389231486e-03	-8.6288135330724834987122970457777056e-02	4.3159739998959996627062722121541540e-06	1.7991606594677598082432661347037976e-03
2.8615083143670965651385806674115438e-03	-7.9092229669264683986650109383276426e-02	4.3142622375744305779903879122212286e-06	1.7988038419568858064237670541421925e-03
2.8625446580211191597675094172280067e-03	-7.1897688912186813750180347782509696e-02	4.3127003120871159984404317153771791e-06	1.7984781962216101001219441284355181e-03
2.8634824100708287073191898509377409e-03	-6.4704388453210677581875267631640633e-02	4.3112879533144178242837225417301421e-06	1.7981836828660710735564022905831705e-03
2.8643215381674636251805708925053506e-03	-5.7512203836055172812923432383990862e-02	4.3100249171878143925654578300282660e-06	1.7979202662835245182964736336739571e-03
2.8650620133733811831957192017341858e-03	-5.0321010739305102940768671799259290e-02	4.3089109855919131407274781724767331e-06	1.7976879146451707896090883118160061e-03
2.8657038101600603642780996131628749e-03	-4.3130684961319940512003139491209546e-02	4.3079459662769656400138310847342675e-06	1.7974865998901758005894704651205277e-03
2.8662469064063407349760988058832378e-03	-3.5941102405180127611205541014624162e-02	4.3071296927818220804656694129983545e-06	1.7973162977168799150293537431806341e-03
2.8666912833968969307916025407262524e-03	-2.8752139063666173147524613751085415e-02	4.3064620243672698567301225627514002e-06	1.7971769875751895120771829064343976e-03
2.8670369258209484141173137134559226e-03	-2.1563671004265825622325185056142410e-02	4.3059428459597084090733197885845741e-06	1.7970686526601467028029504379269424e-03
2.8672838217712042155644450363188629e-03	-1.4375574354204616733522821168847264e-02	4.3055720681051199253652611135512055e-06	1.7969912799066733814826477291401865e-03
2.8674319627430424222232563297686114e-03	-7.1877252854950850413929640492777223e-03	4.3053496269333029158151299761018335e-06	1.7969448599854864934443321275284694e-03
2.8674813436339242290593442971275029e-03	0.0000000000000000000000000000000000e+00	4.3052754841323430412279258796734807e-06	1.7969293873001820973448456451981074e-03
2.8674319627430424222232563297686114e-03	7.1877252854950850413929640492777223e-03	4.3053496269333029158151299761018335e-06	1.7969448599854864934443321275284694e-03
2.8672838217712042155644450363188629e-03	1.4375574354204616733522821168847264e-02	4.3055720681051199253652611135512055e-06	1.7969912799066733814826477291401865e-03
2.8670369258209484141173137134559226e-03	2.1563671004265825622325185056142410e-02	4.3059428459597084090733197885845741e-06	1.7970686526601467028029504379269424e-03
2.8666912833968969307916025407262524e-03	2.8752139063666173147524613751085415e-02	4.3064620243672698567301225627514002e-06	1.7971769875751895120771829064343976e-03
2.8662469064063407349760988058832378e-03	3.5941102405180127611205541014624162e-02	4.3071296927818220804656694129983545e-06	1.7973162977168799150293537431806341e-03
2.8657038101600603642780996131628749e-03	4.3130684961319940512003139491209546e-02	4.3079459662769656400138310847342675e-06	1.7974865998901758005894704651205277e-03
2.8650620133733811831957192017341858e-03	5.0321010739305102940768671799259290e-02	4.3089109855919131407274781724767331e-06	1.7976879146451707896090883118160061e-03
2.8643215381674636251805708925053506e-03	5.7512203836055172812923432383990862e-02	4.3100249171878143925654578300282660e-06	1.7979202662835245182964736336739571e-03
2.8634824100708287073191898509377409e-03	6.4704388453210677581875267631640633e-02	4.3112879533144178242837225417301421e-06	1.7981836828660710735564022905831705e-03
2.8625446580211191597675094172280067e-03	7.1897688912186813750180347782509696e-02	4.3127003120871159984404317153771791e-06	1.7984781962216101001219441284355181e-03
2.8615083143670965651385806674115438e-03	7.9092229669264683986650109383276426e-02	4.3142622375744305779903879122212286e-06	1.7988038419568858064237670541421925e-03
2.8603734148708749562944798389231486e-03	8.6288135330724834987122970457777056e-02	4.3159739998959996627062722121541540e-06	1.7991606594677598082432661347037976e-03
2.8591399987103913744540768184857305e-03	9.3485530668027884405697287011637532e-02	4.3178358953311380520323930082774632e-06	1.7995486919515844670331025439544569e-03
2.8578081084821139432243036652707014e-03	1.0068454063304705325620239401636227e-01	4.3198482464380487089758352570101340e-06	1.7999679864207841040646223840574305e-03
2.8563777902039880681192172821967171e-03	1.0788529037335745116774110758665434e-01	4.3220114021837715061243556118988423e-06	1.8004185937176522029874110227404287e-03
2.8548490933186214253741562334355922e-03	1.1508790524758699580330757955406786e-01	4.3243257380849632388487463979785570e-06	1.8009005685303734526834497348019474e-03
2.8532220706967084584175398884319731e-03	1.2229251084083388464971490551498551e-01	4.3267916563596109013575965090668577e-06	1.8014139694102802301997882768489188e-03
2.8514967786406951552564915027214066e-03	1.2949923298015557729625888335922749e-01	4.3294095860897883478569524643643080e-06	1.8019588587903538807945017057809638e-03
2.8496732768886849352909014101101714e-03	1.3670819775013428927760640785673981e-01	4.3321799833955747131492532491365183e-06	1.8025353030049819194895980007608795e-03
2.8477516286185865297204928951889102e-03	1.4391953150852404460530098946744634e-01	4.3351033316202613543145611922466126e-06	1.8031433723109830567647126623837674e-03
2.8457319004525047957779392825151003e-03	1.5113336090198438329711950856328636e-01	4.3381801415269826076052176372528946e-06	1.8037831409099127409358450420213743e-03
2.8436141624613754615354737394228640e-03	1.5834981288190587258257851459689543e-01	4.3414109515069143425456344085505215e-06	1.8044546869716627121499754919898368e-03
2.8413984881698448550204633934757956e-03	1.6556901472033262606771954493154345e-01	4.3447963277991931489130309566176074e-06	1.8051580926593688786132320541448347e-03
2.8390849545613957288652029972774989e-03	1.7279109402598709403778005287429853e-01	4.3483368647227180225098765749226762e-06	1.8058934441556426555008528819529251e-03
2.8366736420837203497362471375725097e-03	1.8001617876040245032077344654515166e-01	4.3520331849200056334471233973096182e-06	1.8066608316901417518357412405143040e-03
2.8341646346543420803679052084950437e-03	1.8724439725416796679015271762060514e-01	4.3558859396132796773763111962300447e-06	1.8074603495684972513552237959247855e-03
2.8315580196664867411924911450609542e-03	1.9447587822329283571600288266139262e-01	4.3598958088729844374106437112843437e-06	1.8082920962026147109224418675107947e-03
2.8288538879952050983464567325848883e-03	2.0171075078569397285067175940432124e-01	4.3640635018989225343886634299684757e-06	1.8091561741423678953142583701101774e-03
2.8260523340037478852670612974967459e-03	2.0894914447781341042927083287332356e-01	4.3683897573142269280656961150131085e-06	1.8100526901087046811926530629393726e-03
2.8231534555501948262096984000689988e-03	2.1619118927137096925482164793565732e-01	4.3728753434723875645751023232749357e-06	1.8109817550281855967302232176424940e-03
2.8201573539943391918429345511684086e-03	2.2343701559025798280276578455317622e-01	4.3775210587775636593153694328472871e-06	1.8119434840689764177310381033897794e-03
2.8170641342048294796488331337572196e-03	2.3068675432757793390501084181536075e-01	4.3823277320184234729712228388899058e-06	1.8129379966783172172153214643176736e-03
2.8138739045665698752029792719975266e-03	2.3794053686283995614882723854082098e-01	4.3872962227157645958232229787414476e-06	1.8139654166214912644027662802060741e-03
2.8105867769883812145651823507986119e-03	2.4519849507931124774431591189899160e-01	4.3924274214841792164986075413938463e-06	1.8150258720223181919519286540787630e-03
2.8072028669109242330121903074965491e-03	2.5246076138153454537395115871751454e-01	4.3977222504080406310542546651254560e-06	1.8161194954051968983458787785382772e-03
2.8037222933148869512226974324340431e-03	2.5972746871301690954167316415645419e-01	4.4031816634320993625077196331496229e-06	1.8172464237387247266493985334475212e-03
2.8001451787294381168180071862576534e-03	2.6699875057409618129481778274920772e-01	4.4088066467669897259814974843393302e-06	1.8184067984809205627333455514172910e-03
2.7964716492409486869052471804367944e-03	2.7427474103999158301249917825275093e-01	4.4145982193099605074583164271183801e-06	1.8196007656260806267428549020652905e-03
2.7927018345019834060011649995797960e-03	2.8155557477904505335676704496726188e-01	4.4205574330811566423765254992760472e-06	1.8208284757532968923981988592936111e-03
2.7888358677405646034712529551743039e-03	2.8884138707116002859118220143430800e-01	4.4266853736757924022307493902754094e-06	1.8220900840766692610279324958199393e-03
2.7848738857697104054401378783422003e-03	2.9613231382644450941419857743223849e-01	4.4329831607325706420182533348444251e-06	1.8233857504972438424605730016636161e-03
2.7808160289972496280546361287830270e-03	3.0342849160406538436648392210112325e-01	4.4394519484187171485870480250226114e-06	1.8247156396567109545127649352217551e-03
2.7766624414359156920513875037464124e-03	3.1073005763132111789261925284566026e-01	4.4460929259320140803063712676994116e-06	1.8260799209928977483326969740908455e-03
2.7724132707137219728383245343093374e-03	3.1803714982294005341526132034491568e-01	4.4529073180202319234527894973710872e-06	1.8274787687970916998689962340056975e-03
2.7680686680846210757862339958506687e-03	3.2534990680061172946705200660512780e-01	4.4598963855183753326399094611160360e-06	1.8289123622732325798793741528728581e-03
2.7636287884394506031872452973028701e-03	3.3266846791275876018222566390158936e-01	4.4670614259041746948130470373886290e-06	1.8303808855990119278753014870522102e-03
2.7590937903171680574162922819401407e-03	3.3999297325455699044286523399350108e-01	4.4744037738722722830705464301500740e-06	1.8318845279889205109909154901062703e-03
2.7544638359163776042756803984863374e-03	3.4732356368821180087818204786164422e-01	4.4819248019275694731932175672793024e-06	1.8334234837592857488080973499125609e-03
2.7497390911071515013593207824196377e-03	3.5466038086349860891064676289446120e-01	4.4896259209982197086939224437462724e-06	1.8349979523953426315804955680555890e-03
2.7449197254431490785907179936017830e-03	3.6200356723857578931969784655773440e-01	4.4975085810687707470287152306114671e-06	1.8366081386203832540695650042922662e-03
2.7400059121740362419175029427717060e-03	3.6935326610107842154964672801414264e-01	4.5055742718339792291446046009758472e-06	1.8382542524670317324086917909536045e-03
2.7349978282582085565366568517478554e-03	3.7670962158950146142929359278639268e-01	4.5138245233738408168639210124728364e-06	1.8399365093506929692053535907713944e-03
2.7298956543758210530314873549924315e-03	3.8407277871488113231148224078532870e-01	4.5222609068504000691573367875718007e-06	1.8416551301452254847233451198571183e-03
2.7246995749421279884783045301675302e-03	3.9144288338278353510534837022627058e-01	4.5308850352269259119927341795215672e-06	1.8434103412608903417982937601805003e-03
2.7194097781211358849835719863567042e-03	3.9882008241560968849590304341457802e-01	4.5396985640100610315162568257027491e-06	1.8452023747246300615691697711009305e-03
2.7140264558395732602986661706094601e-03	4.0620452357522643006835266766182681e-01	4.5487031920155768227499401201855371e-06	1.8470314682627333586985919257995420e-03
2.7085498038011805591885409808751295e-03	4.1359635558593283633208294166084877e-01	4.5579006621583896933596145754289678e-06	1.8488978653859435211560922089252700e-03
2.7029800215013238901635918552498038e-03	4.2099572815777205503624885156704169e-01	4.5672927622675195936850002272881360e-06	1.8508018154770703236155234758791930e-03
2.6973173122419362700836925452780335e-03	4.2840279201019868696143179710887988e-01	4.5768813259266976612969755829154341e-06	1.8527435738811674979543088596173460e-03
2.6915618831467901790744813371540438e-03	4.3581769889611210684764765685619492e-01	4.5866682333413568739570996274469727e-06	1.8547234019983399922475281186064740e-03
2.6857139451771053302252129591685843e-03	4.4324060162626637457821325405513021e-01	4.5966554122327676441435947349290191e-06	1.8567415673792475341649700082970989e-03
2.6797737131474956627336261147175107e-03	4.5067165409406765849453850350936648e-01	4.6068448387601094085673687707708106e-06	1.8587983438233733790837297245615926e-03
2.6737414057422596735971909281481600e-03	4.5811101130077037309514834733847195e-01	4.6172385384712995168872630434979950e-06	1.8608940114801295709476051778808985e-03
2.6676172455320183116948946055600584e-03	4.6555882938108352371349517804217543e-01	4.6278385872834321570885217931608701e-06	1.8630288569528725785151661498466884e-03
2.6614014589907047692347968384446286e-03	4.7301526562919905142837009690320930e-01	4.6386471124937127251715918960326370e-06	1.8652031734059057948792481518096496e-03
2.6550942765129106191377305088052639e-03	4.8048047852525428280821847376915663e-01	4.6496662938218070110216337774594872e-06	1.8674172606745481079188601657405723e-03
2.6486959324315928630670170325330239e-03	4.8795462776224091151264963251959369e-01	4.6608983644845598905016791015751690e-06	1.8696714253783505677446291770898128e-03
2.6422066650361465735807747448416606e-03	4.9543787427337327267384697764587169e-01	4.6723456123040749487935162599275665e-06	1.8719659810375460984920222199451328e-03
2.6356267165908479353628786205814596e-03	5.0293038025992901677785072553966190e-01	4.6840103808501846777714679148346118e-06	1.8743012481928202304699435560429943e-03
2.6289563333536726147692335908141322e-03	5.1043230921957564789949488819307001e-01	4.6958950706183806599899861567221627e-06	1.8766775545284939693594694300179861e-03
2.6221957655954945140990150294880493e-03	5.1794382597519676207295102974171484e-01	4.7080021402443145464160278932940151e-06	1.8790952349992131767690469014736188e-03
2.6153452676196700971601989630357792e-03	5.2546509670423220578019523499172611e-01	4.7203341077560237307181616913959105e-06	1.8815546319602422161073652356596337e-03
2.6084050977820136059424906339312611e-03	5.3299628896854677251105415484139595e-01	4.7328935518650804999737208642081217e-06	1.8840560953014631247924916469284327e-03
2.6013755185111686246393790647047079e-03	5.4053757174484246761152016444885462e-01	4.7456831132979101843870852814830109e-06	1.8865999825851852138878044230695805e-03
2.5942567963293815869786222594601084e-03	5.4808911545562979873544841442740730e-01	4.7587054961685725256458185227854770e-06	1.8891866591878737752200061077862271e-03
2.5870492018736829659346754463530444e-03	5.5565109200077399171632088039655733e-01	4.7719634693943512280444857424872411e-06	1.8918164984459105000505787247766649e-03
2.5797530099174820315187784857018972e-03	5.6322367478963249017346308854871506e-01	4.7854598681555495464516073653107105e-06	1.8944898818055022888931237069155138e-03
2.5723684993925812125878267673979874e-03	5.7080703877380057228033602345202201e-01	4.7991975954009449036350294784288400e-06	1.8972071989768593658596659094625746e-03
2.5648959534116162526009720960882961e-03	5.7840136048048241049841256089037872e-01	4.8131796234004130248150916112016038e-06	1.8999688480927680100712698400127036e-03
2.5573356592909285071065113138297238e-03	5.8600681804650541039484896180558113e-01	4.8274089953462920436795057456596966e-06	1.9027752358716877886194154429704003e-03
2.5496879085738758925887334138624609e-03	5.9362359125299619362230973645893950e-01	4.8418888270051195915677672575122231e-06	1.9056267777855079281154555586735209e-03
2.5419529970545891622772405946772859e-03	6.0125186156073713848349255985450055e-01	4.8566223084214411565649254622158267e-06	1.9085238982321024032005315689929074e-03
2.5341312248021803547567700806809482e-03	6.0889181214622296000325975850887507e-01	4.8716127056754561250018351754987184e-06	1.9114670307128284590962898091191690e-03
2.5262228961854104358555579353520230e-03	6.1654362793843740089514287019813198e-01	4.8868633626963390346190441488055087e-06	1.9144566180151186303727789907062818e-03
2.5182283198978233334817464489671837e-03	6.2420749565637071608062532577391101e-01	4.9023777031331478242184701040827151e-06	1.9174931124003218790590152422076690e-03
2.5101478089833537489725071639787736e-03	6.3188360384729926738210191481835586e-01	4.9181592322853084147748730557917525e-06	1.9205769757969552619635137629030472e-03
2.5019816808624163172772421291612629e-03	6.3957214292584920258758741728661477e-01	4.9342115390947459659224608049554691e-06	1.9237086799995335600471689451404203e-03
2.4937302573584838820780271316115666e-03	6.4727330521386687524373292884974745e-01	4.9505382982018177926273480576835499e-06	1.9268887068731505728685766803753830e-03
2.4853938647251628509269895165403575e-03	6.5498728498111936928512009081767662e-01	4.9671432720672913823359461529585412e-06	1.9301175485639923100299362419643520e-03
2.4769728336737737998274706497875640e-03	6.6271427848684922701102982177410340e-01	4.9840303131627034156278202612207842e-06	1.9333957077159691113074353701135971e-03
2.4684674994014457065860632019353531e-03	6.7045448402220824108451285878040833e-01	5.0012033662315323667221448830344431e-06	1.9367236976936608104938448136069744e-03
2.4598782016197324079052256684409860e-03	6.7820810195359596231347597127000601e-01	5.0186664706237183587046685067032555e-06	1.9401020428117764383114976862066645e-03
2.4512052845837600967675811694798851e-03	6.8597533476692939619546043065813007e-01	5.0364237627061696986504567496848634e-06	1.9435312785713376511651773992518962e-03
2.4424490971219149043870653330522036e-03	6.9375638711287121384047866271610796e-01	5.0544794783520061592198561559596024e-06	1.9470119519028030898264462189268259e-03
2.4336099926660798450804245932658420e-03	7.0155146585304468826419693450863382e-01	5.0728379555114048585940859385379970e-06	1.9505446214163592309811220526487622e-03
2.4246883292824306430649121491564368e-03	7.0936078010726448656546748771703557e-01	5.0915036368670357869070919186225157e-06	1.9541298576596120113601079469319105e-03
2.4156844697028002076425762687583950e-03	7.1718454130181340363372363749690927e-01	5.1104810725772009169450691888277393e-06	1.9577682433829225962111172675489512e-03
2.4065987813566217777253121522441627e-03	7.2502296321879611531007835523730903e-01	5.1297749231099237183033773816361155e-06	1.9614603738126401493766353636229741e-03
2.3974316364034610184341093631572108e-03	7.3287626204660205996294536478166276e-01	5.1493899621713750830579515137175259e-06	1.9652068569324943604183797160861489e-03
2.3881834117661476218265661599168317e-03	7.4074465643151062892529211730741217e-01	5.1693310797321675012161384880360790e-06	1.9690083137734208152996631321798869e-03
2.3788544891645172409347250663811889e-03	7.4862836753047295994997238896820435e-01	5.1896032851552021490503431000615220e-06	1.9728653787121030824270244902572587e-03
2.3694452551497748715071000173882458e-03	7.5652761906510578563328701188190065e-01	5.2102117104289137468078236632744374e-06	1.9767786997785266478423585758553508e-03
2.3599561011394910894319037503660418e-03	7.6444263737693399258864736371329418e-01	5.2311616135099260000997358989374445e-06	1.9807489389728515957553356908796304e-03
2.3503874234532428540719339476576123e-03	7.7237365148391979907303544782288993e-01	5.2524583817793065807256599196127079e-06	1.9847767725919232184233357465677200e-03
2.3407396233489108989763519235582258e-03	7.8032089313831776093269969289115746e-01	5.2741075356167953718709929706613868e-06	1.9888628915657525790125315950210013e-03
2.3310131070596460519742787550379442e-03	7.8828459688589617040347995986671896e-01	5.2961147320975735700805089264743814e-06	1.9930080018043124703628418550013321e-03
2.3212082858315171568364871598444886e-03	7.9626500012656682185208193875978149e-01	5.3184857688163447009152523529852037e-06	1.9972128245550082409377389290356609e-03
2.3113255759618536088649951644690063e-03	8.0426234317646658547516254670549058e-01	5.3412265878437121955374582358799362e-06	2.0014780967711976277217818407618725e-03
2.3013653988382958673009880773177385e-03	8.1227686933153575690855747006598745e-01	5.3643432798200624524548218371096693e-06	2.0058045714921490772380959216858089e-03
2.2913281809785676687092072504961055e-03	8.2030882493263974039957512885501734e-01	5.3878420881923978672447548460029947e-06	2.0101930182348440848563884147070639e-03
2.2812143540709840378975357766990804e-03	8.2835845943228227856373440267445629e-01	5.4117294135998117846333353456476389e-06	2.0146442233980458757843001042087049e-03
2.2710243550157095768763064456671456e-03	8.3642602546296016583705005133681252e-01	5.4360118184135573820272880812823208e-06	2.0191589906790743273124835384416496e-03
2.2607586259667819082825008517863712e-03	8.4451177890721117875870750839775785e-01	5.4606960314379358431487971075544707e-06	2.0237381415037454319768440403895304e-03
2.2504176143749155580372934024828081e-03	8.5261597896940882755797109877833567e-01	5.4857889527785165807151627986544379e-06	2.0283825154699528686393635848280345e-03
2.2400017730311019832381319987184583e-03	8.6073888824935948373298049130420184e-01	5.5112976588845045213123214141724789e-06	2.0330929708053894289213103973515618e-03
2.2295115601110218858954866885861320e-03	8.6888077281775947114594061948055759e-01	5.5372294077723874273963794226179462e-06	2.0378703848399271884798548626547780e-03
2.2189474392202864016171902619503278e-03	8.7704190229357182756708247989731816e-01	5.5635916444383308083405755301861031e-06	2.0427156544931974676847844869510810e-03
2.2083098794405242152495145301388004e-03	8.8522254992338465373817491581250254e-01	5.5903920064671401299289180249030415e-06	2.0476296967779348487472041735581553e-03
2.1975993553763321333563436611233732e-03	8.9342299266281527227887461182131437e-01	5.6176383298459807966720078195439351e-06	2.0526134493196738639325720848987850e-03
2.1868163472031071368327220527279637e-03	9.0164351126002682374680696086464296e-01	5.6453386549914368467692276217242664e-06	2.0576678708934125032577821821541429e-03
2.1759613407157784465086947240991188e-03	9.0988439034142643675761734488348834e-01	5.6735012329989006290756796694360918e-06	2.0627939419778834747999916063896320e-03
2.1650348273784586609323356535412030e-03	9.1814591849961672841377905282528521e-01	5.7021345321237191642762699116527653e-06	2.0679926653281022551217534146240316e-03
2.1540373043750335692837045828845333e-03	9.2642838838367512580313412801801964e-01	5.7312472445039797488286387627740954e-06	2.0732650665668904642053840734922292e-03
2.1429692746607108042500402037965812e-03	9.3473209679183835473265215339923873e-01	5.7608482931352990470795508064265654e-06	2.0786121947961040660050537750331418e-03
2.1318312470145480804034507659236775e-03	9.4305734476667242420102732586462851e-01	5.7909468391084879342467388748323838e-06	2.0840351232283284143355233264673314e-03
2.1206237360929823639147428697984726e-03	9.5140443769281155076507672940638768e-01	5.8215522891215003003586503638040364e-06	2.0895349498398363214622897399244151e-03
2.1093472624843819400939116337454733e-03	9.5977368539735272265827538545233645e-01	5.8526743032776396093759662395634403e-06	2.0951127980456412159969606218715063e-03
2.0980023527646439870880644025926024e-03	9.6816540225299600639562930792053537e-01	5.8843228031825940499608331493031210e-06	2.1007698173975151758790191280024903e-03
2.0865895395538609279476705032981495e-03	9.7657990728402425617348094453045385e-01	5.9165079803535015592859004964190502e-06	2.1065071843058812758705836779541049e-03
2.0751093615740795200881273317937514e-03	9.8501752427521960660294848071043025e-01	5.9492403049539119257572069299232529e-06	2.1123261027865313882461594487960241e-03
2.0635623637081773518634899104026996e-03	9.9347858188381802061721254323519755e-01	5.9825305348692167995677184002876210e-06	2.1182278052331644384380749585048435e-03
2.0519490970598821515144797286750149e-03	1.0019634137546072356692355105904727e+00	6.0163897251378621333689233209959310e-06	2.1242135532167862700794446663880421e-03
2.0402701190149600751814177108294312e-03	1.0104723586382777120102584558621485e+00	6.0508292377544438750670976490320935e-06	2.1302846383130608500470126677688691e-03
2.0285259933035999290610220940048290e-03	1.0190057605131406468856895220245264e+00	6.0858607518616193535234041074059173e-06	2.1364423829587536862935638356301988e-03
2.0167172900640210972618481763766559e-03	1.0275639687103317884673846336691784e+00	6.1214962743486466386032388882591749e-06	2.1426881413384621913086784212905846e-03
2.0048445859073337926583283328623735e-03	1.0361473380426246744503830663878714e+00	6.1577481508752953271197824264018833e-06	2.1490233003028844637447246130268059e-03
1.9929084639836811242966656020536222e-03	1.0447562289369820443366191364110786e+00	6.1946290773408580337632910409791203e-06	2.1554492803199377525484816321794582e-03
1.9809095140496933829660829916755513e-03	1.0533910075709795440790734565749941e+00	6.2321521118190359166841527768313532e-06	2.1619675364601008957461535984670596e-03
1.9688483325372858877783447985920678e-03	1.0620520460132414702981124362502558e+00	6.2703306869805776626904846106722183e-06	2.1685795594174214860155639544132899e-03
1.9567255226238327124261289083154268e-03	1.0707397223680342028489024561780232e+00	6.3091786230267235949245717107020069e-06	2.1752868765676986166956110412825250e-03
1.9445416943037496217164122950765862e-03	1.0794544209241691641215549360565375e+00	6.3487101411577493423180181847799242e-06	2.1820910530654260284305914319834360e-03
1.9322974644615205985727445164097560e-03	1.0881965323083736370247741667409994e+00	6.3889398776022215427315889804791057e-06	2.1889936929811585469269918288542458e-03
1.9199934569462034306230657560062893e-03	1.0969664536432945880569245362962701e+00	6.4298828982339764055538145172306400e-06	2.1959964404810471313503451420273730e-03
1.9076303026474509554737061262140052e-03	1.1057645887103077951780214612893385e+00	6.4715547138053160751786282604526874e-06	2.2031009810503749133122537410341556e-03
1.8952086395730857366394403216409533e-03	1.1145913481173120914621992608639338e+00	6.5139712958264934605650490785978022e-06	2.2103090427630185896897073439404181e-03
1.8827291129282671597709968530141429e-03	1.1234471494716964250387497741466483e+00	6.5571490931232298132965118469107189e-06	2.2176223975988567505111826278361874e-03
1.8701923751962912033106014212366732e-03	1.1323324175586757252172999481304937e+00	6.6011050491057876074620771935794663e-06	2.2250428628112495095603039288339163e-03
1.8575990862210644511323850485323237e-03	1.1412475845252002769168506503478638e+00	6.6458566197850114737354726838081332e-06	2.2325723023468225174938451435721885e-03
1.8449499132912952793173548999620339e-03	1.1501930900696524650362103664117789e+00	6.6914217925727598986500492217786247e-06	2.2402126283199034578661854500431071e-03
1.8322455312264465673182640794351344e-03	1.1591693816375543832565959895154719e+00	6.7378191059062885532600883893125516e-06	2.2479658025440808656174030642429331e-03
1.8194866224644957578577954003023861e-03	1.1681769146235199356962407548088166e+00	6.7850676697384215525879269597032665e-06	2.2558338381234840049946753018283819e-03
1.8066738771515496225745394994950280e-03	1.1772161525796957244036108860706304e+00	6.8331871869377694678919021215976208e-06	2.2638188011065190711132118122353301e-03
1.7938079932333626844245759131171786e-03	1.1862875674309462423962083017701061e+00	6.8821979756458330878613422771211725e-06	2.2719228122049416424434585540143450e-03
1.7808896765488099060484427779696453e-03	1.1953916396970507144391090481133232e+00	6.9321209926405811592232051402756764e-06	2.2801480485812986536645964689059395e-03
1.7679196409253659787663479142884261e-03	1.2045288587221913818765438382657783e+00	6.9829778577590209481184933037360972e-06	2.2884967457079357629963488042444825e-03
1.7548986082766453427766815904367229e-03	1.2136997229120261518654588169743298e+00	7.0347908794344057557504894238959551e-06	2.2969711993009384822484803493923545e-03
1.7418273087020589388881066573866957e-03	1.2229047399786523661968571262058511e+00	7.0875830814070578753639173562973561e-06	2.3055737673325584954020973636364517e-03
1.7287064805886456392843206900904441e-03	1.2321444271937830342096816463888126e+00	7.1413782306713444431534716679780757e-06	2.3143068721258709374897330863322199e-03
1.7155368707151383331719999311171246e-03	1.2414193116504722647921000023186293e+00	7.1962008667251440384081897027263802e-06	2.3231730025356148199752954554505906e-03
1.7023192343583267566763197926231576e-03	1.2507299305337428740532679413663605e+00	7.2520763321922019421500099906316591e-06	2.3321747162193881116432073442282335e-03
1.6890543354017813592289185263399329e-03	1.2600768314004862913489301345114166e+00	7.3090308048921113970905818693330228e-06	2.3413146420036021199109152653328308e-03
1.6757429464470047953828995526898818e-03	1.2694605724690229941276200187206866e+00	7.3670913314372984052886563158120410e-06	2.3505954823488477415357451113977658e-03
1.6623858489270800261850078996057175e-03	1.2788817229187308327520236318885742e+00	7.4262858624413517371558929992551602e-06	2.3600200159195899152977837651019671e-03
1.6489838332228865129033381344232485e-03	1.2883408632001688256320731398161187e+00	7.4866432894283530598781595567347899e-06	2.3695911002633873467287490831154072e-03
1.6355376987819585933046455528169643e-03	1.2978385853561453829866443302533645e+00	7.5481934835385517311572359419471167e-06	2.3793116746051335107617254869413964e-03
1.6220482542400628523601972297619382e-03	1.3073754933542025297236806578464185e+00	7.6109673361318245061050810057703695e-06	2.3891847627621333947278110919214613e-03
1.6085163175455741411219174011708295e-03	1.3169522034310116251875885880897478e+00	7.6749968013968944083264104664187570e-06	2.3992134761861698504702663822835815e-03
1.5949427160867328657890987501195463e-03	1.3265693444492014067053942251601551e+00	7.7403149410812903793004188726710333e-06	2.4094010171390753256058299483486562e-03
1.5813282868218692702902817478082063e-03	1.3362275582671660082357166708731087e+00	7.8069559714645481933233977105523537e-06	2.4197506820087108117044368944318518e-03
1.5676738764126836770427143319057687e-03	1.3459275001224290252102505126582050e+00	7.8749553127052250486529692322911820e-06	2.4302658647726658907828126067648923e-03
1.5539803413606750393554016022763861e-03	1.3556698390291698196120034801059528e+00	7.9443496407009704788471737277729352e-06	2.4409500606174337407520805020046440e-03
1.5402485481468137030972447191868156e-03	1.3654552581905502013748319791708151e+00	8.0151769416102141154620248938360288e-06	2.4518068697212849991449689830082680e-03
1.5264793733745579831304475843254634e-03	1.3752844554265135080786181550144547e+00	8.0874765691940502055556286434856142e-06	2.4628400012095667855954430488066941e-03
1.5126737039163180405015567518670651e-03	1.3851581436177640690138371485029157e+00	8.1612893051476784102730859276653862e-06	2.4740532772916904460144081666516599e-03
1.4988324370634746089339982639751897e-03	1.3950770511666732267739774192698622e+00	8.2366574226023644787531370201026738e-06	2.4854506375896464182306957746556626e-03
1.4849564806800643738174094550368231e-03	1.4050419224758986556918580784631529e+00	8.3136247529913830775406292984456868e-06	2.4970361436684999774505446521988848e-03
1.4710467533602482643183321979467990e-03	1.4150535184455468300468779696935998e+00	8.3922367564868751201505677657174293e-06	2.5088139837799807042935178905098578e-03
1.4571041845896835908049521473207458e-03	1.4251126169897543377829646692649923e+00	8.4725405962290774097221264858979933e-06	2.5207884778309848137112482168754115e-03
1.4431297149109258575792060977343143e-03	1.4352200135736125037858425836564952e+00	8.5545852165850553226770553241373875e-06	2.5329640825895667835511162266551458e-03
1.4291242960929912178226193446220181e-03	1.4453765217714116927062071109888948e+00	8.6384214256909905209852104956516757e-06	2.5453453971418091591448536107885096e-03
1.4150888913052159274117151820219575e-03	1.4555829738472369342731395854630676e+00	8.7241019825503559711022083432100936e-06	2.5579371686138314890798891149491103e-03
1.4010244752955548114756777358277824e-03	1.4658402213590054022269747072373428e+00	8.8116816889800713827670780284967302e-06	2.5707442981741359798121026517499169e-03
1.3869320345734666978588895924508476e-03	1.4761491357870990501509751171262440e+00	8.9012174867181070623375685291129551e-06	2.5837718473324940049411839124909882e-03
1.3728125675975410116682185738224366e-03	1.4865106091888126547515478858610294e+00	8.9927685600291398879619433673613403e-06	2.5970250445526599253756290387244393e-03
1.3586670849680262826120505626602934e-03	1.4969255548799089551760130592170925e+00	9.0863964441699231730123119080739018e-06	2.6105092921973631707417274211795427e-03
1.3444966096244282108726529756436499e-03	1.5073949081446488481962164967485472e+00	9.1821651401031904550717244162810591e-06	2.6242301738252832024511987977196820e-03
1.3303021770483521881022945291947671e-03	1.5179196269757460752634599829680137e+00	9.2801412358783677584785508442785675e-06	2.6381934618610624898745303999777920e-03
1.3160848354717727995149503252306797e-03	1.5285006928457829223863762706407782e+00	9.3803940351293358518151974069676518e-06	2.6524051256608683800522725598449431e-03
1.3018456460909208642005056600949235e-03	1.5391391115117165865010026096152055e+00	9.4829956931742021546533117537385313e-06	2.6668713399975849342336280522840073e-03
1.2875856832859870286021859565769916e-03	1.5498359138542055200688310002451802e+00	9.5880213612397749706550322889273580e-06	2.6815984939914105419747371140052339e-03
1.2733060348468498392313776916791600e-03	1.5605921567535917689727717068652194e+00	9.6955493393744722773308100624073364e-06	2.6965932005134674968927777254380900e-03
1.2590078022050456137275829423038829e-03	1.5714089240044896338143710217880302e+00	9.8056612386580661739207724930226875e-06	2.7118623060920079164644145972139426e-03
1.2446921006722073349619317946790526e-03	1.5822873272710535290172228925278314e+00	9.9184421533653198581053007087796257e-06	2.7274129013529398178704985769788383e-03
1.2303600596852102439350564060419138e-03	1.5932285070851293615487344858245457e+00	1.0033980843793613152484857315951865e-05	2.7432523320287125805963658980829057e-03
1.2160128230582728390734351780338798e-03	1.6042336338896348373897365514907832e+00	1.0152369930522515157880747983493096e-05	2.7593882105721086935894481300207631e-03
1.2016515492422736401608499633222740e-03	1.6153039091296656332151116340038017e+00	1.0273706100936437381087064894900883e-05	2.7758284284142065294535987507379500e-03
1.1872774115915563853944371718869469e-03	1.6264405663939872225551578859156476e+00	1.0398090328910531191217586153593058e-05	2.7925811689087266985942331932089660e-03
1.1728915986385093438767481897395487e-03	1.6376448726097472826439828158756922e+00	1.0525628108635484649863670363525047e-05	2.8096549210081741720548787696036191e-03
1.1584953143762181905712304532487884e-03	1.6489181292934320848377771702809682e+00	1.0656429703639499623733440088709441e-05	2.8270584937206639931836939467421088e-03
1.1440897785495064573541919863759003e-03	1.6602616738612932442323249055166459e+00	1.0790610412156242291209820063361753e-05	2.8448010314000967752546782558204037e-03
1.1296762269546929972811032440210623e-03	1.6716768810026899418868366783945286e+00	1.0928290850086797860593993397677578e-05	2.8628920299264609382538153327627032e-03
1.1152559117484122388875867511699677e-03	1.6831651641200276296647803538925388e+00	1.1069597252912561359961913529623567e-05	2.8813413538375146330264922663359093e-03
1.1008301017658603273439221723669991e-03	1.6947279768392288154198311062845652e+00	1.1214661798035609962023680612439222e-05	2.9001592544779780083855204677751237e-03
1.0864000828488486188243239341293200e-03	1.7063668145949464911765621389152079e+00	1.1363622949154603604985720151848277e-05	2.9193563892376864222101697373062686e-03
1.0719671581840654884300544136008603e-03	1.7180832162950279661489551829719939e+00	1.1516625824428967278297169284747590e-05	2.9389438419559624553630583194341419e-03
1.0575326486519681114759659722526076e-03	1.7298787660690583472425078726418446e+00	1.1673822590343499314922519818694999e-05	2.9589331445758093437873103108755380e-03
1.0430978931867478707133458189505052e-03	1.7417550951061609313976702685296619e+00	1.1835372883361287567431422818833602e-05	2.9793363001384666375706545594151202e-03
1.0286642491478364232979765578393277e-03	1.7537138835876088324390058869352855e+00	1.2001444261646769672420192874812156e-05	3.0001658072164629434629234490564016e-03
1.0142330927034443342860290257811976e-03	1.7657568627202110195950304672393700e+00	1.2172212689355051561729999672289924e-05	3.0214346858916202342185092502287541e-03
9.9980581922665066028208236501031559e-04	1.7778858168768796501277538674632051e+00	1.2347863056220576258602806424904630e-05	3.0431565053935873909709068322409011e-03
9.8538384370459006943403204455416537e-04	1.7901025858512675192221698942883893e+00	1.2528589735440596400207133248880086e-05	3.0653454135244946903455844924356073e-03
9.7096860116131414482010537862453992e-04	1.8024090672338883808974248359382420e+00	1.2714597183139683382650924977722511e-05	3.0880161680063237253379817931403569e-03
9.5656154709493558171148157915696603e-04	1.8148072189177029834673741994303525e+00	1.2906100583024139378907952624909529e-05	3.1111841698996886007277400368645637e-03
9.4216415792969821247021911861055037e-04	1.8272990617417745470803325621695470e+00	1.3103326540193561189501327327852176e-05	3.1348654992560476036933568893796630e-03
9.2777793148365234746870111304762569e-04	1.8398866822822742479865507784514279e+00	1.3306513828475359539307908589163462e-05	3.1590769531800488005369184068287425e-03
9.1340438745265399363947870430832806e-04	1.8525722358008558130369830350552072e+00	1.3515914196091792109808670158937870e-05	3.1838360864949146174545326453765409e-03
8.9904506791144830870430570153405117e-04	1.8653579493612249819775435206719080e+00	1.3731793234963747933489124130191085e-05	3.2091612552216659373780297511393793e-03
8.8470153783264239261886527456782465e-04	1.8782461251256115283680055366156994e+00	1.3954431319507652003141750839844832e-05	3.2350716631027749772816693769127579e-03
8.7037538562442045339707605552527026e-04	1.8912391438438167548328427108917302e+00	1.4184124621398895530847120314098064e-05	3.2615874114227437508284878230641844e-03
8.5606822368790578089737434468621168e-04	1.9043394685485668676500425156306855e+00	1.4421186207465663395030091443572508e-05	3.2887295524023867712235076957381394e-03
8.4178168899512911415150856361642921e-04	1.9175496484720624509365744003896203e+00	1.4665947228650689871560993084548424e-05	3.3165201464705426581713143770884770e-03
8.2751744368862221921428779220248289e-04	1.9308723231998876994382249560107025e+00	1.4918758208846528689889304114969655e-05	3.3449823237468787835488730818074500e-03
8.1327717570371916141721295622101485e-04	1.9443102270798428340412953335827665e+00	1.5179990443385246590682926769466576e-05	3.3741403501027607165568170812329619e-03
7.9906259941471625037900716246210742e-04	1.9578661939048035187408152036524770e+00	1.5450037518060858639520478397580494e-05	3.4040196982042610149113306131049021e-03
7.8487545630611539030663032467987211e-04	1.9715431618904082502276484284581096e+00	1.5729316960799404492464405698701518e-05	3.4346471239827672464769409222889267e-03
7.7071751567025505891052820638830968e-04	1.9853441789702468147844577626943084e+00	1.6018272039487053641714922866419407e-05	3.4660507490248742440548529273000444e-03
7.5659057533271889259114231845922168e-04	1.9992724084332906008371274535568160e+00	1.6317373721043862787250998991547739e-05	3.4982601494249486310710998450364672e-03
7.4249646240700445637929680946863535e-04	2.0133311349305921528228846006791215e+00	1.6627122808616267305657372953824562e-05	3.5313064517016666521972247366683005e-03
7.2843703408003487018204088694223580e-04	2.0275237708808133262246452284173830e+00	1.6948052275785825970583096921781744e-05	3.5652224364447905496090846818699674e-03
7.1441417843020426446256334677982200e-04	2.0418538633069488392334888248767194e+00	1.7280729818990946141236100487098970e-05	3.6000426504314326313552669111214123e-03
7.0042981527976534412441776452441363e-04	2.0563251011397291595165542221627214e+00	1.7625760651974034616905982042039001e-05	3.6358035280331768210349463302235398e-03
6.8648589708349453393378634900530264e-04	2.0709413230266525652785324775807958e+00	1.7983790569047520823658082624210429e-05	3.6725435228279756787154518528585322e-03
6.7258440985570824788918447114390786e-04	2.0857065256894554857077199047457068e+00	1.8355509307375597952792993842050087e-05	3.7103032504352111945150474856772340e-03
6.5872737413785386794054836019908671e-04	2.1006248728771339052935516804651383e+00	1.8741654242361349867418406366011465e-05	3.7491256437104339892678774842586571e-03
6.4491684600906226258392788353647661e-04	2.1157007049664352377764443570203555e+00	1.9143014454690010057482460650475553e-05	3.7890561215700936610461332756581116e-03
6.3115491814222649736211572571406125e-04	2.1309385492671168722509639090145456e+00	1.9560435212701366492882807684917810e-05	3.8301427728683912600085425519219018e-03
6.1744372090836532728627948174391882e-04	2.1463431310952919526094075680487836e+00	1.9994822919657595764611853986909255e-05	3.8724365569209650933368448149925605e-03
6.0378542353224184446551943471306183e-04	2.1619193856849441258186970878463796e+00	2.0447150582267155252674807732929008e-05	3.9159915224666716690150269139444701e-03
5.9018223530243922670748538959317308e-04	2.1776724710152941411328497371575977e+00	2.0918463864675241208884335015952413e-05	3.9608650470830076376300585685204916e-03
5.7663640683934908413554135465335644e-04	2.1936077816402617838247167286344033e+00	2.1409887801220618853039364324233061e-05	4.0071180993271601647505065433546214e-03
5.6315023142480590172081919557848353e-04	2.2097309636159253833942498233306805e+00	2.1922634251806847298952649628170998e-05	4.0548155261684862291516261480521220e-03
5.4972604639740631923916329820429483e-04	2.2260479306327994249322358860339207e+00	2.2458010196005784747006247758907076e-05	4.1040263686155662991041390429902564e-03
5.3636623461788764024447514782706225e-04	2.2425648814721168198881096617513880e+00	2.3017426976318122973931131092952505e-05	4.1548242088291522935215784776449053e-03
5.2307322600930960863822100004273808e-04	2.2592883189193361901297299433237767e+00	2.3602410617739190497764265288866981e-05	4.2072875524600016509126124886861061e-03
5.0984949917719121830761438246683002e-04	2.2762250702840539718681614143017256e+00	2.4214613370376748341928433807777830e-05	4.2615002504680829300886539929925599e-03
4.9669758311520478097459350339361225e-04	2.2933823096936892907078550571102461e+00	2.4855826644896139339484979211201502e-05	4.3175519652792858535988226946641814e-03
4.8362005900252798362381903062087628e-04	2.3107675823490834470099680052655074e+00	2.5527995537701484635853832114721345e-05	4.3755386868323444209476350456041986e-03
4.7061956209950730182447208213231283e-04	2.3283888309539373438896174614803907e+00	2.6233235174821967692728684574515291e-05	4.4355633048799399690716350960892399e-03
4.5769878374889987672430017527238042e-04	2.3462544245572991579800023847321075e+00	2.6973849141465511505216863065609513e-05	4.4977362448552947576910706117458826e-03
4.4486047349064383599915360373716810e-04	2.3643731900797050592629590771119549e+00	2.7752350309363185633533516703838328e-05	4.5621761757248817609355010478636296e-03
4.3210744129886829378781320449582358e-04	2.3827544468297760139392445456476956e+00	2.8571484427877946469732969151766760e-05	4.6290107995505772155225961803611410e-03
4.1944255995070459448948510335508226e-04	2.4014080443599305746577079981056617e+00	2.9434256909272586647779399478153774e-05	4.6983777340189267995958168285131437e-03
4.0686876753741216243203083909513502e-04	2.4203444040584032691053569007312548e+00	3.0343963315860642159905799960789359e-05	4.7704255010079460116511946958011696e-03
3.9438907012939998519251738566470305e-04	2.4395745649311842306116225276400934e+00	3.1304224149913737289060877644282866e-05	4.8453146364104035430377170052296546e-03
3.8200654460792507721696596172222064e-04	2.4591102340932964043225819736320715e+00	3.2319024659817164658408740351365900e-05	4.9232189389875125871602716855730288e-03
3.6972434167760186272131697817911669e-04	2.4789638425657948913817272893870599e+00	3.3392760512640003769468946774338520e-05	5.0043268790757822876902687710167699e-03
3.5754568907538428945416851864245331e-04	2.4991486070651915129907558255561167e+00	3.4530290349813023416606975853930044e-05	5.0888431916210193002381432411526941e-03
3.4547389499341270277274498565674333e-04	2.5196785985783445618238877048655955e+00	3.5736996446345458545663558354861376e-05	5.1769906824025516446991082972717982e-03
3.3351235173508201902944742455753538e-04	2.5405688186414839181804349843168620e+00	3.7018854944348960835696562131421368e-05	5.2690122816074149318997650912076334e-03
3.2166453962592437921949044137853427e-04	2.5618352843910026676624215787203421e+00	3.8382517440614542380255597431048864e-05	5.3651733853322578225388385322380097e-03
3.0993403120345322519930270100194211e-04	2.5834951236309381432821143659849951e+00	3.9835406091133075671029644776302605e-05	5.4657645334006436662381231907659079e-03
2.9832449571304030927250331038062060e-04	2.6055666813739096459251903582918352e+00	4.1385824872897878970768912530866694e-05	5.5711044814294796818823338628077039e-03
2.8683970394025685136551487876530033e-04	2.6280696395664573259849147094756737e+00	4.3043090241347748809002442136509199e-05	5.6815437368008687150124320727570445e-03
2.7548353341398229603448908384034449e-04	2.6510251520160169549099190461955872e+00	4.4817685174883050284322208517543994e-05	5.7974686426613607142547371907913329e-03
2.6425997401906243088938274162229147e-04	2.6744559969075295513592589805590511e+00	4.6721441551576568316113603550177659e-05	5.9193061120128005531670023259277177e-03
2.5317313406249656753815015520036342e-04	2.6983867497486353817244562599455796e+00	4.8767757018114447907974856403747795e-05	6.0475291363330616124912566254949655e-03
2.4222724684318958945582622515217656e-04	2.7228439801336311546231170286268192e+00	5.0971854068351156583510027593948459e-05	6.1826632212235806142964623679726585e-03
2.3142667778238879867494392706320054e-04	2.7478564763937333269923402267233544e+00	5.3351091058283401545445775959705879e-05	6.3252939369777543930381796369794315e-03
2.2077593218024703101841929171455193e-04	2.7734555030381839544551247135893373e+00	5.5925337494937306574061617674158854e-05	6.4760758168998700371494459084658347e-03
2.1027966367377202381888439886708460e-04	2.7996750969310530281547008766677540e+00	5.8717429353357624219490194801381759e-05	6.6357428936271317747535944500098210e-03
1.9994268348306119973868376433254217e-04	2.8265524094496562549902737616625160e+00	6.1753724682039374588289290283516400e-05	6.8051212376025040329115893651733544e-03
1.8976997054658707163185827944238215e-04	2.8541281035083780203142042773490866e+00	6.5064785748875402092294689127979599e-05	6.9851439576454281054538555346411926e-03
1.7976668266290451211098096335927633e-04	2.8824468164079436292055639994345407e+00	6.8686222016114444449849070541131133e-05	7.1768692487432287590893681722003113e-03
1.6993816877614998646696085629956303e-04	2.9115577021216798413095357550088737e+00	7.2659739111440162484656646349870991e-05	7.3815022371173806022415093440415236e-03
1.6028998256693129496634756960261689e-04	2.9415150700431576319438743928730646e+00	7.7034453833474661083856629713186043e-05	7.6004215918722878563511746659616909e-03
1.5082789753974557759614869112187416e-04	2.9723791416494713160811298183469586e+00	8.1868555773120124357954870038603166e-05	7.8352121667790951213883052449457266e-03
1.4155792383432218666936901883588693e-04	3.0042169523361662143994058409085262e+00	8.7231424830179574241860112437326459e-05	8.0877053346583567558414920157657415e-03
1.3248632703311826977754916878531422e-04	3.0371034333517837791901150373674808e+00	9.3206354479400696709859085564683268e-05	8.3600292235466383277474232288440426e-03
1.2361964929305885588690746751669425e-04	3.0711227190103879958731464670027560e+00	9.9894088752393379320720449162286322e-05	8.6546718219392898528986449861062637e-03
1.1496473319981153146146141594231575e-04	3.1063697382091787753697466392647042e+00	1.0741746529921294360384349831423412e-04	8.9745609849483107755942446523545968e-03
1.0652874883189942242871182097285979e-04	3.1429521682150287035685568883705323e+00	1.1592758132476341962623826023345516e-04	9.3231668885575071697930794148697016e-03
9.8319224635941560655685069898804499e-05	3.1809928549177419781665579563312265e+00	1.2561208567312456673162453241494266e-04	9.7046346682741937858529825605292224e-03
9.0344082861837860496630555044027557e-05	3.2206328406103264078114707542189104e+00	1.3670648481365433523083843379613712e-04	1.0123958192173604817268990883634517e-02
8.2611680499892930731056534193011663e-05	3.2620351929624768395336885159321198e+00	1.4950979299649639944882563739649080e-04	1.0587210719697419650373663148924591e-02
7.5130856918069299468369259726674450e-05	3.3053899052130638057531102478184022e+00	1.6440656004304269343093028007190242e-04	1.1101855510471538656174858393039382e-02
6.7910989742134907292693360208145792e-05	3.3509202505408993651266395046366103e+00	1.8189845433725142968740122734556190e-04	1.1677170824655842571320938873450735e-02
6.0962060992153650036468302372482532e-05	3.3988911440968866835844627925990069e+00	2.0265048934056415484708956548623214e-04	1.2324841878297150608708575463660490e-02
5.4294736142900200148335569446638708e-05	3.4496203296775116607600017429431344e+00	2.2756026758741469130461811401689257e-04	1.3059801949560082510903254586759076e-02
4.7920459702568178528205126802410402e-05	3.5034936258572572351518987012202301e+00	2.5786445424140843825668239889796560e-04	1.3901454733373454760745947887709902e-02
4.1851572246076824734001298775089709e-05	3.5609861486342430533250102175789630e+00	2.9530745830196067212127089794717742e-04	1.4875496922304116678508112149130022e-02
3.6101455830851188423426069450517908e-05	3.6226925792944725121831630091053251e+00	3.4241801368354533674153882340522024e-04	1.6016717106690830028559588789204482e-02
3.0684717763329393799236011824998681e-05	3.6893715661194687913329919059012044e+00	4.0298120905310237494794457090525279e-04	1.7373443922835663878061117347802850e-02
2.5617427480178397796413460402732779e-05	3.7620130527175716189504514579071798e+00	4.8288308408578317359777059467962116e-04	1.9014906538680168399660500006946362e-02
2.0917429167795322694431387262164348e-05	3.8419444847915846670872272524480211e+00	5.9171007749169202337888696777877781e-04	2.1044016896640750191165794426755693e-02
1.6604766223103037929460194780562053e-05	3.9310065828711845577544461604457237e+00	7.4599591946257707627888994437849017e-04	2.3620913557338868426285111046692388e-02
1.2702278077794061156803245837618410e-05	4.0318621310339719148726493566227274e+00	9.7641428956989032358713398982313309e-04	2.7009636435042298156497542928945364e-02
9.2364772214990764772927346533374276e-06	4.1485814930135086680705780346787095e+00	1.3456288750114609839812948447173243e-03	3.1679856434437144349704679292379960e-02
6.2389139464878020260200758528381493e-06	4.2878717164955672930591003063053101e+00	2.0000249575595119037109361772633938e-03	3.8558773485604065956506915204210768e-02
3.7484693505558340985341382983182886e-06	4.4620545091015856088929843224498912e+00	3.3581277745835059549411547513506296e-03	4.9780322270805849157637344520333851e-02
1.8156192043226400920969000324662462e-06	4.6980711469928773164009567728578836e+00	7.1222780277824003532208790538648301e-03	7.1676480150401323028496945636151226e-02
5.0856215893017162939227457875405411e-07	5.0785211996895754991191293215081171e+00	3.3938170978401063391380283747084080e-02	1.3760182321709639459690571151883523e-01
0.0000000000000000000000000000000000e+00	0.0000000000000000000000000000000000e+00	7.4568153582946480585337753009191069e-06	2.2007700800406646791856834309486763e-03