5.0620378993512329074487910329518944e-07	-5.0794053148701232523259286081278750e+00	3.3927728044143026216975002313894007e-02	1.3758008057336213217088388754750662e-01
1.8072533323930551793057382633906930e-06	-4.6990173709792708452123960547889770e+00	7.1198379565088399392200697572986807e-03	7.1664128730054008069456672329622025e-02
3.7312878767627708866800947639043665e-06	-4.4630426592374852189831712294349735e+00	3.3568933703829584730119659143200562e-03	4.9771145655902128175687697546413642e-02
6.2104453371184831643247846329217155e-06	-4.2888928026971203058555868440565452e+00	1.9992479258385800279872891530687258e-03	3.8551269410720507428589575910398956e-02
9.1944978789696409392521697750070450e-06	-4.1496302834179148858106228896229791e+00	1.3450813806191042477181455473346506e-03	3.1673403398060825111138090850383495e-02
1.2644755117717317202281970982735795e-05	-4.0329351544362978998441253486315346e+00	9.7600084590152632106132085474296538e-04	2.7003912583265071850680359732009387e-02
1.6529821339594110898336324503303534e-05	-3.9321013466394226353132569063136583e+00	7.4566868526835937986031506509713234e-04	2.3615728908229753441444994350670448e-02
2.0823313817427063491511034102959018e-05	-3.8430591012433359629173251341689794e+00	5.9144212948720605750222704315448100e-04	2.1039249155941016500822088840663756e-02
2.5502504796988196086593928593953465e-05	-3.7631460365458926497597664643850279e+00	4.8265797206956000840797460931606473e-04	1.9010471956792078917506657741136108e-02
3.0547448797105061270733760925763190e-05	-3.6905217143959541416331909129428962e+00	4.0278824460745475681793392284403195e-04	1.7369282415157595394567099747248357e-02
3.5940388726278776147646107393915017e-05	-3.6238588955625780960933685364934380e+00	3.4224991221758910996792051342005968e-04	1.6012783973902086411588814379121232e-02
4.1665333512734797349226047608234708e-05	-3.5621677923902510226651533508984837e+00	2.9515906156093547839240365466667588e-04	1.4871757928588736109270077651289963e-02
4.7707747024409747135395547378759836e-05	-3.5046898775369056534769396092045935e+00	2.5773199345873442099022295557871122e-04	1.3897883023269705361878837020503330e-02
5.4054312353955061415019597895722802e-05	-3.4508305655719436908840471824236056e+00	2.2744091631754511978323173449116871e-04	1.3056376032368769155421607798527455e-02
6.0692748956744188619745410297265786e-05	-3.4001148178793826947593686878962813e+00	2.0254208041476049070650203799244757e-04	1.2321544262845949723894992372089129e-02
6.7611667950688775106518387093064312e-05	-3.3521568793407845301150823353703395e+00	1.8179929422913902987773191864322867e-04	1.1673987066470197294016239667602232e-02
7.4800455658742910730030140300608723e-05	-3.3066390589052319306279120010786496e+00	1.6431530336821382284101745318123572e-04	1.1098773529509433990713255287917812e-02
8.2249178500360347874533534462715224e-05	-3.2632964857857924389673724592531539e+00	1.4942535540910786236735199784766017e-04	1.0584220300854722838670005472375793e-02
8.9948504319920712668647437837322286e-05	-3.2219059245080739353283615798314401e+00	1.3662798114924841081614274599851605e-04	1.0121050612429577863944830943779200e-02
9.7889636575462073806990170627441408e-05	-3.1822774141748426555385861725939380e+00	1.2553878512267209577824799314347825e-04	9.7018024135617283149497888439827003e-03
1.0606425873327749444122901856599867e-04	-3.1442479150876674980462612550032782e+00	1.1585887436175844836731248466725689e-04	9.3204034354686634098044457314094888e-03
1.1446448686484232031701103433337879e-04	-3.1076764093249328329023491828363728e+00	1.0735283888297327882530895472861262e-04	8.9718606301199805252393029763551800e-03
1.2308282891090386912888268207032484e-04	-3.0724400723743481433284447878814884e+00	9.9833107465773607412336287609530133e-05	8.6520295470595802093130507368426305e-03
1.3191214942044201269841629874944634e-04	-3.0384312458348755163998182012539342e+00	9.3148645991797956487819244204669139e-05	8.3574405873533871899913483861961198e-03
1.4094563882714357790731937825535525e-04	-3.0055550175512461284578809006478063e+00	8.7176668560023001679930411569433152e-05	8.0851663856564654906455883857840581e-03
1.5017678651825909829714083388228807e-04	-2.9737272681422858001972806887752105e+00	8.1816473949170987735079996025900079e-05	7.8327193720490298316461859481419098e-03
1.5959935709751210606118066138251056e-04	-2.9428730797412260093392469123559401e+00	7.6984804376929862028649466150447068e-05	7.5979717785105397860341500853965395e-03
1.6920736935715526889060021905162573e-04	-2.9129254289961794794090589400714514e+00	7.2612309915827039487677379830573038e-05	7.3790925436915236146922391483128294e-03
1.7899507756284306107857265320981837e-04	-2.8838241053128176619474579998434712e+00	6.8640826311479724963074761062583057e-05	7.1744970847589605232802228808687359e-03
1.8895695472484337801395118079324310e-04	-2.8555148091679185553841851594471328e+00	6.5021258315222616646382965124783167e-05	6.9828069694774837495558796687054239e-03
1.9908767758469947183441437388068766e-04	-2.8279483955712785739334025878703662e+00	6.1711918733886443245318611203827003e-05	6.8028172796812212878617224777449867e-03
2.0938211309106416924105883535923753e-04	-2.8010802354242587842353610829203759e+00	5.8677213959069277008278535580476128e-05	6.6334700039293334778502141237680541e-03
2.1983530617450873962075814191490246e-04	-2.7748696733240974710144631565634843e+00	5.5886595425496932586246633599569275e-05	6.4738321959888038925033833652849905e-03
2.3044246866050262664464990777803488e-04	-2.7492795647922938146387252597573724e+00	5.3313716983419039105454874952515211e-05	6.3230779299878662567506718674065585e-03
2.4119896918386948633725918064910972e-04	-2.7242758793176905849589394819737947e+00	5.0935753035528993976427828755880552e-05	6.1804733023032422902606033905628588e-03
2.5210032398792543226803911584221479e-04	-2.6998273582559638236355604150583124e+00	4.8732843163353215086405480070474036e-05	6.0453638951502769184930335349425958e-03
2.6314218850802972973436108917225257e-04	-2.6759052187031556975482789611282690e+00	4.6687637001386330329888707871409943e-05	5.9171642420014340242247461369668695e-03
2.7432034965307601013892521931790507e-04	-2.6524828960984992012990867255272195e+00	4.4784919106665328162086541992876565e-05	5.7953489307430656301670550710705280e-03
2.8563071871003400359895095954678234e-04	-2.6295358196126424465445182298808556e+00	4.3011298075875402910218061720695530e-05	5.6794450543639978260505259625862748e-03
2.9706932480642200866703015635298747e-04	-2.6070412154175324930187801017721782e+00	4.1354947577439204749237734628873849e-05	5.5690257763833805879055823072705162e-03
3.0863230887387092854001180995346640e-04	-2.5849779337710787201467135775734149e+00	3.9805389575704757202658014314925094e-05	5.4637048231538014624123769227452749e-03
3.2031591806298999168921658865440771e-04	-2.5633262965269714358123293158367900e+00	3.8353312032974675004167381073055526e-05	5.3631317505672296501116789531234168e-03
3.3211650056577059701837028756821476e-04	-2.5420679622311721965820826368648155e+00	3.6990414931849737101013627002057893e-05	5.2669878607455462932896821701383056e-03
3.4403050080693710386259588356984998e-04	-2.5211858064174702033070492977958646e+00	3.5709279674788857306129272635466937e-05	5.1749826666679600737726382801087763e-03
3.5605445497010967723015559051925034e-04	-2.5006638150852034279147102288705503e+00	3.4503257871094312833036399971328120e-05	5.0868508206269711832012162733929908e-03
3.6818498682849749868667079153545582e-04	-2.4804869896484836908027670508302563e+00	3.3366376274302046302810730042999186e-05	5.0023494368679193619043305833372159e-03
3.8041880385318383965661322818443613e-04	-2.4606412619004007754791059992190351e+00	3.2293255230734721087015838054980020e-05	4.9212557504878380700665207793434419e-03
3.9275269357497468549096278437124387e-04	-2.4411134177474904166071163767801104e+00	3.1279038477229109882244712326811825e-05	4.8433650642138578831014570291016587e-03
4.0518352017832380673627573221574110e-04	-2.4218910286470137531595435668314187e+00	3.0319332509037706660196220594981542e-05	4.7684889424900640478708987136363285e-03
4.1770822130807282222954975017227700e-04	-2.4029623898285323322595844182221036e+00	2.9410154047755264425173205239846251e-05	4.6964536187186928880689003818073976e-03
4.3032380507169965262099617123273225e-04	-2.3843164645068722641091083913362930e+00	2.8547884389355065338654442846565028e-05	4.6270985867973613575076623796368976e-03
4.4302734722149047727899512872551413e-04	-2.3659428333998904458885974693200395e+00	2.7729229616073305870863762190377452e-05	4.5602753524823930057689413187511564e-03
4.5581598850257067151856460520983113e-04	-2.3478316489547593273982389397619101e+00	2.6951185822337755425550906861616400e-05	4.4958463237589464083104334524033886e-03
4.6868693215407614660194767161949884e-04	-2.3299735937634421315050442163959301e+00	2.6211008641554352234760400397723073e-05	4.4336838224469811949592727993209092e-03
4.8163744155194093562444077692871444e-04	-2.3123598427138201689771018863339967e+00	2.5506186473136559409615826784581626e-05	4.3736692018266543553740135536035614e-03
4.9466483798283928810274279688006602e-04	-2.2949820284793504928644604313154284e+00	2.4834416902272874419415366614317053e-05	4.3156920572149147795953763530859178e-03
5.0776649853976765673197637867069033e-04	-2.2778322099986537146801326388116190e+00	2.4193585882224120535033662845380090e-05	4.2596495182375151261818052740223946e-03
5.2093985413059811191033071146747810e-04	-2.2609028436382816447052507625055603e+00	2.3581749313336126650312819491876230e-05	4.2054456130747510787823124032434269e-03
5.3418238759169223449207347143231401e-04	-2.2441867567681085504402805393403428e+00	2.2997116706780766146677876114208059e-05	4.1529906962617232718688623814479313e-03
5.4749163189934405510153669885835862e-04	-2.2276771235101750338424662173528844e+00	2.2438036666180077353119085505889548e-05	4.1022009327330481774540076099746048e-03
5.6086516847243133493609815682022220e-04	-2.2113674424490978771093812332909138e+00	2.1902983958245174546281979452536089e-05	4.0529978317491303462979301158310701e-03
5.7430062556020440337537826557905818e-04	-2.1952515161159366648810364639398316e+00	2.1390547975608218143652030756348004e-05	4.0053078251522313621783397804307941e-03
5.8779567670963782538775793101174338e-04	-2.1793234320781783453410475667560871e+00	2.0899422422147335415274033725159119e-05	3.9590618850970301465885999412643372e-03
6.0134803930721841894679872806587662e-04	-2.1635775454866859364242351615769025e+00	2.0428396074123046316734204717113095e-05	3.9141951769999162680702213641509443e-03
6.1495547319044886709653694023304576e-04	-2.1480084629464143085954484805395792e+00	1.9976344490034715823751485454204476e-05	3.8706467439686646054942550186211769e-03
6.2861577932471400093601850760342837e-04	-2.1326110275917273693669936570241931e+00	1.9542222558821751204905586862854380e-05	3.8283592194217362790213485129340199e-03
6.4232679854149083155757511472361158e-04	-2.1173803052595148791640231943901730e+00	1.9125057790334865681519916240403457e-05	3.7872785649945597329329999815221310e-03
6.5608641033418715365907515061327831e-04	-2.1023115716642235380518573371844450e+00	1.8723944264267205327367518245657368e-05	3.7473538311674337759265812870914075e-03
6.6989253170817017931888325211112539e-04	-2.0874003004885740734181738424856272e+00	1.8338037164278706131834138514538639e-05	3.7085369383434576629223632493994984e-03
6.8374311608179896673371371785939088e-04	-2.0726421523122951805259096969294317e+00	1.7966547833132329296104569096813774e-05	3.6707824763612913300010985126799673e-03
6.9763615223550484419538305838282806e-04	-2.0580329643088049977818662474050213e+00	1.7608739292507221481373749777060034e-05	3.6340475206517947781257637817831264e-03
7.1156966330617477306378333889164682e-04	-2.0435687406465307991784380536073317e+00	1.7263922177945169973274291252691681e-05	3.5982914634441126909251183340404596e-03
7.2554170582428557934458508062259457e-04	-2.0292456435375808970294616945395504e+00	1.6931451045277362699041677112883903e-05	3.5634758585993211002262344974873049e-03
7.3955036879141393201232990985562188e-04	-2.0150599848818586075739614615890010e+00	1.6610721009998437938872680108077192e-05	3.5295642788015451604726950143748350e-03
7.5359377279590938996569923840845771e-04	-2.0010082184595139136547131561477935e+00	1.6301164685513884168922634018555728e-05	3.4965221839702322405074222578330924e-03
7.6767006916466714595739745581034279e-04	-1.9870869326289313847584302326854334e+00	1.6002249390077919613966950983699707e-05	3.4643167998753705655797359787108926e-03
7.8177743914907448718639462807364093e-04	-1.9732928434913115037227108471053073e+00	1.5713474595640842779377663525472260e-05	3.4329170060418959576052102952854885e-03
7.9591409314333156247828675527957740e-04	-1.9596227884863678410272722371553331e+00	1.5434369594804496226375455482213884e-05	3.4022932321220614487153727139414793e-03
8.1007826993346377585832578614909510e-04	-1.9460737203867791117203516256508325e+00	1.5164491364699015362477923828614269e-05	3.3724173619966509845793580238025652e-03
8.2426823597545089635136255321705958e-04	-1.9326427016618420903387494685915341e+00	1.4903422608892194379611470893748189e-05	3.3432626449388896944312304980753243e-03
8.3848228470099757567174592818946549e-04	-1.9193268991833028858073215024987131e+00	1.4650769960466313509136908309783114e-05	3.3148036132398561343900293659339107e-03
8.5271873584956211184020567890596006e-04	-1.9061235792486302706670624926786037e+00	1.4406162331181912331608863031766300e-05	3.2870160057521048352081608007714749e-03
8.6697593482534563026286209546076832e-04	-1.8930301028990620857696567175017740e+00	1.4169249393224504132573600107681932e-05	3.2598766968599015122978591421507932e-03
8.8125225207802295451545033817766793e-04	-1.8800439215116275323227259216376440e+00	1.3939700181425072004704628852236182e-05	3.2333636304306903456461532300787593e-03
8.9554608250606983133888311413353959e-04	-1.8671625726460450133684060476996527e+00	1.3717201805081196878047375734323675e-05	3.2074557583437908382851174534016810e-03
9.0985584488160933272711470097508121e-04	-1.8543836761289353065866828344659275e+00	1.3501458259602568210437588153058716e-05	3.1821329832294180483089502421636547e-03
9.2417998129576361249728766174704210e-04	-1.8417049303591893652598520218379652e+00	1.3292189329179498030897872774529646e-05	3.1573761050844217706466346213974167e-03
9.3851695662355613550881007790062329e-04	-1.8291241088196032549947133974455951e+00	1.3089129572540709562116544126007745e-05	3.1331667714610744524777759061104695e-03
9.5286525800746437910022707936714349e-04	-1.8166390567810523410438504402115248e+00	1.2892027384639969817207318871634897e-05	3.1094874309521788902273327294073279e-03
9.6722339435877415057036131900817854e-04	-1.8042476881865341403833684389925818e+00	1.2700644127801278296791135937332104e-05	3.0863212897200443229296807157704714e-03
9.8158989587593436498404546974819748e-04	-1.7919479827033743038804312917230766e+00	1.2514753326469070761631686797252158e-05	3.0636522708387832063833834934850223e-03
9.9596331357915565156503615681332739e-04	-1.7797379829327719681687438492693663e+00	1.2334139920261768359486798349241715e-05	3.0414649762391661825682932255319650e-03
1.0103422188605377483377394494385593e-03	-1.7676157917666672252586546993910619e+00	1.2158599570521448252820447078351254e-05	3.0197446510631650604110035425248192e-03
1.0247252030490495262266567594848081e-03	-1.7555795698826518631910714332985397e+00	1.1987938015995956606753270472743473e-05	2.9984771502515123541196446252136385e-03
1.0391108769897218591343320231306187e-03	-1.7436275333683212455507304614629077e+00	1.1821970473688150402109794077589252e-05	2.9776489072022875638728022736691078e-03
1.0534978706364476119215245207491629e-03	-1.7317579514670859689991775900753977e+00	1.1660521081265166833777414950086091e-05	2.9572469043518613700994821035804992e-03
1.0678848326578149243776192846896397e-03	-1.7199691444380319241482432678764066e+00	1.1503422377743098617519142134849071e-05	2.9372586455416281051557364928229546e-03
1.0822704300554298826729781788491428e-03	-1.7082594815229412203395342042686101e+00	1.1350514819453094038591833370152624e-05	2.9176721300449576772722078447024693e-03
1.0966533477942127340273706217540660e-03	-1.6966273790140682877463660400953754e+00	1.1201646328557136311308188075944848e-05	2.8984758281388103747967120301411804e-03
1.1110322884441781473102654227103683e-03	-1.6850712984167090944742192054404796e+00	1.1056671871618620918033389747971762e-05	2.8796586581135795261715085096124045e-03
1.1254059718332347732721857005234931e-03	-1.6735897447010101960714615285828234e+00	1.0915453065947024425011550991842373e-05	2.8612099646230451243146172217603354e-03
1.1397731347105626246713822842113450e-03	-1.6621812646378413241143266391497657e+00	1.0777857811629819036537133273783354e-05	2.8431194982839142063193247960320502e-03
1.1541325304201486814647560614110769e-03	-1.6508444452139031784104367082189033e+00	1.0643759947340439711920672758160199e-05	2.8253773964413607234088183655345902e-03
1.1684829285840817241890487639900947e-03	-1.6395779121215635091172309279576756e+00	1.0513038928170424395748810152316569e-05	2.8079741650233212483807292877103223e-03
1.1828231147952267970368751645205578e-03	-1.6283803283192117195950430103933210e+00	1.0385579523878484229164775268732455e-05	2.7909006614121090767252152037850039e-03
1.1971518903189179815916693249253066e-03	-1.6172503926581971350831019475553740e+00	1.0261271536080697886273543134374829e-05	2.7741480782672282607925389556417662e-03
1.2114680718033253972498974951151262e-03	-1.6061868385726706230381793555765070e+00	1.0140009533025579418401495780679317e-05	2.7577079282381459402610270788652172e-03
1.2257704909981686039360423829370215e-03	-1.5951884328288851039999844518890870e+00	1.0021692600706616774734071293824202e-05	2.7415720295102565152138719565780053e-03
1.2400579944814639305696657630674967e-03	-1.5842539743307291891595402100102736e+00	9.9062241091640672360097619754668495e-06	2.7257324921313812174806518277733059e-03
1.2543294433940077479216489834248251e-03	-1.5733822929784711159524490654407345e+00	9.7935114929182637415722971914332116e-06	2.7101817050699243255557201649445547e-03
1.2685837131813114017181046597025881e-03	-1.5625722485778785947125789656863736e+00	9.6834660445592712796296248088228423e-06	2.6949123239592822666602434172861760e-03
1.2828196933427164718607767505379452e-03	-1.5518227297970552838262212285313170e+00	9.5760027205931864594918282601564091e-06	2.6799172594863009016643345878325204e-03
1.2970362871874312735247204755438077e-03	-1.5411326531684974323430702344891822e+00	9.4710399587143697630725161185379349e-06	2.6651896663845235605394641259615545e-03
1.3112324115972411094008011567922861e-03	-1.5305009621340257301128034694098671e+00	9.3684995057360434439947764816527387e-06	2.6507229329956897435363541683011319e-03
1.3254069967956557601127316932248558e-03	-1.5199266261303884655230162333673993e+00	9.2683062554695218705216511097622581e-06	2.6365106713654516110457705677792130e-03
1.3395589861232680996479258665862625e-03	-1.5094086397134635137772879340976017e+00	9.1703880958953538700490263093831135e-06	2.6225467078415903791188020192793263e-03
1.3536873358191075796642001749808756e-03	-1.4989460217191092000430924243521933e+00	9.0746757650182881438726849895041454e-06	2.6088250741451537743020011683304508e-03
1.3677910148077816735134492109247148e-03	-1.4885378144588283754339283287216447e+00	8.9811027148426193755380925489286169e-06	2.5953399988869135359293923321836358e-03
1.3818690044922072382653896932246461e-03	-1.4781830829485167271257823525051604e+00	8.8896049829454916638323412942556641e-06	2.5820858995033719903124674246854359e-03
1.3959202985517421693596023087298004e-03	-1.4678809141686659832739685421238483e+00	8.8001210711634500056503111867627367e-06	2.5690573745882411462153481101986947e-03
1.4099439027455357142924837688284837e-03	-1.4576304163544857886170471079621047e+00	8.7125918309422312354416147621706927e-06	2.5562491965968876639495773023859140e-03
1.4239388347209234037203100239049632e-03	-1.4474307183144950952207098968245585e+00	8.6269603549317367004905864373112153e-06	2.5436563049026925302798623771698742e-03
1.4379041238266997736574999086396502e-03	-1.4372809687762153736489855354847628e+00	8.5431718744375685970063590793166923e-06	2.5312737991856245323697023916628142e-03
1.4518388109311089126821151574448491e-03	-1.4271803357576742067105003606737601e+00	8.4611736623676564295754472565166460e-06	2.5190969331345800616899862794634110e-03
1.4657419482443993934358028447959309e-03	-1.4171280059634992524840359210331024e+00	8.3809149413375454194490398005563422e-06	2.5071211084462060568279803476755929e-03
1.4796125991457963571271772094487041e-03	-1.4071231842044494979489341339863656e+00	8.3023467966210426546308164358241910e-06	2.4953418691040050134220796492042438e-03
1.4934498380147494309113711339397948e-03	-1.3971650928392934848230607151535472e+00	8.2254220936542807839242364339561513e-06	2.4837548959225273503359242657225704e-03
1.5072527500663207874966764243322436e-03	-1.3872529712380030662458099297438608e+00	8.1500953998210098215105695960231591e-06	2.4723560013423928792008161643219779e-03
1.5210204311905830196510255803397521e-03	-1.3773860752652865154249864497770067e+00	8.0763229102651985850484805180172456e-06	2.4611411244627550405696179918985162e-03
1.5347519877959016140056945258586621e-03	-1.3675636767835367034562159410046124e+00	8.0040623774939398934011840369567991e-06	2.4501063262986338558146721237850596e-03
1.5484465366559816823377442415061775e-03	-1.3577850631743188225704094357161012e+00	7.9332730445493185319475888306663128e-06	2.4392477852513007027504220255543564e-03
1.5621032047605632571730743813154663e-03	-1.3480495368775679651627880301180147e+00	7.8639155815424190027133842773392145e-06	2.4285617927806041862754917109363464e-03
1.5757211291696538941228834955937304e-03	-1.3383564149477099743643569370366302e+00	7.7959520253561132110325682427294317e-06	2.4180447492687853361851915756750081e-03
1.5892994568711915571531086521044101e-03	-1.3287050286259595403483882537874581e+00	7.7293457223357604841984363839902739e-06	2.4076931600659456073946022572989755e-03
1.6028373446420348056145762939850459e-03	-1.3190947229280876963699519444542437e+00	7.6640612737985503933919182783397607e-06	2.3975036317079058866149904114458632e-03
1.6163339589121811633225136829160491e-03	-1.3095248562469868257745940406710342e+00	7.6000644842029928963615341098363623e-06	2.3874728682977318709101988118522642e-03
1.6297884756321182396672212569178945e-03	-1.2999947999693951706318738728802129e+00	7.5373223118300744978018281947390611e-06	2.3775976680427034900621963600134732e-03
1.6432000801432156995098045417110586e-03	-1.2905039381061747685859029862630896e+00	7.4758028218369121735207288776407939e-06	2.3678749199389759947026355868304748e-03
1.6565679670510695507981501548004028e-03	-1.2810516669355668617089523994206960e+00	7.4154751415524025279465093790035263e-06	2.3583016005966202283209469178802212e-03
1.6698913401017134442762314422064964e-03	-1.2716373946588772354909664367336213e+00	7.3563094178924313716748365423507856e-06	2.3488747711981415669716956568458983e-03
1.6831694120606147657502018707055428e-03	-1.2622605410680707653333044790672587e+00	7.2982767767797238538567063884161515e-06	2.3395915745839630051541111243774702e-03
1.6964014045943762550908763446176838e-03	-1.2529205372247797722437741323285877e+00	7.2413492844604189827590003616187859e-06	2.3304492324587196989938689919173884e-03
1.7095865481550667140718082307299440e-03	-1.2436168251502547121009874777955220e+00	7.1854999106159829479778561563505562e-06	2.3214450427125516197830494446431247e-03
1.7227240818671070734723976458052717e-03	-1.2343488575258083306906634718789252e+00	7.1307024931751681606402777655680009e-06	2.3125763768518993669664382742418313e-03
1.7358132534166406844762369629569413e-03	-1.2251160974033257905930869161397488e+00	7.0769317047364115745541800213874696e-06	2.3038406775346070685856887132716196e-03
1.7488533189433191858005950223132113e-03	-1.2159180179254334912997982465564955e+00	7.0241630205163762874718904071485594e-06	2.2952354562044169811938377088331423e-03
1.7618435429344376814326021184212869e-03	-1.2067541020549384309497236757629444e+00	6.9723726877453019399783964603391464e-06	2.2867582908202041145449847698989879e-03
1.7747831981213552492638360245340584e-03	-1.1976238423131680623779109561086148e+00	6.9215376964344671708058384870340588e-06	2.2784068236755470830623044482648495e-03
1.7876715653781389929811465187577196e-03	-1.1885267405268577389736506868535385e+00	6.8716357514454045236515674351759610e-06	2.2701787593044644774000077693058211e-03
1.8005079336223719527085746860004606e-03	-1.1794623075832490843093928433190956e+00	6.8226452457945661014345391002108589e-06	2.2620718624693653302167379878488016e-03
1.8132915997180672082866230873432862e-03	-1.1704300631930780070314649728898059e+00	6.7745452351309366477681941580443968e-06	2.2540839562274686251243976341852374e-03
1.8260218683806324466812692730219620e-03	-1.1614295356611456690157785899345099e+00	6.7273154133276478071167436758934829e-06	2.2462129200721411064051049511549382e-03
1.8386980520838311255864967654111130e-03	-1.1524602616641795469667594270772909e+00	6.6809360891319798912957010196168286e-06	2.2384566881457856694584434283569783e-03
1.8513194709686881523738291618140825e-03	-1.1435217860357048491483214383720608e+00	6.6353881638212611033523459077534175e-06	2.2308132475210850728477781498053776e-03
1.8638854527542897145176662625115612e-03	-1.1346136615576590006588975067444134e+00	6.5906531098151032132494520524139274e-06	2.2232806365475682861250410285304489e-03
1.8763953326504285476784530508029701e-03	-1.1257354487584937308756331028863959e+00	6.5467129501971604411763778333990973e-06	2.2158569432606201001482164083719538e-03
1.8888484532720475137843826777391677e-03	-1.1168867157175205212542809555297812e+00	6.5035502391021770936320834672312896e-06	2.2085403038501992617021891359235836e-03
1.9012441645554358865886728421310932e-03	-1.1080670378752658341879568319328382e+00	6.4611480429265107157094606078810988e-06	2.2013289011866668950193175290966112e-03
1.9135818236761342090193021325593778e-03	-1.0992759978496126756097094526284361e+00	6.4194899223225917348609368138462118e-06	2.1942209634012558451966137048847123e-03
1.9258607949685049977692401980739095e-03	-1.0905131852575146750271101597056298e+00	6.3785599149399175712301274422589208e-06	2.1872147625188332940104139190298892e-03
1.9380804498469279284552088390305824e-03	-1.0817781965420780244369467889602968e+00	6.3383425188771880621750227176325024e-06	2.1803086131407239968324375881028032e-03
1.9502401667285794416365169579319436e-03	-1.0730706348048153281214628456674085e+00	6.2988226768120782245510123778614143e-06	2.1735008711754701802968735361265910e-03
1.9623393309577579682511298168287733e-03	-1.0643901096428837031267736121684067e+00	6.2599857607769216850547042254055648e-06	2.1667899326155069067045658183356191e-03
1.9743773347317171847028810389989277e-03	-1.0557362369911273582425162630121382e+00	6.2218175575502508171604373808206434e-06	2.1601742323578289101163060862008939e-03
1.9863535770279708749270949526250345e-03	-1.0471086389687523891318079278298758e+00	6.1843042546357144896779845020232901e-06	2.1536522430668168743436538881747673e-03
1.9982674635330341011794829255022770e-03	-1.0385069437304686792043807855717367e+00	6.1474324268013776387669655102906379e-06	2.1472224740774781663648423199652234e-03
2.0101184065725664688501199130594374e-03	-1.0299307853219406089797380977132939e+00	6.1111890231538044656912744163772354e-06	2.1408834703374394515173698112394650e-03
2.0219058250428843150282074381213422e-03	-1.0213798035393947690203386185462073e+00	6.0755613547226443743792839696679921e-06	2.1346338113861066716990171906587878e-03
2.0336291443438096574790158301332555e-03	-1.0128536437932390599416461417010004e+00	6.0405370825326818584327554244897281e-06	2.1284721103694818197347217554486980e-03
2.0452877963128247117083555837578822e-03	-1.0043519569755534634540698346360586e+00	6.0061042061414831417831184043390562e-06	2.1223970130891960306941728383700917e-03
2.0568812191605017203744674824187783e-03	-9.9587439933131839586530335819956510e-01	5.9722510526218778643586929843382926e-06	2.1164071970843849577329111398325462e-03
2.0684088574071787428844129674153189e-03	-9.8742063233325192410917395508905885e-01	5.9389662659695575796564039331834115e-06	2.1105013707450954152901121276260234e-03
2.0798701618208529249374151486035517e-03	-9.7899032256013224749716765125767955e-01	5.9062387969170581146954875617258470e-06	2.1046782724559720523467467703993692e-03
2.0912645893562636093436113908611793e-03	-9.7058314157848673858000505679739709e-01	5.8740578931363234981850745402464231e-06	2.0989366697690295467920539414112570e-03
2.1025916030951384618860170734278298e-03	-9.6219876582753350561547703536473653e-01	5.8424130898129285161314122011320126e-06	2.0932753586043696611878293306021178e-03
2.1138506721875765704821692089699089e-03	-9.5383687650726589835364430122775533e-01	5.8112942005758681114519112111031129e-06	2.0876931624777536321154415945192392e-03
2.1250412717945432335621533139631561e-03	-9.4549715946957463873306582856761177e-01	5.7806913087676077067661380536996225e-06	2.0821889317539889316457573292341184e-03
2.1361628830314518854827366886045267e-03	-9.3717930511230632860517738715511753e-01	5.7505947590398318086745077638563306e-06	2.0767615429251355828075612706992241e-03
2.1472149929128093139659357541379969e-03	-9.2888300827616097718903627566101777e-01	5.7209951492610314821969802820351462e-06	2.0714098979125810650969466430882770e-03
2.1581970942979010079613643232424113e-03	-9.2060796814433491050714940977047891e-01	5.6918833227227368361407580619559192e-06	2.0661329233920745368236153560595739e-03
2.1691086858374941349183172957279340e-03	-9.1235388814481898197910705525428774e-01	5.6632503606318307518289169630870918e-06	2.0609295701408507466207782917143894e-03
2.1799492719215362851074423491950471e-03	-9.0412047585526540560893468078390398e-01	5.6350875748769767946223938330316413e-06	2.0557988124060117178739083940198514e-03
2.1907183626278287382053353222949222e-03	-8.9590744291033978831906250448546414e-01	5.6073865010577595135473407338395376e-06	2.0507396472933701716597021719452384e-03
2.2014154736716536046633009748712983e-03	-8.8771450491147805307771452285579466e-01	5.5801388917656709795101910556624451e-06	2.0457510941759928043563796105387543e-03
2.2120401263563347722030748003777313e-03	-8.7954138133897092627488788772653421e-01	5.5533367101065851427533181372920754e-06	2.0408321941217140479298638786722409e-03
2.2225918475247131468628599541960347e-03	-8.7138779546630151770330821384227437e-01	5.5269721234548430041906380337009804e-06	2.0359820093389219011411177058127454e-03
2.2330701695115172190697334428095369e-03	-8.6325347427666425553497833834302668e-01	5.5010374974295281922247974842247787e-06	2.0311996226399469106097701726889350e-03
2.2434746300966105089217966700059635e-03	-8.5513814838159605757278782384762240e-01	5.4755253900839457228014889208172682e-06	2.0264841369214134791088279938024479e-03
2.2538047724590979518786858295908878e-03	-8.4704155194165312922154533278695653e-01	5.4504285462997278153001445333135662e-06	2.0218346746609394575031922332237525e-03
2.2640601451322737770077343720548127e-03	-8.3896342258906918320223298745946126e-01	5.4257398923773808789530745034225032e-06	2.0172503774295955050557564901902555e-03
2.2742403019593939054142530170284394e-03	-8.3090350135233318089899487674724729e-01	5.4014525308154583368126957525303649e-06	2.0127304054195600451701202773309613e-03
2.2843448020502563570719211625342727e-03	-8.2286153258262690500049487171626565e-01	5.3775597352708959092443289309289463e-06	2.0082739369864288611080696013360296e-03
2.2943732097385736005130136525086718e-03	-8.1483726388206479215857232190575532e-01	5.3540549456933803629460544870157477e-06	2.0038801682056605264573808353808642e-03
2.3043250945401212122650808310578619e-03	-8.0683044603368048689632740655043391e-01	5.3309317636269405093681898851098298e-06	1.9995483124426600025415414783769838e-03
2.3142000311116476320359044397350805e-03	-7.9884083293310652790213533504622634e-01	5.3081839476722513152517894900557046e-06	1.9952775999360229109311200425429392e-03
2.3239975992105302059364127388346958e-03	-7.9086818152189544889316335763842663e-01	5.2858054091034292210285726183525058e-06	1.9910672773934822522575742082827698e-03
2.3337173836551631039562615867940046e-03	-7.8291225172243237198063972615576659e-01	5.2637902076333699527615270940802608e-06	1.9869166076001177384846035400239686e-03
2.3433589742860630799145542134851409e-03	-7.7497280637439089530003763420172242e-01	5.2421325473219400156575253806381779e-06	1.9828248690384054779805647752362416e-03
2.3529219659276794126262016459938692e-03	-7.6704961117268573179464589997785991e-01	5.2208267726215803832207275905911318e-06	1.9787913555197025421098423277073806e-03
2.3624059583508947264630021229704113e-03	-7.5914243460687714551356583888395743e-01	5.1998673645551163156768090628728633e-06	1.9748153758267769873451468107994626e-03
2.3718105562362037382414702337547827e-03	-7.5125104790198375850721760233633060e-01	5.1792489370207913853994007910262793e-06	1.9708962533670092447239262426797613e-03
2.3811353691375573158148912560775486e-03	-7.4337522496066176813466447477578356e-01	5.1589662332197572503385449142313996e-06	1.9670333258359054534849271704094050e-03
2.3903800114468595622481225932938149e-03	-7.3551474230671002396232077604186579e-01	5.1390141222014540593933471092368784e-06	1.9632259448905773407225930869251510e-03
2.3995441023591059583590853980072720e-03	-7.2766937902986176793010380721486038e-01	5.1193875955225101247914412523569942e-06	1.9594734758328566649355039268571895e-03
2.4086272658381509060557598621570447e-03	-7.1983891673182514346517413480571242e-01	5.1000817640149741543138216395991706e-06	1.9557752973017250778208816004195231e-03
2.4176291305830933156037995083824388e-03	-7.1202313947353583099697623981490771e-01	5.0810918546598693709310020160804793e-06	1.9521308009747525434282314594106749e-03
2.4265493299952691720370800611105322e-03	-7.0422183372358637102381057375877467e-01	5.0624132075622267029331783098088870e-06	1.9485393912782492132160473343435690e-03
2.4353875021458402996690975972838755e-03	-6.9643478830779789355136205131632096e-01	5.0440412730239143229330618200195375e-06	1.9450004851058469146611012303147096e-03
2.4441432897439688193631851239972548e-03	-6.8866179435990108632081842913333271e-01	5.0259716087107335448423668362370540e-06	1.9415135115452371935539300053261100e-03
2.4528163401055670611491362195059901e-03	-6.8090264527329430562944535353933801e-01	5.0081998769103968277828399244868136e-06	1.9380779116128031784530097918257269e-03
2.4614063051226129551976454310254532e-03	-6.7315713665384776449319423603647560e-01	4.9907218418781427379816983121956584e-06	1.9346931379958924312817793967591982e-03
2.4699128412330211773366121049096397e-03	-6.6542506627372372509949772113320495e-01	4.9735333672668755177223756880921398e-06	1.9313586548024874309618396190008306e-03
2.4783356093910605714598290977456438e-03	-6.5770623402618357756044004327860171e-01	4.9566304136388437198413210880409286e-06	1.9280739373180394264747699416054558e-03
2.4866742750383086105747291949532650e-03	-6.5000044188135360643876493787346007e-01	4.9400090360559934853895953030857035e-06	1.9248384717692401100516477019900077e-03
2.4949285080751338910887360609334287e-03	-6.4230749384292213184748527055711522e-01	4.9236653817462477530763238981586784e-06	1.9216517550945139176001727902771793e-03
2.5030979828326978814619884256731875e-03	-6.3462719590574156451654480606674815e-01	4.9075956878430732589410856515683162e-06	1.9185132947210217784207242909004380e-03
2.5111823780454673667683352717616330e-03	-6.2695935601430973541137168206381811e-01	4.8917962791958028660114996520592424e-06	1.9154226083479748253386313121967730e-03
2.5191813768242292452093677419506175e-03	-6.1930378402210565155173186470346082e-01	4.8762635662482817956554555067720560e-06	1.9123792237360639544167423170989545e-03
2.5270946666295995414132873219545975e-03	-6.1166029165175559183069921395082402e-01	4.8609940429835029413962910740125207e-06	1.9093826785028182045009765317580804e-03
2.5349219392460187046099398790723365e-03	-6.0402869245600619103351109874644474e-01	4.8459842849319888466133998872894930e-06	1.9064325199237117243873024700905354e-03
2.5426628907562254576868990432771014e-03	-5.9640880177948186801302979448518191e-01	4.8312309472417663230037887105897711e-06	1.9035283047388456221187501034370753e-03
2.5503172215162016558740659904126663e-03	-5.8880043672120463615124690711747616e-01	4.8167307628078642694932199389452111e-06	1.9006695989650372589400211811873390e-03
2.5578846361305808015446178763863160e-03	-5.8120341609785499183625326868551130e-01	4.8024805404593462039820172203171169e-06	1.8978559777131555712798199481009998e-03
2.5653648434285130445210381250276689e-03	-5.7361756040775321067788323005679273e-01	4.7884771632019665159432179461226616e-06	1.8950870250105467887637311147375399e-03
2.5727575564399796754933994409446576e-03	-5.6604269179554099249656693278158535e-01	4.7747175865146136505750510145720047e-06	1.8923623336284004751211582101330737e-03
2.5800624923725502938445262880724903e-03	-5.5847863401754398563178608807550300e-01	4.7611988366977745006248525698615734e-06	1.8896815049139111618754868189764209e-03
2.5872793725885760004793230628301906e-03	-5.5092521240779628967313953754792774e-01	4.7479180092723223578610944373604008e-06	1.8870441486270959813596668706078072e-03
2.5944079225828121313145202138385328e-03	-5.4338225384470858412565638311197286e-01	4.7348722674269960026648582327691619e-06	1.8844498827821336448924566045480513e-03
2.6014478719604642080365877442970446e-03	-5.3584958671836205955373086684367098e-01	4.7220588405130000204258644390910294e-06	1.8818983334930948624699099484251491e-03
2.6083989544156509397111355277970939e-03	-5.2832704089841083814345144976520732e-01	4.7094750225842163537300204950221937e-06	1.8793891348239388702543168012672050e-03
2.6152609077102782619538081888927303e-03	-5.2081444770257606308776140236343955e-01	4.6971181709815745497377492532962227e-06	1.8769219286426551292773105226088239e-03
2.6220334736533185497732171073073562e-03	-5.1331163986571531140896585998342085e-01	4.6849857049601832566976738937271621e-06	1.8744963644794334905501251365264207e-03
2.6287163980804892859894153094124056e-03	-5.0581845150945144343569546205606176e-01	4.6730751043578783705678654074076547e-06	1.8721120993887501952818204848078491e-03
2.6353094308343256094314120645745314e-03	-4.9833471811234544476595740465342400e-01	4.6613839083038939352103151436882504e-06	1.8697687978152610009080154286395330e-03
2.6418123257446413060350167306794018e-03	-4.9086027648059824376733854620058609e-01	4.6499097139664105554909573075712109e-06	1.8674661314633965005797445552694815e-03
2.6482248406093729416049941840875104e-03	-4.8339496471926690005755077147859757e-01	4.6386501753377827849616127975609312e-06	1.8652037791705583418108272034892436e-03
2.6545467371758019674766738598247115e-03	-4.7593862220398095751704627271602755e-01	4.6276030020562917871798725674151777e-06	1.8629814267838185550087064541628685e-03
2.6607777811221497597119541497707965e-03	-4.6849108955314513973113386162792097e-01	4.6167659582633126263929572303840907e-06	1.8607987670400275802280035210427441e-03
2.6669177420395406788899951995348807e-03	-4.6105220860061493684072271643211141e-01	4.6061368614948268994520054713957907e-06	1.8586554994492398360451062310946939e-03
2.6729663934143283610975725938414874e-03	-4.5362182236883199107639056330116950e-01	4.5957135816062511527550624853288291e-06	1.8565513301813688130727833885323907e-03
2.6789235126107805714788350757221240e-03	-4.4619977504240653421779715473849558e-01	4.5854940397295897084057896929492340e-06	1.8544859719559867012045858656849766e-03
2.6847888808541180697569372639594792e-03	-4.3878591194213446429830389408684879e-01	4.5754762072619572218227498799205926e-06	1.8524591439351864788711394840446640e-03
2.6905622832139030525757838760706472e-03	-4.3138007949943697148351071904773671e-01	4.5656581048845515746611602697158299e-06	1.8504705716194272088695217860641714e-03
2.6962435085877728504113275604827680e-03	-4.2398212523121093459531206900638990e-01	4.5560378016111916349245876600065074e-06	1.8485199867462860029617439075044427e-03
2.7018323496855146672483350379579465e-03	-4.1659189771507861061633633227725120e-01	4.5466134138655670504084835275453588e-06	1.8466071271920427405113738898907428e-03
2.7073286030134772592876261362173541e-03	-4.0920924656502543006362803342618400e-01	4.5373831045863786391947984190796258e-06	1.8447317368760261588435405978980088e-03
2.7127320688593155547154658914047789e-03	-4.0183402240741499172024091878084386e-01	4.5283450823595781562194426980630382e-06	1.8428935656676523785091485595618656e-03
2.7180425512770643201037287693309770e-03	-3.9446607685737062119949470169411032e-01	4.5194976005769452998590527635764257e-06	1.8410923692960892887847091053816285e-03
2.7232598580725370803871304275659440e-03	-3.8710526249551311951547682972242731e-01	4.5108389566202678265411477690340143e-06	1.8393279092624825009675183889488970e-03
2.7283838007890465986505911385056368e-03	-3.7975143284504458055801453560454935e-01	4.5023674910704176118189693155547875e-06	1.8375999527546807826093040857077269e-03
2.7334141946934433192219722682675869e-03	-3.7240444234916840042104357826793876e-01	4.4940815869406414782671125296201242e-06	1.8359082725644010179087895487492236e-03
2.7383508587624682728673683433179375e-03	-3.6506414634883583719801139060374760e-01	4.4859796689334106470051886115036647e-06	1.8342526470067748010619610450278407e-03
2.7431936156694170362903112239137098e-03	-3.5773040106080970741285213271835410e-01	4.4780602027201968017670562027851486e-06	1.8326328598422207633297649953521660e-03
2.7479422917711114297033042427560201e-03	-3.5040306355603602496505287425362275e-01	4.4703216942435660214875769844412609e-06	1.8310487002005886636886233410532292e-03
2.7525967170951757260289619692749864e-03	-3.4308199173831460058646882011069140e-01	4.4627626890410042769172321747573690e-06	1.8294999625075231398278744702321843e-03
2.7571567253276142333559157413464745e-03	-3.3576704432325982457954187363294298e-01	4.4553817715899098346799105884221567e-06	1.8279864464129968234900053917290741e-03
2.7616221538006871986771716063203241e-03	-3.2845808081754305326518033237493165e-01	4.4481775646732088027694615082635986e-06	1.8265079567219642741511147385252397e-03
2.7659928434810820657298379406775485e-03	-3.2115496149840821033796918208802984e-01	4.4411487287650702175499614894359796e-06	1.8250643033270898801489094307638632e-03
2.7702686389583772029876430327279556e-03	-3.1385754739345239842163674260264610e-01	4.4342939614362165452767609382679235e-06	1.8236553011435045188285239937493823e-03
2.7744493884337952995825699464739238e-03	-3.0656570026066349374504176235057914e-01	4.4276119967783442810348834741298656e-06	1.8222807700455473592481914424189112e-03
2.7785349437092437071989971909094958e-03	-2.9927928256870686821615215434377649e-01	4.4211016048471875035612040429548763e-06	1.8209405348054507345379406699813049e-03
2.7825251601766390848413709517326257e-03	-2.9199815747745354844823015637350528e-01	4.4147615911237748132222666041391557e-06	1.8196344250339275081247439115156508e-03
2.7864198968075137808717927470488871e-03	-2.8472218881874228067058364378248004e-01	4.4085907959934470688488564990247724e-06	1.8183622751226218106394615936687915e-03
2.7902190161429014628929026701043531e-03	-2.7745124107736812411015272292154739e-01	4.4025880942422197724704248025487860e-06	1.8171239241883854342436306408937970e-03
2.7939223842834995809588104515837392e-03	-2.7018517937229034352702277847440627e-01	4.3967523945700898534915421957683016e-06	1.8159192160193435401267240819278535e-03
2.7975298708801063232761783506858916e-03	-2.6292386943805251428689638214541096e-01	4.3910826391209019987606444067237754e-06	1.8147479990227146647294097914938864e-03
2.8010413491243297960514062258033819e-03	-2.5566717760640789081014208355776780e-01	4.3855778030284045846073736327688403e-06	1.8136101261743513024844830937238878e-03
2.8044566957395672304896788687594354e-03	-2.4841497078814322159735985307395462e-01	4.3802368939781397126819139579418817e-06	1.8125054549699685991129855376119213e-03
2.8077757909722520901978732239241853e-03	-2.4116711645509432143635526507912343e-01	4.3750589517848258538799065852479156e-06	1.8114338473780299112893941050669554e-03
2.8109985185833670214254887033374541e-03	-2.3392348262234683397991934585501443e-01	4.3700430479849051835334608991170492e-06	1.8103951697942591772626702605093203e-03
2.8141247658402206567344324782560681e-03	-2.2668393783061573577703188293920917e-01	4.3651882854439408653783260667116955e-06	1.8093892929977512002031833378891408e-03
2.8171544235084863498573508792818767e-03	-2.1944835112879724616565176180884370e-01	4.3604937979785623298262634358423455e-06	1.8084160921086520730031592689792594e-03
2.8200873858445009857220843581787100e-03	-2.1221659205668691631137667802353228e-01	4.3559587499926690113446971179394033e-06	1.8074754465473830713071569870520142e-03
2.8229235505878220749227576988304495e-03	-2.0498853062785777521601824483860304e-01	4.3515823361276150771804661206008778e-06	1.8065672399953824119609597705598510e-03
2.8256628189540414063412388061485157e-03	-1.9776403731269251083161819867070605e-01	4.3473637809261094115451909298328514e-06	1.8056913603573403180712268495102482e-03
2.8283050956278535952006998542752427e-03	-1.9054298302156376060186431516898330e-01	4.3433023385095765313992778374107321e-06	1.8048476997249038506526546941848016e-03
2.8308502887563779265995694327544912e-03	-1.8332523908815667791281267997870126e-01	4.3393972922687352172620574040583688e-06	1.8040361543418289615539788125452853e-03
2.8332983099427319565623647180089979e-03	-1.7611067725292802916232332570023084e-01	4.3356479545671624596376664139887275e-06	1.8032566245705581941119373720255149e-03
2.8356490742398553938861757302356454e-03	-1.6889916964669616054232452391004432e-01	4.3320536664576208627772453617571391e-06	1.8025090148602034078615137072257767e-03
2.8379025001445828465897521181012881e-03	-1.6169058877435625425534687165784930e-01	4.3286137974109379262183760741409664e-06	1.8017932337159138326765263734308053e-03
2.8400585095919640766174337449146587e-03	-1.5448480749871537083800419995762861e-01	4.3253277450572356540219648085425613e-06	1.8011091936696106669407681768412112e-03
2.8421170279498304656432191608512882e-03	-1.4728169902444184761654148674165684e-01	4.3221949349393187346081260087945064e-06	1.8004568112520703247405641425905992e-03
2.8440779840136064533911901093519065e-03	-1.4008113688212369314663784395653794e-01	4.3192148202780391029163886252165658e-06	1.7998360069663393095808990856250457e-03
2.8459413100013647678669011709687462e-03	-1.3288299491243068386099218874223350e-01	4.3163868817494640532419492060689118e-06	1.7992467052624645476886907543306133e-03
2.8477069415491243243093094716123548e-03	-1.2568714725037493212980997200222621e-01	4.3137106272736842271306044248587565e-06	1.7986888345135238534828221122935192e-03
2.8493748177063897265530057449833841e-03	-1.1849346830966475459356092503965713e-01	4.3111855918151067674148852061454436e-06	1.7981623269929420241420267708311825e-03
2.8509448809319313608641230789599703e-03	-1.1130183276714672601322159752884267e-01	4.3088113371940877177900400989979524e-06	1.7976671188530788702472174322448208e-03
2.8524170770898051282081382228460082e-03	-1.0411211554733085705619204475914366e-01	4.3065874519097663679103607483296218e-06	1.7972031501050762860520066282085235e-03
2.8537913554456109163512476163460502e-03	-9.6924191806993884448412168420296988e-02	4.3045135509739727072043888131843616e-06	1.7967703645999522468620069064213920e-03
2.8550676686629889682161351732144612e-03	-8.9737936919855708823893969224309407e-02	4.3025892757560874665714057347239722e-06	1.7963687100109303930796467485999780e-03
2.8562459728003533575344465521433267e-03	-8.2553226461324059437761717915019784e-02	4.3008142938387424056975753369545114e-06	1.7959981378169946214791637913623871e-03
2.8573262273078618370885191427115496e-03	-7.5369936193302505720685818524059110e-02	4.2991882988842565545581470336839937e-06	1.7956586032876588549826149192642145e-03
2.8583083950246213787399629253271711e-03	-6.8187942049056973481005231916444970e-02	4.2977110105117120501823548734325347e-06	1.7953500654689429033638092060962034e-03
2.8591924421761287780283416176833654e-03	-6.1007120118135958442576454701755377e-02	4.2963821741845810331863587497768346e-06	1.7950724871705460596509371585526872e-03
2.8599783383719457494150064619887934e-03	-5.3827346631339661775257012218444056e-02	4.2952015611088227919848189643561199e-06	1.7948258349542108012556183354429202e-03
2.8606660566036079912703913996099306e-03	-4.6648497945733301361843515135020413e-02	4.2941689681413779748684657519758799e-06	1.7946100791232696817398319756582718e-03
2.8612555732427677524828780112473292e-03	-3.9470450529699878778320499343580808e-02	4.2932842177089942400300780254462615e-06	1.7944251937133692093459196745885642e-03
2.8617468680395694851285766521673232e-03	-3.2293080948027705368725179537763239e-02	4.2925471577373251897476366253476155e-06	1.7942711564843652126522399584605307e-03
2.8621399241212582200087673853121431e-03	-2.5116265847028011394326268622534937e-02	4.2919576615902518457845412685716545e-06	1.7941479489133848926632958058032076e-03
2.8624347279910203540598667497153221e-03	-1.7939881939677980048958250759459385e-02	4.2915156280193832770305450688041221e-06	1.7940555561890514549759171954726470e-03
2.8626312695270565906940654025327183e-03	-1.0763805990784563175354890259327670e-02	4.2912209811237002957794296361819091e-06	1.7939939672068679060534877550688419e-03
2.8627295419818868260615332750172100e-03	-3.5879148021644478056233497140682078e-03	4.2910736703193134040379771217474805e-06	1.7939631745657572847537987542869814e-03
2.8627295419818868260615332750172100e-03	3.5879148021644478056233497140682078e-03	4.2910736703193134040379771217474805e-06	1.7939631745657572847537987542869814e-03
2.8626312695270565906940654025327183e-03	1.0763805990784563175354890259327670e-02	4.2912209811237002957794296361819091e-06	1.7939939672068679060534877550688419e-03
2.8624347279910203540598667497153221e-03	1.7939881939677980048958250759459385e-02	4.2915156280193832770305450688041221e-06	1.7940555561890514549759171954726470e-03
2.8621399241212582200087673853121431e-03	2.5116265847028011394326268622534937e-02	4.2919576615902518457845412685716545e-06	1.7941479489133848926632958058032076e-03
2.8617468680395694851285766521673232e-03	3.2293080948027705368725179537763239e-02	4.2925471577373251897476366253476155e-06	1.7942711564843652126522399584605307e-03
2.8612555732427677524828780112473292e-03	3.9470450529699878778320499343580808e-02	4.2932842177089942400300780254462615e-06	1.7944251937133692093459196745885642e-03
2.8606660566036079912703913996099306e-03	4.6648497945733301361843515135020413e-02	4.2941689681413779748684657519758799e-06	1.7946100791232696817398319756582718e-03
2.8599783383719457494150064619887934e-03	5.3827346631339661775257012218444056e-02	4.2952015611088227919848189643561199e-06	1.7948258349542108012556183354429202e-03
2.8591924421761287780283416176833654e-03	6.1007120118135958442576454701755377e-02	4.2963821741845810331863587497768346e-06	1.7950724871705460596509371585526872e-03
2.8583083950246213787399629253271711e-03	6.8187942049056973481005231916444970e-02	4.2977110105117120501823548734325347e-06	1.7953500654689429033638092060962034e-03
2.8573262273078618370885191427115496e-03	7.5369936193302505720685818524059110e-02	4.2991882988842565545581470336839937e-06	1.7956586032876588549826149192642145e-03
2.8562459728003533575344465521433267e-03	8.2553226461324059437761717915019784e-02	4.3008142938387424056975753369545114e-06	1.7959981378169946214791637913623871e-03
2.8550676686629889682161351732144612e-03	8.9737936919855708823893969224309407e-02	4.3025892757560874665714057347239722e-06	1.7963687100109303930796467485999780e-03
2.8537913554456109163512476163460502e-03	9.6924191806993884448412168420296988e-02	4.3045135509739727072043888131843616e-06	1.7967703645999522468620069064213920e-03
2.8524170770898051282081382228460082e-03	1.0411211554733085705619204475914366e-01	4.3065874519097663679103607483296218e-06	1.7972031501050762860520066282085235e-03
2.8509448809319313608641230789599703e-03	1.1130183276714672601322159752884267e-01	4.3088113371940877177900400989979524e-06	1.7976671188530788702472174322448208e-03
2.8493748177063897265530057449833841e-03	1.1849346830966475459356092503965713e-01	4.3111855918151067674148852061454436e-06	1.7981623269929420241420267708311825e-03
2.8477069415491243243093094716123548e-03	1.2568714725037493212980997200222621e-01	4.3137106272736842271306044248587565e-06	1.7986888345135238534828221122935192e-03
2.8459413100013647678669011709687462e-03	1.3288299491243068386099218874223350e-01	4.3163868817494640532419492060689118e-06	1.7992467052624645476886907543306133e-03
2.8440779840136064533911901093519065e-03	1.4008113688212369314663784395653794e-01	4.3192148202780391029163886252165658e-06	1.7998360069663393095808990856250457e-03
2.8421170279498304656432191608512882e-03	1.4728169902444184761654148674165684e-01	4.3221949349393187346081260087945064e-06	1.8004568112520703247405641425905992e-03
2.8400585095919640766174337449146587e-03	1.5448480749871537083800419995762861e-01	4.3253277450572356540219648085425613e-06	1.8011091936696106669407681768412112e-03
2.8379025001445828465897521181012881e-03	1.6169058877435625425534687165784930e-01	4.3286137974109379262183760741409664e-06	1.8017932337159138326765263734308053e-03
2.8356490742398553938861757302356454e-03	1.6889916964669616054232452391004432e-01	4.3320536664576208627772453617571391e-06	1.8025090148602034078615137072257767e-03
2.8332983099427319565623647180089979e-03	1.7611067725292802916232332570023084e-01	4.3356479545671624596376664139887275e-06	1.8032566245705581941119373720255149e-03
2.8308502887563779265995694327544912e-03	1.8332523908815667791281267997870126e-01	4.3393972922687352172620574040583688e-06	1.8040361543418289615539788125452853e-03
2.8283050956278535952006998542752427e-03	1.9054298302156376060186431516898330e-01	4.3433023385095765313992778374107321e-06	1.8048476997249038506526546941848016e-03
2.8256628189540414063412388061485157e-03	1.9776403731269251083161819867070605e-01	4.3473637809261094115451909298328514e-06	1.8056913603573403180712268495102482e-03
2.8229235505878220749227576988304495e-03	2.0498853062785777521601824483860304e-01	4.3515823361276150771804661206008778e-06	1.8065672399953824119609597705598510e-03
2.8200873858445009857220843581787100e-03	2.1221659205668691631137667802353228e-01	4.3559587499926690113446971179394033e-06	1.8074754465473830713071569870520142e-03
2.8171544235084863498573508792818767e-03	2.1944835112879724616565176180884370e-01	4.3604937979785623298262634358423455e-06	1.8084160921086520730031592689792594e-03
2.8141247658402206567344324782560681e-03	2.2668393783061573577703188293920917e-01	4.3651882854439408653783260667116955e-06	1.8093892929977512002031833378891408e-03
2.8109985185833670214254887033374541e-03	2.3392348262234683397991934585501443e-01	4.3700430479849051835334608991170492e-06	1.8103951697942591772626702605093203e-03
2.8077757909722520901978732239241853e-03	2.4116711645509432143635526507912343e-01	4.3750589517848258538799065852479156e-06	1.8114338473780299112893941050669554e-03
2.8044566957395672304896788687594354e-03	2.4841497078814322159735985307395462e-01	4.3802368939781397126819139579418817e-06	1.8125054549699685991129855376119213e-03
2.8010413491243297960514062258033819e-03	2.5566717760640789081014208355776780e-01	4.3855778030284045846073736327688403e-06	1.8136101261743513024844830937238878e-03
2.7975298708801063232761783506858916e-03	2.6292386943805251428689638214541096e-01	4.3910826391209019987606444067237754e-06	1.8147479990227146647294097914938864e-03
2.7939223842834995809588104515837392e-03	2.7018517937229034352702277847440627e-01	4.3967523945700898534915421957683016e-06	1.8159192160193435401267240819278535e-03
2.7902190161429014628929026701043531e-03	2.7745124107736812411015272292154739e-01	4.4025880942422197724704248025487860e-06	1.8171239241883854342436306408937970e-03
2.7864198968075137808717927470488871e-03	2.8472218881874228067058364378248004e-01	4.4085907959934470688488564990247724e-06	1.8183622751226218106394615936687915e-03
2.7825251601766390848413709517326257e-03	2.9199815747745354844823015637350528e-01	4.4147615911237748132222666041391557e-06	1.8196344250339275081247439115156508e-03
2.7785349437092437071989971909094958e-03	2.9927928256870686821615215434377649e-01	4.4211016048471875035612040429548763e-06	1.8209405348054507345379406699813049e-03
2.7744493884337952995825699464739238e-03	3.0656570026066349374504176235057914e-01	4.4276119967783442810348834741298656e-06	1.8222807700455473592481914424189112e-03
2.7702686389583772029876430327279556e-03	3.1385754739345239842163674260264610e-01	4.4342939614362165452767609382679235e-06	1.8236553011435045188285239937493823e-03
2.7659928434810820657298379406775485e-03	3.2115496149840821033796918208802984e-01	4.4411487287650702175499614894359796e-06	1.8250643033270898801489094307638632e-03
2.7616221538006871986771716063203241e-03	3.2845808081754305326518033237493165e-01	4.4481775646732088027694615082635986e-06	1.8265079567219642741511147385252397e-03
2.7571567253276142333559157413464745e-03	3.3576704432325982457954187363294298e-01	4.4553817715899098346799105884221567e-06	1.8279864464129968234900053917290741e-03
2.7525967170951757260289619692749864e-03	3.4308199173831460058646882011069140e-01	4.4627626890410042769172321747573690e-06	1.8294999625075231398278744702321843e-03
2.7479422917711114297033042427560201e-03	3.5040306355603602496505287425362275e-01	4.4703216942435660214875769844412609e-06	1.8310487002005886636886233410532292e-03
2.7431936156694170362903112239137098e-03	3.5773040106080970741285213271835410e-01	4.4780602027201968017670562027851486e-06	1.8326328598422207633297649953521660e-03
2.7383508587624682728673683433179375e-03	3.6506414634883583719801139060374760e-01	4.4859796689334106470051886115036647e-06	1.8342526470067748010619610450278407e-03
2.7334141946934433192219722682675869e-03	3.7240444234916840042104357826793876e-01	4.4940815869406414782671125296201242e-06	1.8359082725644010179087895487492236e-03
2.7283838007890465986505911385056368e-03	3.7975143284504458055801453560454935e-01	4.5023674910704176118189693155547875e-06	1.8375999527546807826093040857077269e-03
2.7232598580725370803871304275659440e-03	3.8710526249551311951547682972242731e-01	4.5108389566202678265411477690340143e-06	1.8393279092624825009675183889488970e-03
2.7180425512770643201037287693309770e-03	3.9446607685737062119949470169411032e-01	4.5194976005769452998590527635764257e-06	1.8410923692960892887847091053816285e-03
2.7127320688593155547154658914047789e-03	4.0183402240741499172024091878084386e-01	4.5283450823595781562194426980630382e-06	1.8428935656676523785091485595618656e-03
2.7073286030134772592876261362173541e-03	4.0920924656502543006362803342618400e-01	4.5373831045863786391947984190796258e-06	1.8447317368760261588435405978980088e-03
2.7018323496855146672483350379579465e-03	4.1659189771507861061633633227725120e-01	4.5466134138655670504084835275453588e-06	1.8466071271920427405113738898907428e-03
2.6962435085877728504113275604827680e-03	4.2398212523121093459531206900638990e-01	4.5560378016111916349245876600065074e-06	1.8485199867462860029617439075044427e-03
2.6905622832139030525757838760706472e-03	4.3138007949943697148351071904773671e-01	4.5656581048845515746611602697158299e-06	1.8504705716194272088695217860641714e-03
2.6847888808541180697569372639594792e-03	4.3878591194213446429830389408684879e-01	4.5754762072619572218227498799205926e-06	1.8524591439351864788711394840446640e-03
2.6789235126107805714788350757221240e-03	4.4619977504240653421779715473849558e-01	4.5854940397295897084057896929492340e-06	1.8544859719559867012045858656849766e-03
2.6729663934143283610975725938414874e-03	4.5362182236883199107639056330116950e-01	4.5957135816062511527550624853288291e-06	1.8565513301813688130727833885323907e-03
2.6669177420395406788899951995348807e-03	4.6105220860061493684072271643211141e-01	4.6061368614948268994520054713957907e-06	1.8586554994492398360451062310946939e-03
2.6607777811221497597119541497707965e-03	4.6849108955314513973113386162792097e-01	4.6167659582633126263929572303840907e-06	1.8607987670400275802280035210427441e-03
2.6545467371758019674766738598247115e-03	4.7593862220398095751704627271602755e-01	4.6276030020562917871798725674151777e-06	1.8629814267838185550087064541628685e-03
2.6482248406093729416049941840875104e-03	4.8339496471926690005755077147859757e-01	4.6386501753377827849616127975609312e-06	1.8652037791705583418108272034892436e-03
2.6418123257446413060350167306794018e-03	4.9086027648059824376733854620058609e-01	4.6499097139664105554909573075712109e-06	1.8674661314633965005797445552694815e-03
2.6353094308343256094314120645745314e-03	4.9833471811234544476595740465342400e-01	4.6613839083038939352103151436882504e-06	1.8697687978152610009080154286395330e-03
2.6287163980804892859894153094124056e-03	5.0581845150945144343569546205606176e-01	4.6730751043578783705678654074076547e-06	1.8721120993887501952818204848078491e-03
2.6220334736533185497732171073073562e-03	5.1331163986571531140896585998342085e-01	4.6849857049601832566976738937271621e-06	1.8744963644794334905501251365264207e-03
2.6152609077102782619538081888927303e-03	5.2081444770257606308776140236343955e-01	4.6971181709815745497377492532962227e-06	1.8769219286426551292773105226088239e-03
2.6083989544156509397111355277970939e-03	5.2832704089841083814345144976520732e-01	4.7094750225842163537300204950221937e-06	1.8793891348239388702543168012672050e-03
2.6014478719604642080365877442970446e-03	5.3584958671836205955373086684367098e-01	4.7220588405130000204258644390910294e-06	1.8818983334930948624699099484251491e-03
2.5944079225828121313145202138385328e-03	5.4338225384470858412565638311197286e-01	4.7348722674269960026648582327691619e-06	1.8844498827821336448924566045480513e-03
2.5872793725885760004793230628301906e-03	5.5092521240779628967313953754792774e-01	4.7479180092723223578610944373604008e-06	1.8870441486270959813596668706078072e-03
2.5800624923725502938445262880724903e-03	5.5847863401754398563178608807550300e-01	4.7611988366977745006248525698615734e-06	1.8896815049139111618754868189764209e-03
2.5727575564399796754933994409446576e-03	5.6604269179554099249656693278158535e-01	4.7747175865146136505750510145720047e-06	1.8923623336284004751211582101330737e-03
2.5653648434285130445210381250276689e-03	5.7361756040775321067788323005679273e-01	4.7884771632019665159432179461226616e-06	1.8950870250105467887637311147375399e-03
2.5578846361305808015446178763863160e-03	5.8120341609785499183625326868551130e-01	4.8024805404593462039820172203171169e-06	1.8978559777131555712798199481009998e-03
2.5503172215162016558740659904126663e-03	5.8880043672120463615124690711747616e-01	4.8167307628078642694932199389452111e-06	1.9006695989650372589400211811873390e-03
2.5426628907562254576868990432771014e-03	5.9640880177948186801302979448518191e-01	4.8312309472417663230037887105897711e-06	1.9035283047388456221187501034370753e-03
2.5349219392460187046099398790723365e-03	6.0402869245600619103351109874644474e-01	4.8459842849319888466133998872894930e-06	1.9064325199237117243873024700905354e-03
2.5270946666295995414132873219545975e-03	6.1166029165175559183069921395082402e-01	4.8609940429835029413962910740125207e-06	1.9093826785028182045009765317580804e-03
2.5191813768242292452093677419506175e-03	6.1930378402210565155173186470346082e-01	4.8762635662482817956554555067720560e-06	1.9123792237360639544167423170989545e-03
2.5111823780454673667683352717616330e-03	6.2695935601430973541137168206381811e-01	4.8917962791958028660114996520592424e-06	1.9154226083479748253386313121967730e-03
2.5030979828326978814619884256731875e-03	6.3462719590574156451654480606674815e-01	4.9075956878430732589410856515683162e-06	1.9185132947210217784207242909004380e-03
2.4949285080751338910887360609334287e-03	6.4230749384292213184748527055711522e-01	4.9236653817462477530763238981586784e-06	1.9216517550945139176001727902771793e-03
2.4866742750383086105747291949532650e-03	6.5000044188135360643876493787346007e-01	4.9400090360559934853895953030857035e-06	1.9248384717692401100516477019900077e-03
2.4783356093910605714598290977456438e-03	6.5770623402618357756044004327860171e-01	4.9566304136388437198413210880409286e-06	1.9280739373180394264747699416054558e-03
2.4699128412330211773366121049096397e-03	6.6542506627372372509949772113320495e-01	4.9735333672668755177223756880921398e-06	1.9313586548024874309618396190008306e-03
2.4614063051226129551976454310254532e-03	6.7315713665384776449319423603647560e-01	4.9907218418781427379816983121956584e-06	1.9346931379958924312817793967591982e-03
2.4528163401055670611491362195059901e-03	6.8090264527329430562944535353933801e-01	5.0081998769103968277828399244868136e-06	1.9380779116128031784530097918257269e-03
2.4441432897439688193631851239972548e-03	6.8866179435990108632081842913333271e-01	5.0259716087107335448423668362370540e-06	1.9415135115452371935539300053261100e-03
2.4353875021458402996690975972838755e-03	6.9643478830779789355136205131632096e-01	5.0440412730239143229330618200195375e-06	1.9450004851058469146611012303147096e-03
2.4265493299952691720370800611105322e-03	7.0422183372358637102381057375877467e-01	5.0624132075622267029331783098088870e-06	1.9485393912782492132160473343435690e-03
2.4176291305830933156037995083824388e-03	7.1202313947353583099697623981490771e-01	5.0810918546598693709310020160804793e-06	1.9521308009747525434282314594106749e-03
2.4086272658381509060557598621570447e-03	7.1983891673182514346517413480571242e-01	5.1000817640149741543138216395991706e-06	1.9557752973017250778208816004195231e-03
2.3995441023591059583590853980072720e-03	7.2766937902986176793010380721486038e-01	5.1193875955225101247914412523569942e-06	1.9594734758328566649355039268571895e-03
2.3903800114468595622481225932938149e-03	7.3551474230671002396232077604186579e-01	5.1390141222014540593933471092368784e-06	1.9632259448905773407225930869251510e-03
2.3811353691375573158148912560775486e-03	7.4337522496066176813466447477578356e-01	5.1589662332197572503385449142313996e-06	1.9670333258359054534849271704094050e-03
2.3718105562362037382414702337547827e-03	7.5125104790198375850721760233633060e-01	5.1792489370207913853994007910262793e-06	1.9708962533670092447239262426797613e-03
2.3624059583508947264630021229704113e-03	7.5914243460687714551356583888395743e-01	5.1998673645551163156768090628728633e-06	1.9748153758267769873451468107994626e-03
2.3529219659276794126262016459938692e-03	7.6704961117268573179464589997785991e-01	5.2208267726215803832207275905911318e-06	1.9787913555197025421098423277073806e-03
2.3433589742860630799145542134851409e-03	7.7497280637439089530003763420172242e-01	5.2421325473219400156575253806381779e-06	1.9828248690384054779805647752362416e-03
2.3337173836551631039562615867940046e-03	7.8291225172243237198063972615576659e-01	5.2637902076333699527615270940802608e-06	1.9869166076001177384846035400239686e-03
2.3239975992105302059364127388346958e-03	7.9086818152189544889316335763842663e-01	5.2858054091034292210285726183525058e-06	1.9910672773934822522575742082827698e-03
2.3142000311116476320359044397350805e-03	7.9884083293310652790213533504622634e-01	5.3081839476722513152517894900557046e-06	1.9952775999360229109311200425429392e-03
2.3043250945401212122650808310578619e-03	8.0683044603368048689632740655043391e-01	5.3309317636269405093681898851098298e-06	1.9995483124426600025415414783769838e-03
2.2943732097385736005130136525086718e-03	8.1483726388206479215857232190575532e-01	5.3540549456933803629460544870157477e-06	2.0038801682056605264573808353808642e-03
2.2843448020502563570719211625342727e-03	8.2286153258262690500049487171626565e-01	5.3775597352708959092443289309289463e-06	2.0082739369864288611080696013360296e-03
2.2742403019593939054142530170284394e-03	8.3090350135233318089899487674724729e-01	5.4014525308154583368126957525303649e-06	2.0127304054195600451701202773309613e-03
2.2640601451322737770077343720548127e-03	8.3896342258906918320223298745946126e-01	5.4257398923773808789530745034225032e-06	2.0172503774295955050557564901902555e-03
2.2538047724590979518786858295908878e-03	8.4704155194165312922154533278695653e-01	5.4504285462997278153001445333135662e-06	2.0218346746609394575031922332237525e-03
2.2434746300966105089217966700059635e-03	8.5513814838159605757278782384762240e-01	5.4755253900839457228014889208172682e-06	2.0264841369214134791088279938024479e-03
2.2330701695115172190697334428095369e-03	8.6325347427666425553497833834302668e-01	5.5010374974295281922247974842247787e-06	2.0311996226399469106097701726889350e-03
2.2225918475247131468628599541960347e-03	8.7138779546630151770330821384227437e-01	5.5269721234548430041906380337009804e-06	2.0359820093389219011411177058127454e-03
2.2120401263563347722030748003777313e-03	8.7954138133897092627488788772653421e-01	5.5533367101065851427533181372920754e-06	2.0408321941217140479298638786722409e-03
2.2014154736716536046633009748712983e-03	8.8771450491147805307771452285579466e-01	5.5801388917656709795101910556624451e-06	2.0457510941759928043563796105387543e-03
2.1907183626278287382053353222949222e-03	8.9590744291033978831906250448546414e-01	5.6073865010577595135473407338395376e-06	2.0507396472933701716597021719452384e-03
2.1799492719215362851074423491950471e-03	9.0412047585526540560893468078390398e-01	5.6350875748769767946223938330316413e-06	2.0557988124060117178739083940198514e-03
2.1691086858374941349183172957279340e-03	9.1235388814481898197910705525428774e-01	5.6632503606318307518289169630870918e-06	2.0609295701408507466207782917143894e-03
2.1581970942979010079613643232424113e-03	9.2060796814433491050714940977047891e-01	5.6918833227227368361407580619559192e-06	2.0661329233920745368236153560595739e-03
2.1472149929128093139659357541379969e-03	9.2888300827616097718903627566101777e-01	5.7209951492610314821969802820351462e-06	2.0714098979125810650969466430882770e-03
2.1361628830314518854827366886045267e-03	9.3717930511230632860517738715511753e-01	5.7505947590398318086745077638563306e-06	2.0767615429251355828075612706992241e-03
2.1250412717945432335621533139631561e-03	9.4549715946957463873306582856761177e-01	5.7806913087676077067661380536996225e-06	2.0821889317539889316457573292341184e-03
2.1138506721875765704821692089699089e-03	9.5383687650726589835364430122775533e-01	5.8112942005758681114519112111031129e-06	2.0876931624777536321154415945192392e-03
2.1025916030951384618860170734278298e-03	9.6219876582753350561547703536473653e-01	5.8424130898129285161314122011320126e-06	2.0932753586043696611878293306021178e-03
2.0912645893562636093436113908611793e-03	9.7058314157848673858000505679739709e-01	5.8740578931363234981850745402464231e-06	2.0989366697690295467920539414112570e-03
2.0798701618208529249374151486035517e-03	9.7899032256013224749716765125767955e-01	5.9062387969170581146954875617258470e-06	2.1046782724559720523467467703993692e-03
2.0684088574071787428844129674153189e-03	9.8742063233325192410917395508905885e-01	5.9389662659695575796564039331834115e-06	2.1105013707450954152901121276260234e-03
2.0568812191605017203744674824187783e-03	9.9587439933131839586530335819956510e-01	5.9722510526218778643586929843382926e-06	2.1164071970843849577329111398325462e-03
2.0452877963128247117083555837578822e-03	1.0043519569755534634540698346360586e+00	6.0061042061414831417831184043390562e-06	2.1223970130891960306941728383700917e-03
2.0336291443438096574790158301332555e-03	1.0128536437932390599416461417010004e+00	6.0405370825326818584327554244897281e-06	2.1284721103694818197347217554486980e-03
2.0219058250428843150282074381213422e-03	1.0213798035393947690203386185462073e+00	6.0755613547226443743792839696679921e-06	2.1346338113861066716990171906587878e-03
2.0101184065725664688501199130594374e-03	1.0299307853219406089797380977132939e+00	6.1111890231538044656912744163772354e-06	2.1408834703374394515173698112394650e-03
1.9982674635330341011794829255022770e-03	1.0385069437304686792043807855717367e+00	6.1474324268013776387669655102906379e-06	2.1472224740774781663648423199652234e-03
1.9863535770279708749270949526250345e-03	1.0471086389687523891318079278298758e+00	6.1843042546357144896779845020232901e-06	2.1536522430668168743436538881747673e-03
1.9743773347317171847028810389989277e-03	1.0557362369911273582425162630121382e+00	6.2218175575502508171604373808206434e-06	2.1601742323578289101163060862008939e-03
1.9623393309577579682511298168287733e-03	1.0643901096428837031267736121684067e+00	6.2599857607769216850547042254055648e-06	2.1667899326155069067045658183356191e-03
1.9502401667285794416365169579319436e-03	1.0730706348048153281214628456674085e+00	6.2988226768120782245510123778614143e-06	2.1735008711754701802968735361265910e-03
1.9380804498469279284552088390305824e-03	1.0817781965420780244369467889602968e+00	6.3383425188771880621750227176325024e-06	2.1803086131407239968324375881028032e-03
1.9258607949685049977692401980739095e-03	1.0905131852575146750271101597056298e+00	6.3785599149399175712301274422589208e-06	2.1872147625188332940104139190298892e-03
1.9135818236761342090193021325593778e-03	1.0992759978496126756097094526284361e+00	6.4194899223225917348609368138462118e-06	2.1942209634012558451966137048847123e-03
1.9012441645554358865886728421310932e-03	1.1080670378752658341879568319328382e+00	6.4611480429265107157094606078810988e-06	2.2013289011866668950193175290966112e-03
1.8888484532720475137843826777391677e-03	1.1168867157175205212542809555297812e+00	6.5035502391021770936320834672312896e-06	2.2085403038501992617021891359235836e-03
1.8763953326504285476784530508029701e-03	1.1257354487584937308756331028863959e+00	6.5467129501971604411763778333990973e-06	2.2158569432606201001482164083719538e-03
1.8638854527542897145176662625115612e-03	1.1346136615576590006588975067444134e+00	6.5906531098151032132494520524139274e-06	2.2232806365475682861250410285304489e-03
1.8513194709686881523738291618140825e-03	1.1435217860357048491483214383720608e+00	6.6353881638212611033523459077534175e-06	2.2308132475210850728477781498053776e-03
1.8386980520838311255864967654111130e-03	1.1524602616641795469667594270772909e+00	6.6809360891319798912957010196168286e-06	2.2384566881457856694584434283569783e-03
1.8260218683806324466812692730219620e-03	1.1614295356611456690157785899345099e+00	6.7273154133276478071167436758934829e-06	2.2462129200721411064051049511549382e-03
1.8132915997180672082866230873432862e-03	1.1704300631930780070314649728898059e+00	6.7745452351309366477681941580443968e-06	2.2540839562274686251243976341852374e-03
1.8005079336223719527085746860004606e-03	1.1794623075832490843093928433190956e+00	6.8226452457945661014345391002108589e-06	2.2620718624693653302167379878488016e-03
1.7876715653781389929811465187577196e-03	1.1885267405268577389736506868535385e+00	6.8716357514454045236515674351759610e-06	2.2701787593044644774000077693058211e-03
1.7747831981213552492638360245340584e-03	1.1976238423131680623779109561086148e+00	6.9215376964344671708058384870340588e-06	2.2784068236755470830623044482648495e-03
1.7618435429344376814326021184212869e-03	1.2067541020549384309497236757629444e+00	6.9723726877453019399783964603391464e-06	2.2867582908202041145449847698989879e-03
1.7488533189433191858005950223132113e-03	1.2159180179254334912997982465564955e+00	7.0241630205163762874718904071485594e-06	2.2952354562044169811938377088331423e-03
1.7358132534166406844762369629569413e-03	1.2251160974033257905930869161397488e+00	7.0769317047364115745541800213874696e-06	2.3038406775346070685856887132716196e-03
1.7227240818671070734723976458052717e-03	1.2343488575258083306906634718789252e+00	7.1307024931751681606402777655680009e-06	2.3125763768518993669664382742418313e-03
1.7095865481550667140718082307299440e-03	1.2436168251502547121009874777955220e+00	7.1854999106159829479778561563505562e-06	2.3214450427125516197830494446431247e-03
1.6964014045943762550908763446176838e-03	1.2529205372247797722437741323285877e+00	7.2413492844604189827590003616187859e-06	2.3304492324587196989938689919173884e-03
1.6831694120606147657502018707055428e-03	1.2622605410680707653333044790672587e+00	7.2982767767797238538567063884161515e-06	2.3395915745839630051541111243774702e-03
1.6698913401017134442762314422064964e-03	1.2716373946588772354909664367336213e+00	7.3563094178924313716748365423507856e-06	2.3488747711981415669716956568458983e-03
1.6565679670510695507981501548004028e-03	1.2810516669355668617089523994206960e+00	7.4154751415524025279465093790035263e-06	2.3583016005966202283209469178802212e-03
1.6432000801432156995098045417110586e-03	1.2905039381061747685859029862630896e+00	7.4758028218369121735207288776407939e-06	2.3678749199389759947026355868304748e-03
1.6297884756321182396672212569178945e-03	1.2999947999693951706318738728802129e+00	7.5373223118300744978018281947390611e-06	2.3775976680427034900621963600134732e-03
1.6163339589121811633225136829160491e-03	1.3095248562469868257745940406710342e+00	7.6000644842029928963615341098363623e-06	2.3874728682977318709101988118522642e-03
1.6028373446420348056145762939850459e-03	1.3190947229280876963699519444542437e+00	7.6640612737985503933919182783397607e-06	2.3975036317079058866149904114458632e-03
1.5892994568711915571531086521044101e-03	1.3287050286259595403483882537874581e+00	7.7293457223357604841984363839902739e-06	2.4076931600659456073946022572989755e-03
1.5757211291696538941228834955937304e-03	1.3383564149477099743643569370366302e+00	7.7959520253561132110325682427294317e-06	2.4180447492687853361851915756750081e-03
1.5621032047605632571730743813154663e-03	1.3480495368775679651627880301180147e+00	7.8639155815424190027133842773392145e-06	2.4285617927806041862754917109363464e-03
1.5484465366559816823377442415061775e-03	1.3577850631743188225704094357161012e+00	7.9332730445493185319475888306663128e-06	2.4392477852513007027504220255543564e-03
1.5347519877959016140056945258586621e-03	1.3675636767835367034562159410046124e+00	8.0040623774939398934011840369567991e-06	2.4501063262986338558146721237850596e-03
1.5210204311905830196510255803397521e-03	1.3773860752652865154249864497770067e+00	8.0763229102651985850484805180172456e-06	2.4611411244627550405696179918985162e-03
1.5072527500663207874966764243322436e-03	1.3872529712380030662458099297438608e+00	8.1500953998210098215105695960231591e-06	2.4723560013423928792008161643219779e-03
1.4934498380147494309113711339397948e-03	1.3971650928392934848230607151535472e+00	8.2254220936542807839242364339561513e-06	2.4837548959225273503359242657225704e-03
1.4796125991457963571271772094487041e-03	1.4071231842044494979489341339863656e+00	8.3023467966210426546308164358241910e-06	2.4953418691040050134220796492042438e-03
1.4657419482443993934358028447959309e-03	1.4171280059634992524840359210331024e+00	8.3809149413375454194490398005563422e-06	2.5071211084462060568279803476755929e-03
1.4518388109311089126821151574448491e-03	1.4271803357576742067105003606737601e+00	8.4611736623676564295754472565166460e-06	2.5190969331345800616899862794634110e-03
1.4379041238266997736574999086396502e-03	1.4372809687762153736489855354847628e+00	8.5431718744375685970063590793166923e-06	2.5312737991856245323697023916628142e-03
1.4239388347209234037203100239049632e-03	1.4474307183144950952207098968245585e+00	8.6269603549317367004905864373112153e-06	2.5436563049026925302798623771698742e-03
1.4099439027455357142924837688284837e-03	1.4576304163544857886170471079621047e+00	8.7125918309422312354416147621706927e-06	2.5562491965968876639495773023859140e-03
1.3959202985517421693596023087298004e-03	1.4678809141686659832739685421238483e+00	8.8001210711634500056503111867627367e-06	2.5690573745882411462153481101986947e-03
1.3818690044922072382653896932246461e-03	1.4781830829485167271257823525051604e+00	8.8896049829454916638323412942556641e-06	2.5820858995033719903124674246854359e-03
1.3677910148077816735134492109247148e-03	1.4885378144588283754339283287216447e+00	8.9811027148426193755380925489286169e-06	2.5953399988869135359293923321836358e-03
1.3536873358191075796642001749808756e-03	1.4989460217191092000430924243521933e+00	9.0746757650182881438726849895041454e-06	2.6088250741451537743020011683304508e-03
1.3395589861232680996479258665862625e-03	1.5094086397134635137772879340976017e+00	9.1703880958953538700490263093831135e-06	2.6225467078415903791188020192793263e-03
1.3254069967956557601127316932248558e-03	1.5199266261303884655230162333673993e+00	9.2683062554695218705216511097622581e-06	2.6365106713654516110457705677792130e-03
1.3112324115972411094008011567922861e-03	1.5305009621340257301128034694098671e+00	9.3684995057360434439947764816527387e-06	2.6507229329956897435363541683011319e-03
1.2970362871874312735247204755438077e-03	1.5411326531684974323430702344891822e+00	9.4710399587143697630725161185379349e-06	2.6651896663845235605394641259615545e-03
1.2828196933427164718607767505379452e-03	1.5518227297970552838262212285313170e+00	9.5760027205931864594918282601564091e-06	2.6799172594863009016643345878325204e-03
1.2685837131813114017181046597025881e-03	1.5625722485778785947125789656863736e+00	9.6834660445592712796296248088228423e-06	2.6949123239592822666602434172861760e-03
1.2543294433940077479216489834248251e-03	1.5733822929784711159524490654407345e+00	9.7935114929182637415722971914332116e-06	2.7101817050699243255557201649445547e-03
1.2400579944814639305696657630674967e-03	1.5842539743307291891595402100102736e+00	9.9062241091640672360097619754668495e-06	2.7257324921313812174806518277733059e-03
1.2257704909981686039360423829370215e-03	1.5951884328288851039999844518890870e+00	1.0021692600706616774734071293824202e-05	2.7415720295102565152138719565780053e-03
1.2114680718033253972498974951151262e-03	1.6061868385726706230381793555765070e+00	1.0140009533025579418401495780679317e-05	2.7577079282381459402610270788652172e-03
1.1971518903189179815916693249253066e-03	1.6172503926581971350831019475553740e+00	1.0261271536080697886273543134374829e-05	2.7741480782672282607925389556417662e-03
1.1828231147952267970368751645205578e-03	1.6283803283192117195950430103933210e+00	1.0385579523878484229164775268732455e-05	2.7909006614121090767252152037850039e-03
1.1684829285840817241890487639900947e-03	1.6395779121215635091172309279576756e+00	1.0513038928170424395748810152316569e-05	2.8079741650233212483807292877103223e-03
1.1541325304201486814647560614110769e-03	1.6508444452139031784104367082189033e+00	1.0643759947340439711920672758160199e-05	2.8253773964413607234088183655345902e-03
1.1397731347105626246713822842113450e-03	1.6621812646378413241143266391497657e+00	1.0777857811629819036537133273783354e-05	2.8431194982839142063193247960320502e-03
1.1254059718332347732721857005234931e-03	1.6735897447010101960714615285828234e+00	1.0915453065947024425011550991842373e-05	2.8612099646230451243146172217603354e-03
1.1110322884441781473102654227103683e-03	1.6850712984167090944742192054404796e+00	1.1056671871618620918033389747971762e-05	2.8796586581135795261715085096124045e-03
1.0966533477942127340273706217540660e-03	1.6966273790140682877463660400953754e+00	1.1201646328557136311308188075944848e-05	2.8984758281388103747967120301411804e-03
1.0822704300554298826729781788491428e-03	1.7082594815229412203395342042686101e+00	1.1350514819453094038591833370152624e-05	2.9176721300449576772722078447024693e-03
1.0678848326578149243776192846896397e-03	1.7199691444380319241482432678764066e+00	1.1503422377743098617519142134849071e-05	2.9372586455416281051557364928229546e-03
1.0534978706364476119215245207491629e-03	1.7317579514670859689991775900753977e+00	1.1660521081265166833777414950086091e-05	2.9572469043518613700994821035804992e-03
1.0391108769897218591343320231306187e-03	1.7436275333683212455507304614629077e+00	1.1821970473688150402109794077589252e-05	2.9776489072022875638728022736691078e-03
1.0247252030490495262266567594848081e-03	1.7555795698826518631910714332985397e+00	1.1987938015995956606753270472743473e-05	2.9984771502515123541196446252136385e-03
1.0103422188605377483377394494385593e-03	1.7676157917666672252586546993910619e+00	1.2158599570521448252820447078351254e-05	3.0197446510631650604110035425248192e-03
9.9596331357915565156503615681332739e-04	1.7797379829327719681687438492693663e+00	1.2334139920261768359486798349241715e-05	3.0414649762391661825682932255319650e-03
9.8158989587593436498404546974819748e-04	1.7919479827033743038804312917230766e+00	1.2514753326469070761631686797252158e-05	3.0636522708387832063833834934850223e-03
9.6722339435877415057036131900817854e-04	1.8042476881865341403833684389925818e+00	1.2700644127801278296791135937332104e-05	3.0863212897200443229296807157704714e-03
9.5286525800746437910022707936714349e-04	1.8166390567810523410438504402115248e+00	1.2892027384639969817207318871634897e-05	3.1094874309521788902273327294073279e-03
9.3851695662355613550881007790062329e-04	1.8291241088196032549947133974455951e+00	1.3089129572540709562116544126007745e-05	3.1331667714610744524777759061104695e-03
9.2417998129576361249728766174704210e-04	1.8417049303591893652598520218379652e+00	1.3292189329179498030897872774529646e-05	3.1573761050844217706466346213974167e-03
9.0985584488160933272711470097508121e-04	1.8543836761289353065866828344659275e+00	1.3501458259602568210437588153058716e-05	3.1821329832294180483089502421636547e-03
8.9554608250606983133888311413353959e-04	1.8671625726460450133684060476996527e+00	1.3717201805081196878047375734323675e-05	3.2074557583437908382851174534016810e-03
8.8125225207802295451545033817766793e-04	1.8800439215116275323227259216376440e+00	1.3939700181425072004704628852236182e-05	3.2333636304306903456461532300787593e-03
8.6697593482534563026286209546076832e-04	1.8930301028990620857696567175017740e+00	1.4169249393224504132573600107681932e-05	3.2598766968599015122978591421507932e-03
8.5271873584956211184020567890596006e-04	1.9061235792486302706670624926786037e+00	1.4406162331181912331608863031766300e-05	3.2870160057521048352081608007714749e-03
8.3848228470099757567174592818946549e-04	1.9193268991833028858073215024987131e+00	1.4650769960466313509136908309783114e-05	3.3148036132398561343900293659339107e-03
8.2426823597545089635136255321705958e-04	1.9326427016618420903387494685915341e+00	1.4903422608892194379611470893748189e-05	3.3432626449388896944312304980753243e-03
8.1007826993346377585832578614909510e-04	1.9460737203867791117203516256508325e+00	1.5164491364699015362477923828614269e-05	3.3724173619966509845793580238025652e-03
7.9591409314333156247828675527957740e-04	1.9596227884863678410272722371553331e+00	1.5434369594804496226375455482213884e-05	3.4022932321220614487153727139414793e-03
7.8177743914907448718639462807364093e-04	1.9732928434913115037227108471053073e+00	1.5713474595640842779377663525472260e-05	3.4329170060418959576052102952854885e-03
7.6767006916466714595739745581034279e-04	1.9870869326289313847584302326854334e+00	1.6002249390077919613966950983699707e-05	3.4643167998753705655797359787108926e-03
7.5359377279590938996569923840845771e-04	2.0010082184595139136547131561477935e+00	1.6301164685513884168922634018555728e-05	3.4965221839702322405074222578330924e-03
7.3955036879141393201232990985562188e-04	2.0150599848818586075739614615890010e+00	1.6610721009998437938872680108077192e-05	3.5295642788015451604726950143748350e-03
7.2554170582428557934458508062259457e-04	2.0292456435375808970294616945395504e+00	1.6931451045277362699041677112883903e-05	3.5634758585993211002262344974873049e-03
7.1156966330617477306378333889164682e-04	2.0435687406465307991784380536073317e+00	1.7263922177945169973274291252691681e-05	3.5982914634441126909251183340404596e-03
6.9763615223550484419538305838282806e-04	2.0580329643088049977818662474050213e+00	1.7608739292507221481373749777060034e-05	3.6340475206517947781257637817831264e-03
6.8374311608179896673371371785939088e-04	2.0726421523122951805259096969294317e+00	1.7966547833132329296104569096813774e-05	3.6707824763612913300010985126799673e-03
6.6989253170817017931888325211112539e-04	2.0874003004885740734181738424856272e+00	1.8338037164278706131834138514538639e-05	3.7085369383434576629223632493994984e-03
6.5608641033418715365907515061327831e-04	2.1023115716642235380518573371844450e+00	1.8723944264267205327367518245657368e-05	3.7473538311674337759265812870914075e-03
6.4232679854149083155757511472361158e-04	2.1173803052595148791640231943901730e+00	1.9125057790334865681519916240403457e-05	3.7872785649945597329329999815221310e-03
6.2861577932471400093601850760342837e-04	2.1326110275917273693669936570241931e+00	1.9542222558821751204905586862854380e-05	3.8283592194217362790213485129340199e-03
6.1495547319044886709653694023304576e-04	2.1480084629464143085954484805395792e+00	1.9976344490034715823751485454204476e-05	3.8706467439686646054942550186211769e-03
6.0134803930721841894679872806587662e-04	2.1635775454866859364242351615769025e+00	2.0428396074123046316734204717113095e-05	3.9141951769999162680702213641509443e-03
5.8779567670963782538775793101174338e-04	2.1793234320781783453410475667560871e+00	2.0899422422147335415274033725159119e-05	3.9590618850970301465885999412643372e-03
5.7430062556020440337537826557905818e-04	2.1952515161159366648810364639398316e+00	2.1390547975608218143652030756348004e-05	4.0053078251522313621783397804307941e-03
5.6086516847243133493609815682022220e-04	2.2113674424490978771093812332909138e+00	2.1902983958245174546281979452536089e-05	4.0529978317491303462979301158310701e-03
5.4749163189934405510153669885835862e-04	2.2276771235101750338424662173528844e+00	2.2438036666180077353119085505889548e-05	4.1022009327330481774540076099746048e-03
5.3418238759169223449207347143231401e-04	2.2441867567681085504402805393403428e+00	2.2997116706780766146677876114208059e-05	4.1529906962617232718688623814479313e-03
5.2093985413059811191033071146747810e-04	2.2609028436382816447052507625055603e+00	2.3581749313336126650312819491876230e-05	4.2054456130747510787823124032434269e-03
5.0776649853976765673197637867069033e-04	2.2778322099986537146801326388116190e+00	2.4193585882224120535033662845380090e-05	4.2596495182375151261818052740223946e-03
4.9466483798283928810274279688006602e-04	2.2949820284793504928644604313154284e+00	2.4834416902272874419415366614317053e-05	4.3156920572149147795953763530859178e-03
4.8163744155194093562444077692871444e-04	2.3123598427138201689771018863339967e+00	2.5506186473136559409615826784581626e-05	4.3736692018266543553740135536035614e-03
4.6868693215407614660194767161949884e-04	2.3299735937634421315050442163959301e+00	2.6211008641554352234760400397723073e-05	4.4336838224469811949592727993209092e-03
4.5581598850257067151856460520983113e-04	2.3478316489547593273982389397619101e+00	2.6951185822337755425550906861616400e-05	4.4958463237589464083104334524033886e-03
4.4302734722149047727899512872551413e-04	2.3659428333998904458885974693200395e+00	2.7729229616073305870863762190377452e-05	4.5602753524823930057689413187511564e-03
4.3032380507169965262099617123273225e-04	2.3843164645068722641091083913362930e+00	2.8547884389355065338654442846565028e-05	4.6270985867973613575076623796368976e-03
4.1770822130807282222954975017227700e-04	2.4029623898285323322595844182221036e+00	2.9410154047755264425173205239846251e-05	4.6964536187186928880689003818073976e-03
4.0518352017832380673627573221574110e-04	2.4218910286470137531595435668314187e+00	3.0319332509037706660196220594981542e-05	4.7684889424900640478708987136363285e-03
3.9275269357497468549096278437124387e-04	2.4411134177474904166071163767801104e+00	3.1279038477229109882244712326811825e-05	4.8433650642138578831014570291016587e-03
3.8041880385318383965661322818443613e-04	2.4606412619004007754791059992190351e+00	3.2293255230734721087015838054980020e-05	4.9212557504878380700665207793434419e-03
3.6818498682849749868667079153545582e-04	2.4804869896484836908027670508302563e+00	3.3366376274302046302810730042999186e-05	5.0023494368679193619043305833372159e-03
3.5605445497010967723015559051925034e-04	2.5006638150852034279147102288705503e+00	3.4503257871094312833036399971328120e-05	5.0868508206269711832012162733929908e-03
3.4403050080693710386259588356984998e-04	2.5211858064174702033070492977958646e+00	3.5709279674788857306129272635466937e-05	5.1749826666679600737726382801087763e-03
3.3211650056577059701837028756821476e-04	2.5420679622311721965820826368648155e+00	3.6990414931849737101013627002057893e-05	5.2669878607455462932896821701383056e-03
3.2031591806298999168921658865440771e-04	2.5633262965269714358123293158367900e+00	3.8353312032974675004167381073055526e-05	5.3631317505672296501116789531234168e-03
3.0863230887387092854001180995346640e-04	2.5849779337710787201467135775734149e+00	3.9805389575704757202658014314925094e-05	5.4637048231538014624123769227452749e-03
2.9706932480642200866703015635298747e-04	2.6070412154175324930187801017721782e+00	4.1354947577439204749237734628873849e-05	5.5690257763833805879055823072705162e-03
2.8563071871003400359895095954678234e-04	2.6295358196126424465445182298808556e+00	4.3011298075875402910218061720695530e-05	5.6794450543639978260505259625862748e-03
2.7432034965307601013892521931790507e-04	2.6524828960984992012990867255272195e+00	4.4784919106665328162086541992876565e-05	5.7953489307430656301670550710705280e-03
2.6314218850802972973436108917225257e-04	2.6759052187031556975482789611282690e+00	4.6687637001386330329888707871409943e-05	5.9171642420014340242247461369668695e-03
2.5210032398792543226803911584221479e-04	2.6998273582559638236355604150583124e+00	4.8732843163353215086405480070474036e-05	6.0453638951502769184930335349425958e-03
2.4119896918386948633725918064910972e-04	2.7242758793176905849589394819737947e+00	5.0935753035528993976427828755880552e-05	6.1804733023032422902606033905628588e-03
2.3044246866050262664464990777803488e-04	2.7492795647922938146387252597573724e+00	5.3313716983419039105454874952515211e-05	6.3230779299878662567506718674065585e-03
2.1983530617450873962075814191490246e-04	2.7748696733240974710144631565634843e+00	5.5886595425496932586246633599569275e-05	6.4738321959888038925033833652849905e-03
2.0938211309106416924105883535923753e-04	2.8010802354242587842353610829203759e+00	5.8677213959069277008278535580476128e-05	6.6334700039293334778502141237680541e-03
1.9908767758469947183441437388068766e-04	2.8279483955712785739334025878703662e+00	6.1711918733886443245318611203827003e-05	6.8028172796812212878617224777449867e-03
1.8895695472484337801395118079324310e-04	2.8555148091679185553841851594471328e+00	6.5021258315222616646382965124783167e-05	6.9828069694774837495558796687054239e-03
1.7899507756284306107857265320981837e-04	2.8838241053128176619474579998434712e+00	6.8640826311479724963074761062583057e-05	7.1744970847589605232802228808687359e-03
1.6920736935715526889060021905162573e-04	2.9129254289961794794090589400714514e+00	7.2612309915827039487677379830573038e-05	7.3790925436915236146922391483128294e-03
1.5959935709751210606118066138251056e-04	2.9428730797412260093392469123559401e+00	7.6984804376929862028649466150447068e-05	7.5979717785105397860341500853965395e-03
1.5017678651825909829714083388228807e-04	2.9737272681422858001972806887752105e+00	8.1816473949170987735079996025900079e-05	7.8327193720490298316461859481419098e-03
1.4094563882714357790731937825535525e-04	3.0055550175512461284578809006478063e+00	8.7176668560023001679930411569433152e-05	8.0851663856564654906455883857840581e-03
1.3191214942044201269841629874944634e-04	3.0384312458348755163998182012539342e+00	9.3148645991797956487819244204669139e-05	8.3574405873533871899913483861961198e-03
1.2308282891090386912888268207032484e-04	3.0724400723743481433284447878814884e+00	9.9833107465773607412336287609530133e-05	8.6520295470595802093130507368426305e-03
1.1446448686484232031701103433337879e-04	3.1076764093249328329023491828363728e+00	1.0735283888297327882530895472861262e-04	8.9718606301199805252393029763551800e-03
1.0606425873327749444122901856599867e-04	3.1442479150876674980462612550032782e+00	1.1585887436175844836731248466725689e-04	9.3204034354686634098044457314094888e-03
9.7889636575462073806990170627441408e-05	3.1822774141748426555385861725939380e+00	1.2553878512267209577824799314347825e-04	9.7018024135617283149497888439827003e-03
8.9948504319920712668647437837322286e-05	3.2219059245080739353283615798314401e+00	1.3662798114924841081614274599851605e-04	1.0121050612429577863944830943779200e-02
8.2249178500360347874533534462715224e-05	3.2632964857857924389673724592531539e+00	1.4942535540910786236735199784766017e-04	1.0584220300854722838670005472375793e-02
7.4800455658742910730030140300608723e-05	3.3066390589052319306279120010786496e+00	1.6431530336821382284101745318123572e-04	1.1098773529509433990713255287917812e-02
6.7611667950688775106518387093064312e-05	3.3521568793407845301150823353703395e+00	1.8179929422913902987773191864322867e-04	1.1673987066470197294016239667602232e-02
6.0692748956744188619745410297265786e-05	3.4001148178793826947593686878962813e+00	2.0254208041476049070650203799244757e-04	1.2321544262845949723894992372089129e-02
5.4054312353955061415019597895722802e-05	3.4508305655719436908840471824236056e+00	2.2744091631754511978323173449116871e-04	1.3056376032368769155421607798527455e-02
4.7707747024409747135395547378759836e-05	3.5046898775369056534769396092045935e+00	2.5773199345873442099022295557871122e-04	1.3897883023269705361878837020503330e-02
4.1665333512734797349226047608234708e-05	3.5621677923902510226651533508984837e+00	2.9515906156093547839240365466667588e-04	1.4871757928588736109270077651289963e-02
3.5940388726278776147646107393915017e-05	3.6238588955625780960933685364934380e+00	3.4224991221758910996792051342005968e-04	1.6012783973902086411588814379121232e-02
3.0547448797105061270733760925763190e-05	3.6905217143959541416331909129428962e+00	4.0278824460745475681793392284403195e-04	1.7369282415157595394567099747248357e-02
2.5502504796988196086593928593953465e-05	3.7631460365458926497597664643850279e+00	4.8265797206956000840797460931606473e-04	1.9010471956792078917506657741136108e-02
2.0823313817427063491511034102959018e-05	3.8430591012433359629173251341689794e+00	5.9144212948720605750222704315448100e-04	2.1039249155941016500822088840663756e-02
1.6529821339594110898336324503303534e-05	3.9321013466394226353132569063136583e+00	7.4566868526835937986031506509713234e-04	2.3615728908229753441444994350670448e-02
1.2644755117717317202281970982735795e-05	4.0329351544362978998441253486315346e+00	9.7600084590152632106132085474296538e-04	2.7003912583265071850680359732009387e-02
9.1944978789696409392521697750070450e-06	4.1496302834179148858106228896229791e+00	1.3450813806191042477181455473346506e-03	3.1673403398060825111138090850383495e-02
6.2104453371184831643247846329217155e-06	4.2888928026971203058555868440565452e+00	1.9992479258385800279872891530687258e-03	3.8551269410720507428589575910398956e-02
3.7312878767627708866800947639043665e-06	4.4630426592374852189831712294349735e+00	3.3568933703829584730119659143200562e-03	4.9771145655902128175687697546413642e-02
1.8072533323930551793057382633906930e-06	4.6990173709792708452123960547889770e+00	7.1198379565088399392200697572986807e-03	7.1664128730054008069456672329622025e-02
5.0620378993512329074487910329518944e-07	5.0794053148701232523259286081278750e+00	3.3927728044143026216975002313894007e-02	1.3758008057336213217088388754750662e-01
0.0000000000000000000000000000000000e+00	0.0000000000000000000000000000000000e+00	7.4321859875442647262286168137557443e-06	2.1971325586008421603221371934003551e-03