2.4968765607775578531788941196719396e-04	-3.7335632737790083913895223006458530e+00	5.7379766583599402739673694617752516e-02	1.8048770495982403453584521921047327e-01
8.3274723646908591281115241391975525e-04	-3.2286192488382944532304685764435331e+00	1.3024876347746990886128150389465738e-02	9.7149040110692404041371854214598811e-02
1.6215618942769433623074174693649329e-03	-2.9046398373633109048764980958365733e+00	6.5216471636081510485486453969736500e-03	6.9458533665108665847835630992363117e-02
2.5620295761160329416688181527934117e-03	-2.6587009205386969714249642534090738e+00	4.0944065984220590198748002153936293e-03	5.5214709628980368258165903630975770e-02
3.6158658035944142769443819950844682e-03	-2.4570055801941566738406372754765765e+00	2.8907089772215505214979650548847115e-03	4.6460044107080170514251110046251695e-02
4.7542760908631498089455911791006111e-03	-2.2840052244200245214764146563622071e+00	2.1943695706624228265377041233488332e-03	4.0509321750753464560544991810660168e-02
5.9544155790718005298964693984734361e-03	-2.1311899780407211520183864952169606e+00	1.7501294110584010809083794270081654e-03	3.6192905496519945572975522775511445e-02
7.1975148784254307961197295019763320e-03	-1.9933683056055433492512000461442503e+00	1.4468318992204910288169966585616940e-03	3.2916686621967036693432863923171571e-02
8.4677734427157201494627433797328835e-03	-1.8671263907516768106854442905488237e+00	1.2292026333088689597294546487099267e-03	3.0345761990484078930621961566693438e-02
9.7516525855043899722343074944341527e-03	-1.7500919305374145535916073482486942e+00	1.0670092615688489646553443846871852e-03	2.8276499613019375473887664416106037e-02
1.1037396826411313061573753675010834e-02	-1.6405447287104610591116658008547671e+00	9.4248232823130009988100746399750864e-04	2.6577739276685212067683526789992032e-02
1.2314695138434174765626623509254433e-02	-1.5371944060599541876433012366156596e+00	8.4457153802493442245581646177431147e-04	2.5161078331381830003736367551518595e-02
1.3574432699422681908146022189643742e-02	-1.4390457192112524015192366101496932e+00	7.6608562858316667245611674631108752e-04	2.3964709575482241025473430222680009e-02
1.4808503791569120126673279361298860e-02	-1.3453129511488034634777440125463351e+00	7.0216652140074440684767855854291215e-04	2.2944097578253854162180866057497435e-02
1.6009667512262939844686264698193721e-02	-1.2553633002022834738353216667724949e+00	6.4942820379732423071613140726648891e-04	2.2066334282747811007523720460623663e-02
1.7171434364847198569741058786902889e-02	-1.1686781808650851356964237152438808e+00	6.0544745964795931458822294562850861e-04	2.1306581598838196353681872612354472e-02
1.8287975695969807460321226540372399e-02	-1.0848260078438437779758235665000683e+00	5.6845051663635676645903395432192349e-04	2.0645751502308298913446670013015786e-02
1.9354050412184204796147958023782978e-02	-1.0034425791399850379613806683249366e+00	5.3711358436847304370154044878616679e-04	2.0068948222469711127666029903099121e-02
2.0364945020851120369220375471035474e-02	-9.2421662700216661668882621440526683e-01	5.1043210237108227023067399785621537e-04	1.9564395340622892358057625502746736e-02
2.1316424125308468621648819247306120e-02	-8.4687896768269527480317123956958230e-01	4.8763280298239452145944351832537403e-04	1.9122680381418707419799238757962156e-02
2.2204689252843872952458921542173280e-02	-7.7119420966593572203661591141958031e-01	4.6811322446966033305125371915959924e-04	1.8736212603618587086818650781998544e-02
2.3026344422155426080543084108951056e-02	-6.9695431387943737366203849841966235e-01	4.5139927577156896764414880630989838e-04	1.8398827231206123655443462329875465e-02
2.3778367237185078009836624460313776e-02	-6.2397351565744837545950520727260118e-01	4.3711494657751182172044136203465877e-04	1.8105492353159353729826708405436599e-02
2.4458084572975227690853348443556577e-02	-5.5208426152921815786056902911169506e-01	4.2496036112196055187799156747227105e-04	1.7852089175255674267568332346808430e-02
2.5063152127120991932843520597461319e-02	-4.8113391078723303095534119309437979e-01	4.1469567614465626658565348563834713e-04	1.7635245616646631509272596488305965e-02
2.5591537268023677602781400186701257e-02	-4.1098201845416510112645196277530847e-01	4.0612914845679592081381225724406234e-04	1.7452209371917606866829493961480696e-02
2.6041504732588914181706046768883141e-02	-3.4149806283861957576090983352319449e-01	3.9910823192341553199239811621374542e-04	1.7300750676313419525130969377106224e-02
2.6411604821104158024237022863634995e-02	-2.7255951381266329101190984567652652e-01	3.9351291710840994606284102267418869e-04	1.7179087832452887186059541512415281e-02
2.6700663812785450641686767201222822e-02	-2.0405016146069298130534657506431301e-01	3.8925076545545106124405909222581200e-04	1.7085830527705078350853960248077824e-02
2.6907776386988271160554482157897159e-02	-1.3585864161321327990833672704854458e-01	3.8625325449733541474163227307046979e-04	1.7019937377652965375897266901186213e-02
2.7032299886098202052681471549018577e-02	-6.7877106842254366020787583345611170e-02	3.8447316696445354906951058573303962e-04	1.6980685158987157600674611584590284e-02
2.7073850299509953220646856441074829e-02	0.0000000000000000000000000000000000e+00	3.8388284148411795076703537581723200e-04	1.6967647969435317248904939359385824e-02
2.7032299886098202052681471549018577e-02	6.7877106842254366020787583345611170e-02	3.8447316696445354906951058573303962e-04	1.6980685158987157600674611584590284e-02
2.6907776386988271160554482157897159e-02	1.3585864161321327990833672704854458e-01	3.8625325449733541474163227307046979e-04	1.7019937377652965375897266901186213e-02
2.6700663812785450641686767201222822e-02	2.0405016146069298130534657506431301e-01	3.8925076545545106124405909222581200e-04	1.7085830527705078350853960248077824e-02
2.6411604821104158024237022863634995e-02	2.7255951381266329101190984567652652e-01	3.9351291710840994606284102267418869e-04	1.7179087832452887186059541512415281e-02
2.6041504732588914181706046768883141e-02	3.4149806283861957576090983352319449e-01	3.9910823192341553199239811621374542e-04	1.7300750676313419525130969377106224e-02
2.5591537268023677602781400186701257e-02	4.1098201845416510112645196277530847e-01	4.0612914845679592081381225724406234e-04	1.7452209371917606866829493961480696e-02
2.5063152127120991932843520597461319e-02	4.8113391078723303095534119309437979e-01	4.1469567614465626658565348563834713e-04	1.7635245616646631509272596488305965e-02
2.4458084572975227690853348443556577e-02	5.5208426152921815786056902911169506e-01	4.2496036112196055187799156747227105e-04	1.7852089175255674267568332346808430e-02
2.3778367237185078009836624460313776e-02	6.2397351565744837545950520727260118e-01	4.3711494657751182172044136203465877e-04	1.8105492353159353729826708405436599e-02
2.3026344422155426080543084108951056e-02	6.9695431387943737366203849841966235e-01	4.5139927577156896764414880630989838e-04	1.8398827231206123655443462329875465e-02
2.2204689252843872952458921542173280e-02	7.7119420966593572203661591141958031e-01	4.6811322446966033305125371915959924e-04	1.8736212603618587086818650781998544e-02
2.1316424125308468621648819247306120e-02	8.4687896768269527480317123956958230e-01	4.8763280298239452145944351832537403e-04	1.9122680381418707419799238757962156e-02
2.0364945020851120369220375471035474e-02	9.2421662700216661668882621440526683e-01	5.1043210237108227023067399785621537e-04	1.9564395340622892358057625502746736e-02
1.9354050412184204796147958023782978e-02	1.0034425791399850379613806683249366e+00	5.3711358436847304370154044878616679e-04	2.0068948222469711127666029903099121e-02
1.8287975695969807460321226540372399e-02	1.0848260078438437779758235665000683e+00	5.6845051663635676645903395432192349e-04	2.0645751502308298913446670013015786e-02
1.7171434364847198569741058786902889e-02	1.1686781808650851356964237152438808e+00	6.0544745964795931458822294562850861e-04	2.1306581598838196353681872612354472e-02
1.6009667512262939844686264698193721e-02	1.2553633002022834738353216667724949e+00	6.4942820379732423071613140726648891e-04	2.2066334282747811007523720460623663e-02
1.4808503791569120126673279361298860e-02	1.3453129511488034634777440125463351e+00	7.0216652140074440684767855854291215e-04	2.2944097578253854162180866057497435e-02
1.3574432699422681908146022189643742e-02	1.4390457192112524015192366101496932e+00	7.6608562858316667245611674631108752e-04	2.3964709575482241025473430222680009e-02
1.2314695138434174765626623509254433e-02	1.5371944060599541876433012366156596e+00	8.4457153802493442245581646177431147e-04	2.5161078331381830003736367551518595e-02
1.1037396826411313061573753675010834e-02	1.6405447287104610591116658008547671e+00	9.4248232823130009988100746399750864e-04	2.6577739276685212067683526789992032e-02
9.7516525855043899722343074944341527e-03	1.7500919305374145535916073482486942e+00	1.0670092615688489646553443846871852e-03	2.8276499613019375473887664416106037e-02
8.4677734427157201494627433797328835e-03	1.8671263907516768106854442905488237e+00	1.2292026333088689597294546487099267e-03	3.0345761990484078930621961566693438e-02
7.1975148784254307961197295019763320e-03	1.9933683056055433492512000461442503e+00	1.4468318992204910288169966585616940e-03	3.2916686621967036693432863923171571e-02
5.9544155790718005298964693984734361e-03	2.1311899780407211520183864952169606e+00	1.7501294110584010809083794270081654e-03	3.6192905496519945572975522775511445e-02
4.7542760908631498089455911791006111e-03	2.2840052244200245214764146563622071e+00	2.1943695706624228265377041233488332e-03	4.0509321750753464560544991810660168e-02
3.6158658035944142769443819950844682e-03	2.4570055801941566738406372754765765e+00	2.8907089772215505214979650548847115e-03	4.6460044107080170514251110046251695e-02
2.5620295761160329416688181527934117e-03	2.6587009205386969714249642534090738e+00	4.0944065984220590198748002153936293e-03	5.5214709628980368258165903630975770e-02
1.6215618942769433623074174693649329e-03	2.9046398373633109048764980958365733e+00	6.5216471636081510485486453969736500e-03	6.9458533665108665847835630992363117e-02
8.3274723646908591281115241391975525e-04	3.2286192488382944532304685764435331e+00	1.3024876347746990886128150389465738e-02	9.7149040110692404041371854214598811e-02
2.4968765607775578531788941196719396e-04	3.7335632737790083913895223006458530e+00	5.7379766583599402739673694617752516e-02	1.8048770495982403453584521921047327e-01
0.0000000000000000000000000000000000e+00	0.0000000000000000000000000000000000e+00	6.6454521354979378829784226298348843e-04	2.0775683708768788947941935181426457e-02